/*--------------------------------*- C++ -*----------------------------------*\
| =========                 |                                                 |
| \\      /  F ield         | OpenFOAM: The Open Source CFD Toolbox           |
|  \\    /   O peration     | Version:  v1912                                 |
|   \\  /    A nd           | Website:  www.openfoam.com                      |
|    \\/     M anipulation  |                                                 |
\*---------------------------------------------------------------------------*/
FoamFile
{
    version     2.0;
    format      ascii;
    class       volScalarField;
    location    "100";
    object      omega;
}
// * * * * * * * * * * * * * * * * * * * * * * * * * * * * * * * * * * * * * //

dimensions      [0 0 -1 0 0 0 0];


internalField   nonuniform List<scalar> 
10000
(
614.933
437.616
376.179
314.047
301.083
280.277
282.125
275.962
283.928
281.911
292.93
292.846
306.698
305.293
323.545
326.182
341.944
345.273
360.444
369.333
628.772
463.988
407.439
352.528
345.68
323.543
326.335
321.395
328.472
326.224
335.378
334.356
344.628
344.177
355.178
355.125
366.601
366.97
378.898
379.426
597.624
418.762
317.942
260.096
216.817
190.988
167.045
153.346
138.339
129.997
120.024
114.171
107.498
102.761
98.5086
94.2475
91.8777
87.9949
87.0832
84.5254
596.808
413.647
313.288
251.089
209.031
178.846
156.309
138.593
124.812
113.084
103.997
95.5355
89.2867
82.7627
78.3923
73.09
70.0496
65.5044
63.6703
58.6374
596.78
413.556
313.23
250.948
208.86
178.655
155.968
138.348
124.253
112.774
103.179
95.1432
88.1674
82.2638
76.9191
72.424
68.0663
64.4725
60.916
57.5457
596.774
413.554
313.231
250.944
208.858
178.646
155.964
138.328
124.25
112.737
103.183
95.0807
88.196
82.1631
77.0009
72.2779
68.327
64.3612
61.3588
57.7671
596.773
413.56
313.234
250.952
208.858
178.656
155.958
138.343
124.237
112.76
103.161
95.1167
88.1624
82.224
76.9496
72.3864
68.248
64.6059
61.2779
58.2377
596.776
413.569
313.238
250.96
208.859
178.667
155.955
138.358
124.227
112.781
103.144
95.1471
88.1366
82.2692
76.9119
72.4584
68.1944
64.7344
61.2145
58.4804
596.79
413.579
313.248
250.963
208.869
178.664
155.967
138.349
124.245
112.764
103.169
95.1211
88.1709
82.233
76.9587
72.4115
68.26
64.678
61.3103
58.422
596.783
413.58
313.253
250.962
208.877
178.658
155.981
138.336
124.266
112.743
103.199
95.09
88.2109
82.1901
77.0122
72.3548
68.331
64.6076
61.4051
58.3419
596.778
413.584
313.256
250.967
208.879
178.663
155.981
138.343
124.263
112.752
103.192
95.1021
88.2006
82.2063
76.9969
72.3766
68.3099
64.6367
61.3778
58.3826
596.777
413.589
313.26
250.972
208.883
178.668
155.983
138.347
124.264
112.757
103.193
95.1071
88.1996
82.2119
76.9947
72.3831
68.3066
64.6444
61.3736
58.3922
596.775
413.594
313.265
250.977
208.886
178.672
155.985
138.352
124.265
112.761
103.192
95.1122
88.1981
82.2179
76.9919
72.39
68.3024
64.6527
61.3678
58.4023
596.773
413.599
313.269
250.981
208.89
178.675
155.989
138.354
124.268
112.763
103.196
95.1133
88.2015
82.2181
76.9957
72.3895
68.3066
64.6514
61.3724
58.4001
596.769
413.603
313.273
250.985
208.894
178.679
155.992
138.357
124.271
112.765
103.199
95.1146
88.2047
82.2186
76.9995
72.3888
68.3114
64.6492
61.3786
58.3963
596.766
413.607
313.277
250.989
208.898
178.683
155.995
138.361
124.273
112.769
103.2
95.1186
88.2047
82.2232
76.9983
72.3942
68.3088
64.6557
61.3748
58.4043
596.762
413.611
313.281
250.993
208.901
178.686
155.998
138.364
124.275
112.772
103.201
95.1221
88.2052
82.2272
76.9976
72.399
68.3068
64.6619
61.3709
58.4122
596.758
413.615
313.285
250.997
208.905
178.69
156.001
138.367
124.278
112.774
103.204
95.1238
88.2078
82.2283
77.0004
72.3997
68.3097
64.6619
61.374
58.4119
596.755
413.619
313.289
251.001
208.909
178.693
156.005
138.369
124.281
112.776
103.207
95.125
88.2111
82.2288
77.004
72.3992
68.3139
64.6605
61.3791
58.4094
596.751
413.622
313.293
251.005
208.913
178.696
156.008
138.372
124.284
112.778
103.209
95.127
88.2132
82.2305
77.006
72.4007
68.3159
64.6617
61.3811
58.4103
596.748
413.626
313.297
251.009
208.916
178.7
156.011
138.375
124.286
112.781
103.211
95.1295
88.2147
82.233
77.007
72.4033
68.3165
64.6644
61.3814
58.4132
596.745
413.629
313.301
251.013
208.92
178.703
156.014
138.378
124.289
112.784
103.213
95.1318
88.2164
82.2351
77.0084
72.4053
68.3176
64.6665
61.3822
58.4156
596.742
413.633
313.305
251.016
208.923
178.706
156.017
138.38
124.292
112.786
103.215
95.1336
88.2185
82.2367
77.0103
72.4068
68.3192
64.6679
61.3837
58.4171
596.739
413.636
313.309
251.02
208.927
178.709
156.019
138.383
124.294
112.788
103.218
95.1353
88.2206
82.2382
77.0122
72.408
68.3211
64.669
61.3856
58.4181
596.737
413.639
313.312
251.023
208.93
178.712
156.022
138.385
124.297
112.79
103.22
95.1371
88.2225
82.2397
77.014
72.4094
68.3228
64.6702
61.3872
58.4194
596.734
413.642
313.316
251.027
208.933
178.715
156.025
138.388
124.299
112.792
103.222
95.1391
88.224
82.2416
77.0153
72.4112
68.3238
64.672
61.3882
58.4213
596.732
413.645
313.319
251.03
208.936
178.718
156.027
138.39
124.301
112.794
103.223
95.1408
88.2257
82.2431
77.0167
72.4126
68.3252
64.6734
61.3895
58.4227
596.73
413.647
313.322
251.033
208.939
178.72
156.03
138.392
124.303
112.796
103.225
95.1425
88.2273
82.2445
77.0182
72.4139
68.3266
64.6745
61.391
58.4239
596.728
413.649
313.325
251.036
208.942
178.723
156.032
138.394
124.305
112.798
103.227
95.144
88.2288
82.2459
77.0196
72.4151
68.328
64.6756
61.3924
58.4251
596.726
413.651
313.328
251.039
208.944
178.725
156.034
138.396
124.307
112.799
103.228
95.1456
88.2301
82.2473
77.0209
72.4163
68.3291
64.6768
61.3936
58.4264
596.725
413.653
313.331
251.041
208.947
178.727
156.036
138.398
124.308
112.801
103.23
95.1469
88.2315
82.2485
77.0222
72.4174
68.3304
64.6779
61.3949
58.4274
596.723
413.655
313.333
251.043
208.949
178.729
156.038
138.4
124.31
112.803
103.231
95.1483
88.2327
82.2498
77.0232
72.4186
68.3314
64.6791
61.3959
58.4288
596.722
413.656
313.335
251.046
208.951
178.731
156.04
138.402
124.311
112.804
103.233
95.1495
88.2338
82.2509
77.0242
72.4197
68.3323
64.6802
61.3969
58.43
596.721
413.657
313.337
251.048
208.953
178.733
156.041
138.403
124.313
112.805
103.234
95.1505
88.2351
82.2517
77.0255
72.4205
68.3336
64.6809
61.3982
58.4309
596.72
413.658
313.339
251.049
208.954
178.735
156.043
138.404
124.314
112.806
103.235
95.1515
88.2361
82.2527
77.0264
72.4214
68.3345
64.6819
61.3992
58.4319
596.72
413.659
313.341
251.051
208.956
178.736
156.044
138.406
124.315
112.807
103.236
95.1527
88.2368
82.2538
77.0271
72.4225
68.3351
64.683
61.3999
58.4333
596.719
413.66
313.342
251.052
208.957
178.737
156.045
138.407
124.316
112.808
103.237
95.1535
88.2377
82.2546
77.0279
72.4233
68.3359
64.6839
61.4008
58.4343
596.718
413.66
313.343
251.054
208.959
178.739
156.047
138.408
124.317
112.809
103.238
95.1543
88.2386
82.2553
77.0287
72.4239
68.3368
64.6846
61.4018
58.435
596.718
413.661
313.344
251.055
208.96
178.74
156.047
138.409
124.318
112.81
103.238
95.1553
88.2391
82.2562
77.0292
72.4249
68.3374
64.6855
61.4026
58.4361
596.718
413.661
313.345
251.056
208.961
178.741
156.048
138.41
124.319
112.811
103.239
95.1558
88.2399
82.2567
77.0301
72.4253
68.3384
64.6859
61.4038
58.4366
596.717
413.661
313.346
251.057
208.962
178.741
156.049
138.41
124.32
112.811
103.24
95.1563
88.2407
82.2572
77.0309
72.4258
68.3392
64.6866
61.4046
58.4375
596.717
413.661
313.347
251.058
208.962
178.742
156.05
138.411
124.32
112.812
103.24
95.1571
88.241
82.2581
77.0311
72.4269
68.3393
64.6879
61.4047
58.4391
596.717
413.661
313.347
251.058
208.963
178.743
156.051
138.412
124.321
112.813
103.241
95.1575
88.2417
82.2584
77.0319
72.4272
68.3403
64.6882
61.406
58.4393
596.717
413.661
313.348
251.059
208.964
178.743
156.051
138.412
124.321
112.813
103.242
95.1581
88.2421
82.2591
77.0323
72.4279
68.3408
64.6891
61.4065
58.4404
596.717
413.661
313.348
251.059
208.964
178.744
156.052
138.413
124.322
112.814
103.242
95.159
88.2421
82.2603
77.032
72.4296
68.3401
64.6913
61.4056
58.4431
596.717
413.662
313.348
251.06
208.964
178.745
156.052
138.414
124.322
112.815
103.242
95.1598
88.2423
82.261
77.0325
72.43
68.3411
64.6914
61.4071
58.4429
596.717
413.662
313.348
251.06
208.965
178.745
156.052
138.414
124.322
112.815
103.242
95.1599
88.2431
82.261
77.0335
72.43
68.3423
64.6915
61.4085
58.4431
596.717
413.662
313.349
251.061
208.965
178.745
156.053
138.414
124.323
112.815
103.243
95.1599
88.244
82.261
77.0345
72.4301
68.3434
64.6917
61.4097
58.4435
596.717
413.662
313.349
251.061
208.966
178.746
156.053
138.414
124.323
112.815
103.244
95.1604
88.2444
82.2616
77.0349
72.4308
68.3439
64.6925
61.4103
58.4445
596.717
413.662
313.349
251.061
208.966
178.746
156.054
138.415
124.324
112.816
103.244
95.1608
88.2448
82.2621
77.0354
72.4314
68.3444
64.6933
61.4109
58.4454
596.717
413.662
313.349
251.061
208.966
178.746
156.054
138.415
124.324
112.816
103.244
95.1614
88.2451
82.2626
77.036
72.4318
68.3453
64.6935
61.4122
58.4455
596.717
413.662
313.349
251.061
208.966
178.746
156.054
138.415
124.324
112.817
103.245
95.1616
88.2457
82.263
77.0365
72.4324
68.3458
64.6944
61.4126
58.4466
596.717
413.662
313.349
251.061
208.967
178.747
156.054
138.416
124.325
112.817
103.245
95.1618
88.2463
82.2633
77.0372
72.4328
68.3465
64.695
61.4133
58.4475
596.717
413.662
313.349
251.062
208.967
178.747
156.055
138.416
124.325
112.817
103.246
95.1617
88.2474
82.2631
77.0384
72.4327
68.3479
64.695
61.4147
58.4477
596.717
413.662
313.349
251.062
208.967
178.747
156.055
138.416
124.325
112.817
103.246
95.1625
88.2473
82.2641
77.0384
72.4338
68.348
64.6961
61.415
58.4487
596.717
413.662
313.349
251.062
208.967
178.747
156.055
138.416
124.326
112.818
103.246
95.163
88.2476
82.2647
77.0387
72.4346
68.3483
64.6971
61.4153
58.4499
596.717
413.662
313.349
251.062
208.967
178.747
156.055
138.416
124.326
112.818
103.247
95.1634
88.248
82.2652
77.0392
72.4352
68.3489
64.6978
61.416
58.4505
596.717
413.662
313.349
251.062
208.967
178.748
156.055
138.417
124.326
112.818
103.247
95.1639
88.2484
82.2657
77.0397
72.4358
68.3495
64.6983
61.4168
58.4511
596.717
413.661
313.349
251.062
208.967
178.748
156.056
138.417
124.327
112.819
103.247
95.1642
88.2488
82.2662
77.0402
72.4363
68.35
64.6991
61.4173
58.4519
596.717
413.661
313.349
251.062
208.968
178.748
156.056
138.417
124.327
112.819
103.248
95.1645
88.2494
82.2665
77.0408
72.4367
68.3508
64.6994
61.4182
58.4523
596.717
413.661
313.35
251.062
208.968
178.748
156.056
138.417
124.327
112.819
103.248
95.1649
88.2498
82.267
77.0413
72.4372
68.3513
64.7
61.4187
58.4529
596.717
413.661
313.35
251.062
208.968
178.748
156.056
138.418
124.327
112.82
103.248
95.1655
88.2498
82.2678
77.0413
72.4382
68.3514
64.701
61.4189
58.4538
596.716
413.661
313.35
251.062
208.968
178.748
156.056
138.418
124.327
112.82
103.249
95.1657
88.2504
82.2679
77.0422
72.4382
68.3524
64.701
61.4199
58.4539
596.716
413.661
313.35
251.062
208.968
178.748
156.057
138.418
124.328
112.82
103.249
95.166
88.2508
82.2684
77.0424
72.439
68.3524
64.7021
61.4197
58.4552
596.716
413.661
313.35
251.062
208.968
178.748
156.057
138.418
124.328
112.82
103.249
95.1661
88.2514
82.2684
77.0433
72.4388
68.3536
64.7016
61.4213
58.4543
596.716
413.662
313.349
251.063
208.968
178.749
156.056
138.419
124.327
112.822
103.248
95.1677
88.2503
82.2702
77.0421
72.4407
68.3524
64.7035
61.4203
58.4562
596.716
413.661
313.35
251.062
208.968
178.748
156.057
138.418
124.329
112.82
103.251
95.166
88.2529
82.268
77.0452
72.4381
68.3559
64.7007
61.4239
58.4533
596.716
413.661
313.35
251.062
208.968
178.749
156.057
138.419
124.329
112.821
103.25
95.167
88.2523
82.2694
77.0442
72.4399
68.3546
64.7029
61.4223
58.4558
596.716
413.661
313.35
251.063
208.968
178.749
156.057
138.419
124.329
112.821
103.25
95.1675
88.2522
82.27
77.0441
72.4406
68.3545
64.7037
61.422
58.4567
596.716
413.661
313.35
251.063
208.968
178.749
156.057
138.419
124.329
112.821
103.251
95.1674
88.2527
82.2699
77.0447
72.4405
68.3552
64.7034
61.4229
58.4563
596.716
413.661
313.35
251.063
208.968
178.749
156.057
138.419
124.329
112.821
103.251
95.1677
88.2528
82.2703
77.0448
72.4409
68.3551
64.7039
61.4227
58.4569
596.716
413.661
313.35
251.063
208.968
178.749
156.057
138.419
124.329
112.822
103.251
95.1678
88.253
82.2703
77.0451
72.4408
68.3556
64.7038
61.4233
58.4567
596.716
413.661
313.35
251.063
208.969
178.749
156.058
138.419
124.329
112.822
103.251
95.1679
88.2531
82.2705
77.0451
72.4412
68.3555
64.7043
61.423
58.4573
596.716
413.661
313.35
251.063
208.968
178.749
156.058
138.419
124.329
112.822
103.251
95.1682
88.2529
82.2709
77.0449
72.4417
68.3551
64.7048
61.4226
58.4579
596.716
413.661
313.35
251.063
208.969
178.749
156.058
138.419
124.33
112.822
103.251
95.1678
88.2537
82.2702
77.0458
72.4407
68.3564
64.7035
61.4243
58.4562
596.716
413.661
313.35
251.063
208.968
178.749
156.058
138.42
124.329
112.822
103.251
95.1688
88.2525
82.2717
77.0442
72.4427
68.3542
64.7062
61.4214
58.4595
596.716
413.661
313.35
251.063
208.969
178.749
156.058
138.42
124.329
112.822
103.251
95.1684
88.2531
82.2711
77.045
72.4418
68.3553
64.7049
61.4229
58.4578
596.716
413.661
313.35
251.063
208.969
178.749
156.058
138.419
124.33
112.822
103.251
95.1679
88.2537
82.2703
77.0459
72.4408
68.3565
64.7036
61.4242
58.4564
596.716
413.661
313.35
251.063
208.969
178.749
156.058
138.419
124.329
112.822
103.251
95.1682
88.2533
82.2709
77.0452
72.4416
68.3555
64.7047
61.4229
58.4577
596.716
413.661
313.35
251.063
208.969
178.749
156.058
138.419
124.329
112.822
103.251
95.1681
88.2534
82.2707
77.0454
72.4414
68.3557
64.7043
61.4232
58.4572
596.716
413.662
313.35
251.063
208.968
178.75
156.057
138.42
124.329
112.823
103.25
95.1692
88.252
82.2722
77.0437
72.4431
68.3536
64.7065
61.4207
58.4597
596.716
413.662
313.35
251.063
208.969
178.749
156.058
138.42
124.329
112.822
103.251
95.1682
88.2531
82.2708
77.0451
72.4413
68.3555
64.7042
61.423
58.457
596.716
413.661
313.35
251.063
208.969
178.749
156.058
138.419
124.329
112.822
103.251
95.1681
88.2531
82.2707
77.045
72.4414
68.3552
64.7044
61.4226
58.4573
596.716
413.661
313.35
251.063
208.969
178.749
156.058
138.419
124.329
112.822
103.251
95.1678
88.2534
82.2703
77.0453
72.4408
68.3556
64.7037
61.4231
58.4566
596.716
413.662
313.35
251.063
208.968
178.749
156.057
138.42
124.329
112.822
103.25
95.1687
88.2521
82.2716
77.0437
72.4425
68.3536
64.7058
61.4207
58.459
596.716
413.662
313.35
251.063
208.968
178.749
156.058
138.419
124.329
112.822
103.251
95.168
88.2529
82.2706
77.0448
72.4411
68.355
64.704
61.4224
58.4568
596.716
413.662
313.35
251.063
208.969
178.749
156.058
138.419
124.329
112.822
103.251
95.168
88.2527
82.2706
77.0444
72.4414
68.3544
64.7045
61.4216
58.4575
596.717
413.661
313.35
251.062
208.969
178.749
156.058
138.418
124.33
112.82
103.252
95.1664
88.2545
82.2685
77.0467
72.4387
68.3572
64.7013
61.4248
58.4539
596.716
413.662
313.35
251.063
208.968
178.749
156.057
138.42
124.328
112.822
103.25
95.1689
88.2515
82.2716
77.0432
72.4423
68.3532
64.7053
61.4206
58.458
596.717
413.662
313.35
251.063
208.968
178.749
156.057
138.419
124.329
112.822
103.25
95.1682
88.2522
82.2706
77.0441
72.4411
68.3544
64.7038
61.4219
58.4564
596.717
413.662
313.35
251.063
208.968
178.749
156.057
138.42
124.329
112.822
103.25
95.1688
88.2513
82.2717
77.0426
72.4428
68.3522
64.7061
61.4191
58.4593
596.717
413.662
313.35
251.063
208.968
178.749
156.057
138.419
124.329
112.822
103.25
95.1681
88.2521
82.2706
77.0438
72.4411
68.3539
64.704
61.4212
58.4568
596.717
413.661
313.35
251.062
208.969
178.749
156.058
138.418
124.33
112.82
103.252
95.1664
88.2538
82.2686
77.0458
72.439
68.3559
64.7019
61.4231
58.4549
596.717
413.662
313.35
251.063
208.968
178.749
156.057
138.42
124.328
112.822
103.249
95.1688
88.251
82.2716
77.0425
72.4423
68.3524
64.7053
61.4195
58.4582
596.717
413.662
313.35
251.063
208.968
178.749
156.057
138.42
124.328
112.822
103.25
95.1681
88.2518
82.2704
77.0437
72.4408
68.354
64.7034
61.4214
58.456
596.717
413.662
313.35
251.063
208.968
178.749
156.057
138.419
124.329
112.822
103.25
95.1675
88.2524
82.2697
77.0445
72.4398
68.355
64.7021
61.4228
58.4543
596.717
413.662
313.35
251.063
208.968
178.749
156.057
138.419
124.329
112.821
103.251
95.1671
88.2527
82.2693
77.0447
72.4395
68.355
64.702
61.4226
58.4544
596.717
413.662
313.35
251.063
208.968
178.749
156.057
138.419
124.328
112.822
103.25
95.168
88.2516
82.2704
77.0434
72.4409
68.3534
64.7037
61.4207
58.4564
596.717
413.662
313.35
251.062
208.969
178.749
156.058
138.418
124.33
112.82
103.251
95.1661
88.2536
82.2682
77.0457
72.4383
68.356
64.7009
61.4234
58.4534
596.717
413.662
313.35
251.063
208.968
178.749
156.057
138.419
124.329
112.821
103.25
95.1675
88.252
82.2699
77.0436
72.4404
68.3537
64.7032
61.4209
58.4558
3487.45
3490.81
3260.84
3084.96
3018.7
2987
2973.7
2961.04
2948.34
2931.4
2913.44
2895.23
2877.44
2859.83
2844.09
2828.22
2815.06
2800.6
2789.56
2775.95
2766.86
2753.89
2746.72
2734.17
2728.65
2716.31
2711.98
2700.13
2696.77
2685.41
2682.8
2672.04
2669.92
2659.73
2657.9
2648.32
2646.68
2637.74
2636.23
2627.92
2626.48
2618.75
2617.35
2610.15
2608.8
2602.1
2600.84
2594.62
2593.48
2587.69
2586.72
2581.35
2580.57
2575.66
2575.12
2570.69
2570.46
2566.56
2566.69
2563.25
2563.79
2560.83
2561.79
2559.32
2560.7
2558.73
2560.46
2558.95
2560.99
2559.86
2562.1
2561.25
2563.61
2563.01
2565.38
2564.98
2567.17
2567.02
2568.25
2569.3
1238.84
1534.07
1661.14
1749.96
1711.71
1597.22
1502.46
1422.58
1362.73
1318.82
1286.63
1260.82
1240.33
1222.78
1208.57
1195.37
1184.5
1173.31
1164.73
1154.92
1148.26
1139.36
1134.37
1125.87
1122.26
1113.88
1111.85
1103.22
1102.51
1093.82
1093.86
1085.64
1085.74
1078.42
1078.38
1071.88
1071.75
1065.87
1065.71
1060.32
1060.12
1055.16
1054.95
1050.39
1050.18
1045.97
1045.78
1041.89
1041.73
1038.11
1037.99
1034.67
1034.59
1031.54
1031.56
1028.77
1028.9
1026.35
1026.63
1024.33
1024.78
1022.73
1023.36
1021.56
1022.38
1020.85
1021.83
1020.55
1021.72
1020.66
1021.95
1021.07
1022.43
1021.69
1023.08
1022.45
1023.84
1023.3
1024.78
1023.48
255.228
545.921
766.799
969.219
1027.97
1001.65
917.084
865.146
825.06
790.626
764.334
743.197
726.551
712.667
701.541
691.35
683.047
674.805
668.46
661.486
656.645
650.517
646.867
641.167
638.382
632.998
631.044
625.877
624.564
619.654
618.73
614.159
613.39
609.241
608.573
604.818
604.233
600.802
600.288
597.129
596.649
593.73
593.287
590.597
590.193
587.707
587.345
585.046
584.719
582.58
582.294
580.315
580.077
578.254
578.077
576.414
576.285
574.807
574.711
573.438
573.36
572.31
572.272
571.403
571.447
570.796
570.904
570.375
570.593
570.209
570.526
570.237
570.621
570.404
570.842
570.689
571.168
571.071
571.662
571.233
80.6462
117.875
235.385
372.606
541.293
660.583
676.695
658.994
625.276
596.403
573.064
552.089
535.2
521.014
509.236
498.495
490.013
481.959
475.638
469.075
464.299
458.729
455.014
450.024
447.103
442.631
440.351
436.28
434.49
430.789
429.315
425.922
424.663
421.587
420.51
417.722
416.786
414.242
413.425
411.078
410.341
408.17
407.505
405.505
404.908
403.061
402.527
400.818
400.331
398.741
398.302
396.829
396.442
395.085
394.75
393.513
393.227
392.112
391.87
390.884
390.686
389.833
389.692
388.965
388.887
388.307
388.223
387.768
387.74
387.449
387.489
387.268
387.364
387.179
387.339
387.214
387.426
387.338
387.65
387.419
56.3134
54.7508
84.9189
102.321
183.719
274.352
405.413
484.375
502.014
496.004
478.497
459.818
444.565
430.193
417.475
405.964
396.671
387.816
380.702
373.679
368.287
362.418
358.108
353.139
349.777
345.505
342.772
339.02
336.778
333.46
331.548
328.557
326.929
324.251
322.855
320.439
319.225
317.03
315.97
313.944
313.005
311.134
310.299
308.577
307.836
306.246
305.584
304.108
303.508
302.133
301.592
300.315
299.831
298.652
298.219
297.141
296.755
295.771
295.429
294.544
294.251
293.466
293.226
292.545
292.358
291.788
291.604
291.176
290.989
290.694
290.59
290.346
290.288
290.039
290.066
289.897
289.971
289.821
289.972
289.791
55.7343
52.1288
52.1773
49.1928
69.2444
78.5195
143.623
217.026
315.696
378.07
397.625
396.082
387.742
375.846
364.985
354.713
345.309
335.898
328.213
320.723
314.606
308.241
303.235
297.979
293.998
289.536
286.24
282.421
279.678
276.345
273.992
271.093
269.101
266.549
264.828
262.538
261.04
258.971
257.662
255.764
254.619
252.872
251.868
250.26
249.374
247.885
247.101
245.71
245.008
243.709
243.081
241.87
241.308
240.183
239.677
238.64
238.181
237.224
236.809
235.935
235.568
234.779
234.463
233.761
233.495
232.882
232.636
232.143
231.91
231.516
231.35
231.013
230.879
230.6
230.551
230.286
230.29
230.025
230.077
229.871
55.4956
52.8896
50.4154
48.4512
47.0324
44.4572
57.4117
65.1817
112.921
169.873
248.278
301.244
324.212
326.985
323.989
317.243
309.592
301.933
295.183
288.013
281.681
275.26
269.918
264.479
259.92
255.208
251.376
247.387
244.126
240.646
237.816
234.841
232.436
229.838
227.742
225.426
223.605
221.523
219.943
218.061
216.694
214.971
213.782
212.196
211.151
209.677
208.754
207.376
206.559
205.274
204.547
203.345
202.694
201.571
200.985
199.938
199.405
198.427
197.943
197.038
196.603
195.773
195.388
194.634
194.298
193.617
193.316
192.729
192.46
191.955
191.74
191.302
191.119
190.755
190.645
190.298
190.242
189.935
189.922
189.602
55.4566
53.2737
50.5502
48.7878
46.4168
45.0396
43.1944
42.737
46.7905
52.4759
86.3511
127.868
189.54
237.972
265.412
275.37
275.016
272.538
267.625
262.037
257.003
251.811
246.964
241.919
237.243
232.67
228.594
224.601
220.935
217.398
214.176
211.116
208.302
205.603
203.125
200.733
198.579
196.431
194.549
192.603
190.982
189.206
187.805
186.164
184.935
183.407
182.326
180.909
179.965
178.645
177.808
176.571
175.821
174.66
173.984
172.893
172.278
171.253
170.693
169.736
169.228
168.338
167.882
167.057
166.649
165.889
165.529
164.842
164.527
163.913
163.647
163.105
162.877
162.415
162.249
161.821
161.702
161.332
161.276
160.86
55.6158
53.2088
50.8923
48.8046
46.8733
44.9677
43.3592
41.5453
40.5988
38.2978
42.0314
44.7326
66.0601
92.2829
137.336
182.897
214.051
230.933
236.294
235.807
233.83
230.349
226.533
222.751
219.031
215.349
211.586
208.015
204.312
201.05
197.714
194.755
191.67
188.969
186.215
183.808
181.376
179.185
177.025
175.005
173.134
171.28
169.658
167.932
166.511
164.899
163.652
162.153
161.066
159.665
158.701
157.385
156.525
155.286
154.51
153.341
152.638
151.54
150.9
149.867
149.284
148.314
147.784
146.873
146.392
145.542
145.115
144.33
143.953
143.236
142.91
142.266
141.986
141.421
141.198
140.688
140.508
140.062
139.955
139.47
55.748
53.1568
51.0563
48.8002
47.0929
45.065
43.6509
41.774
40.596
38.87
38.0254
36.3502
37.4432
38.2248
49.761
63.6595
94.8673
131.225
165.628
188.665
200.895
205.187
204.925
203.694
201.39
198.616
195.661
193.032
189.992
187.465
184.427
181.902
178.876
176.458
173.686
171.436
168.876
166.743
164.423
162.421
160.375
158.489
156.685
154.898
153.311
151.633
150.239
148.653
147.422
145.924
144.833
143.421
142.449
141.113
140.236
138.966
138.17
136.969
136.244
135.108
134.446
133.369
132.764
131.745
131.194
130.239
129.746
128.853
128.408
127.582
127.191
126.443
126.106
125.435
125.152
124.552
124.314
123.783
123.621
123.074
55.7135
53.2316
50.9955
48.9252
47.0033
45.2682
43.5756
42.1049
40.5761
39.3222
37.9067
36.8503
35.5646
34.6667
34.0918
33.7253
39.3455
44.8357
61.2281
87.0318
117.517
144.708
164.42
174.658
179.722
179.944
179.262
177.796
175.724
173.819
171.393
169.603
167.122
165.316
162.853
160.992
158.575
156.706
154.462
152.657
150.59
148.792
146.911
145.154
143.486
141.8
140.316
138.687
137.35
135.787
134.596
133.107
132.041
130.617
129.652
128.281
127.399
126.089
125.281
124.032
123.291
122.097
121.419
120.279
119.663
118.58
118.026
117.005
116.495
115.545
115.088
114.228
113.828
113.049
112.703
112.002
111.707
111.082
110.865
110.251
55.7093
53.2402
51.0052
48.9251
47.0367
45.2527
43.642
42.0833
40.7013
39.3113
38.1227
36.8545
35.8419
34.6379
33.7957
32.6512
32.1196
31.029
32.6993
34.1282
41.9237
53.3726
74.9922
99.4876
123.106
140.909
152.206
157.225
159.216
158.965
157.995
156.886
155.134
153.833
151.857
150.545
148.596
147.215
145.289
143.852
141.964
140.431
138.662
137.101
135.499
133.922
132.449
130.872
129.514
127.97
126.742
125.237
124.117
122.645
121.62
120.185
119.241
117.85
116.976
115.632
114.823
113.521
112.781
111.523
110.853
109.641
109.033
107.881
107.317
106.235
105.72
104.728
104.269
103.366
102.957
102.147
101.794
101.068
100.792
100.101
55.7023
53.2521
50.9978
48.942
47.0263
45.2789
43.6262
42.1264
40.6799
39.3845
38.0982
36.9765
35.8127
34.8413
33.764
32.9279
31.9102
31.193
30.2728
29.6911
29.2245
29.1058
32.3094
36.0533
44.9357
60.7838
80.8922
100.987
118.306
130.449
137.6
140.697
141.617
141.387
140.516
139.692
138.268
137.321
135.755
134.736
133.216
132.112
130.644
129.427
128.031
126.698
125.368
123.981
122.733
121.341
120.171
118.751
117.65
116.217
115.187
113.766
112.806
111.396
110.489
109.097
108.244
106.872
106.089
104.743
104.032
102.72
102.07
100.809
100.206
99.0078
98.4486
97.3289
96.8194
95.7938
95.3284
94.3994
93.9936
93.1541
92.8182
92.0347
55.7083
53.2472
51.0071
48.9334
47.0408
45.2658
43.6481
42.1074
40.7132
39.3581
38.1494
36.9414
35.8907
34.798
33.8853
32.8797
32.0913
31.146
30.473
29.5632
29.0034
28.135
27.7438
27.0072
27.325
27.789
31.7864
37.3548
46.7404
62.4952
79.3123
95.6282
108.919
118.159
123.52
126.013
126.675
126.55
125.915
125.257
124.147
123.373
122.244
121.345
120.217
119.24
118.176
117.109
116.072
114.938
113.91
112.695
111.699
110.43
109.48
108.186
107.271
105.938
105.05
103.69
102.839
101.471
100.678
99.308
98.5782
97.2175
96.5448
95.2188
94.5909
93.3234
92.732
91.5298
90.9796
89.8623
89.355
88.3245
87.8711
86.9261
86.5284
85.6459
55.7167
53.2418
51.0167
48.9273
47.0512
45.2595
43.6589
42.1021
40.7237
39.3552
38.1592
36.9433
35.8995
34.8084
33.8921
32.9048
32.0951
31.1969
30.4745
29.655
29.0002
28.257
27.6552
26.9761
26.4219
25.8022
25.4243
24.8985
25.8145
26.6365
30.7408
36.7727
45.177
59.0711
72.9544
86.6647
97.7701
105.662
110.585
112.961
113.895
113.84
113.533
112.972
112.151
111.458
110.636
109.876
109.009
108.16
107.327
106.421
105.603
104.605
103.795
102.72
101.904
100.75
99.9396
98.721
97.9303
96.6712
95.9091
94.6086
93.8872
92.5623
91.8891
90.5707
89.943
88.6684
88.0701
86.8464
86.2799
85.1207
84.5917
83.5048
83.0152
82.0014
81.552
80.5901
55.7116
53.2521
51.0079
48.941
47.0383
45.2773
43.6413
42.125
40.7003
39.3847
38.1286
36.9815
35.8605
34.8568
33.8455
32.9648
32.0438
31.2691
30.4221
29.7406
28.9535
28.3547
27.617
27.0898
26.389
25.9296
25.257
24.8641
24.2323
23.9239
23.4358
23.3015
23.9842
24.9877
28.589
33.7279
40.8773
52.2927
63.9936
75.7718
85.9095
93.3292
98.4552
101.2
102.597
102.852
102.732
102.394
101.779
101.176
100.504
99.8464
99.1872
98.4414
97.7442
96.925
96.2431
95.3535
94.6612
93.6756
92.9786
91.9176
91.2152
90.0813
89.3942
88.2077
87.5578
86.3438
85.7439
84.5398
83.9664
82.7915
82.2384
81.1043
80.5792
79.4947
78.9944
77.9651
77.4954
76.5013
55.7058
53.2619
51.0007
48.9519
47.0298
45.289
43.632
42.1368
40.6911
39.3957
38.1205
36.9905
35.8544
34.8634
33.8412
32.9691
32.0406
31.2717
30.4203
29.7422
28.9542
28.3567
27.621
27.0957
26.4033
25.9416
25.2863
24.8791
24.2594
23.8992
23.3179
22.9989
22.4587
22.2084
21.7799
21.7601
21.8732
23.0371
24.4916
29.4825
34.6252
43.811
53.2851
63.6839
73.0265
80.7675
86.4143
89.9897
92.1163
93.0092
93.1436
93.0025
92.6592
92.1618
91.593
90.9737
90.3863
89.7259
89.1237
88.3647
87.726
86.8938
86.2688
85.3699
84.7369
83.7673
83.1513
82.1273
81.5533
80.5084
79.9613
78.912
78.3891
77.3518
76.8583
75.8417
75.3647
74.387
73.9341
72.9818
55.709
53.2611
51.0043
48.9502
47.0339
45.2864
43.6367
42.133
40.6971
39.3898
38.1292
36.9812
35.867
34.8492
33.8592
32.9489
32.0649
31.2449
30.4512
29.7088
28.9919
28.3173
27.6654
27.0509
26.4548
25.8935
25.346
24.831
24.3267
23.8509
23.3847
22.9428
22.5135
22.1004
21.7066
21.3181
20.9581
20.6148
20.3168
20.1439
20.0952
21.0254
21.8131
24.9815
28.3366
34.9354
42.2718
50.9764
59.5226
67.3012
73.8082
78.4292
81.6482
83.3996
84.3435
84.4965
84.3778
84.0481
83.5768
83.014
82.4536
81.8039
81.2359
80.5388
79.9482
79.1878
78.5877
77.7756
77.1983
76.3645
75.8175
74.9617
74.4449
73.5797
73.1001
72.2241
71.7665
70.902
70.4739
69.6362
55.7155
53.2574
51.0122
48.9448
47.0433
45.2791
43.6478
42.1239
40.7097
39.3792
38.1429
36.9697
35.8812
34.8377
33.8731
32.9381
32.0779
31.2355
30.463
29.7012
29.0021
28.3118
27.6741
27.0478
26.4618
25.8925
25.3513
24.832
24.3307
23.8544
23.3899
22.95
22.5198
22.1107
21.7123
21.3296
20.9604
20.6008
20.2596
19.9217
19.6091
19.3029
19.046
18.8095
18.7215
18.7996
19.5193
20.6483
22.762
26.7596
31.5595
38.3397
45.3885
52.7132
59.5128
65.3044
69.882
72.9662
75.1212
76.0515
76.6596
76.5711
76.3365
75.84
75.3211
74.7263
74.1371
73.5129
72.9297
72.284
71.7143
71.0415
70.5063
69.8162
69.3174
68.6055
68.1363
67.4162
66.9833
66.287
55.7179
53.2581
51.0146
48.9452
47.0456
45.2793
43.65
42.1241
40.7116
39.3797
38.144
36.971
35.8811
34.8401
33.8717
32.9418
32.0751
31.2403
30.4591
29.7066
28.9979
28.3171
27.6704
27.0524
26.4591
25.8962
25.3496
24.8352
24.3296
23.8583
23.3886
22.9557
22.5179
22.1193
21.7097
21.342
20.9576
20.6178
20.2547
19.9423
19.5958
19.3118
18.9762
18.7236
18.3959
18.1731
17.8673
17.6821
17.4396
17.3926
17.5493
17.8855
19.0337
20.6903
22.9967
27.21
31.8654
37.7885
43.731
49.6297
55.0877
59.6764
63.3944
65.968
67.7607
68.7627
69.171
69.2918
69.1292
68.7071
68.1412
67.5918
66.988
66.3981
65.8294
65.2389
64.7322
64.1092
63.686
63.064
55.7181
53.2613
51.0145
48.9484
47.0452
45.2825
43.6492
42.1274
40.7103
39.3835
38.142
36.9755
35.8782
34.8454
33.8679
32.9476
32.0707
31.2463
30.4543
29.7125
28.9928
28.3227
27.6648
27.0577
26.453
25.9012
25.3428
24.8401
24.322
23.863
23.3802
22.9603
22.5089
22.1234
21.7011
21.345
20.9501
20.6193
20.2499
19.9417
19.5947
19.3087
18.979
18.7169
18.3984
18.1626
17.8502
17.6409
17.3329
17.1483
16.849
16.6882
16.4188
16.2955
16.13
16.0956
16.4335
16.7472
17.7169
19.1824
20.9156
24.4768
27.5233
32.3418
36.4003
41.2981
45.3252
49.4447
52.6906
55.5672
57.5703
59.4064
60.3344
61.2911
61.7704
62.1387
61.9614
61.6212
61.3793
60.4939
55.7188
53.2639
51.0149
48.9509
47.0454
45.285
43.6492
42.13
40.7102
39.3859
38.1419
36.9776
35.8783
34.847
33.8682
32.9488
32.0713
31.247
30.4552
29.7126
28.994
28.3222
27.6663
27.0564
26.4547
25.8993
25.3446
24.8374
24.3238
23.8595
23.3821
22.9559
22.5106
22.1184
21.7019
21.3401
20.9496
20.6148
20.2477
19.9377
19.5913
19.3042
18.9758
18.7106
18.3974
18.1529
17.8532
17.6275
17.3404
17.1309
16.8569
16.6599
16.4006
16.2115
15.9706
15.7839
15.5663
15.3841
15.1865
15.0347
14.878
14.775
14.9144
15.0062
15.4659
15.9874
16.9532
18.3331
19.6799
22.2564
24.0228
27.3619
29.5193
32.8878
35.1393
38.3804
40.5652
43.2036
45.4499
49.1493
55.7204
53.2656
51.0163
48.9525
47.0465
45.2864
43.6502
42.1312
40.7112
39.3869
38.1429
36.9783
35.8795
34.8474
33.8697
32.9487
32.0731
31.2463
30.4576
29.7113
28.997
28.32
27.6701
27.0534
26.4593
25.8953
25.3501
24.8323
24.3301
23.8534
23.3889
22.9489
22.5179
22.1109
21.7093
21.3322
20.9566
20.6068
20.2542
19.9294
19.5974
19.2955
18.9818
18.7008
18.4037
18.1418
17.8599
17.6154
17.3474
17.1186
16.8635
16.6489
16.4058
16.2038
15.9719
15.7818
15.5592
15.3815
15.1648
15.001
14.7873
14.6379
14.4267
14.2921
14.0821
13.9613
13.7532
13.6554
13.4619
13.4489
13.5213
13.7303
14.0299
13.9057
14.8482
15.4399
15.3828
16.8304
16.6347
21.8583
55.7225
53.2666
51.0183
48.9533
47.0485
45.287
43.6521
42.1316
40.7131
39.3872
38.1448
36.9785
35.8815
34.8474
33.8717
32.9486
32.0753
31.2459
30.4599
29.7106
28.9995
28.3191
27.6729
27.052
26.4624
25.8935
25.3536
24.83
24.3341
23.8505
23.3935
22.9454
22.523
22.1067
21.7149
21.3273
20.9628
20.6013
20.261
19.9232
19.6048
19.2885
18.9899
18.6929
18.4125
18.133
17.8695
17.6056
17.3578
17.1079
16.8748
16.6375
16.418
16.1923
15.9853
15.7701
15.5747
15.3691
15.1846
14.9876
14.8134
14.6241
14.4598
14.2771
14.1226
13.9454
13.8002
13.6286
13.4915
13.328
13.1963
13.0459
12.9146
12.7833
12.6432
12.5446
12.3806
12.3245
12.1498
12.1956
55.7244
53.2679
51.0201
48.9544
47.0501
45.288
43.6536
42.1324
40.7145
39.3879
38.1462
36.9791
35.8828
34.8479
33.873
32.949
32.0765
31.2463
30.4612
29.7108
29.0008
28.3191
27.6743
27.0518
26.464
25.893
25.3553
24.8294
24.3359
23.8497
23.3954
22.9445
22.5249
22.1057
21.7169
21.3261
20.9649
20.5998
20.2634
19.9214
19.6074
19.2862
18.9928
18.6902
18.4158
18.1299
17.8731
17.6021
17.3616
17.1042
16.8787
16.6337
16.4221
16.1884
15.9896
15.7665
15.5794
15.366
15.1899
14.9854
14.8197
14.6232
14.4674
14.2782
14.1319
13.9491
13.8121
13.6352
13.5072
13.3358
13.2164
13.0501
12.9394
12.778
12.6757
12.5187
12.4241
12.274
12.1717
12.0021
55.7255
53.2698
51.021
48.9562
47.0509
45.2897
43.6543
42.134
40.7151
39.3894
38.1468
36.9804
35.8834
34.8491
33.8736
32.9501
32.0772
31.2472
30.4618
29.7116
29.0016
28.3198
27.6751
27.0524
26.4648
25.8936
25.356
24.8299
24.3366
23.8503
23.396
22.945
22.5255
22.1061
21.7175
21.3264
20.9655
20.6
20.2639
19.9215
19.608
19.2862
18.9935
18.6901
18.4166
18.1296
17.8739
17.6016
17.3626
17.1035
16.8798
16.6329
16.4233
16.1877
15.9909
15.7657
15.5808
15.3654
15.1916
14.9851
14.8216
14.6232
14.4697
14.2785
14.1346
13.9499
13.8152
13.6365
13.5107
13.3373
13.2201
13.0518
12.943
12.7793
12.6787
12.5194
12.4259
12.2742
12.171
12.0002
55.7269
53.2714
51.0224
48.9576
47.0521
45.2909
43.6554
42.1351
40.7161
39.3905
38.1476
36.9815
35.8841
34.8502
33.8742
32.9511
32.0776
31.2482
30.4622
29.7126
29.0019
28.3208
27.6754
27.0534
26.465
25.8945
25.3563
24.8307
24.3369
23.8509
23.3964
22.9456
22.5259
22.1065
21.718
21.3267
20.966
20.6002
20.2645
19.9216
19.6085
19.2862
18.9939
18.6901
18.4169
18.1296
17.8741
17.6018
17.3626
17.1037
16.8798
16.6331
16.4232
16.1877
15.991
15.7657
15.5811
15.3652
15.1922
14.9848
14.8226
14.6229
14.4711
14.2785
14.1365
13.9502
13.8176
13.6373
13.5135
13.3386
13.2234
13.0536
12.9464
12.7814
12.6817
12.5213
12.4281
12.2752
12.1722
12.0008
55.7287
53.2726
51.024
48.9587
47.0535
45.2918
43.6567
42.1361
40.7172
39.3914
38.1486
36.9824
35.8849
34.8511
33.8749
32.952
32.0783
31.2492
30.4628
29.7135
29.0024
28.3216
27.6758
27.0542
26.4655
25.8952
25.3568
24.8313
24.3375
23.8514
23.397
22.9459
22.5266
22.1067
21.7187
21.3268
20.9668
20.6001
20.2653
19.9215
19.6093
19.2861
18.9945
18.6901
18.4173
18.1297
17.8744
17.6019
17.3627
17.1039
16.8798
16.6333
16.4232
16.188
15.9911
15.7659
15.5815
15.3655
15.193
14.9853
14.8242
14.6241
14.4737
14.2805
14.1404
13.9535
13.823
13.6421
13.5205
13.3451
13.2318
13.0616
12.9559
12.7906
12.6919
12.531
12.4382
12.2848
12.1816
12.0095
55.7303
53.2739
51.0255
48.9598
47.0548
45.2929
43.6578
42.137
40.7182
39.3923
38.1496
36.9832
35.8858
34.8518
33.8758
32.9526
32.0792
31.2497
30.4637
29.714
29.0033
28.3221
27.6766
27.0546
26.4663
25.8956
25.3575
24.8318
24.338
23.8519
23.3975
22.9464
22.527
22.1072
21.7191
21.3272
20.9671
20.6005
20.2656
19.9218
19.6095
19.2864
18.9948
18.6902
18.4175
18.1298
17.8745
17.602
17.3628
17.1039
16.8798
16.6333
16.4232
16.1878
15.9911
15.7657
15.5815
15.3653
15.1931
14.9852
14.8244
14.6241
14.4742
14.281
14.1414
13.9547
13.8248
13.6441
13.5232
13.3483
13.2356
13.0657
12.9607
12.7955
12.6973
12.5365
12.444
12.2905
12.1873
12.0153
55.7317
53.2752
51.0269
48.961
47.0561
45.2939
43.659
42.1379
40.7194
39.393
38.1506
36.9838
35.8869
34.8523
33.8768
32.9531
32.0802
31.2501
30.4646
29.7144
29.0041
28.3225
27.6774
27.055
26.467
25.896
25.3581
24.8322
24.3386
23.8524
23.3979
22.9469
22.5274
22.1077
21.7193
21.3278
20.9673
20.601
20.2657
19.9223
19.6097
19.2868
18.9949
18.6906
18.4177
18.1301
17.8747
17.6022
17.363
17.104
16.88
16.6332
16.4234
16.1877
15.9911
15.7654
15.5815
15.3649
15.193
14.9847
14.8243
14.6235
14.4741
14.2804
14.1414
13.9542
13.8249
13.6439
13.5236
13.3484
13.2363
13.0664
12.9618
12.7969
12.6989
12.5384
12.446
12.2929
12.1896
12.0176
55.7332
53.2764
51.0284
48.962
47.0575
45.2947
43.6603
42.1385
40.7206
39.3935
38.1519
36.9842
35.8881
34.8527
33.878
32.9534
32.0813
31.2503
30.4657
29.7146
29.0052
28.3226
27.6784
27.0552
26.4679
25.8962
25.3589
24.8325
24.3393
23.8526
23.3986
22.9472
22.5279
22.108
21.7198
21.3281
20.9677
20.6014
20.266
19.9225
19.6099
19.287
18.9951
18.6908
18.4179
18.1302
17.8749
17.6021
17.3632
17.1039
16.8802
16.6329
16.4235
16.1872
15.9912
15.7646
15.5814
15.3638
15.1926
14.9832
14.8236
14.6218
14.4731
14.2786
14.1403
13.9526
13.824
13.6428
13.5231
13.3479
13.2365
13.067
12.9631
12.7989
12.7016
12.5421
12.4502
12.2984
12.195
12.0235
55.7344
53.2778
51.0295
48.9633
47.0584
45.2959
43.6611
42.1397
40.7213
39.3946
38.1524
36.9853
35.8886
34.8536
33.8785
32.9542
32.0818
31.251
30.4662
29.7152
29.0057
28.3231
27.6791
27.0555
26.4686
25.8965
25.3597
24.8326
24.3401
23.8527
23.3994
22.9472
22.5287
22.1079
21.7206
21.328
20.9684
20.6012
20.2668
19.9224
19.6106
19.2868
18.9958
18.6905
18.4186
18.1299
17.8755
17.6019
17.3638
17.1036
16.8807
16.6326
16.424
16.1868
15.9915
15.7641
15.5816
15.3631
15.1925
14.9822
14.8232
14.6205
14.4723
14.2769
14.1389
13.9506
13.8222
13.6404
13.521
13.3455
13.2342
13.0646
12.9606
12.7961
12.6992
12.5395
12.4496
12.2902
12.2221
11.9882
55.7356
53.2792
51.0306
48.9646
47.0593
45.2971
43.6618
42.1408
40.7219
39.3957
38.153
36.9863
35.889
34.8546
33.8788
32.9553
32.082
31.2521
30.4663
29.7162
29.0058
28.3241
27.6791
27.0565
26.4687
25.8973
25.3599
24.8332
24.3404
23.8531
23.3998
22.9475
22.5292
22.1081
21.7212
21.328
20.9691
20.6011
20.2675
19.9222
19.6113
19.2866
18.9965
18.6902
18.4192
18.1296
17.8761
17.6015
17.3643
17.1032
16.8812
16.6322
16.4244
16.1864
15.9918
15.7636
15.5817
15.3625
15.1923
14.9814
14.8223
14.6192
14.4706
14.2749
14.1362
13.9475
13.8181
13.6361
13.5155
13.3397
13.2273
13.0572
12.9525
12.7875
12.6897
12.5294
12.4373
12.2846
12.1816
12.0099
55.7371
53.2801
51.032
48.9654
47.0606
45.2978
43.663
42.1414
40.723
39.3962
38.154
36.9867
35.89
34.855
33.8798
32.9555
32.0829
31.2523
30.4673
29.7164
29.0067
28.3243
27.6799
27.0566
26.4694
25.8975
25.3605
24.8335
24.3409
23.8534
23.4003
22.9477
22.5297
22.1083
21.7217
21.3281
20.9697
20.6011
20.2681
19.922
19.6121
19.2863
18.9973
18.6899
18.42
18.1292
17.8769
17.6011
17.3651
17.1028
16.8819
16.6319
16.425
16.1861
15.9923
15.7635
15.582
15.3623
15.1923
14.9811
14.8217
14.6185
14.4691
14.2734
14.1334
13.9446
13.8134
13.6312
13.5084
13.3321
13.2174
13.0464
12.9396
12.7735
12.6739
12.5125
12.4192
12.2653
12.1624
11.9906
55.7383
53.2813
51.0332
48.9665
47.0617
45.2987
43.664
42.1422
40.7239
39.3968
38.1548
36.9873
35.8908
34.8555
33.8805
32.956
32.0836
31.2528
30.4678
29.7169
29.0071
28.3249
27.6802
27.0573
26.4695
25.8982
25.3605
24.8342
24.3409
23.8541
23.4003
22.9483
22.5298
22.1088
21.7218
21.3284
20.9699
20.6013
20.2684
19.9221
19.6124
19.2863
18.9976
18.6898
18.4203
18.1292
17.8771
17.6011
17.3652
17.1029
16.8819
16.6321
16.4249
16.1864
15.9922
15.7638
15.5819
15.3626
15.1922
14.9814
14.8217
14.6186
14.469
14.273
14.1329
13.9435
13.8122
13.6288
13.5059
13.3278
13.2129
13.0395
12.9323
12.7633
12.6632
12.4984
12.4045
12.247
12.1442
11.9712
55.7391
53.2828
51.0339
48.9679
47.0623
45.3
43.6644
42.1434
40.7242
39.398
38.1551
36.9884
35.891
34.8566
33.8806
32.957
32.0836
31.2538
30.4678
29.718
29.007
28.3259
27.6801
27.0582
26.4695
25.899
25.3606
24.8349
24.3411
23.8546
23.4006
22.9487
22.5301
22.1091
21.7222
21.3287
20.9702
20.6016
20.2687
19.9224
19.6125
19.2867
18.9977
18.6902
18.4203
18.1295
17.8772
17.6014
17.3653
17.1031
16.8821
16.6321
16.4253
16.1863
15.9927
15.7637
15.5825
15.3626
15.1931
14.9815
14.823
14.6191
14.4708
14.2741
14.1355
13.9454
13.8158
13.632
13.5106
13.3326
13.2191
13.0463
12.9402
12.7723
12.673
12.5096
12.4163
12.2603
12.1574
11.9846
55.7401
53.284
51.035
48.969
47.0631
45.301
43.6651
42.1443
40.7248
39.3989
38.1556
36.9893
35.8913
34.8574
33.8808
32.9579
32.0838
31.2546
30.4679
29.7187
29.0072
28.3264
27.6804
27.0586
26.4699
25.8993
25.3611
24.835
24.3416
23.8547
23.4011
22.9488
22.5305
22.1093
21.7224
21.329
20.9703
20.602
20.2685
19.923
19.6123
19.2872
18.9974
18.6907
18.4201
18.1299
17.877
17.6017
17.3652
17.1032
16.8821
16.6322
16.4252
16.1864
15.9925
15.7638
15.5821
15.3629
15.1924
14.9819
14.8219
14.6196
14.4692
14.2746
14.1334
13.9457
13.8133
13.6319
13.508
13.3323
13.2165
13.0459
12.938
12.7721
12.6718
12.5104
12.4167
12.2627
12.1597
11.988
55.7414
53.2848
51.0363
48.9696
47.0644
45.3014
43.6664
42.1446
40.7261
39.399
38.1568
36.9893
35.8925
34.8574
33.882
32.9578
32.0849
31.2545
30.4689
29.7186
29.0081
28.3264
27.6811
27.0588
26.4704
25.8996
25.3613
24.8356
24.3415
23.8556
23.4007
22.9499
22.5298
22.1106
21.7215
21.3305
20.9693
20.6035
20.2675
19.9245
19.6113
19.2887
18.9963
18.6922
18.419
18.1313
17.8759
17.6031
17.3641
17.1046
16.8811
16.6334
16.4244
16.1874
15.9919
15.7646
15.5817
15.3632
15.1922
14.9817
14.8217
14.6187
14.4688
14.2728
14.1323
13.9426
13.811
13.6271
13.5037
13.3251
13.2097
13.0359
12.9282
12.7589
12.6584
12.4935
12.3994
12.2419
12.1392
11.9662
55.7424
53.2859
51.0374
48.9706
47.0654
45.3022
43.6673
42.1453
40.7268
39.3997
38.1573
36.99
35.8929
34.8581
33.8823
32.9585
32.0851
31.2552
30.4691
29.7193
29.0082
28.3271
27.6811
27.0596
26.4701
25.9007
25.3607
24.8369
24.3408
23.8569
23.3999
22.951
22.5295
22.1111
21.7218
21.3303
20.9702
20.6027
20.2691
19.9229
19.6134
19.2866
18.9988
18.6898
18.4217
18.1288
17.8787
17.6004
17.3669
17.1019
16.8837
16.6308
16.4268
16.1849
15.9941
15.7622
15.5836
15.3609
15.1936
14.9793
14.8225
14.6159
14.4688
14.2692
14.1311
13.9377
13.8081
13.6202
13.4986
13.3156
13.2014
13.0227
12.9157
12.741
12.6405
12.4697
12.375
12.2113
12.1088
11.9333
55.7438
53.2865
51.0387
48.9712
47.0665
45.303
43.6679
42.1463
40.7269
39.4011
38.1569
36.9919
35.8919
34.8604
33.8808
32.9612
32.0832
31.2582
30.4669
29.7224
29.0059
28.3302
27.6789
27.0623
26.4684
25.9028
25.3596
24.8383
24.3404
23.8575
23.4003
22.951
22.5303
22.1106
21.7229
21.3296
20.9714
20.6019
20.2702
19.9223
19.6144
19.2861
18.9996
18.6894
18.4223
18.1286
17.8791
17.6004
17.367
17.1021
16.8836
16.6312
16.4265
16.1854
15.9935
15.7628
15.5827
15.3613
15.1926
14.9795
14.8213
14.6157
14.4675
14.2687
14.1298
13.937
13.8069
13.6195
13.4976
13.3152
13.2009
13.023
12.9159
12.7422
12.6417
12.4721
12.3776
12.2151
12.1126
11.9376
55.7447
53.2876
51.0396
48.9722
47.0673
45.3038
43.6688
42.1468
40.728
39.4012
38.1582
36.9916
35.8935
34.8597
33.8827
32.9601
32.0853
31.2568
30.4692
29.7207
29.0083
28.3284
27.6813
27.0606
26.4706
25.9012
25.3616
24.8371
24.3418
23.8568
23.401
22.951
22.5303
22.1114
21.7222
21.331
20.9701
20.6038
20.2685
19.9244
19.6124
19.2884
18.9976
18.6916
18.4204
18.1306
17.8773
17.6022
17.3655
17.1037
16.8823
16.6324
16.4255
16.1863
15.9929
15.7633
15.5826
15.3616
15.1928
14.9796
14.8219
14.616
14.4686
14.2695
14.1315
13.9389
13.8095
13.6231
13.5018
13.3212
13.2075
13.0324
12.9259
12.7559
12.6563
12.4912
12.3976
12.2401
12.1374
11.9644
55.7449
53.2894
51.0397
48.974
47.0673
45.3054
43.6688
42.1482
40.7281
39.4023
38.1585
36.9924
35.8938
34.8604
33.8829
32.9608
32.0854
31.2577
30.4689
29.7219
29.0076
28.3299
27.6803
27.0623
26.4695
25.903
25.3604
24.8386
24.341
23.8579
23.4007
22.9515
22.5306
22.1112
21.723
21.3302
20.9715
20.6025
20.2703
19.9228
19.6145
19.2865
18.9999
18.6896
18.4227
18.1285
17.8795
17.6003
17.3675
17.1019
16.8842
16.6311
16.4271
16.1855
15.9943
15.7633
15.5842
15.3628
15.195
14.9823
14.8255
14.6206
14.4742
14.2764
14.14
13.9486
13.8214
13.6359
13.5172
13.337
13.2262
13.0508
12.9468
12.7759
12.6779
12.5112
12.4182
12.2587
12.1556
11.9812
55.7464
53.2897
51.0414
48.9741
47.069
45.3054
43.6703
42.1481
40.7294
39.4022
38.1596
36.9923
35.8949
34.8603
33.884
32.9606
32.0865
31.2573
30.4702
29.7213
29.0091
28.329
27.6819
27.0613
26.471
25.902
25.3619
24.8377
24.3422
23.8574
23.4014
22.9514
22.5308
22.1116
21.7228
21.331
20.9708
20.6036
20.2693
19.9241
19.6134
19.2879
18.9987
18.691
18.4214
18.1299
17.8784
17.6015
17.3664
17.1031
16.8831
16.632
16.4261
16.1862
15.9933
15.7636
15.583
15.3624
15.1933
14.9809
14.8227
14.6177
14.4697
14.2713
14.1328
13.9402
13.8105
13.6231
13.5015
13.3185
13.2045
13.0254
12.9183
12.7427
12.6426
12.4707
12.3776
12.2064
12.1328
11.9016
55.7471
53.2909
51.0419
48.9754
47.0694
45.3066
43.6706
42.1492
40.7296
39.4033
38.1597
36.9934
35.8948
34.8612
33.8838
32.9615
32.0863
31.2581
30.47
29.722
29.009
28.3295
27.682
27.0615
26.4714
25.9019
25.3626
24.8373
24.3432
23.8566
23.4026
22.9505
22.5321
22.1107
21.724
21.3302
20.9718
20.6031
20.27
19.9239
19.6136
19.2881
18.9985
18.6916
18.4209
18.1308
17.8776
17.6026
17.3655
17.1042
16.882
16.6331
16.4248
16.187
15.9917
15.7638
15.5808
15.3616
15.1901
14.9785
14.8179
14.613
14.4624
14.2634
14.1221
13.9283
13.7955
13.6063
13.4815
13.2963
13.1791
12.9976
12.8878
12.7099
12.6071
12.4329
12.3368
12.1695
12.0674
11.8909
55.7459
53.294
51.0406
48.9786
47.0678
45.3098
43.6688
42.1525
40.7276
39.4066
38.1576
36.9967
35.8925
34.8647
33.8812
32.9652
32.0834
31.2621
30.4667
29.7263
29.0052
28.3343
27.6778
27.0666
26.4668
25.9072
25.3577
24.8427
24.3383
23.8619
23.3981
22.9551
22.5283
22.1144
21.7212
21.3327
20.9703
20.6043
20.2697
19.9239
19.6145
19.287
19.0003
18.6897
18.4234
18.1283
17.8805
17.5997
17.3687
17.101
16.8853
16.6296
16.4281
16.1832
15.9948
15.7597
15.5833
15.3571
15.1916
14.9735
14.8178
14.6073
14.4605
14.2568
14.1181
13.9207
13.7894
13.5977
13.4737
13.287
13.1701
12.988
12.8782
12.7004
12.5977
12.4243
12.3282
12.1619
12.0599
11.884
55.7481
53.2933
51.0434
48.9772
47.0711
45.3078
43.6726
42.1497
40.7319
39.4031
38.1624
36.9926
35.8978
34.86
33.887
32.9599
32.0896
31.2563
30.4733
29.7202
29.012
28.3281
27.6844
27.0605
26.4732
25.9015
25.3636
24.8376
24.3435
23.8574
23.4025
22.9514
22.5319
22.1115
21.724
21.3307
20.9722
20.603
20.2709
19.9233
19.615
19.287
19.0002
18.6901
18.4229
18.129
17.8798
17.6006
17.3679
17.1019
16.8847
16.6304
16.4276
16.1838
15.9944
15.7601
15.5831
15.357
15.1916
14.9729
14.818
14.6058
14.4606
14.2542
14.1176
13.9164
13.7877
13.5912
13.4697
13.2774
13.1627
12.9743
12.8661
12.6815
12.5792
12.3987
12.302
12.1282
12.0261
11.8465
55.7496
53.2937
51.0447
48.9777
47.0721
45.3084
43.6733
42.1505
40.7323
39.404
38.1625
36.9935
35.8979
34.8609
33.887
32.9606
32.0897
31.2568
30.4736
29.7204
29.0126
28.3278
27.6854
27.0599
26.4744
25.9005
25.3651
24.8363
24.3451
23.8561
23.4041
22.9502
22.5333
22.1105
21.725
21.3301
20.9728
20.6028
20.2711
19.9235
19.6148
19.2876
18.9996
18.6911
18.4218
18.1306
17.878
17.6028
17.3653
17.105
16.8811
16.6345
16.4231
16.1889
15.9891
15.7659
15.5771
15.3634
15.1852
14.9794
14.8116
14.6119
14.4543
14.2591
14.1114
13.9196
13.7813
13.5918
13.4623
13.2747
13.1535
12.9675
12.8543
12.6702
12.5645
12.3832
12.2846
12.1095
12.0073
11.8275
55.7508
53.2942
51.0459
48.9783
47.0731
45.309
43.6741
42.1511
40.733
39.4046
38.163
36.9941
35.8982
34.8615
33.8872
32.9613
32.0898
31.2575
30.4735
29.7211
29.0124
28.3285
27.6852
27.0605
26.4743
25.9011
25.365
24.8368
24.345
23.8565
23.404
22.9506
22.5332
22.111
21.7248
21.3306
20.9725
20.6034
20.2706
19.9242
19.6142
19.2884
18.999
18.692
18.4212
18.1313
17.8776
17.6033
17.3651
17.1052
16.8812
16.6343
16.4235
16.1884
15.9897
15.7651
15.578
15.3624
15.1862
14.9783
14.8125
14.6109
14.4552
14.2584
14.1123
13.9192
13.7823
13.5921
13.4638
13.2758
13.1557
12.9698
12.8574
12.6739
12.5688
12.3883
12.2902
12.116
12.0139
11.8344
55.7514
53.2953
51.0465
48.9794
47.0736
45.31
43.6745
42.152
40.7332
39.4055
38.1632
36.9949
35.8983
34.8623
33.8873
32.962
32.0898
31.2582
30.4735
29.7217
29.0123
28.3292
27.685
27.0613
26.4739
25.9019
25.3644
24.8378
24.3443
23.8576
23.4032
22.9518
22.5322
22.1122
21.7238
21.3318
20.9716
20.6045
20.2699
19.925
19.6137
19.2889
18.9988
18.6921
18.4213
18.1311
17.878
17.6028
17.3658
17.1044
16.8821
16.6334
16.4245
16.1874
15.9909
15.7641
15.5792
15.3617
15.1876
14.9782
14.8144
14.6117
14.4578
14.2607
14.1162
13.9236
13.7881
13.5993
13.4722
13.2867
13.1677
12.9851
12.8739
12.6943
12.5905
12.4143
12.3173
12.1478
12.0456
11.8682
55.7521
53.2964
51.047
48.9806
47.074
45.3112
43.6747
42.1532
40.7332
39.4068
38.1629
36.9963
35.8978
34.8637
33.8866
32.9635
32.0889
31.2598
30.4725
29.7234
29.0112
28.3309
27.6839
27.0628
26.4729
25.9033
25.3637
24.8388
24.3439
23.8582
23.4032
22.9518
22.5327
22.1118
21.7247
21.331
20.9727
20.6035
20.2711
19.9239
19.6149
19.2878
19
18.6911
18.4225
18.1301
17.8792
17.6017
17.3671
17.1032
16.8835
16.6319
16.4261
16.1856
15.9927
15.7621
15.5811
15.3592
15.1895
14.9752
14.8158
14.608
14.4583
14.256
14.1153
13.9175
13.7851
13.5911
13.4664
13.2757
13.1583
12.9706
12.8601
12.6753
12.5718
12.3905
12.2943
12.1145
12.0363
11.8077
55.7538
53.2961
51.0492
48.9799
47.0764
45.3101
43.6774
42.1517
40.7361
39.4049
38.1661
36.9941
35.9011
34.8612
33.8899
32.961
32.0922
31.2572
30.4756
29.7209
29.0141
28.3286
27.6864
27.0608
26.4751
25.9016
25.3655
24.8374
24.3454
23.8571
23.4044
22.951
22.5337
22.111
21.7256
21.3303
20.9736
20.6028
20.272
19.9232
19.6159
19.287
19.001
18.6901
18.4236
18.129
17.8804
17.6005
17.3683
17.1019
16.8849
16.6305
16.4275
16.1842
15.9939
15.7608
15.5821
15.3582
15.1902
14.9744
14.8161
14.6076
14.4583
14.2558
14.1149
13.9176
13.7845
13.5915
13.466
13.2765
13.1582
12.9719
12.8608
12.6775
12.5733
12.3936
12.296
12.1229
12.0208
11.8418
55.7542
53.2975
51.0493
48.9814
47.0764
45.3116
43.6771
42.1533
40.7356
39.4066
38.1653
36.9959
35.9001
34.8631
33.8887
32.9629
32.0909
31.2591
30.4743
29.7227
29.0129
28.3301
27.6854
27.0621
26.4743
25.9026
25.3649
24.8383
24.3449
23.8579
23.4038
22.9519
22.5328
22.1123
21.7243
21.332
20.9719
20.6048
20.2698
19.9256
19.6134
19.2897
18.9983
18.6929
18.4208
18.1319
17.8775
17.6033
17.3656
17.1046
16.8823
16.633
16.4251
16.1865
15.9919
15.7628
15.5805
15.36
15.189
14.9762
14.8157
14.6097
14.4588
14.2586
14.1168
13.9216
13.7883
13.5973
13.472
13.2847
13.167
12.9829
12.8726
12.6917
12.5883
12.4109
12.3141
12.1433
12.0411
11.8631
55.7547
53.2987
51.0495
48.983
47.0761
45.3137
43.6761
42.1559
40.7339
39.4098
38.1628
36.9997
35.8968
34.8676
33.8848
32.9679
32.0863
31.2645
30.4693
29.7283
29.0078
28.3357
27.6804
27.0675
26.4696
25.9074
25.3608
24.8422
24.3417
23.8608
23.4018
22.9535
22.5321
22.1125
21.7249
21.3309
20.9737
20.6027
20.2725
19.9228
19.6165
19.2865
19.0016
18.6898
18.4239
18.1289
17.8803
17.6008
17.3679
17.1025
16.8841
16.6314
16.4264
16.1853
15.9928
15.7621
15.5811
15.3597
15.1895
14.9763
14.8162
14.6103
14.4596
14.2601
14.1182
13.9243
13.7908
13.6018
13.4763
13.2917
13.1739
12.9934
12.8832
12.7065
12.6036
12.4309
12.3349
12.1693
12.0671
11.8914
55.756
53.2991
51.0507
48.9835
47.077
45.3142
43.6769
42.1563
40.7347
39.4099
38.1638
36.9995
35.8982
34.8668
33.8866
32.9665
32.0887
31.2625
30.4721
29.7259
29.0107
28.3332
27.6832
27.0651
26.4721
25.9055
25.3626
24.8411
24.3427
23.8604
23.4019
22.9541
22.5314
22.1137
21.7237
21.3324
20.9722
20.6041
20.2714
19.9237
19.616
19.2868
19.0017
18.6894
18.4246
18.128
17.8815
17.5993
17.3695
17.1006
16.886
16.6292
16.4288
16.1828
15.9955
15.7595
15.5844
15.3574
15.1935
14.9751
14.8215
14.611
14.4669
14.264
14.1286
13.933
13.8057
13.6167
13.4972
13.3142
13.202
13.0244
12.919
12.7464
12.6473
12.4793
12.3856
12.225
12.1223
11.948
55.7566
53.2999
51.0516
48.9839
47.0783
45.3141
43.6785
42.1558
40.7366
39.4089
38.166
36.998
35.9006
34.865
33.8892
32.9645
32.0914
31.2603
30.4749
29.7235
29.0137
28.3305
27.6864
27.0622
26.4754
25.9024
25.3661
24.8379
24.346
23.8574
23.405
22.9513
22.534
22.1115
21.7257
21.3308
20.9735
20.6034
20.2717
19.9239
19.6155
19.2877
19.0004
18.6909
18.4228
18.13
17.8793
17.6017
17.3669
17.1032
16.8832
16.6321
16.4257
16.1859
15.9923
15.7626
15.5812
15.3605
15.1907
14.9779
14.8192
14.6135
14.4654
14.2662
14.128
13.9348
13.8059
13.6182
13.4979
13.3153
13.2028
13.0249
12.9194
12.7458
12.647
12.4777
12.3857
12.2171
12.1448
11.9129
55.7569
53.3011
51.0518
48.9851
47.0784
45.3153
43.6786
42.1568
40.7367
39.4098
38.1661
36.9988
35.9007
34.8657
33.8892
32.9651
32.0914
31.2608
30.4749
29.724
29.0136
28.331
27.6863
27.0626
26.4754
25.9027
25.3661
24.8381
24.3461
23.8575
23.405
22.9514
22.534
22.1117
21.7255
21.3312
20.9731
20.604
20.271
19.9247
19.6145
19.2887
18.9994
18.692
18.4217
18.1309
17.8783
17.6025
17.3662
17.1037
16.8828
16.6322
16.4255
16.1858
15.9923
15.7624
15.5813
15.3602
15.1907
14.9777
14.8191
14.6135
14.465
14.2663
14.1274
13.935
13.8052
13.6185
13.4971
13.3155
13.202
13.025
12.9187
12.7458
12.6465
12.4778
12.3856
12.2174
12.1453
11.9134
55.7577
53.3017
51.0527
48.9855
47.0795
45.3155
43.6798
42.1567
40.7381
39.4093
38.1677
36.9978
35.9026
34.8643
33.8914
32.9633
32.0938
31.2589
30.4773
29.722
29.0159
28.3292
27.6882
27.0612
26.4768
25.9017
25.367
24.8374
24.3468
23.857
23.4057
22.9508
22.5348
22.1108
21.7266
21.3301
20.9744
20.6026
20.2725
19.9231
19.6161
19.2871
19.0009
18.6905
18.4231
18.1296
17.8794
17.6014
17.367
17.103
16.8831
16.632
16.4253
16.1859
15.9917
15.7629
15.5803
15.3609
15.1895
14.9785
14.8179
14.6142
14.464
14.2669
14.1266
13.9354
13.8046
13.6187
13.4968
13.3157
13.202
13.0254
12.919
12.7464
12.6471
12.4788
12.3866
12.2188
12.1469
11.9149
55.7585
53.3022
51.0536
48.986
47.0803
45.3159
43.6805
42.1572
40.7385
39.41
38.1678
36.9988
35.9022
34.8657
33.8905
32.9651
32.0924
31.261
30.4755
29.7243
29.0139
28.3316
27.6862
27.0633
26.475
25.9036
25.3656
24.8389
24.3456
23.8582
23.4046
22.9519
22.5339
22.1118
21.7256
21.3311
20.9733
20.6037
20.2714
19.9242
19.615
19.2882
18.9998
18.6915
18.4221
18.1305
17.8785
17.6022
17.3661
17.1036
16.8823
16.6324
16.4248
16.1862
15.9914
15.7629
15.5803
15.3609
15.1899
14.9786
14.8188
14.6149
14.4658
14.2688
14.1299
13.9393
13.8102
13.6258
13.5055
13.327
13.215
13.042
12.9372
12.7692
12.6715
12.5083
12.4176
12.2549
12.1854
11.9522
55.759
53.3031
51.054
48.987
47.0806
45.3169
43.6807
42.1581
40.7386
39.4108
38.1678
36.9996
35.9022
34.8663
33.8906
32.9655
32.0926
31.2611
30.476
29.724
29.0146
28.331
27.6871
27.0627
26.4758
25.9031
25.3659
24.8389
24.3454
23.8587
23.404
22.9527
22.5329
22.1127
21.7248
21.3317
20.9729
20.6037
20.2717
19.9235
19.616
19.2868
19.0014
18.6894
18.4242
18.128
17.8811
17.5993
17.369
17.1006
16.8854
16.6292
16.4279
16.1829
15.9945
15.7598
15.5831
15.3579
15.1921
14.9758
14.8201
14.6119
14.4658
14.2652
14.128
13.9346
13.806
13.6189
13.4985
13.3174
13.2047
13.0289
12.9233
12.7524
12.6538
12.4876
12.3961
12.2307
12.1598
11.9276
55.7599
53.3035
51.0549
48.9873
47.0814
45.3172
43.6814
42.1584
40.7393
39.411
38.1684
36.9997
35.9028
34.8663
33.8912
32.9653
32.0933
31.2608
30.4766
29.7238
29.0152
28.3307
27.6877
27.0623
26.4764
25.9025
25.3668
24.838
24.3466
23.8574
23.4054
22.9514
22.5342
22.1116
21.7257
21.3311
20.9731
20.6039
20.2709
19.9247
19.6142
19.2889
18.9987
18.6925
18.4206
18.1318
17.8768
17.6036
17.3643
17.1052
16.8805
16.634
16.4232
16.1878
15.9904
15.7648
15.5802
15.3633
15.1911
14.9821
14.8218
14.6201
14.471
14.2764
14.1378
13.95
13.8212
13.6401
13.5202
13.3455
13.2337
13.065
12.9606
12.797
12.6999
12.5412
12.4512
12.2928
12.2251
11.9906
55.7605
53.3041
51.0555
48.9879
47.082
45.3178
43.682
42.1588
40.7398
39.4114
38.1689
36.9999
35.9032
34.8665
33.8915
32.9656
32.0934
31.2612
30.4766
29.7242
29.0149
28.3313
27.6872
27.0629
26.4759
25.9032
25.3662
24.8387
24.3459
23.8582
23.4046
22.9521
22.5335
22.1123
21.7249
21.3317
20.9725
20.6043
20.2705
19.9249
19.614
19.2888
18.9988
18.6921
18.421
18.1312
17.8773
17.6028
17.3649
17.1043
16.8812
16.6329
16.4238
16.1866
15.9905
15.7632
15.5795
15.3612
15.189
14.9788
14.8174
14.6147
14.4635
14.2677
14.126
13.9365
13.8039
13.62
13.4961
13.3171
13.2013
13.0266
12.9186
12.7477
12.6474
12.4805
12.388
12.2215
12.1501
11.9183
55.7608
53.3048
51.0561
48.9883
47.0828
45.3178
43.6831
42.1584
40.7412
39.4106
38.1704
36.9991
35.9047
34.8656
33.8928
32.965
32.0942
31.261
30.4768
29.7246
29.0145
28.3322
27.6862
27.0643
26.4744
25.9048
25.3646
24.8403
24.3444
23.8594
23.4036
22.9527
22.5332
22.1121
21.7254
21.3307
20.9737
20.6027
20.2723
19.9227
19.6162
19.2863
19.0012
18.6893
18.4237
18.1281
17.8802
17.5996
17.368
17.1008
16.8844
16.6294
16.4269
16.183
15.9935
15.7598
15.5824
15.358
15.1918
14.9762
14.8204
14.6133
14.4672
14.2681
14.1314
13.9399
13.812
13.6278
13.5083
13.3308
13.2192
13.0478
12.9434
12.7774
12.6801
12.5191
12.4288
12.2683
12.1997
11.9661
55.7617
53.3051
51.0567
48.9889
47.0831
45.3187
43.6829
42.1597
40.7405
39.4122
38.1695
37.0007
35.9036
34.8671
33.8918
32.9662
32.0935
31.2618
30.4764
29.7251
29.0144
28.3324
27.6862
27.0643
26.4745
25.9048
25.3646
24.8403
24.3444
23.8594
23.4035
22.9527
22.533
22.1121
21.7253
21.3306
20.9736
20.6025
20.2722
19.9226
19.616
19.2863
19.0009
18.6894
18.4232
18.1284
17.8796
17.6
17.3672
17.1014
16.8834
16.6301
16.4259
16.1837
15.9925
15.7604
15.5814
15.3584
15.191
14.9762
14.82
14.6128
14.4671
14.267
14.1313
13.938
13.8117
13.6248
13.5071
13.3262
13.2163
13.0408
12.9379
12.7673
12.6703
12.5042
12.4118
12.253
12.1502
11.9761
55.7614
53.3066
51.0561
48.9905
47.0824
45.3203
43.6821
42.1613
40.7397
39.4137
38.1686
37.0021
35.9028
34.8684
33.891
32.9672
32.0929
31.2625
30.476
29.7253
29.0144
28.3322
27.6868
27.0636
26.4754
25.9037
25.3658
24.839
24.3456
23.8582
23.4044
22.9519
22.5335
22.1117
21.7252
21.3308
20.973
20.603
20.2714
19.9232
19.6152
19.2868
19.0003
18.6898
18.4226
18.1287
17.8791
17.6003
17.3666
17.1019
16.8825
16.6307
16.4246
16.1844
15.9906
15.7608
15.5785
15.358
15.1864
14.9742
14.8125
14.608
14.4556
14.2582
14.1147
13.924
13.789
13.6051
13.4785
13.3012
13.183
13.012
12.9022
12.7371
12.6362
12.4766
12.3849
12.2264
12.1585
11.9267
55.7634
53.3053
51.0586
48.9886
47.0853
45.318
43.6853
42.1587
40.743
39.4109
38.1718
36.9994
35.9058
34.866
33.8935
32.9653
32.0948
31.2611
30.4773
29.7245
29.015
28.3319
27.6867
27.0639
26.4748
25.9045
25.3647
24.8401
24.3442
23.8595
23.403
22.9531
22.5322
22.1126
21.7243
21.3312
20.9726
20.603
20.2714
19.9227
19.6156
19.2859
19.0009
18.6886
18.4235
18.1273
17.8801
17.5987
17.3678
17.1001
16.8839
16.629
16.4261
16.183
15.9923
15.7601
15.5809
15.3586
15.1902
14.9769
14.819
14.6139
14.4661
14.2686
14.1307
13.9402
13.8118
13.6278
13.5083
13.3302
13.219
13.0464
12.9425
12.7748
12.6777
12.5147
12.4244
12.2618
12.1923
11.9589
55.7625
53.3068
51.0581
48.9898
47.0851
45.3187
43.6855
42.1589
40.7436
39.4106
38.1729
36.9986
35.9072
34.8647
33.8952
32.9637
32.0965
31.2596
30.4788
29.7233
29.0161
28.3313
27.6869
27.0642
26.4739
25.9058
25.3626
24.8427
24.3409
23.8632
23.3986
22.9576
22.5271
22.1177
21.7188
21.3365
20.9671
20.6079
20.2663
19.9271
19.6113
19.2895
18.9974
18.6913
18.4209
18.1293
17.8782
17.6001
17.3665
17.1009
16.8831
16.6291
16.4257
16.1821
15.992
15.7576
15.5797
15.3533
15.1865
14.9669
14.8102
14.5962
14.4486
14.2391
14.0996
13.8939
13.7617
13.559
13.4335
13.2335
13.1144
12.917
12.8041
12.6094
12.5031
12.3119
12.2126
12.0236
11.9401
11.7145
55.7661
53.3041
51.0614
48.9874
47.088
45.3167
43.6879
42.1573
40.7455
39.4094
38.1743
36.9976
35.9083
34.8639
33.8963
32.9628
32.0977
31.2584
30.4803
29.7216
29.0181
28.3288
27.6897
27.0609
26.4775
25.9016
25.3671
24.8376
24.3461
23.8574
23.4043
22.9515
22.5329
22.1116
21.7244
21.3307
20.9723
20.6027
20.2709
19.9224
19.6152
19.2855
19.0006
18.688
18.4234
18.1265
17.8802
17.5978
17.3679
17.0991
16.884
16.6279
16.426
16.1817
15.9918
15.7584
15.5793
15.3561
15.1867
14.9728
14.8126
14.607
14.4555
14.2572
14.1144
13.9226
13.7882
13.6021
13.4763
13.2951
13.1777
13.0011
12.8918
12.7197
12.6181
12.4502
12.3555
12.1949
12.0926
11.9188
55.7642
53.3067
51.0593
48.9901
47.0859
45.3194
43.6858
42.1598
40.7435
39.4118
38.1723
36.9999
35.9062
34.8663
33.8939
32.9654
32.095
31.2613
30.4772
29.7247
29.0147
28.3321
27.6863
27.064
26.4744
25.9043
25.3645
24.8395
24.3444
23.8584
23.4034
22.9516
22.5329
22.111
21.7249
21.3296
20.9731
20.6016
20.2715
19.9216
19.6154
19.285
19.0004
18.688
18.4228
18.1268
17.8793
17.5983
17.3669
17.0997
16.8829
16.6284
16.425
16.1821
15.9909
15.7587
15.5787
15.3562
15.1865
14.9729
14.8128
14.6072
14.4563
14.2579
14.1158
13.924
13.7905
13.6046
13.4795
13.2992
13.1823
13.007
12.898
12.7273
12.6265
12.4605
12.3679
12.2027
12.1319
11.9006
55.7638
53.3078
51.0587
48.9914
47.0848
45.321
43.6843
42.1618
40.7416
39.4141
38.1701
37.0024
35.904
34.8686
33.8919
32.9673
32.0935
31.2624
30.4765
29.725
29.0147
28.3316
27.6869
27.0629
26.4755
25.9029
25.3656
24.8382
24.3451
23.8576
23.4036
22.9515
22.5322
22.1117
21.7234
21.3311
20.9708
20.6037
20.2687
19.924
19.6124
19.2876
18.9974
18.6904
18.42
18.1289
17.8769
17.6
17.3649
17.1009
16.8813
16.6292
16.4238
16.1826
15.99
15.7589
15.5781
15.3561
15.1862
14.9726
14.8128
14.6067
14.4566
14.2574
14.1164
13.9235
13.7914
13.6044
13.4808
13.2992
13.1837
13.0073
12.8994
12.7277
12.6276
12.4606
12.3682
12.2021
12.1309
11.8995
55.7648
53.3073
51.0597
48.9908
47.086
45.3203
43.6855
42.161
40.7427
39.4132
38.1712
37.0015
35.9049
34.8678
33.8926
32.9667
32.094
31.2619
30.4767
29.7247
29.0148
28.3314
27.6868
27.0629
26.4751
25.903
25.3652
24.8384
24.3445
23.8579
23.4029
22.9518
22.5314
22.1121
21.7226
21.3315
20.97
20.604
20.268
19.9243
19.6117
19.2877
18.9969
18.6903
18.4197
18.1285
17.8768
17.5994
17.365
17.1002
16.8816
16.6283
16.4242
16.1816
15.9905
15.7577
15.5786
15.3546
15.1865
14.9704
14.8125
14.6033
14.455
14.2519
14.1124
13.9147
13.7835
13.5903
13.467
13.2778
13.1619
12.9762
12.8672
12.6848
12.5827
12.4041
12.3091
12.1316
12.0547
11.8256
55.7645
53.3081
51.0593
48.9917
47.0854
45.3212
43.6848
42.162
40.7419
39.4143
38.1703
37.0025
35.904
34.8686
33.8919
32.9672
32.0935
31.2621
30.4766
29.7245
29.015
28.3308
27.6874
27.0617
26.4762
25.9014
25.3666
24.8364
24.3463
23.8555
23.405
22.9492
22.5336
22.1093
21.7248
21.3288
20.9721
20.6015
20.2697
19.9223
19.6128
19.2864
18.9972
18.6899
18.419
18.1291
17.875
17.601
17.3622
17.1027
16.8781
16.6315
16.4201
16.1851
15.9863
15.7613
15.5745
15.3581
15.1831
14.9736
14.8102
14.6066
14.4542
14.2557
14.1138
13.9199
13.7878
13.5983
13.4751
13.2901
13.1751
12.9944
12.8868
12.7104
12.61
12.438
12.345
12.1741
12.1006
11.8699
55.765
53.3079
51.0598
48.9915
47.0857
45.3212
43.685
42.162
40.742
39.4142
38.1704
37.0025
35.904
34.8686
33.8917
32.9673
32.0931
31.2625
30.4757
29.7254
29.0136
28.3322
27.6854
27.0636
26.4737
25.9036
25.3639
24.8387
24.3436
23.8576
23.4027
22.9507
22.532
22.1101
21.724
21.3287
20.972
20.6006
20.2704
19.9205
19.6143
19.2839
18.9994
18.6867
18.4219
18.1253
17.8785
17.5966
17.3662
17.0979
16.8823
16.6266
16.4244
16.1803
15.9903
15.7571
15.5779
15.355
15.1856
14.9722
14.8118
14.6073
14.4555
14.259
14.1156
13.9266
13.7916
13.6094
13.4829
13.3069
13.189
13.0187
12.9093
12.7442
12.6436
12.4834
12.3917
12.2321
12.1639
11.9317
55.7647
53.3084
51.0595
48.992
47.0855
45.3215
43.6849
42.1621
40.742
39.4142
38.1704
37.0023
35.9041
34.8684
33.8918
32.9671
32.0931
31.2622
30.4758
29.7249
29.0138
28.3315
27.6858
27.0629
26.4741
25.9029
25.3641
24.8382
24.3435
23.8575
23.4018
22.9514
22.5303
22.1117
21.7213
21.3313
20.9684
20.604
20.2661
19.9245
19.6095
19.2882
18.9944
18.691
18.417
18.1294
17.874
17.6002
17.3623
17.1008
16.8791
16.6286
16.4221
16.1814
15.989
15.7572
15.5776
15.3541
15.1863
14.9705
14.8133
14.6049
14.4575
14.2563
14.118
13.9238
13.7941
13.6068
13.4853
13.3047
13.1911
13.0169
12.9108
12.7425
12.6438
12.4811
12.3901
12.2283
12.1591
11.9269
55.7642
53.3091
51.0589
48.9927
47.0849
45.3221
43.6842
42.1627
40.7414
39.4148
38.1698
37.0028
35.9035
34.8689
33.8912
32.9675
32.0925
31.2626
30.4751
29.7253
29.0131
28.3319
27.6851
27.0631
26.4735
25.9029
25.3637
24.8379
24.3434
23.8569
23.4021
22.9504
22.5309
22.1104
21.7222
21.3297
20.9695
20.6023
20.2672
19.9228
19.6106
19.2866
18.9953
18.6896
18.4177
18.1282
17.8743
17.5995
17.3621
17.1005
16.8785
16.6288
16.4209
16.1822
15.9872
15.7585
15.5754
15.3558
15.1837
14.9723
14.8106
14.6068
14.4549
14.258
14.1156
13.9252
13.7921
13.6081
13.4838
13.306
13.1903
13.0186
12.9111
12.7452
12.6455
12.485
12.392
12.2395
12.1369
11.9661
55.7662
53.307
51.0612
48.9904
47.0873
45.3197
43.6867
42.1604
40.7436
39.4126
38.1716
37.0011
35.9048
34.8676
33.892
32.9666
32.0929
31.2621
30.4752
29.7249
29.013
28.3316
27.6849
27.0627
26.4735
25.9023
25.364
24.8369
24.344
23.8555
23.4032
22.9485
22.5325
22.1078
21.7244
21.3266
20.9721
20.5987
20.2702
19.919
19.6137
19.2828
18.9983
18.686
18.4203
18.1251
17.8765
17.5968
17.3638
17.0984
16.8796
16.6273
16.4215
16.1811
15.9874
15.7578
15.5753
15.3553
15.1834
14.972
14.8103
14.6066
14.4545
14.2581
14.1153
13.9256
13.792
13.6089
13.484
13.3074
13.191
13.0206
12.9126
12.7479
12.6482
12.489
12.398
12.2395
12.1717
11.9393
55.7627
53.311
51.057
48.9948
47.0826
45.3246
43.6815
42.1656
40.7381
39.418
38.166
37.0065
35.8992
34.8729
33.8864
32.9718
32.0873
31.2672
30.4697
29.7301
29.0074
28.3368
27.6793
27.0679
26.4677
25.9075
25.3582
24.8421
24.3384
23.8603
23.398
22.9527
22.528
22.1113
21.7207
21.3291
20.9695
20.6002
20.2685
19.9196
19.6128
19.2827
18.998
18.6853
18.4206
18.1239
17.8771
17.5952
17.3649
17.0963
16.8812
16.6247
16.4237
16.178
15.99
15.7541
15.5781
15.3509
15.1859
14.9668
14.8118
14.5999
14.4541
14.249
14.1115
13.9127
13.7831
13.5902
13.4682
13.2807
13.166
12.9837
12.8761
12.6987
12.5977
12.4251
12.3301
12.165
12.0629
11.8874
55.7646
53.3087
51.0594
48.9921
47.0855
45.3213
43.685
42.1617
40.7421
39.4136
38.1705
37.0015
35.9041
34.8675
33.8917
32.9661
32.0929
31.2611
30.4755
29.7238
29.0133
28.3303
27.6852
27.0615
26.4736
25.9012
25.3637
24.8363
24.3433
23.8553
23.4019
22.9488
22.5306
22.1088
21.7218
21.3281
20.969
20.6007
20.2667
19.9212
19.61
19.285
18.9947
18.688
18.4171
18.1266
17.8737
17.5977
17.3617
17.0986
16.8782
16.6269
16.4208
16.1803
15.9872
15.7568
15.5755
15.3545
15.1839
14.9718
14.811
14.6073
14.4557
14.2599
14.1172
13.9289
13.795
13.6141
13.4889
13.3152
13.1986
13.0318
12.9236
12.7632
12.6638
12.5092
12.4187
12.2648
12.199
11.9656
55.7659
53.3074
51.0605
48.991
47.0862
45.3207
43.685
42.1618
40.7413
39.4146
38.1688
37.0035
35.9014
34.8704
33.8881
32.9697
32.0885
31.2654
30.4705
29.7284
29.0082
28.335
27.6801
27.0659
26.4688
25.9052
25.3595
24.8395
24.34
23.8575
23.3996
22.9499
22.5295
22.1086
21.7219
21.3267
20.9703
20.5982
20.2689
19.9179
19.6129
19.2812
18.998
18.6839
18.4204
18.1225
17.877
17.5939
17.3647
17.0951
16.8808
16.6238
16.4231
16.1776
15.9892
15.7545
15.5772
15.3526
15.1854
14.9701
14.8122
14.6057
14.4564
14.2581
14.1171
13.9266
13.7936
13.6106
13.4857
13.3098
13.193
13.0239
12.9153
12.7523
12.6523
12.495
12.4039
12.2474
12.1805
11.9478
55.7645
53.3088
51.0591
48.9922
47.085
45.3215
43.6843
42.162
40.7413
39.4138
38.1697
37.0016
35.9034
34.8675
33.8911
32.9658
32.0924
31.2607
30.475
29.7232
29.0129
28.3298
27.6847
27.0611
26.4728
25.901
25.3626
24.8363
24.3419
23.8556
23.4002
22.9493
22.5287
22.1093
21.7199
21.3286
20.9673
20.601
20.2652
19.9212
19.6087
19.2847
18.9937
18.6874
18.4163
18.1258
17.8731
17.5968
17.3611
17.0976
16.8777
16.6259
16.4203
16.1794
15.9867
15.756
15.5749
15.354
15.1833
14.9716
14.8105
14.6074
14.4553
14.2604
14.1169
13.9299
13.7949
13.6153
13.489
13.3166
13.1989
13.0333
12.9242
12.7647
12.6647
12.5109
12.4202
12.2669
12.2014
11.9681
55.7648
53.3082
51.0595
48.9916
47.0854
45.3209
43.6846
42.1614
40.7415
39.4134
38.1697
37.0014
35.9031
34.8674
33.8906
32.966
32.0917
31.261
30.4743
29.7234
29.0122
28.3298
27.6842
27.0608
26.4727
25.9004
25.3628
24.8353
24.3424
23.8543
23.401
22.9478
22.5296
22.1077
21.7208
21.3269
20.9681
20.5995
20.2658
19.92
19.609
19.2839
18.9935
18.6871
18.4155
18.1261
17.8717
17.5977
17.3593
17.099
16.8754
16.6275
16.4178
16.181
15.9842
15.7575
15.5727
15.355
15.1815
14.9721
14.809
14.6074
14.4541
14.26
14.1159
13.9293
13.7941
13.6149
13.4883
13.3164
13.1986
13.0338
12.9245
12.7661
12.666
12.5135
12.4229
12.2708
12.2058
11.9724
55.762
53.3111
51.0563
48.9947
47.0819
45.3243
43.6808
42.165
40.7376
39.4171
38.1656
37.0053
35.8988
34.8714
33.8861
32.9701
32.0871
31.2652
30.4696
29.7277
29.0074
28.334
27.6795
27.0649
26.4681
25.9041
25.3588
24.8384
24.3391
23.8565
23.3986
22.9489
22.5284
22.1077
21.7207
21.3258
20.969
20.5974
20.2675
19.9172
19.6113
19.2806
18.9963
18.6834
18.4187
18.1221
17.8751
17.5934
17.3628
17.0947
16.879
16.6233
16.4212
16.1771
15.9874
15.7538
15.5754
15.3515
15.1835
14.9684
14.81
14.6028
14.4535
14.2532
14.1126
13.9185
13.7864
13.5976
13.4738
13.2897
13.1739
12.9943
12.8861
12.7105
12.6098
12.4386
12.3454
12.1752
12.102
11.8715
55.7647
53.3079
51.0594
48.9912
47.0854
45.3204
43.6846
42.1608
40.7416
39.4126
38.1698
37.0006
35.9032
34.8665
33.8907
32.965
32.0918
31.26
30.4742
29.7225
29.012
28.329
27.6839
27.06
26.4722
25.8997
25.3622
24.8347
24.3418
23.8536
23.4004
22.947
22.5291
22.1068
21.7204
21.326
20.9677
20.5985
20.2653
19.919
19.6085
19.2829
18.9929
18.6862
18.4149
18.1252
17.8711
17.5968
17.3586
17.0981
16.8748
16.6266
16.4173
16.1801
15.9837
15.7563
15.5722
15.3535
15.1807
14.9696
14.8076
14.6032
14.4512
14.2528
14.1104
13.9171
13.7837
13.5951
13.4704
13.2861
13.1696
12.9893
12.8804
12.7039
12.6027
12.4304
12.3368
12.1655
12.0918
11.8615
55.7642
53.3083
51.0588
48.9916
47.0846
45.3209
43.6838
42.1613
40.7407
39.4132
38.1689
37.0011
35.9023
34.8669
33.8898
32.9653
32.091
31.2602
30.4736
29.7225
29.0115
28.3289
27.6834
27.0599
26.4717
25.8996
25.3618
24.8346
24.3412
23.8536
23.3996
22.9472
22.5282
22.107
21.7194
21.3262
20.9668
20.5986
20.2646
19.9188
19.6081
19.2825
18.9929
18.6854
18.4151
18.1241
17.8716
17.5954
17.3594
17.0965
16.8758
16.625
16.4184
16.1785
15.985
15.7552
15.5738
15.3531
15.1831
14.9708
14.8112
14.6068
14.4572
14.2604
14.12
13.9307
13.7993
13.6173
13.4946
13.3197
13.2055
13.0375
12.9313
12.7696
12.6714
12.5155
12.4255
12.2703
12.2039
11.9703
55.7647
53.3075
51.0593
48.9909
47.0851
45.3201
43.6843
42.1605
40.7412
39.4124
38.1693
37.0002
35.9028
34.866
33.8903
32.9644
32.0915
31.2592
30.474
29.7217
29.0118
28.3281
27.6836
27.0593
26.4717
25.8991
25.3615
24.8343
24.3407
23.8535
23.399
22.9472
22.5275
22.1072
21.7186
21.3264
20.9659
20.5988
20.2638
19.919
19.6072
19.2826
18.992
18.6855
18.4143
18.1242
17.8708
17.5954
17.3587
17.0965
16.8751
16.6248
16.4179
16.1782
15.9847
15.7548
15.5736
15.3526
15.183
14.9702
14.8113
14.6062
14.4574
14.2598
14.1205
13.9303
13.7999
13.6171
13.4954
13.32
13.2065
13.0384
12.9327
12.7711
12.6734
12.5178
12.4281
12.2732
12.2071
11.9734
55.7619
53.3102
51.0562
48.9937
47.0818
45.3232
43.6807
42.1638
40.7374
39.416
38.1652
37.0042
35.8982
34.8704
33.8852
32.9692
32.086
31.2644
30.4683
29.727
29.006
28.3333
27.678
27.0641
26.4666
25.9032
25.3573
24.8374
24.3376
23.8554
23.3971
22.9478
22.5269
22.1064
21.7193
21.3245
20.9676
20.596
20.2662
19.9157
19.6101
19.2789
18.9952
18.6816
18.4176
18.1202
17.8741
17.5916
17.3617
17.0929
16.8778
16.6217
16.4199
16.1758
15.9861
15.753
15.5743
15.3515
15.183
14.9698
14.8107
14.6063
14.4564
14.2602
14.1193
13.9307
13.7987
13.6176
13.4944
13.3204
13.2058
13.0387
12.9323
12.7715
12.6734
12.5185
12.4286
12.2744
12.2084
11.9747
55.764
53.3077
51.0586
48.991
47.0844
45.3201
43.6836
42.1605
40.7405
39.4122
38.1687
37
35.9022
34.8658
33.8897
32.9641
32.0909
31.2589
30.4734
29.7212
29.0113
28.3275
27.6832
27.0584
26.4715
25.8981
25.3615
24.833
24.3409
23.852
23.3993
22.9456
22.5279
22.1054
21.7191
21.3246
20.9664
20.597
20.2642
19.9173
19.6075
19.281
18.9922
18.684
18.4144
18.1228
17.8707
17.5943
17.3583
17.0956
16.8745
16.6243
16.4169
16.178
15.9834
15.7547
15.5722
15.3524
15.1813
14.9695
14.8091
14.6044
14.4542
14.256
14.1153
13.9233
13.7914
13.6056
13.4821
13.3022
13.1867
13.0127
12.9049
12.7363
12.6365
12.4732
12.3815
12.2192
12.1498
11.9179
55.7629
53.3086
51.0573
48.992
47.0831
45.3211
43.6824
42.1613
40.7395
39.4127
38.168
37.0002
35.9018
34.8656
33.8897
32.9635
32.0911
31.2581
30.4739
29.7202
29.0119
28.3264
27.6838
27.0573
26.4721
25.8969
25.3622
24.8318
24.3417
23.8507
23.4002
22.944
22.5289
22.1037
21.7203
21.3227
20.9677
20.595
20.2656
19.9152
19.609
19.2788
18.9938
18.6817
18.416
18.1205
17.8723
17.592
17.3598
17.0934
16.8759
16.6222
16.4181
16.1762
15.9845
15.7532
15.5729
15.3513
15.1816
14.969
14.8092
14.6045
14.4542
14.2568
14.1155
13.9249
13.7923
13.6079
13.4839
13.3054
13.1896
13.0168
12.909
12.7413
12.6416
12.4789
12.3874
12.2255
12.1563
11.9241
55.7665
53.3046
51.0612
48.9878
47.087
45.3171
43.6859
42.1577
40.7424
39.4099
38.17
36.9984
35.9027
34.8649
33.8893
32.9641
32.0896
31.2597
30.4713
29.7227
29.0086
28.3295
27.6799
27.0609
26.4678
25.9009
25.3574
24.8363
24.3364
23.8556
23.3944
22.9494
22.5228
22.1093
21.7141
21.3281
20.9619
20.5999
20.2604
19.9193
19.6047
19.2821
18.9904
18.6841
18.4135
18.122
17.8707
17.5927
17.359
17.0933
16.8758
16.6212
16.4184
16.174
15.9846
15.7493
15.5721
15.3447
15.1784
14.9578
14.8011
14.5863
14.4379
14.2279
14.0868
13.8807
13.7461
13.5431
13.4148
13.2145
13.0924
12.8946
12.7791
12.5842
12.4759
12.2847
12.1845
11.9958
11.9123
11.6874
55.7622
53.3087
51.0569
48.9917
47.0829
45.3206
43.6823
42.1607
40.7394
39.4123
38.1676
37.0001
35.9009
34.8661
33.888
32.9647
32.0887
31.2599
30.4707
29.7228
29.0079
28.3298
27.679
27.0615
26.4665
25.9019
25.3557
24.8374
24.3347
23.8567
23.393
22.95
22.522
22.1092
21.714
21.3273
20.9624
20.5985
20.2614
19.9176
19.6059
19.2802
18.9915
18.6824
18.4144
18.1207
17.8713
17.5917
17.3592
17.0927
16.8755
16.621
16.4178
16.1742
15.9837
15.75
15.5708
15.3459
15.1769
14.9596
14.7999
14.5888
14.4375
14.2312
14.0879
13.8852
13.7495
13.5494
13.4211
13.2231
13.1021
12.9062
12.7923
12.5988
12.4921
12.3021
12.2029
12.0149
11.932
11.7062
55.7635
53.3072
51.0581
48.9903
47.0839
45.3195
43.683
42.1599
40.7397
39.4118
38.1677
36.9997
35.9008
34.8657
33.888
32.9644
32.0887
31.2596
30.4707
29.7224
29.0079
28.3293
27.6791
27.0609
26.4667
25.9012
25.356
24.8366
24.3349
23.856
23.3931
22.9495
22.5218
22.109
21.7134
21.3275
20.9615
20.5989
20.2603
19.9183
19.6046
19.281
18.9902
18.6831
18.4132
18.1212
17.8702
17.5921
17.3583
17.0929
16.8748
16.621
16.4174
16.1739
15.9836
15.7492
15.5711
15.3446
15.1776
14.9578
14.8008
14.5864
14.4382
14.2282
14.088
13.8813
13.7483
13.5443
13.4179
13.2161
13.0961
12.8964
12.7827
12.5853
12.4781
12.284
12.1838
11.9919
11.9068
11.6816
55.7601
53.3106
51.0543
48.9941
47.0798
45.3234
43.6787
42.1638
40.7355
39.4155
38.1637
37.0031
35.8974
34.8685
33.8852
32.9664
32.0867
31.2606
30.4697
29.7225
29.0079
28.3284
27.6799
27.0593
26.468
25.8992
25.3576
24.8346
24.3363
23.8543
23.394
22.9485
22.5219
22.1089
21.7126
21.3282
20.9599
20.6003
20.2582
19.9198
19.6026
19.2822
18.9887
18.6837
18.4124
18.1211
17.8701
17.5913
17.3587
17.0918
16.8755
16.6197
16.4181
16.1725
15.9843
15.7479
15.5717
15.3435
15.1781
14.9568
14.801
14.5855
14.4383
14.2274
14.0878
13.8806
13.7479
13.5435
13.4174
13.2153
13.0954
12.8955
12.7818
12.5843
12.477
12.2828
12.1825
11.9906
11.9053
11.6802
55.7626
53.3077
51.0571
48.9909
47.0828
45.32
43.6819
42.1603
40.7388
39.412
38.1669
36.9997
35.9003
34.8654
33.8877
32.9637
32.0888
31.2585
30.4712
29.7209
29.0089
28.3272
27.6806
27.0582
26.4689
25.8977
25.3589
24.8324
24.3385
23.8511
23.3972
22.9443
22.526
22.1038
21.7174
21.3227
20.9649
20.595
20.2627
19.9152
19.6061
19.2789
18.9907
18.6819
18.4129
18.1207
17.8692
17.5921
17.3568
17.0933
16.8729
16.6218
16.4151
16.1751
15.9811
15.7511
15.5688
15.3478
15.1762
14.9633
14.8016
14.5961
14.4437
14.2453
14.1017
13.9102
13.7752
13.5908
13.4645
13.2873
13.1696
12.9997
12.8906
12.7275
12.6274
12.4707
12.3798
12.2242
12.1577
11.9257
55.7642
53.3061
51.0582
48.9898
47.0834
45.3196
43.6818
42.1606
40.7379
39.413
38.1652
37.0015
35.8979
34.8679
33.8845
32.9669
32.0848
31.2625
30.4665
29.7255
29.0035
28.3326
27.6746
27.0641
26.4622
25.9042
25.3517
24.8394
24.331
23.8583
23.3896
22.9513
22.5187
22.1103
21.7108
21.3283
20.9594
20.5993
20.2586
19.9181
19.6034
19.2804
18.9894
18.6821
18.4126
18.12
17.8698
17.5907
17.358
17.0915
16.8745
16.6195
16.4171
16.1723
15.9832
15.7475
15.5706
15.3427
15.1769
14.9557
14.7998
14.5843
14.4371
14.2263
14.0869
13.88
13.7476
13.5439
13.4181
13.2173
13.0979
12.8998
12.7867
12.5915
12.485
12.2935
12.1942
12.0049
11.9213
11.6958
55.7609
53.309
51.0554
48.9921
47.0812
45.3211
43.6805
42.161
40.7376
39.4124
38.166
36.9999
35.8996
34.8655
33.887
32.9637
32.088
31.2586
30.4702
29.7212
29.0077
28.3278
27.6791
27.059
26.4671
25.8988
25.3569
24.8337
24.3363
23.8526
23.3948
22.9457
22.5237
22.1051
21.7153
21.3238
20.9631
20.5956
20.2613
19.9153
19.6052
19.2785
18.9904
18.6809
18.4131
18.1192
17.8699
17.5902
17.3579
17.0912
16.8744
16.6194
16.4171
16.1726
15.9837
15.7486
15.5721
15.3453
15.18
14.9605
14.8054
14.5922
14.4463
14.2383
14.1006
13.8968
13.7666
13.5661
13.4428
13.245
13.1281
12.9328
12.8219
12.629
12.5238
12.3341
12.2345
12.0509
11.9484
11.7637
55.763
53.3067
51.0575
48.9899
47.0832
45.319
43.6822
42.1594
40.7388
39.4112
38.1667
36.9992
35.8998
34.8652
33.8869
32.9637
32.0876
31.2588
30.4696
29.7215
29.0069
28.3283
27.6782
27.0597
26.4658
25.8998
25.3553
24.8351
24.3343
23.8543
23.3925
22.9477
22.5212
22.1072
21.7128
21.3258
20.9606
20.5974
20.2592
19.9169
19.6034
19.2797
18.9889
18.6819
18.4118
18.12
17.8687
17.591
17.3567
17.0918
16.8731
16.62
16.4155
16.1728
15.9816
15.748
15.569
15.3431
15.1754
14.9559
14.7983
14.584
14.4354
14.2253
14.0848
13.8781
13.7447
13.5407
13.4141
13.2125
13.0922
12.8931
12.7791
12.5827
12.4754
12.2826
12.1826
11.9921
11.9077
11.6826
55.7647
53.3046
51.0596
48.9874
47.0857
45.3161
43.685
42.1561
40.7419
39.4078
38.1699
36.9957
35.9029
34.8619
33.8896
32.961
32.0897
31.2568
30.471
29.7202
29.0075
28.3278
27.678
27.0598
26.4651
25.9003
25.3543
24.8358
24.3333
23.8548
23.3917
22.9479
22.5208
22.1069
21.7129
21.3249
20.9613
20.596
20.2603
19.9151
19.6048
19.2777
18.9903
18.6799
18.4132
18.1181
17.87
17.5892
17.3579
17.0901
16.8744
16.6184
16.4171
16.1718
15.9837
15.7479
15.5721
15.3448
15.1802
14.9604
14.806
14.5927
14.4474
14.2398
14.1027
13.9001
13.7703
13.5719
13.4488
13.2542
13.1375
12.9464
12.8359
12.6482
12.5444
12.3606
12.2639
12.0819
12.0025
11.7746
55.7644
53.3048
51.0592
48.9876
47.0852
45.3164
43.6846
42.1563
40.7416
39.4078
38.1698
36.9954
35.9031
34.8612
33.8904
32.9596
32.0912
31.2546
30.4732
29.7174
29.0104
28.3242
27.6815
27.0558
26.469
25.896
25.3583
24.8313
24.3372
23.8506
23.3953
22.9442
22.5237
22.104
21.7149
21.3229
20.9624
20.5949
20.2606
19.9148
19.6044
19.2779
18.9896
18.6803
18.4123
18.1185
17.8692
17.5894
17.3572
17.0903
16.8737
16.6187
16.4164
16.1721
15.9829
15.7484
15.5712
15.3454
15.1794
14.9612
14.8052
14.5937
14.4469
14.241
14.1025
13.9012
13.7704
13.573
13.4492
13.255
13.1379
12.9465
12.8357
12.6472
12.543
12.358
12.2608
12.0774
11.9972
11.7694
55.762
53.3074
51.0561
48.9908
47.0814
45.3204
43.6799
42.1613
40.736
39.4137
38.1633
37.0021
35.8958
34.8686
33.8824
32.9675
32.0827
31.263
30.4644
29.7259
29.0015
28.3327
27.6727
27.0641
26.4605
25.9039
25.3503
24.8387
24.3298
23.8572
23.3888
22.9499
22.5183
22.1084
21.7109
21.3259
20.9598
20.5965
20.2592
19.9151
19.6041
19.2774
18.9899
18.6793
18.4129
18.1175
17.8697
17.5885
17.3576
17.0896
16.8739
16.6181
16.4164
16.1716
15.9828
15.7479
15.571
15.3449
15.179
14.9605
14.8045
14.5925
14.4457
14.239
14.1004
13.898
13.7668
13.5678
13.4435
13.2471
13.1292
12.9351
12.8234
12.6315
12.5258
12.3368
12.2371
12.0541
11.9516
11.7674
55.765
53.3041
51.0594
48.9873
47.085
45.3165
43.6836
42.1572
40.7399
39.4095
38.1671
36.9981
35.8994
34.8649
33.8856
32.9643
32.0854
31.2602
30.4666
29.7236
29.0033
28.3307
27.6743
27.0623
26.4619
25.9022
25.3517
24.8369
24.3313
23.8554
23.3903
22.9479
22.5199
22.1064
21.7124
21.3241
20.961
20.595
20.2601
19.9141
19.6044
19.2768
18.9898
18.6792
18.4124
18.1176
17.869
17.5887
17.3569
17.0897
16.8734
16.618
16.4162
16.1712
15.983
15.7473
15.5717
15.3444
15.1804
14.9604
14.807
14.5935
14.4498
14.242
14.1068
13.9039
13.7765
13.5778
13.4573
13.2622
13.148
12.956
12.8477
12.6586
12.5556
12.3699
12.272
12.0925
11.9901
11.8074
55.7624
53.3065
51.0569
48.9895
47.0828
45.3182
43.6821
42.1581
40.7392
39.4094
38.1676
36.9967
35.9013
34.8621
33.8888
32.9601
32.0899
31.2548
30.4723
29.7172
29.0098
28.3236
27.6813
27.0547
26.4692
25.8945
25.3589
24.8294
24.3382
23.8484
23.3965
22.9417
22.5251
22.1014
21.7163
21.3205
20.9636
20.5927
20.2613
19.913
19.6046
19.2766
18.9892
18.6795
18.4114
18.1182
17.8678
17.5895
17.3554
17.0908
16.8715
16.6197
16.4138
16.1738
15.9803
15.7512
15.5689
15.3502
15.1782
14.9692
14.8068
14.6068
14.4533
14.2617
14.117
13.933
13.7968
13.6199
13.4923
13.3216
13.2027
13.0378
12.9276
12.7679
12.6668
12.512
12.4206
12.2659
12.1997
11.9662
)
;

boundaryField
{
    inlet
    {
        type            fixedValue;
        value           uniform 800;
    }
    outlet
    {
        type            zeroGradient;
    }
    top
    {
        type            freestream;
        freestreamValue uniform 0;
        value           nonuniform List<scalar> 
100
(
596.717
413.662
313.35
251.063
208.968
178.749
156.057
138.419
124.329
112.821
103.25
95.1675
88.252
82.2699
77.0436
72.4404
68.3537
64.7032
61.4209
58.4558
55.7624
53.3065
51.0569
48.9895
47.0828
45.3182
43.6821
42.1581
40.7392
39.4094
38.1676
36.9967
35.9013
34.8621
33.8888
32.9601
32.0899
31.2548
30.4723
29.7172
29.0098
28.3236
27.6813
27.0547
26.4692
25.8945
25.3589
24.8294
24.3382
23.8484
23.3965
22.9417
22.5251
22.1014
21.7163
21.3205
20.9636
20.5927
20.2613
19.913
19.6046
19.2766
18.9892
18.6795
18.4114
18.1182
17.8678
17.5895
17.3554
17.0908
16.8715
16.6197
16.4138
16.1738
15.9803
15.7512
15.5689
15.3502
15.1782
14.9692
14.8068
14.6068
14.4533
14.2617
14.117
13.933
13.7968
13.6199
13.4923
13.3216
13.2027
13.0378
12.9276
12.7679
12.6668
12.512
12.4206
12.2659
12.1997
11.9662
)
;
    }
    plate
    {
        blended         1;
        beta1           0.075;
        type            omegaWallFunction;
        value           nonuniform List<scalar> 
80
(
3487.45
3490.81
3260.84
3084.96
3018.7
2987
2973.7
2961.04
2948.34
2931.4
2913.44
2895.23
2877.44
2859.83
2844.09
2828.22
2815.06
2800.6
2789.56
2775.95
2766.86
2753.89
2746.72
2734.17
2728.65
2716.31
2711.98
2700.13
2696.77
2685.41
2682.8
2672.04
2669.92
2659.73
2657.9
2648.32
2646.68
2637.74
2636.23
2627.92
2626.48
2618.75
2617.35
2610.15
2608.8
2602.1
2600.84
2594.62
2593.48
2587.69
2586.72
2581.35
2580.57
2575.66
2575.12
2570.69
2570.46
2566.56
2566.69
2563.25
2563.79
2560.83
2561.79
2559.32
2560.7
2558.73
2560.46
2558.95
2560.99
2559.86
2562.1
2561.25
2563.61
2563.01
2565.38
2564.98
2567.17
2567.02
2568.25
2569.3
)
;
    }
    front
    {
        type            symmetryPlane;
    }
    defaultFaces
    {
        type            empty;
    }
}


// ************************************************************************* //
