/*--------------------------------*- C++ -*----------------------------------*\
| =========                 |                                                 |
| \\      /  F ield         | OpenFOAM: The Open Source CFD Toolbox           |
|  \\    /   O peration     | Version:  v1912                                 |
|   \\  /    A nd           | Website:  www.openfoam.com                      |
|    \\/     M anipulation  |                                                 |
\*---------------------------------------------------------------------------*/
FoamFile
{
    version     2.0;
    format      ascii;
    class       volVectorField;
    location    "600";
    object      U;
}
// * * * * * * * * * * * * * * * * * * * * * * * * * * * * * * * * * * * * * //

dimensions      [0 1 -1 0 0 0 0];


internalField   nonuniform List<vector> 
2000
(
(0.84616 0.187394 0)
(0.515133 0.124089 0)
(0.223448 0.0684415 0)
(0.0598069 0.0174443 6.19506e-20)
(-0.0045562 -0.0232232 1.20662e-17)
(-0.0642032 -0.0384876 1.04215e-17)
(-0.0776006 -0.0372475 0)
(-0.0715945 -0.0166587 0)
(-0.0590603 0.0117135 0)
(-0.0421587 0.0254691 2.36652e-17)
(-0.0415858 0.0109799 -1.44986e-17)
(-0.0273676 -0.000617712 -1.3617e-17)
(-0.0163171 -0.00266173 0)
(-0.0200763 -0.00263844 0)
(-0.0219188 -0.0022677 -1.08175e-17)
(-0.0168987 0.000864785 0)
(-0.010618 0.00351189 9.73763e-18)
(-0.00967659 0.00624167 3.09347e-21)
(-0.0106848 0.00613023 9.41316e-18)
(-0.0114505 0.00489208 -4.64602e-18)
(-0.0113125 0.002788 9.1854e-18)
(-0.0101215 0.000811739 0)
(-0.00797535 -0.00019236 0)
(-0.005459 -0.000624739 -7.14104e-23)
(-0.00316472 -0.000792612 0)
(-0.00133461 -0.000814451 -4.51608e-18)
(-0.000105332 -0.000755938 0)
(0.000599149 -0.000680469 4.52588e-18)
(0.00100546 -0.000670363 0)
(0.00130273 -0.000677883 0)
(0.00158443 -0.000601299 0)
(0.00186552 -0.00048688 1.14933e-18)
(0.00213033 -0.000394558 0)
(0.00236926 -0.000354052 -5.83334e-19)
(0.00256829 -0.000351514 1.94685e-14)
(0.00270532 -0.000365635 1.9455e-14)
(0.00277368 -0.000399464 6.01607e-19)
(0.00271722 -0.000492937 -6.09107e-19)
(0.00253682 -0.000635862 0)
(0.00223171 -0.000794946 2.50566e-18)
(0.00178101 -0.0009456 0)
(0.00114895 -0.00107424 -2.58816e-18)
(0.000291567 -0.00116773 0)
(-0.000849682 -0.00121019 -5.35758e-18)
(-0.00232654 -0.00122299 2.72181e-18)
(-0.00417872 -0.00129564 0)
(-0.00649243 -0.00147603 0)
(-0.00942403 -0.00167573 -2.85509e-18)
(-0.0132925 -0.00158661 0)
(-0.0187083 -0.000618362 2.93153e-18)
(-0.0266462 0.00192599 0)
(-0.0383866 0.00634027 5.90892e-18)
(-0.0553135 0.0120748 -5.85821e-18)
(-0.0785617 0.0177319 5.73729e-18)
(-0.108473 0.0214342 -2.74036e-18)
(-0.14415 0.0213442 0)
(-0.183507 0.0162509 2.33094e-18)
(-0.223629 0.00599292 -2.07536e-18)
(-0.260777 -0.00840467 -4.08349e-18)
(-0.290122 -0.0247298 3.30908e-18)
(-0.306794 -0.0397498 -3.26474e-18)
(-0.309255 -0.0502465 3.49126e-18)
(-0.302849 -0.0562698 -3.98181e-18)
(-0.287849 -0.0591722 4.78558e-18)
(-0.265365 -0.0599919 -1.10627e-20)
(-0.236245 -0.0594668 7.1703e-18)
(-0.200906 -0.0578039 0)
(-0.159516 -0.0549939 0)
(-0.112326 -0.0510256 7.59654e-20)
(-0.060069 -0.0459375 0)
(-0.00400396 -0.0396645 1.98823e-17)
(0.0556638 -0.0318664 0)
(0.119227 -0.022393 1.98796e-17)
(0.186189 -0.0113986 -4.88213e-19)
(0.255804 0.000874187 1.71645e-17)
(0.329379 0.0141224 2.98634e-17)
(0.403416 0.0279692 7.34739e-19)
(0.491102 0.0419589 -1.01491e-17)
(0.557063 0.0544333 -6.5312e-18)
(0.713698 0.0651673 0)
(1.0153 0.210384 0)
(0.944633 0.194211 0)
(0.804475 0.179983 -3.52834e-18)
(0.654422 0.152313 7.28699e-18)
(0.509224 0.111169 0)
(0.360042 0.0683704 -7.2876e-18)
(0.216493 0.0293251 0)
(0.0821324 -0.00530929 0)
(-0.0282884 -0.0180397 0)
(-0.0562029 -0.0189151 -1.73065e-17)
(-0.0667314 -0.0249906 1.57443e-17)
(-0.0718829 -0.0159813 1.44416e-17)
(-0.0637588 0.00640124 0)
(-0.05087 0.0207285 6.32209e-18)
(-0.0544885 0.010006 0)
(-0.048274 -0.00292259 0)
(-0.0375968 -0.00401213 0)
(-0.0328927 -0.00108739 5.2695e-18)
(-0.0366706 0.000902595 -1.03353e-17)
(-0.0388599 0.000903108 -5.09091e-18)
(-0.0395568 7.40051e-05 0)
(-0.0384661 -0.00112228 0)
(-0.0357513 -0.00234713 0)
(-0.0325096 -0.00293976 -7.41261e-18)
(-0.0293517 -0.00274443 0)
(-0.0265428 -0.00194976 4.95047e-18)
(-0.0243266 -0.000890069 2.48269e-18)
(-0.022871 -9.90905e-06 0)
(-0.0222421 0.000364192 0)
(-0.0223048 0.000398962 0)
(-0.0228803 0.000225331 0)
(-0.0237398 3.7507e-05 -6.32621e-19)
(-0.0247108 -0.000117653 0)
(-0.0257338 -0.000209326 3.20207e-19)
(-0.026828 -0.000200505 1.61317e-19)
(-0.0280606 -7.36717e-05 0)
(-0.0294747 0.000154335 0)
(-0.0310946 0.000452926 6.62717e-19)
(-0.0329835 0.000804219 0)
(-0.0351599 0.00120679 -1.35253e-18)
(-0.0376411 0.00166852 0)
(-0.040435 0.00220264 -1.38251e-18)
(-0.0435514 0.00281817 0)
(-0.0469976 0.00350789 1.41323e-18)
(-0.0507672 0.00425725 1.43078e-18)
(-0.0548344 0.00510133 0)
(-0.0591722 0.00622079 0)
(-0.0637744 0.00798508 -2.96981e-18)
(-0.0686297 0.0109086 0)
(-0.0737011 0.0155901 1.38739e-20)
(-0.0790044 0.02256 0)
(-0.0847332 0.0319461 0)
(-0.0912438 0.0430399 0)
(-0.0988512 0.0541935 0)
(-0.107287 0.0630888 6.02701e-18)
(-0.115032 0.0672878 0)
(-0.119662 0.0648127 -5.48632e-18)
(-0.119246 0.0547668 2.65528e-18)
(-0.112354 0.038119 -2.31456e-18)
(-0.0951131 0.0176811 -4.8882e-18)
(-0.0632774 -0.00478219 5.03553e-18)
(-0.0451379 -0.0306864 -5.55427e-18)
(-0.0199092 -0.0512889 6.50036e-18)
(0.00797631 -0.0659227 0)
(0.0388676 -0.0761947 -1.29402e-17)
(0.07326 -0.0835783 -9.65371e-18)
(0.111933 -0.088805 0)
(0.155085 -0.0918787 5.73334e-18)
(0.202359 -0.0925001 1.25472e-17)
(0.253179 -0.0904497 0)
(0.306891 -0.0856257 0)
(0.362912 -0.0779982 0)
(0.420765 -0.0677005 0)
(0.480184 -0.0550642 -1.36108e-17)
(0.540914 -0.0406253 5.93357e-18)
(0.603809 -0.0250496 -1.1766e-17)
(0.667287 -0.00927781 1.01593e-17)
(0.739125 0.005652 -3.46733e-18)
(0.796089 0.0172896 0)
(0.911814 0.0228178 0)
(0.978489 0.201538 0)
(0.978854 0.193006 -2.7851e-18)
(0.969154 0.205111 3.48082e-18)
(0.939083 0.208531 -3.05986e-18)
(0.878034 0.194606 2.88446e-18)
(0.785605 0.168719 2.8425e-18)
(0.669349 0.13808 0)
(0.541012 0.106021 0)
(0.40822 0.0750634 0)
(0.285943 0.0459346 6.86492e-18)
(0.173881 0.0180215 0)
(0.0721784 -0.00640524 0)
(-0.0214784 -0.0141578 0)
(-0.0469188 -0.00386323 -7.18275e-18)
(-0.0508345 -0.0116826 0)
(-0.0586875 -0.0181542 -6.04982e-18)
(-0.0592803 -0.011257 0)
(-0.0480845 0.00906131 5.87499e-18)
(-0.0464441 0.0164867 2.87225e-18)
(-0.0508669 0.0125938 0)
(-0.0532221 0.00615941 -2.78928e-18)
(-0.0550074 -0.000279365 0)
(-0.0556235 -0.00468591 0)
(-0.0547248 -0.00652328 5.43509e-18)
(-0.0531782 -0.00660467 0)
(-0.0520055 -0.00572916 1.35793e-18)
(-0.0518122 -0.00422576 -4.07647e-18)
(-0.0526129 -0.00223628 0)
(-0.053977 -0.000222637 0)
(-0.0554573 0.00124337 -6.81429e-19)
(-0.0570635 0.00219445 0)
(-0.0587782 0.00271851 1.36091e-22)
(-0.0605247 0.00295914 0)
(-0.0622575 0.00307893 6.906e-19)
(-0.063982 0.00323966 8.68684e-20)
(-0.06577 0.00349643 0)
(-0.0676795 0.00383748 1.76308e-19)
(-0.0697249 0.00422851 -3.5556e-19)
(-0.0718901 0.00466458 -3.58774e-19)
(-0.0741452 0.00514928 -7.24544e-19)
(-0.0764539 0.0056897 7.32144e-19)
(-0.07878 0.00629533 7.39611e-19)
(-0.0810963 0.00696865 0)
(-0.0833692 0.00768941 1.51668e-18)
(-0.0854942 0.00842474 -3.07626e-18)
(-0.0872158 0.00919031 0)
(-0.0881204 0.0101509 -1.591e-18)
(-0.0877295 0.0116817 3.24373e-18)
(-0.0855081 0.0142714 0)
(-0.0807989 0.0184981 -1.69654e-18)
(-0.0728926 0.0248533 1.77916e-18)
(-0.0612717 0.0335909 -1.84556e-18)
(-0.0455711 0.043827 -1.91402e-18)
(-0.0257563 0.0540176 0)
(-0.00204188 0.0619503 -3.94194e-18)
(0.0256191 0.0651106 -1.88601e-18)
(0.057125 0.0612232 1.63733e-18)
(0.0906431 0.0494421 1.53303e-18)
(0.12462 0.0287889 2.57166e-18)
(0.156479 0.00204602 0)
(0.186637 -0.0242896 0)
(0.214326 -0.0462371 0)
(0.242484 -0.0644635 -1.31526e-18)
(0.274064 -0.0800908 0)
(0.310025 -0.0936805 3.22274e-18)
(0.349831 -0.105214 0)
(0.392556 -0.114354 -1.98754e-18)
(0.437322 -0.120639 -4.46154e-18)
(0.483331 -0.123645 0)
(0.529909 -0.123119 -2.47321e-18)
(0.576569 -0.119048 2.57725e-18)
(0.623048 -0.111687 0)
(0.669286 -0.101544 0)
(0.715471 -0.0893075 0)
(0.76184 -0.0758142 -5.4078e-18)
(0.809268 -0.0619849 0)
(0.857053 -0.0490083 -1.88474e-18)
(0.910139 -0.037993 3.36909e-18)
(0.953028 -0.0313257 0)
(1.03535 -0.0303712 3.93263e-19)
(0.970611 0.209117 0)
(0.963917 0.194765 1.52472e-18)
(0.96643 0.198514 0)
(0.977152 0.206407 1.69403e-18)
(0.982034 0.208884 -3.00332e-18)
(0.968293 0.204266 -1.34061e-18)
(0.930748 0.193726 0)
(0.870758 0.177878 0)
(0.791131 0.156581 0)
(0.695412 0.131331 1.35059e-18)
(0.589481 0.105409 1.38236e-18)
(0.480051 0.0806998 0)
(0.369266 0.0579962 0)
(0.266647 0.0376057 0)
(0.179648 0.0185389 0)
(0.10039 0.00267229 6.39871e-18)
(0.0300559 -0.00993311 -3.3862e-18)
(-0.0310563 -0.00938168 0)
(-0.0328209 0.00100774 -3.28174e-18)
(-0.0347004 0.00245722 1.61793e-18)
(-0.034637 0.00136114 3.21002e-18)
(-0.0358888 -0.00129602 0)
(-0.0390891 -0.00397489 0)
(-0.0434624 -0.00523281 -3.11922e-18)
(-0.0471666 -0.00435388 0)
(-0.0494547 -0.00165725 -1.54348e-18)
(-0.0511307 0.00173297 1.54304e-18)
(-0.0536393 0.00424627 0)
(-0.0557809 0.00542013 0)
(-0.0580372 0.00596995 7.66752e-19)
(-0.0599938 0.00604368 0)
(-0.0616343 0.00578005 -7.69752e-19)
(-0.0629096 0.00534311 0)
(-0.063803 0.00490155 -1.94706e-19)
(-0.0644414 0.00469115 -9.80831e-20)
(-0.0649124 0.00479608 -2.47414e-20)
(-0.0652276 0.00516647 -2.99811e-19)
(-0.0652842 0.00573546 4.04139e-19)
(-0.0650024 0.00639798 4.0919e-19)
(-0.0643123 0.00709424 1.24495e-18)
(-0.0631294 0.00780662 -4.21194e-19)
(-0.0613675 0.00852675 4.28503e-19)
(-0.058969 0.00923109 0)
(-0.0558885 0.00984514 8.92717e-19)
(-0.0520185 0.0101875 9.13522e-19)
(-0.0470646 0.00994838 0)
(-0.0405918 0.0087597 1.93566e-18)
(-0.0326278 0.00656928 9.99912e-19)
(-0.0224707 0.00405087 0)
(-0.00989398 0.00183808 -3.26118e-18)
(0.00655991 0.000504461 -2.23145e-18)
(0.0279413 0.000641222 1.10712e-18)
(0.0541751 0.00208377 2.16756e-18)
(0.0858505 0.00396628 0)
(0.122983 0.00477441 9.81007e-19)
(0.164724 0.00272309 2.68338e-18)
(0.209782 -0.0037374 1.58743e-18)
(0.256064 -0.0151157 -1.39201e-18)
(0.303049 -0.0302778 -6.4348e-19)
(0.348959 -0.0476296 0)
(0.393288 -0.0663848 0)
(0.436038 -0.0852457 0)
(0.478085 -0.103149 1.71798e-18)
(0.52024 -0.119471 6.47292e-19)
(0.562454 -0.133747 0)
(0.604075 -0.145444 -1.56669e-18)
(0.644396 -0.154007 1.74153e-18)
(0.682914 -0.158993 -1.87482e-18)
(0.719368 -0.160177 -2.02199e-18)
(0.753735 -0.15759 1.26666e-19)
(0.786224 -0.151522 -2.41919e-18)
(0.817247 -0.14249 0)
(0.847358 -0.131178 0)
(0.87723 -0.118374 0)
(0.907472 -0.104938 0)
(0.938999 -0.0917521 0)
(0.971479 -0.0798711 3.67671e-18)
(1.00825 -0.0701422 -1.3455e-18)
(1.03847 -0.0644979 0)
(1.09566 -0.0627532 -4.2403e-19)
(0.972988 0.216082 0)
(0.965831 0.201808 1.87043e-18)
(0.959206 0.1956 2.49192e-19)
(0.961489 0.195546 1.90692e-18)
(0.972668 0.197536 0)
(0.985519 0.199235 -1.60719e-18)
(0.992497 0.199295 0)
(0.988452 0.196253 -3.62474e-19)
(0.970218 0.189032 0)
(0.935631 0.177562 -1.60549e-18)
(0.884731 0.162749 -1.24274e-18)
(0.819619 0.145667 -3.15381e-19)
(0.743325 0.126729 3.13069e-19)
(0.658089 0.106111 0)
(0.569159 0.0852832 3.13125e-19)
(0.479341 0.0662427 0)
(0.393492 0.0502674 2.65386e-18)
(0.314101 0.0363408 -3.51259e-19)
(0.247073 0.0242755 0)
(0.192397 0.0147272 -1.89914e-18)
(0.147776 0.00792638 0)
(0.110713 0.00341208 0)
(0.0798799 0.000823829 0)
(0.0539899 -0.000617862 0)
(0.0324757 -0.0015892 -2.21645e-19)
(0.0157013 -0.00203718 0)
(0.00281243 -0.00139912 0)
(-0.00262906 0.000675558 1.1558e-19)
(-0.00510388 0.00209908 0)
(-0.00514451 0.0030956 0)
(-0.00381084 0.00366819 0)
(-0.00155238 0.00393444 -5.87389e-20)
(0.00103319 0.00401089 0)
(0.00448419 0.0038167 -2.67827e-19)
(0.00750163 0.00430174 0)
(0.0111625 0.00514104 3.01026e-20)
(0.0155583 0.00563936 1.51291e-19)
(0.0208721 0.00556856 3.03768e-20)
(0.0272879 0.00521061 -6.09667e-20)
(0.0348746 0.00467706 -4.89118e-19)
(0.0438013 0.00394658 -4.89769e-19)
(0.0542836 0.00299625 4.89702e-19)
(0.0665141 0.00181222 -1.22185e-19)
(0.0806863 0.000364994 -9.73436e-19)
(0.0970088 -0.00140534 9.67182e-19)
(0.115466 -0.00356968 -1.19932e-19)
(0.136271 -0.00623585 0)
(0.158951 -0.00947965 -9.3968e-19)
(0.183552 -0.0132682 0)
(0.210202 -0.0174572 9.18466e-19)
(0.238938 -0.0217059 0)
(0.26996 -0.0258756 8.95633e-19)
(0.303574 -0.0299267 0)
(0.340127 -0.0340568 -2.11711e-19)
(0.379832 -0.0387658 -8.04508e-19)
(0.422564 -0.0447796 -7.46719e-19)
(0.467731 -0.0528467 1.73573e-19)
(0.51427 -0.0635037 0)
(0.560774 -0.0770538 5.44344e-19)
(0.605825 -0.0929637 -1.37481e-19)
(0.648571 -0.110248 0)
(0.688619 -0.127561 1.37315e-19)
(0.725854 -0.143662 -5.3535e-19)
(0.760218 -0.157709 -5.90893e-19)
(0.791535 -0.169139 0)
(0.819587 -0.17751 1.47918e-18)
(0.844293 -0.18249 0)
(0.865816 -0.183926 1.83294e-18)
(0.884564 -0.181885 2.01036e-18)
(0.901142 -0.176643 2.17464e-18)
(0.916295 -0.168654 2.70693e-19)
(0.930843 -0.15851 0)
(0.945608 -0.14689 0)
(0.961386 -0.134513 0)
(0.978796 -0.122121 -2.69575e-19)
(0.998586 -0.110442 0)
(1.02039 -0.100284 -1.67474e-18)
(1.0467 -0.0922982 1.64935e-18)
(1.06867 -0.0877125 1.03965e-19)
(1.11227 -0.0864507 4.50791e-20)
(0.974194 0.218514 -1.23217e-18)
(0.970935 0.206364 1.19259e-18)
(0.965119 0.198172 -2.81982e-19)
(0.961139 0.194112 0)
(0.962197 0.191942 0)
(0.96826 0.190544 0)
(0.977772 0.189884 0)
(0.988502 0.189481 1.2522e-18)
(0.997432 0.188308 0)
(1.00093 0.185358 -1.11952e-18)
(0.995773 0.179955 -1.39556e-18)
(0.979839 0.171904 3.1997e-19)
(0.952675 0.161433 9.66691e-19)
(0.914337 0.148645 0)
(0.865648 0.133742 -1.47534e-18)
(0.808251 0.117845 0)
(0.74607 0.10247 -1.17943e-18)
(0.683646 0.0879745 2.94991e-19)
(0.622837 0.0743862 -1.23396e-18)
(0.56575 0.0621131 -9.50221e-19)
(0.513198 0.0513543 0)
(0.465537 0.0420963 0)
(0.422942 0.03422 -6.83027e-19)
(0.385366 0.0276179 0)
(0.352674 0.0221551 -5.42325e-19)
(0.324655 0.0176535 0)
(0.300903 0.0138457 0)
(0.281192 0.0104671 -9.55845e-20)
(0.265381 0.00755461 0)
(0.253129 0.00511382 0)
(0.24409 0.00307625 0)
(0.237989 0.00136094 5.0522e-20)
(0.23451 -0.00011152 2.04775e-19)
(0.233686 -0.00133479 1.29011e-19)
(0.235287 -0.00276024 0)
(0.239422 -0.00437108 0)
(0.24602 -0.00604141 -2.59495e-20)
(0.25493 -0.00780114 -1.29993e-19)
(0.26613 -0.00973402 5.16555e-20)
(0.279536 -0.0118965 0)
(0.295052 -0.0143263 0)
(0.312596 -0.0170532 -2.04054e-19)
(0.332099 -0.0201041 1.00489e-19)
(0.353485 -0.0235141 -4.01026e-19)
(0.376664 -0.0273332 3.96905e-19)
(0.401498 -0.0316189 9.71189e-20)
(0.427797 -0.0364023 0)
(0.455324 -0.0415878 3.84663e-19)
(0.4839 -0.0470414 0)
(0.513382 -0.052613 0)
(0.543663 -0.0581387 0)
(0.574726 -0.0635116 0)
(0.606637 -0.0687515 0)
(0.639476 -0.0740727 1.77881e-19)
(0.673233 -0.0798976 0)
(0.707702 -0.0867828 6.69427e-19)
(0.742399 -0.0952685 -1.52594e-19)
(0.776567 -0.105688 0)
(0.809279 -0.117987 5.80657e-19)
(0.839624 -0.13158 1.27965e-19)
(0.866887 -0.14557 5.67696e-19)
(0.890621 -0.158976 -1.32566e-19)
(0.910637 -0.170926 0)
(0.926962 -0.180783 -6.62843e-19)
(0.939774 -0.188119 0)
(0.949378 -0.192665 0)
(0.956227 -0.194291 -8.53509e-19)
(0.960944 -0.193024 0)
(0.964288 -0.189058 0)
(0.967092 -0.182727 -1.06319e-18)
(0.970193 -0.174477 -2.95464e-19)
(0.974385 -0.164827 0)
(0.980364 -0.154335 0)
(0.988728 -0.143574 0)
(0.999864 -0.133115 3.01204e-19)
(1.01426 -0.123512 -1.02975e-18)
(1.03136 -0.115347 -2.40022e-19)
(1.05325 -0.109094 -1.88467e-19)
(1.07177 -0.105477 -1.17747e-19)
(1.11016 -0.104599 -2.40573e-19)
(0.974501 0.21901 4.35405e-18)
(0.973757 0.208036 -4.1808e-18)
(0.971714 0.200425 0)
(0.969159 0.196211 -2.53654e-18)
(0.967053 0.192937 0)
(0.966166 0.189312 -2.2366e-18)
(0.967419 0.185818 0)
(0.971669 0.183008 2.97844e-18)
(0.978977 0.18073 -3.69814e-18)
(0.988283 0.178484 1.68857e-18)
(0.99769 0.175772 1.57864e-18)
(1.00497 0.17215 0)
(1.00811 0.167265 -4.27024e-18)
(1.00544 0.160699 -2.71987e-18)
(0.995587 0.15211 3.82295e-18)
(0.977795 0.141796 0)
(0.953045 0.130625 1.17097e-18)
(0.923753 0.119346 0)
(0.891694 0.108146 1.16746e-18)
(0.858159 0.0970049 1.16716e-18)
(0.824185 0.0861316 0)
(0.790763 0.0758044 0)
(0.758774 0.0662279 -6.39214e-19)
(0.728891 0.0575074 0)
(0.701557 0.0496261 6.20775e-19)
(0.677006 0.042499 0)
(0.655358 0.0360313 0)
(0.636645 0.0301361 0)
(0.620896 0.024724 0)
(0.60805 0.0197115 0)
(0.598029 0.0150197 0)
(0.590767 0.0105785 0)
(0.586187 0.00631593 1.76969e-19)
(0.584169 0.00216811 -8.58675e-20)
(0.58449 -0.00200888 4.39649e-20)
(0.587245 -0.00625138 0)
(0.592338 -0.0105406 0)
(0.599567 -0.0148797 8.61571e-20)
(0.60878 -0.0193109 -3.5176e-19)
(0.619839 -0.0238724 3.51338e-19)
(0.632592 -0.0285865 0)
(0.646884 -0.0334684 8.71405e-19)
(0.662555 -0.038532 -6.9917e-19)
(0.679437 -0.0437932 -3.57813e-19)
(0.697354 -0.0492683 -3.39105e-19)
(0.716103 -0.0549643 0)
(0.735464 -0.0608583 0)
(0.75521 -0.0668768 -1.03392e-18)
(0.77514 -0.0729227 0)
(0.795095 -0.0788955 0)
(0.814975 -0.0847056 0)
(0.834741 -0.0903155 7.03235e-19)
(0.854409 -0.0957906 1.40441e-18)
(0.873995 -0.101325 0)
(0.89345 -0.10723 0)
(0.912593 -0.113864 -6.48354e-19)
(0.931061 -0.121534 0)
(0.948329 -0.130371 1.29324e-18)
(0.96377 -0.140241 6.86408e-19)
(0.976778 -0.150728 0)
(0.986904 -0.161224 7.00037e-19)
(0.993945 -0.171056 1.33585e-18)
(0.997966 -0.179599 1.40714e-18)
(0.999262 -0.186368 7.14597e-19)
(0.998293 -0.191047 -1.61658e-18)
(0.995623 -0.193475 1.74674e-18)
(0.991892 -0.193621 2.83221e-18)
(0.9878 -0.19157 0)
(0.984067 -0.187521 0)
(0.981384 -0.181762 1.19469e-18)
(0.980373 -0.17465 0)
(0.981567 -0.166587 2.49767e-18)
(0.985385 -0.158001 2.53038e-18)
(0.992165 -0.149334 0)
(1.00207 -0.141031 2.40073e-18)
(1.0154 -0.133523 -1.04031e-18)
(1.03151 -0.127248 0)
(1.0523 -0.122554 0)
(1.06993 -0.119886 0)
(1.10679 -0.11943 -1.92931e-19)
(0.974733 0.218938 -3.35408e-18)
(0.975458 0.208201 3.21083e-18)
(0.976056 0.201058 -6.23592e-18)
(0.975936 0.197366 2.86884e-18)
(0.974875 0.194459 0)
(0.9732 0.190785 2.52952e-18)
(0.971487 0.186584 -4.84223e-18)
(0.970472 0.182338 -4.48941e-18)
(0.970994 0.178129 -7.92492e-20)
(0.973704 0.17395 0)
(0.978806 0.169868 0)
(0.985964 0.165856 3.59596e-18)
(0.994362 0.161684 3.2912e-18)
(1.00283 0.156939 -3.27706e-18)
(1.00995 0.151227 -8.89652e-18)
(1.01427 0.14445 0)
(1.01489 0.136907 0)
(1.01186 0.128901 0)
(1.00564 0.120421 0)
(0.996716 0.11145 0)
(0.985583 0.102193 0)
(0.97287 0.0929284 0)
(0.95926 0.083867 1.23988e-18)
(0.945386 0.0751233 -2.58613e-18)
(0.931769 0.0667318 0)
(0.918817 0.0586927 0)
(0.906848 0.0509986 0)
(0.896103 0.0436205 0)
(0.886748 0.0364994 0)
(0.878885 0.0295925 -6.62168e-19)
(0.872577 0.0228719 0)
(0.867864 0.0163075 0)
(0.864751 0.00986309 1.25991e-20)
(0.863183 0.00347433 0)
(0.863064 -0.00273271 -4.10127e-20)
(0.864341 -0.00881543 0)
(0.866924 -0.0148565 1.70633e-19)
(0.870683 -0.0208824 0)
(0.875498 -0.0269051 6.72102e-19)
(0.88126 -0.0329361 -3.30434e-19)
(0.88785 -0.0389827 -6.88628e-19)
(0.895139 -0.0450477 -6.64978e-19)
(0.902998 -0.0511329 6.6763e-19)
(0.911291 -0.0572403 6.70709e-19)
(0.919879 -0.0633692 1.40228e-18)
(0.928614 -0.0695103 1.41119e-18)
(0.937347 -0.0756361 0)
(0.945935 -0.0816942 -7.43901e-19)
(0.95427 -0.0876163 0)
(0.962283 -0.0933371 0)
(0.969958 -0.0988134 -1.47846e-18)
(0.977319 -0.10405 -7.22032e-19)
(0.984421 -0.109129 4.81663e-20)
(0.991305 -0.114213 0)
(0.997956 -0.119538 0)
(1.00425 -0.125354 0)
(1.00996 -0.131863 1.49196e-18)
(1.01472 -0.139142 -1.39901e-18)
(1.01815 -0.147089 -1.38927e-18)
(1.01989 -0.15541 0)
(1.01975 -0.163665 -1.4291e-18)
(1.01771 -0.171356 9.46192e-20)
(1.01398 -0.17802 -1.57728e-18)
(1.00894 -0.183295 1.7581e-18)
(1.00307 -0.186951 -4.73359e-20)
(0.996897 -0.188876 -1.97921e-18)
(0.990959 -0.189054 -2.14248e-18)
(0.98579 -0.187546 0)
(0.981882 -0.184491 0)
(0.979673 -0.180094 0)
(0.979529 -0.174615 0)
(0.981747 -0.168361 -2.83452e-18)
(0.986552 -0.161674 -2.8698e-18)
(0.994138 -0.15492 0)
(1.00458 -0.148477 -2.72053e-18)
(1.01813 -0.14271 4.90404e-18)
(1.03417 -0.137976 0)
(1.05457 -0.13452 0)
(1.07183 -0.132662 0)
(1.10765 -0.13242 9.12829e-19)
(0.975035 0.218502 8.3391e-18)
(0.977127 0.207476 0)
(0.979623 0.200808 1.42731e-17)
(0.980942 0.19772 0)
(0.980747 0.195178 6.21271e-18)
(0.979837 0.191819 0)
(0.978655 0.187904 5.47199e-18)
(0.977181 0.183661 0)
(0.975604 0.178993 -5.03578e-18)
(0.974439 0.173897 0)
(0.97427 0.168549 8.87941e-18)
(0.975577 0.163111 -4.11039e-18)
(0.978659 0.15762 0)
(0.983536 0.151977 7.3063e-18)
(0.989865 0.146032 -1.87029e-19)
(0.99699 0.139703 -6.68078e-18)
(1.00405 0.133125 6.47498e-18)
(1.01036 0.126389 0)
(1.01554 0.119354 0)
(1.01936 0.111921 6.08536e-18)
(1.02166 0.104162 0)
(1.02251 0.0962139 -2.96044e-18)
(1.02211 0.0881953 0)
(1.02073 0.0801813 2.80398e-18)
(1.01864 0.0722163 0)
(1.01612 0.0643285 2.89594e-18)
(1.01338 0.0565345 0)
(1.01062 0.0488336 0)
(1.00799 0.0412157 1.44704e-18)
(1.00561 0.033681 6.95509e-19)
(1.00357 0.0262363 0)
(1.00193 0.0188835 0)
(1.00073 0.0116226 -1.08707e-18)
(0.999988 0.00445271 0)
(0.999666 -0.00253465 0)
(0.999729 -0.00939406 0)
(1.00016 -0.0161858 -1.77912e-19)
(1.00092 -0.0229182 0)
(1.00195 -0.0295814 -1.10489e-18)
(1.0032 -0.0361708 -7.50219e-19)
(1.00461 -0.0426848 7.24429e-19)
(1.00613 -0.04912 0)
(1.00771 -0.055473 0)
(1.00927 -0.06174 1.54365e-18)
(1.01076 -0.0679162 -1.49835e-18)
(1.01212 -0.073991 -1.51475e-18)
(1.0133 -0.0799434 0)
(1.01426 -0.0857394 -5.81336e-20)
(1.01498 -0.0913388 1.63335e-18)
(1.01548 -0.0967095 0)
(1.0158 -0.101844 1.62487e-18)
(1.01604 -0.106772 1.70007e-18)
(1.01627 -0.111582 -1.66606e-18)
(1.01655 -0.116411 0)
(1.0169 -0.121443 0)
(1.01723 -0.126862 0)
(1.0174 -0.132809 -1.67943e-18)
(1.01716 -0.139331 0)
(1.01628 -0.146345 0)
(1.01455 -0.153632 0)
(1.01185 -0.160865 3.66219e-18)
(1.00825 -0.167675 -1.80462e-18)
(1.00391 -0.17371 0)
(0.999128 -0.178686 -2.00518e-18)
(0.994272 -0.182399 -2.22697e-18)
(0.989713 -0.184728 4.62055e-18)
(0.985817 -0.185622 -4.89469e-18)
(0.982921 -0.185095 -5.17483e-18)
(0.981324 -0.183224 0)
(0.981286 -0.180152 -5.69475e-18)
(0.983026 -0.176083 0)
(0.986734 -0.171275 0)
(0.992575 -0.166034 0)
(1.00072 -0.160698 5.98367e-18)
(1.01127 -0.15562 -5.73045e-18)
(1.02453 -0.151135 -7.99073e-18)
(1.03999 -0.147546 0)
(1.05951 -0.145022 3.60424e-18)
(1.07602 -0.143773 0)
(1.11029 -0.143605 -1.50274e-18)
(0.975434 0.21769 -9.45909e-18)
(0.979143 0.20609 -9.20766e-18)
(0.983423 0.200245 -1.64388e-17)
(0.98558 0.197996 0)
(0.985486 0.195678 -1.41262e-17)
(0.984786 0.192413 -6.72958e-18)
(0.9842 0.188725 0)
(0.983452 0.184719 1.19938e-17)
(0.982353 0.180193 1.11962e-17)
(0.981033 0.175095 0)
(0.979702 0.169516 -1.0042e-17)
(0.978603 0.163553 0)
(0.978049 0.157269 0)
(0.978375 0.15069 8.70739e-18)
(0.979803 0.143819 8.07032e-18)
(0.982395 0.136689 -1.82317e-19)
(0.986005 0.129511 1.84344e-19)
(0.990361 0.122439 0)
(0.995172 0.115375 0)
(1.00009 0.108198 -6.97294e-18)
(1.00479 0.100886 -7.06378e-18)
(1.00904 0.0934773 1.03528e-17)
(1.01274 0.0860165 3.45063e-18)
(1.01587 0.0785343 3.4224e-18)
(1.01847 0.0710482 0)
(1.02058 0.0635682 -3.2713e-18)
(1.02224 0.0560992 0)
(1.02352 0.0486422 0)
(1.02447 0.0411976 -3.30516e-18)
(1.02514 0.0337723 0)
(1.02555 0.0263788 0)
(1.02574 0.0190304 0)
(1.02574 0.0117421 8.20011e-19)
(1.02557 0.00454519 -4.27556e-19)
(1.0253 -0.00254312 2.13627e-19)
(1.02491 -0.00952437 0)
(1.02444 -0.0164119 0)
(1.02389 -0.0232063 0)
(1.02326 -0.0298998 8.33645e-19)
(1.02255 -0.0364874 8.38614e-19)
(1.02174 -0.0429665 -1.74991e-18)
(1.02084 -0.0493347 0)
(1.01984 -0.0555893 0)
(1.01875 -0.0617278 -3.53165e-18)
(1.01755 -0.067747 -1.81469e-18)
(1.01625 -0.0736403 0)
(1.01486 -0.0793955 0)
(1.01339 -0.0849936 1.82448e-18)
(1.01186 -0.0904146 5.65231e-20)
(1.01033 -0.0956471 0)
(1.00886 -0.1007 0)
(1.00754 -0.105611 -1.93377e-18)
(1.00644 -0.110458 0)
(1.00561 -0.115356 0)
(1.00505 -0.120442 0)
(1.0047 -0.125856 0)
(1.00445 -0.1317 0)
(1.00412 -0.138004 -4.16228e-18)
(1.00353 -0.144705 0)
(1.00252 -0.151633 0)
(1.00101 -0.158539 1.66667e-19)
(0.999023 -0.16513 0)
(0.996671 -0.171111 0)
(0.994146 -0.176226 0)
(0.991682 -0.180273 9.99093e-18)
(0.989523 -0.18311 -5.2345e-18)
(0.987903 -0.184657 5.53732e-18)
(0.987035 -0.184896 1.4257e-20)
(0.987113 -0.183871 0)
(0.988317 -0.181693 6.42433e-18)
(0.990817 -0.178543 -6.54205e-18)
(0.994791 -0.174664 0)
(1.00042 -0.170355 0)
(1.00794 -0.165949 -1.45891e-19)
(1.01752 -0.161795 6.47874e-18)
(1.02955 -0.158216 5.9709e-18)
(1.04366 -0.155469 0)
(1.06174 -0.15368 -4.09126e-18)
(1.07712 -0.152876 0)
(1.10955 -0.152789 1.13265e-18)
(0.975986 0.216474 0)
(0.981692 0.204215 2.12109e-17)
(0.987769 0.199647 1.88181e-17)
(0.990441 0.198411 0)
(0.990122 0.196236 8.0279e-18)
(0.989271 0.192974 -7.76863e-18)
(0.988772 0.189389 0)
(0.98828 0.185462 -1.35619e-17)
(0.987611 0.180998 0)
(0.986852 0.175995 0)
(0.986039 0.170512 0)
(0.985145 0.164577 0)
(0.984205 0.1582 0)
(0.983342 0.151385 1.82806e-19)
(0.982701 0.144141 -9.5267e-18)
(0.982425 0.136519 -1.82177e-19)
(0.982659 0.128776 1.83589e-19)
(0.983499 0.121145 0)
(0.984944 0.113608 0)
(0.986873 0.106091 0)
(0.989101 0.0985713 -2.02551e-19)
(0.991461 0.0910724 2.06472e-19)
(0.993839 0.0836192 -3.95144e-18)
(0.996162 0.0762221 -3.9203e-18)
(0.998376 0.068878 0)
(1.00044 0.061578 -3.9848e-18)
(1.00231 0.054313 3.9723e-18)
(1.00396 0.0470747 0)
(1.00537 0.0398578 1.92484e-18)
(1.00654 0.0326627 1.98296e-18)
(1.00744 0.0254976 0)
(1.00808 0.0183755 0)
(1.00846 0.0113097 1.00196e-18)
(1.00861 0.00433745 -1.48623e-20)
(1.00857 -0.00257489 -4.94625e-19)
(1.00836 -0.00939796 0)
(1.00801 -0.0161235 0)
(1.00754 -0.0227564 -1.01095e-18)
(1.00695 -0.0292965 0)
(1.00627 -0.0357409 -1.02112e-18)
(1.0055 -0.0420873 -5.8947e-20)
(1.00466 -0.0483339 0)
(1.00376 -0.0544789 2.08858e-18)
(1.00282 -0.0605206 4.15755e-18)
(1.00185 -0.0664566 2.07114e-18)
(1.00087 -0.0722824 0)
(0.999889 -0.0779896 -4.3543e-18)
(0.998938 -0.0835667 0)
(0.998044 -0.0890026 -2.17617e-18)
(0.997252 -0.0942941 0)
(0.996615 -0.0994542 0)
(0.996189 -0.10452 0)
(0.996023 -0.109557 0)
(0.996146 -0.114658 0)
(0.996548 -0.119932 -4.77237e-18)
(0.997176 -0.125489 4.80559e-18)
(0.997926 -0.131406 0)
(0.998663 -0.137706 4.7233e-18)
(0.999236 -0.144333 -4.91625e-18)
(0.999518 -0.151151 0)
(0.999428 -0.157951 -4.91491e-18)
(0.998954 -0.164482 0)
(0.998153 -0.170481 0)
(0.997132 -0.175706 0)
(0.996032 -0.179953 -5.6864e-18)
(0.995002 -0.18307 6.02683e-18)
(0.994188 -0.184959 -6.2946e-18)
(0.993736 -0.185582 1.31435e-17)
(0.993793 -0.184968 -6.8402e-18)
(0.994526 -0.183221 0)
(0.996125 -0.180519 7.38729e-18)
(0.998818 -0.177113 -7.43858e-18)
(1.00287 -0.173312 0)
(1.00859 -0.169464 -1.17106e-19)
(1.01627 -0.165918 -7.09855e-18)
(1.0264 -0.163001 0)
(1.03871 -0.160917 0)
(1.05519 -0.159795 -4.56576e-18)
(1.06936 -0.159345 0)
(1.10041 -0.159527 -1.28487e-18)
(0.976761 0.214804 0)
(0.984936 0.20201 -1.22202e-17)
(0.992771 0.199204 -1.07015e-17)
(0.995649 0.198991 0)
(0.994983 0.196871 1.84226e-17)
(0.993957 0.193635 1.73968e-17)
(0.993389 0.19014 0)
(0.992828 0.186205 1.5662e-17)
(0.992161 0.181685 -1.48728e-17)
(0.99156 0.176662 0)
(0.991074 0.171202 0)
(0.990635 0.165313 0)
(0.990182 0.158987 0)
(0.989695 0.152209 -1.13199e-17)
(0.989164 0.144966 -1.11243e-17)
(0.988597 0.137281 1.02252e-17)
(0.988068 0.129389 -3.02687e-17)
(0.987698 0.12154 0)
(0.987571 0.113753 0)
(0.987689 0.10599 9.6999e-18)
(0.988002 0.098251 1.89709e-17)
(0.988457 0.0905685 -9.28867e-18)
(0.989023 0.082971 0)
(0.989679 0.0754695 0)
(0.990404 0.0680601 -4.65803e-18)
(0.991171 0.0607324 9.17665e-18)
(0.991948 0.0534749 -9.15396e-18)
(0.992708 0.0462766 0)
(0.993423 0.0391285 0)
(0.994066 0.0320265 -2.25982e-18)
(0.994618 0.0249739 0)
(0.995063 0.0179775 2.33007e-18)
(0.995395 0.0110504 -1.1418e-18)
(0.995635 0.00418973 -1.44988e-20)
(0.995789 -0.00261493 -7.27196e-21)
(0.99586 -0.00933868 0)
(0.995862 -0.0159733 0)
(0.99581 -0.0225248 -2.90178e-20)
(0.995711 -0.0289952 1.18311e-18)
(0.995573 -0.0353818 3.53895e-18)
(0.995406 -0.0416821 4.72874e-18)
(0.995221 -0.0478947 2.41021e-18)
(0.99503 -0.0540184 -2.37151e-18)
(0.994844 -0.0600517 -2.3927e-18)
(0.994673 -0.0659924 2.47323e-18)
(0.994528 -0.0718365 0)
(0.994421 -0.0775775 4.93666e-18)
(0.994369 -0.0832075 -5.107e-18)
(0.994393 -0.0887196 0)
(0.994525 -0.0941141 0)
(0.994799 -0.0994054 0)
(0.995254 -0.104627 0)
(0.995917 -0.109836 0)
(0.996801 -0.115109 0)
(0.997887 -0.120537 5.38901e-18)
(0.999123 -0.126207 -1.09759e-17)
(1.00042 -0.132181 -5.59308e-18)
(1.00165 -0.138472 5.63852e-18)
(1.00269 -0.145029 5.54344e-18)
(1.00341 -0.151732 -5.77018e-18)
(1.00371 -0.158395 5.87124e-18)
(1.00355 -0.16479 0)
(1.00292 -0.170669 6.17001e-18)
(1.00186 -0.175799 -6.37066e-18)
(1.00043 -0.179974 0)
(0.998712 -0.183033 -1.36597e-17)
(0.996811 -0.184872 7.106e-18)
(0.99486 -0.185453 -1.48581e-17)
(0.993029 -0.18481 7.74446e-18)
(0.991544 -0.183063 0)
(0.990685 -0.180411 8.22369e-18)
(0.990792 -0.17713 8.47585e-18)
(0.992245 -0.173552 -8.44926e-18)
(0.995476 -0.170039 -8.45063e-18)
(1.00086 -0.166944 8.14026e-18)
(1.00898 -0.164597 0)
(1.01961 -0.16314 0)
(1.03489 -0.162753 5.25544e-18)
(1.04827 -0.16267 0)
(1.07923 -0.163486 1.4826e-18)
(0.977833 0.212617 1.62044e-17)
(0.988995 0.19965 0)
(0.998472 0.199058 -2.40914e-17)
(1.00125 0.199733 2.18259e-17)
(1.00018 0.19759 -2.08136e-17)
(0.99903 0.194434 1.9963e-17)
(0.998399 0.191033 0)
(0.997724 0.187058 1.60214e-19)
(0.996946 0.182455 1.67913e-17)
(0.996278 0.177367 0)
(0.995791 0.171857 0)
(0.995442 0.165931 0)
(0.995187 0.159586 2.77038e-17)
(0.995003 0.152813 0)
(0.994847 0.145595 2.46874e-17)
(0.994671 0.137939 0)
(0.994463 0.130055 4.61751e-17)
(0.994267 0.122181 0)
(0.994121 0.114344 0)
(0.994031 0.106519 -2.20787e-17)
(0.993973 0.0987116 -1.08133e-17)
(0.993933 0.0909543 0)
(0.993914 0.0832774 0)
(0.993932 0.0756956 0)
(0.993998 0.0682096 5.25959e-18)
(0.994115 0.0608137 -5.24248e-18)
(0.994278 0.0534995 -1.07968e-19)
(0.99448 0.0462583 0)
(0.994709 0.0390812 5.33837e-18)
(0.994953 0.031964 0)
(0.995198 0.0249079 0)
(0.995436 0.0179162 -2.63372e-18)
(0.995662 0.0109958 1.34973e-18)
(0.99587 0.00413869 -1.44131e-20)
(0.99606 -0.00265364 3.29797e-19)
(0.996229 -0.00936769 0)
(0.99638 -0.0159977 0)
(0.996523 -0.0225475 1.32811e-18)
(0.996662 -0.0290192 -1.33377e-18)
(0.996799 -0.0354114 -2.68146e-18)
(0.99694 -0.0417227 -2.69787e-18)
(0.997092 -0.0479523 -2.71668e-18)
(0.99726 -0.0540998 0)
(0.997451 -0.0601639 0)
(0.997671 -0.0661425 -2.78664e-18)
(0.997927 -0.0720319 -5.74277e-18)
(0.998225 -0.0778267 0)
(0.998575 -0.0835206 1.16154e-17)
(0.99899 -0.0891087 0)
(0.999485 -0.0945928 0)
(1.00008 -0.0999862 -6.06638e-18)
(1.00079 -0.105319 6.13444e-18)
(1.00163 -0.110639 6.20015e-18)
(1.00259 -0.116012 0)
(1.00364 -0.121513 6.32024e-18)
(1.0047 -0.127211 1.26228e-17)
(1.00569 -0.133153 -1.3551e-19)
(1.00647 -0.139343 -6.34782e-18)
(1.0069 -0.145728 0)
(1.00685 -0.152191 6.50158e-18)
(1.00617 -0.158557 1.50013e-19)
(1.00479 -0.164607 0)
(1.00263 -0.170104 -1.40696e-17)
(0.999699 -0.174819 -1.14017e-19)
(0.996009 -0.178551 0)
(0.991644 -0.181148 7.7886e-18)
(0.986739 -0.182522 0)
(0.981497 -0.182656 8.47553e-18)
(0.976194 -0.181619 -8.81524e-18)
(0.971188 -0.179564 -9.128e-18)
(0.966901 -0.176726 -9.45876e-18)
(0.963812 -0.17341 9.60656e-18)
(0.962418 -0.169964 9.76841e-18)
(0.96324 -0.16676 0)
(0.966702 -0.16414 0)
(0.973431 -0.162429 0)
(0.983181 -0.161694 0)
(0.998264 -0.162223 0)
(1.01169 -0.162621 0)
(1.04447 -0.164551 0)
(0.979275 0.209853 1.98772e-17)
(0.993932 0.197332 0)
(1.00486 0.199293 2.72415e-17)
(1.00729 0.200615 -2.19068e-20)
(1.00581 0.198412 0)
(1.00459 0.195393 -4.51446e-17)
(1.00391 0.192068 0)
(1.00315 0.188034 -2.01076e-17)
(1.00229 0.183353 1.92982e-17)
(1.00155 0.178202 -1.83673e-17)
(1.001 0.17263 3.49383e-17)
(1.0006 0.166636 -3.323e-17)
(1.00031 0.16023 -3.12379e-17)
(1.00015 0.153407 0)
(1.00008 0.146158 2.86337e-17)
(1.00007 0.138485 0)
(1.0001 0.130587 -5.28549e-17)
(1.00016 0.122696 2.61968e-17)
(1.00026 0.114843 0)
(1.0004 0.107005 1.2551e-17)
(1.00052 0.0991846 0)
(1.00062 0.0914099 0)
(1.00069 0.0837076 -1.24157e-17)
(1.00075 0.0760919 0)
(1.00082 0.0685657 0)
(1.0009 0.0611253 0)
(1.00099 0.053765 6.01213e-18)
(1.00111 0.0464781 0)
(1.00125 0.0392568 1.11099e-19)
(1.00141 0.0320983 6.13141e-18)
(1.00157 0.025004 0)
(1.00174 0.0179769 0)
(1.00191 0.0110152 -1.51362e-18)
(1.00208 0.00412762 7.561e-19)
(1.00225 -0.00268882 0)
(1.00242 -0.00942942 3.8583e-19)
(1.00259 -0.0160894 7.73479e-19)
(1.00276 -0.02267 0)
(1.00294 -0.0291735 0)
(1.00312 -0.0355995 3.13331e-18)
(1.00332 -0.041947 0)
(1.00353 -0.0482153 -3.17324e-18)
(1.00376 -0.0544035 3.19702e-18)
(1.00399 -0.0605098 0)
(1.00424 -0.0665314 0)
(1.0045 -0.0724638 -1.14815e-19)
(1.00477 -0.078301 0)
(1.00503 -0.0840359 -6.58841e-18)
(1.0053 -0.0896633 6.77621e-18)
(1.00555 -0.0951833 0)
(1.0058 -0.100606 6.82013e-18)
(1.00604 -0.105956 1.12603e-19)
(1.00624 -0.111273 -6.97596e-18)
(1.00638 -0.11661 0)
(1.0064 -0.122028 -7.11954e-18)
(1.00621 -0.12758 -7.18726e-18)
(1.00571 -0.133299 1.46466e-17)
(1.00475 -0.139179 0)
(1.00317 -0.145158 7.56791e-18)
(1.0008 -0.151121 7.68351e-18)
(0.997494 -0.156895 1.45222e-19)
(0.993136 -0.162272 0)
(0.987658 -0.167028 2.45248e-17)
(0.981055 -0.170951 8.36041e-18)
(0.973396 -0.173864 -1.75286e-17)
(0.964834 -0.175646 0)
(0.955613 -0.176245 -1.89063e-17)
(0.946075 -0.175691 -1.96679e-17)
(0.936651 -0.174094 1.02276e-17)
(0.92785 -0.17165 1.06235e-17)
(0.920233 -0.168624 -2.18664e-17)
(0.914386 -0.165338 1.11408e-17)
(0.910873 -0.162144 0)
(0.910245 -0.1594 0)
(0.912908 -0.157422 2.1809e-17)
(0.919477 -0.156524 0)
(0.929596 -0.156683 0)
(0.945824 -0.158359 0)
(0.960361 -0.15941 0)
(0.997067 -0.16293 0)
(0.981152 0.206468 -4.34212e-17)
(0.999746 0.195256 -3.76867e-17)
(1.01186 0.199924 -2.998e-17)
(1.01376 0.201604 -5.62799e-21)
(1.01195 0.199368 0)
(1.01072 0.196531 2.54584e-17)
(1.01001 0.193247 0)
(1.0092 0.189139 0)
(1.00831 0.184389 -2.17026e-17)
(1.00755 0.179184 2.0659e-17)
(1.00697 0.173552 -7.89798e-17)
(1.00653 0.167494 3.73894e-17)
(1.0062 0.161021 3.59536e-17)
(1.00599 0.154135 3.42353e-17)
(1.00589 0.146829 3.77496e-19)
(1.00587 0.139104 0)
(1.00591 0.131157 6.03077e-17)
(1.00603 0.12322 -2.94924e-17)
(1.00621 0.115326 0)
(1.00644 0.107455 -2.91095e-17)
(1.00668 0.0996105 0)
(1.0069 0.0918138 -1.428e-17)
(1.0071 0.0840883 1.39716e-17)
(1.00728 0.0764465 1.41053e-17)
(1.00745 0.0688904 1.40485e-17)
(1.00761 0.0614169 1.40093e-17)
(1.00778 0.0540211 0)
(1.00795 0.0466974 0)
(1.00811 0.0394383 -6.88262e-18)
(1.00828 0.0322424 -6.89331e-18)
(1.00843 0.0251117 0)
(1.00858 0.018048 0)
(1.00872 0.0110522 -1.75538e-18)
(1.00885 0.00413167 0)
(1.00897 -0.00271658 -4.38802e-19)
(1.00907 -0.00949005 -4.32247e-19)
(1.00916 -0.0161836 1.44691e-20)
(1.00923 -0.0227966 0)
(1.00928 -0.0293302 -3.55291e-18)
(1.0093 -0.0357839 5.79767e-20)
(1.00929 -0.0421555 3.59359e-18)
(1.00923 -0.0484427 3.56054e-18)
(1.0091 -0.0546427 -3.58844e-18)
(1.00891 -0.0607517 0)
(1.00863 -0.0667642 0)
(1.00824 -0.0726729 7.37904e-18)
(1.00772 -0.0784691 0)
(1.00705 -0.0841431 0)
(1.00621 -0.0896867 -1.53761e-17)
(1.00519 -0.0950971 0)
(1.00396 -0.10038 0)
(1.00251 -0.105555 -7.92083e-18)
(1.00079 -0.110653 0)
(0.998778 -0.115718 -8.23382e-18)
(0.996399 -0.120799 0)
(0.993563 -0.125937 0)
(0.990146 -0.131152 -1.69588e-17)
(0.986001 -0.136428 -1.73211e-17)
(0.98096 -0.1417 8.93074e-18)
(0.974861 -0.146854 -8.80729e-18)
(0.96756 -0.151726 -8.99493e-18)
(0.958964 -0.156126 0)
(0.949046 -0.159856 -3.82371e-17)
(0.937871 -0.162736 0)
(0.925602 -0.16463 4.09663e-17)
(0.912514 -0.165462 -2.13653e-17)
(0.89899 -0.16523 2.215e-17)
(0.885512 -0.164009 2.31159e-17)
(0.872649 -0.161952 0)
(0.861021 -0.159281 -2.50161e-17)
(0.85127 -0.156278 2.58871e-17)
(0.844023 -0.153261 -2.65271e-17)
(0.839845 -0.150565 0)
(0.839256 -0.148522 0)
(0.842596 -0.147406 1.14427e-20)
(0.850431 -0.14752 0)
(0.862246 -0.148741 0)
(0.8809 -0.151757 0)
(0.897491 -0.15364 0)
(0.93994 -0.159128 0)
(0.983507 0.202468 0)
(1.00638 0.193566 1.98096e-19)
(1.01938 0.200873 3.36914e-17)
(1.02068 0.202652 -6.21603e-17)
(1.01864 0.200472 0)
(1.01744 0.197843 0)
(1.01675 0.194564 0)
(1.01591 0.190375 2.5912e-17)
(1.01503 0.185565 0)
(1.01427 0.180308 0)
(1.01368 0.174617 4.45133e-17)
(1.01321 0.168495 -4.27597e-17)
(1.01284 0.161957 3.799e-19)
(1.01258 0.155006 -3.84391e-17)
(1.01241 0.147637 -3.66211e-17)
(1.01232 0.139849 0)
(1.0123 0.131838 3.80897e-19)
(1.01235 0.123837 0)
(1.01246 0.115884 0)
(1.01263 0.10796 -4.03133e-19)
(1.0128 0.10007 0)
(1.01297 0.0922332 1.6049e-17)
(1.01312 0.0844695 0)
(1.01324 0.07679 -1.58524e-17)
(1.01334 0.0691963 2.14606e-19)
(1.01342 0.0616852 -1.57434e-17)
(1.01348 0.0542529 -7.96801e-18)
(1.01351 0.0468942 0)
(1.01352 0.0396012 0)
(1.01348 0.0323737 7.98529e-18)
(1.01341 0.0252143 0)
(1.0133 0.0181241 0)
(1.01314 0.0111059 3.95692e-18)
(1.01291 0.00416601 0)
(1.0126 -0.00269553 9.90189e-19)
(1.0122 -0.00947522 0)
(1.0117 -0.0161668 -9.88185e-19)
(1.01108 -0.0227673 -2.01338e-18)
(1.01033 -0.0292753 3.98953e-18)
(1.00941 -0.035688 -4.01367e-18)
(1.00832 -0.0420006 -4.04164e-18)
(1.00703 -0.0482078 0)
(1.00551 -0.0543036 0)
(1.00375 -0.0602808 0)
(1.00172 -0.0661309 8.49566e-18)
(0.999383 -0.0718435 0)
(0.996728 -0.0774073 0)
(0.993732 -0.0828108 0)
(0.990376 -0.0880444 -1.10002e-19)
(0.986648 -0.0931041 0)
(0.982537 -0.0979943 -9.15897e-18)
(0.978033 -0.102731 -9.29059e-18)
(0.973115 -0.107344 -9.42589e-18)
(0.967751 -0.111869 9.45345e-18)
(0.961884 -0.116349 0)
(0.955427 -0.120814 0)
(0.948263 -0.125279 9.88179e-18)
(0.940249 -0.12972 2.00847e-17)
(0.93123 -0.134074 -2.04454e-17)
(0.921059 -0.138233 0)
(0.909624 -0.142052 0)
(0.896878 -0.145366 0)
(0.882862 -0.148011 2.26314e-17)
(0.867724 -0.14985 -2.3617e-17)
(0.851728 -0.150792 -2.43429e-17)
(0.835257 -0.150808 2.53572e-17)
(0.818801 -0.149939 -2.6538e-17)
(0.80294 -0.148297 0)
(0.788315 -0.146059 2.88018e-17)
(0.775598 -0.14346 2.99119e-17)
(0.765448 -0.140775 3.08766e-17)
(0.75848 -0.138308 0)
(0.755222 -0.136361 0)
(0.756134 -0.135234 3.17482e-17)
(0.761474 -0.135156 5.75696e-20)
(0.771752 -0.136419 2.8547e-17)
(0.786271 -0.138801 0)
(0.808308 -0.143264 0)
(0.827556 -0.146116 0)
(0.876903 -0.153796 0)
(0.98634 0.197924 -6.18052e-17)
(1.01372 0.19242 5.31524e-19)
(1.02734 0.202081 -3.64947e-17)
(1.02804 0.203755 3.47454e-17)
(1.02583 0.201734 0)
(1.02461 0.199292 0)
(1.02378 0.195957 0)
(1.02275 0.19166 -2.89427e-17)
(1.02163 0.186764 0)
(1.02061 0.181421 0)
(1.01973 0.175635 5.05912e-17)
(1.01894 0.169417 -3.78605e-19)
(1.01825 0.162786 -4.56226e-17)
(1.01766 0.155746 0)
(1.01714 0.148291 0)
(1.0167 0.140423 0)
(1.01631 0.132333 -7.7714e-17)
(1.01598 0.124256 0)
(1.01571 0.116233 0)
(1.01546 0.108248 3.71919e-17)
(1.01522 0.100305 0)
(1.01493 0.0924221 0)
(1.01459 0.0846175 0)
(1.0142 0.0769016 -1.82733e-17)
(1.01373 0.069276 -3.62068e-17)
(1.0132 0.0617381 1.81687e-17)
(1.01259 0.0542849 -9.18264e-18)
(1.01189 0.0469141 0)
(1.01108 0.0396117 9.08525e-18)
(1.01017 0.0323882 -8.97964e-18)
(1.00914 0.0252451 0)
(1.00795 0.0181826 0)
(1.00658 0.0112062 -6.77264e-18)
(1.00501 0.00432375 -2.26941e-18)
(1.00323 -0.00246079 -1.13023e-18)
(1.0012 -0.00914177 0)
(0.99891 -0.0157111 0)
(0.996337 -0.0221629 2.27683e-18)
(0.993462 -0.0284929 4.63931e-18)
(0.990263 -0.0346955 -4.67401e-18)
(0.98672 -0.040764 4.71351e-18)
(0.982814 -0.0466908 0)
(0.978528 -0.052468 0)
(0.973845 -0.0580872 0)
(0.968752 -0.063539 -9.73158e-18)
(0.96324 -0.0688133 9.96588e-18)
(0.957303 -0.0738994 0)
(0.950942 -0.0787878 0)
(0.944162 -0.0834714 -1.02201e-19)
(0.936975 -0.0879488 0)
(0.929397 -0.0922272 1.06409e-17)
(0.921438 -0.0963242 -9.91529e-20)
(0.913101 -0.100267 2.21096e-17)
(0.904366 -0.104092 0)
(0.895186 -0.107832 0)
(0.885482 -0.111516 0)
(0.875137 -0.115151 2.37977e-17)
(0.864013 -0.118711 0)
(0.851961 -0.122137 -2.47358e-17)
(0.838849 -0.125332 0)
(0.824596 -0.128173 -2.59157e-17)
(0.809192 -0.130522 0)
(0.792732 -0.132253 0)
(0.775426 -0.133266 2.82783e-17)
(0.757605 -0.133513 0)
(0.739716 -0.133002 0)
(0.722306 -0.131804 3.1915e-17)
(0.705999 -0.130053 0)
(0.691465 -0.127939 -6.93333e-17)
(0.679382 -0.125692 3.5957e-17)
(0.670401 -0.123575 -3.70653e-17)
(0.665106 -0.121865 3.78597e-17)
(0.663978 -0.120833 -3.8171e-17)
(0.667421 -0.120744 4.98623e-20)
(0.675608 -0.121782 9.46199e-20)
(0.689035 -0.124241 -3.30425e-17)
(0.70682 -0.127801 -2.85974e-17)
(0.732702 -0.133708 0)
(0.754742 -0.137584 1.40803e-17)
(0.811376 -0.147513 -6.92423e-18)
(0.989625 0.192955 6.5209e-17)
(1.02178 0.191897 8.5968e-19)
(1.03581 0.203482 6.20227e-19)
(1.03562 0.204915 -3.87227e-17)
(1.0326 0.203033 0)
(1.03029 0.200568 3.5932e-17)
(1.02802 0.196944 0)
(1.02539 0.192332 0)
(1.02262 0.18715 0)
(1.01995 0.181534 0)
(1.01745 0.175495 3.68106e-19)
(1.01514 0.169051 5.4002e-17)
(1.01301 0.162226 0)
(1.01105 0.155024 0)
(1.00923 0.147438 0)
(1.00751 0.139465 -4.52469e-17)
(1.00589 0.131293 -3.69076e-19)
(1.00438 0.123156 0)
(1.00295 0.115093 0)
(1.00153 0.107089 0)
(1.00009 0.0991441 -4.24486e-17)
(0.998564 0.0912742 -2.1081e-17)
(0.996928 0.0834962 0)
(0.995164 0.0758196 2.06868e-17)
(0.99326 0.0682465 4.14679e-17)
(0.991202 0.0607746 -2.06025e-17)
(0.988977 0.0534035 -2.06954e-19)
(0.986563 0.0461217 0)
(0.983949 0.0389382 -2.07387e-17)
(0.981105 0.0318641 1.04141e-17)
(0.977992 0.0248915 0)
(0.974586 0.0180232 0)
(0.970867 0.0112682 5.16476e-18)
(0.96682 0.00463583 -2.60759e-20)
(0.962429 -0.00186741 6.50374e-19)
(0.957679 -0.00823445 0)
(0.952559 -0.0144564 -2.6586e-18)
(0.947061 -0.0205263 0)
(0.941175 -0.0264387 5.07096e-20)
(0.934898 -0.0321883 5.40531e-18)
(0.928223 -0.0377684 -5.46378e-18)
(0.921149 -0.0431724 -1.11551e-17)
(0.913678 -0.0483939 0)
(0.905813 -0.0534264 -1.14465e-17)
(0.897563 -0.0582633 1.161e-17)
(0.88894 -0.0628977 -1.16916e-17)
(0.879962 -0.0673235 0)
(0.870652 -0.0715355 -1.21708e-17)
(0.861041 -0.0755321 1.22916e-17)
(0.851164 -0.0793167 0)
(0.841053 -0.0829004 0)
(0.830736 -0.0863026 1.29825e-17)
(0.820223 -0.0895507 -1.32272e-17)
(0.8095 -0.0926765 0)
(0.798518 -0.0957105 0)
(0.787186 -0.0986732 0)
(0.775383 -0.101566 -5.72337e-17)
(0.762958 -0.104365 0)
(0.74976 -0.107013 2.97278e-17)
(0.735661 -0.109425 0)
(0.720586 -0.111498 3.12135e-17)
(0.704549 -0.113121 3.22773e-17)
(0.68767 -0.114197 0)
(0.67019 -0.114662 3.44494e-17)
(0.652472 -0.114498 3.5738e-17)
(0.634997 -0.113739 0)
(0.61834 -0.11248 -3.86532e-17)
(0.603145 -0.110866 0)
(0.590093 -0.109091 -2.60931e-20)
(0.579861 -0.107377 1.73856e-20)
(0.573081 -0.10597 0)
(0.570306 -0.105118 2.53553e-20)
(0.571973 -0.105059 4.51919e-17)
(0.578433 -0.106025 -4.42572e-17)
(0.589811 -0.108163 -4.17386e-17)
(0.606595 -0.111771 0)
(0.627677 -0.11643 3.2458e-17)
(0.657364 -0.123669 0)
(0.681879 -0.128528 -1.58155e-17)
(0.74543 -0.140598 7.72403e-18)
(0.993547 0.187731 0)
(1.03075 0.19195 4.79026e-17)
(1.04375 0.204766 4.08994e-17)
(1.03991 0.205563 -1.02122e-19)
(1.03195 0.203213 0)
(1.02391 0.199924 -7.97075e-17)
(1.01577 0.195283 0)
(1.00753 0.189741 7.3051e-17)
(0.999638 0.183769 0)
(0.992407 0.177495 0)
(0.985909 0.170932 3.43023e-19)
(0.980096 0.164094 0)
(0.974887 0.156992 -5.90522e-17)
(0.970193 0.149616 5.65062e-17)
(0.965902 0.141947 5.40612e-17)
(0.961895 0.13397 1.03112e-16)
(0.958152 0.125859 5.04076e-17)
(0.954666 0.117835 0)
(0.951351 0.109927 0)
(0.948103 0.102114 4.93248e-17)
(0.944825 0.0943893 4.8642e-17)
(0.941441 0.0867653 2.4193e-17)
(0.937904 0.0792552 0)
(0.934186 0.0718671 0)
(0.930269 0.0646027 -2.40143e-17)
(0.926138 0.0574595 0)
(0.921777 0.0504347 2.40449e-17)
(0.917169 0.043522 0)
(0.912282 0.036758 2.41889e-17)
(0.907093 0.0301245 -1.2055e-17)
(0.901584 0.023613 1.21672e-17)
(0.895742 0.0172331 0)
(0.889559 0.0109946 0)
(0.883027 0.00490604 3.057e-18)
(0.876146 -0.00102633 0)
(0.868912 -0.0067964 -7.80611e-19)
(0.86133 -0.0123969 3.12758e-18)
(0.853405 -0.0178221 0)
(0.845146 -0.0230687 -6.38511e-18)
(0.836561 -0.0281332 0)
(0.827661 -0.0330117 6.58471e-18)
(0.818459 -0.0377006 1.32658e-17)
(0.808972 -0.0421968 0)
(0.799217 -0.0464974 2.74111e-17)
(0.789217 -0.0505999 -1.38869e-17)
(0.778996 -0.054502 0)
(0.768587 -0.058202 0)
(0.758024 -0.0617 1.46294e-17)
(0.747348 -0.0649989 0)
(0.7366 -0.0681061 0)
(0.725821 -0.0710351 -1.55472e-17)
(0.715038 -0.0738057 3.16944e-17)
(0.704258 -0.076443 0)
(0.693457 -0.0789742 0)
(0.682573 -0.081423 -3.35633e-17)
(0.671502 -0.0838031 0)
(0.660104 -0.0861106 -1.39015e-19)
(0.648213 -0.0883184 -3.55751e-17)
(0.635667 -0.0903743 -3.63278e-17)
(0.622328 -0.0922035 0)
(0.608123 -0.0937182 -3.8085e-17)
(0.59307 -0.0948308 -3.90165e-17)
(0.5773 -0.095471 0)
(0.561072 -0.0956009 -8.32511e-17)
(0.544775 -0.0952279 -4.30803e-17)
(0.528912 -0.0944107 4.47668e-17)
(0.514082 -0.0932589 4.64097e-17)
(0.500945 -0.0919277 -4.81666e-17)
(0.490184 -0.0906069 9.95827e-17)
(0.482463 -0.0895086 -5.12295e-17)
(0.478383 -0.0888541 -5.23645e-17)
(0.478458 -0.0888634 -5.29071e-17)
(0.483075 -0.08974 0)
(0.492553 -0.0916869 0)
(0.50695 -0.094812 0)
(0.526773 -0.0994186 0)
(0.550661 -0.104999 0)
(0.58359 -0.113334 -2.93871e-17)
(0.609767 -0.119023 0)
(0.679024 -0.132927 0)
(0.9988 0.182496 0)
(1.03779 0.192018 0)
(1.04101 0.204231 4.14297e-17)
(1.0221 0.20259 4.40587e-17)
(0.998563 0.197925 0)
(0.976562 0.192299 4.4248e-17)
(0.956638 0.185617 0)
(0.938828 0.178518 -8.24327e-17)
(0.92333 0.171424 0)
(0.910107 0.164392 0)
(0.898868 0.157374 -1.47622e-16)
(0.889255 0.150329 -7.10375e-17)
(0.880943 0.143221 6.78842e-17)
(0.873652 0.136005 -6.50826e-17)
(0.867124 0.128632 -6.23615e-17)
(0.861124 0.121067 -1.19741e-16)
(0.855585 0.113456 0)
(0.850473 0.10599 5.85602e-17)
(0.845649 0.0986818 0)
(0.840955 0.0915011 -1.15351e-16)
(0.836256 0.0844362 5.75551e-17)
(0.831452 0.0774918 0)
(0.826487 0.0706778 -2.86301e-17)
(0.821333 0.0639999 0)
(0.815977 0.0574592 0)
(0.810407 0.0510539 0)
(0.804616 0.0447738 0)
(0.798589 0.0386439 0)
(0.792312 0.0326692 -1.43545e-17)
(0.785771 0.0268236 0)
(0.778956 0.0211128 -2.89711e-17)
(0.771862 0.0155478 -7.2965e-18)
(0.764486 0.0101353 0)
(0.756828 0.00488069 0)
(0.748895 -0.000211901 -9.31684e-19)
(0.740694 -0.00513861 9.36049e-19)
(0.732237 -0.00989481 0)
(0.723538 -0.0144774 -3.84197e-18)
(0.714615 -0.0188852 0)
(0.705483 -0.0231173 0)
(0.69616 -0.0271727 -1.59421e-17)
(0.686666 -0.0310505 0)
(0.67702 -0.0347506 1.6455e-17)
(0.667246 -0.0382731 -1.66599e-17)
(0.65737 -0.0416185 0)
(0.647419 -0.0447879 0)
(0.637427 -0.047783 0)
(0.627431 -0.050607 0)
(0.61747 -0.0532655 -1.82484e-17)
(0.607585 -0.0557677 0)
(0.597812 -0.0581272 1.88913e-17)
(0.588171 -0.0603619 -3.84988e-17)
(0.578661 -0.0624928 3.93217e-17)
(0.569246 -0.0645408 4.00511e-17)
(0.559848 -0.0665221 4.06867e-17)
(0.55035 -0.0684425 0)
(0.540593 -0.0702923 4.2191e-17)
(0.5304 -0.072042 8.60767e-17)
(0.519594 -0.0736417 8.77851e-17)
(0.508033 -0.0750257 -4.48797e-17)
(0.495642 -0.076121 9.17632e-17)
(0.482445 -0.0768605 4.71112e-17)
(0.468592 -0.077198 0)
(0.454366 -0.0771211 9.98083e-17)
(0.440181 -0.0766613 0)
(0.426566 -0.0758967 -1.0657e-16)
(0.414133 -0.0749486 5.50949e-17)
(0.403538 -0.0739733 -2.98395e-20)
(0.395436 -0.0731506 -5.84316e-17)
(0.390448 -0.072672 0)
(0.389119 -0.0727302 6.06282e-17)
(0.391907 -0.0735135 6.08978e-17)
(0.399148 -0.0751904 0)
(0.411121 -0.0779354 -5.71023e-17)
(0.427824 -0.0818217 5.32829e-17)
(0.449813 -0.0871555 0)
(0.475434 -0.0933574 0)
(0.510433 -0.102405 3.23846e-17)
(0.536872 -0.108612 0)
(0.609629 -0.123816 0)
(1.00402 0.17724 7.55209e-17)
(1.02676 0.189398 0)
(0.997028 0.196785 -8.70412e-17)
(0.944548 0.189388 0)
(0.895545 0.180292 -4.97413e-17)
(0.856782 0.171509 0)
(0.826286 0.162873 0)
(0.801788 0.154748 0)
(0.782028 0.147245 0)
(0.766051 0.14022 -8.91166e-17)
(0.75299 0.133502 8.57702e-17)
(0.742133 0.126974 -2.05675e-19)
(0.732945 0.120545 0)
(0.725013 0.114138 0)
(0.717994 0.107685 0)
(0.711597 0.101133 1.40421e-16)
(0.705726 0.0945995 0)
(0.700336 0.0882336 -6.88475e-17)
(0.695274 0.0820359 0)
(0.690365 0.0759728 -1.99205e-19)
(0.685461 0.0700291 2.00971e-19)
(0.680458 0.0642051 6.83147e-17)
(0.675306 0.0585072 3.4055e-17)
(0.669987 0.0529397 0)
(0.664499 0.0475032 -3.42616e-17)
(0.658838 0.0421965 0)
(0.653003 0.037021 0)
(0.647001 0.0319792 0)
(0.640812 0.0270625 1.73577e-17)
(0.634427 0.0222708 -1.74356e-17)
(0.627838 0.0176115 1.74823e-17)
(0.621042 0.0130889 8.79795e-18)
(0.614038 0.00870538 0)
(0.606833 0.00446408 0)
(0.599434 0.000367299 1.12776e-18)
(0.591853 -0.00358286 0)
(0.584104 -0.00738385 0)
(0.576206 -0.0110344 9.33786e-18)
(0.568178 -0.0145348 9.46767e-18)
(0.560036 -0.0178859 -9.59491e-18)
(0.551799 -0.0210881 -2.09458e-20)
(0.543485 -0.0241422 0)
(0.535116 -0.0270497 4.01612e-20)
(0.526713 -0.0298125 0)
(0.518299 -0.0324325 0)
(0.5099 -0.0349125 -2.1054e-17)
(0.501546 -0.0372557 0)
(0.49327 -0.0394667 0)
(0.485109 -0.041552 2.21368e-17)
(0.477096 -0.0435206 0)
(0.46926 -0.0453845 0)
(0.461614 -0.0471583 4.67219e-17)
(0.454147 -0.0488577 6.62533e-20)
(0.446812 -0.0504965 -4.82573e-17)
(0.439522 -0.0520832 -4.91214e-17)
(0.432146 -0.0536159 -4.99224e-17)
(0.424518 -0.0550793 -5.07383e-17)
(0.416453 -0.0564418 -5.15205e-17)
(0.407772 -0.0576572 -1.04929e-16)
(0.398339 -0.0586692 1.06927e-16)
(0.388093 -0.0594208 -5.45512e-17)
(0.377081 -0.0598663 -5.58126e-17)
(0.365479 -0.0599838 5.72752e-17)
(0.353598 -0.0597853 4.16824e-20)
(0.341873 -0.0593221 -6.05016e-17)
(0.330834 -0.0586842 6.22136e-17)
(0.321068 -0.057994 2.53075e-20)
(0.31318 -0.057397 6.55825e-17)
(0.307756 -0.0570512 0)
(0.305332 -0.0571191 0)
(0.306375 -0.0577602 0)
(0.311273 -0.0591295 -6.79878e-17)
(0.320306 -0.0613621 0)
(0.333725 -0.0646055 -1.05253e-19)
(0.351469 -0.0689048 -5.84294e-17)
(0.374171 -0.0745598 0)
(0.399853 -0.0809474 4.49689e-17)
(0.435073 -0.0901537 0)
(0.459787 -0.0963827 0)
(0.532729 -0.112098 1.16063e-17)
(0.997056 0.17083 2.35236e-18)
(0.9601 0.177926 0)
(0.870029 0.174911 4.72612e-17)
(0.779132 0.160013 0)
(0.713813 0.147319 5.62393e-17)
(0.670847 0.137269 0)
(0.640589 0.128658 0)
(0.617603 0.121183 0)
(0.599628 0.114609 1.06263e-16)
(0.585429 0.108657 2.06017e-16)
(0.574031 0.103107 9.96742e-17)
(0.564682 0.0978116 1.92215e-16)
(0.556848 0.0926706 0)
(0.550139 0.0876017 8.90302e-17)
(0.544233 0.0825375 8.54805e-17)
(0.538868 0.0774286 -1.63863e-16)
(0.533953 0.0723593 0)
(0.529456 0.0674402 0)
(0.525245 0.0626664 0)
(0.521162 0.0580082 1.61967e-16)
(0.517071 0.0534507 -8.0959e-17)
(0.512881 0.0489925 -8.10555e-17)
(0.508559 0.0446376 -4.0669e-17)
(0.504101 0.0403897 4.07843e-17)
(0.499516 0.0362497 4.08731e-17)
(0.49481 0.0322207 0)
(0.489984 0.0283043 -4.13157e-17)
(0.485052 0.0244688 0)
(0.479991 0.0207353 -2.08252e-17)
(0.47479 0.0171122 2.09493e-17)
(0.469442 0.0135987 -2.11197e-17)
(0.463946 0.0101943 0)
(0.458304 0.00690002 1.07284e-17)
(0.452522 0.00371824 0)
(0.44661 0.000650257 0)
(0.44058 -0.00230298 0)
(0.434445 -0.00514025 0)
(0.428223 -0.0078613 -5.64864e-18)
(0.421932 -0.0104672 -1.14408e-17)
(0.415587 -0.0129591 1.15928e-17)
(0.409205 -0.0153383 -1.21815e-20)
(0.4028 -0.0176061 0)
(0.396391 -0.0197646 -2.41942e-17)
(0.389995 -0.0218158 -2.45831e-17)
(0.383631 -0.0237625 0)
(0.377321 -0.0256076 2.5331e-17)
(0.371089 -0.0273548 0)
(0.364964 -0.0290087 0)
(0.358974 -0.0305753 2.65816e-17)
(0.353148 -0.0320623 5.40048e-17)
(0.347505 -0.0334791 0)
(0.342052 -0.0348362 -5.5647e-17)
(0.336767 -0.0361436 -5.6476e-17)
(0.3316 -0.0374084 0)
(0.326455 -0.0386316 5.80958e-17)
(0.321202 -0.0398054 5.88951e-17)
(0.315676 -0.0409107 5.97041e-17)
(0.309705 -0.0419167 6.05858e-17)
(0.303125 -0.0427834 1.22927e-16)
(0.295828 -0.0434671 3.8365e-20)
(0.287781 -0.0439293 -6.35671e-17)
(0.279063 -0.044146 0)
(0.269877 -0.0441174 -6.61319e-17)
(0.260541 -0.0438736 -1.35253e-16)
(0.251471 -0.0434755 1.38366e-16)
(0.24315 -0.043012 -7.07599e-17)
(0.236086 -0.0425923 -7.2236e-17)
(0.230784 -0.0423384 0)
(0.227719 -0.0423773 -7.45696e-17)
(0.22732 -0.0428373 0)
(0.229959 -0.0438425 0)
(0.235951 -0.0455156 -7.37798e-17)
(0.24552 -0.0479613 0)
(0.258894 -0.0512997 6.77708e-17)
(0.275961 -0.0555541 -6.30044e-17)
(0.29742 -0.0610008 0)
(0.321028 -0.0670178 -4.79947e-17)
(0.35397 -0.0756664 0)
(0.374697 -0.0812857 0)
(0.443332 -0.0964767 -1.22956e-17)
(0.943676 0.159905 -7.91279e-17)
(0.792328 0.149734 0)
(0.646348 0.134632 5.27303e-17)
(0.546504 0.116142 0)
(0.491769 0.104368 6.36195e-17)
(0.460751 0.0963061 0)
(0.439189 0.0897583 0)
(0.422464 0.0841819 0)
(0.409407 0.0793643 4.79361e-20)
(0.399248 0.0750765 4.90031e-20)
(0.391192 0.07113 -1.12989e-16)
(0.384625 0.0673996 -1.09235e-16)
(0.379144 0.0638021 0)
(0.374468 0.0602736 -2.02963e-16)
(0.370362 0.0567623 -9.75266e-17)
(0.366632 0.0532304 1.87291e-16)
(0.363216 0.0497339 0)
(0.360101 0.0463477 9.34854e-17)
(0.357191 0.0430673 9.38191e-17)
(0.354363 0.0398704 -9.40929e-17)
(0.351505 0.0367449 0)
(0.348554 0.0336891 -9.48682e-17)
(0.345493 0.0307062 4.76202e-17)
(0.342335 0.0277995 -4.78577e-17)
(0.339096 0.0249713 4.81473e-17)
(0.335785 0.0222185 0)
(0.332399 0.019535 -2.68127e-20)
(0.328952 0.0169144 0)
(0.325421 0.0143633 0)
(0.321793 0.0118885 0)
(0.318064 0.00949025 -1.32547e-20)
(0.314234 0.00716859 0)
(0.310306 0.00492435 -1.27442e-17)
(0.306286 0.00275878 6.43682e-18)
(0.302183 0.000672333 0)
(0.298007 -0.00133485 0)
(0.29377 -0.00326235 -6.6468e-18)
(0.289487 -0.00511035 0)
(0.285171 -0.00687994 0)
(0.280835 -0.00857235 1.37868e-17)
(0.276491 -0.0101887 -5.6948e-21)
(0.272149 -0.0117304 -2.8304e-17)
(0.267823 -0.0131991 -2.86885e-17)
(0.263527 -0.014597 2.90734e-17)
(0.259273 -0.0159263 0)
(0.25508 -0.0171898 0)
(0.250964 -0.0183905 0)
(0.246948 -0.0195323 0)
(0.243052 -0.02062 -3.11601e-17)
(0.239296 -0.0216592 2.04201e-20)
(0.235694 -0.0226564 0)
(0.232242 -0.0236177 0)
(0.228918 -0.0245481 6.56229e-17)
(0.225667 -0.0254489 0)
(0.222404 -0.0263164 0)
(0.219009 -0.0271395 -6.78563e-17)
(0.215344 -0.0278993 0)
(0.211265 -0.02857 -6.93067e-17)
(0.206649 -0.0291217 -1.40226e-16)
(0.201425 -0.0295259 -7.09713e-17)
(0.195597 -0.0297622 7.19351e-17)
(0.189264 -0.0298246 0)
(0.182622 -0.0297275 7.41818e-17)
(0.175956 -0.0295072 1.5082e-16)
(0.169612 -0.0292206 -7.6663e-17)
(0.163969 -0.0289411 7.78755e-17)
(0.159415 -0.0287531 7.89663e-17)
(0.156319 -0.0287468 0)
(0.155025 -0.0290143 -2.00524e-20)
(0.155842 -0.0296468 0)
(0.159042 -0.0307336 0)
(0.164864 -0.0323643 7.78453e-17)
(0.173477 -0.0346152 0)
(0.185071 -0.037577 0)
(0.19951 -0.0412574 6.6014e-17)
(0.217488 -0.0458857 -5.93788e-17)
(0.236736 -0.0509077 0)
(0.26438 -0.0581617 -4.01178e-17)
(0.279284 -0.0625448 0)
(0.337832 -0.0758653 0)
(0.781195 0.136258 0)
(0.508927 0.100281 5.55543e-17)
(0.371088 0.0813082 -5.96762e-17)
(0.305395 0.0671983 6.736e-17)
(0.276706 0.0601191 -1.20198e-20)
(0.260869 0.0554748 6.88855e-17)
(0.248797 0.0516087 0)
(0.239088 0.0482971 1.33292e-16)
(0.231605 0.0454641 -1.30475e-16)
(0.225889 0.0429699 -1.2724e-16)
(0.221388 0.0406901 0)
(0.217718 0.0385428 0)
(0.21466 0.0364776 0)
(0.212057 0.0344571 1.11896e-16)
(0.209774 0.03245 0)
(0.207696 0.0304332 -1.03646e-16)
(0.205793 0.028438 0)
(0.204066 0.0265077 1.18502e-20)
(0.202458 0.0246399 -1.05404e-16)
(0.200884 0.0228209 0)
(0.199274 0.0210404 0)
(0.19759 0.0192986 1.07821e-16)
(0.195834 0.017598 0)
(0.194025 0.0159408 5.47348e-17)
(0.192176 0.0143287 -5.51531e-17)
(0.190292 0.0127558 0)
(0.188372 0.0112238 5.6042e-17)
(0.18642 0.00973696 0)
(0.18442 0.00828691 0)
(0.182361 0.00687889 0)
(0.180242 0.00551455 2.89855e-17)
(0.178064 0.004194 0)
(0.175829 0.00291754 0)
(0.173542 0.001684 -7.45879e-18)
(0.17121 0.00049549 0)
(0.16884 -0.000647791 0)
(0.166439 -0.00174577 -8.96225e-22)
(0.164018 -0.00279876 0)
(0.161586 -0.00380755 0)
(0.15915 -0.00477299 1.75204e-21)
(0.156717 -0.00569587 1.61331e-17)
(0.154294 -0.00657717 3.26566e-17)
(0.151889 -0.00741812 3.30545e-17)
(0.14951 -0.00822015 3.3462e-17)
(0.147167 -0.00898485 0)
(0.144869 -0.00971405 3.42805e-17)
(0.142629 -0.0104099 0)
(0.140458 -0.011075 0)
(0.13837 -0.0117123 3.54982e-17)
(0.136376 -0.0123251 8.38454e-21)
(0.134482 -0.0129168 0)
(0.132682 -0.0134902 -7.32565e-17)
(0.130955 -0.0140463 -1.4787e-16)
(0.129259 -0.0145838 0)
(0.127528 -0.0150975 7.51873e-17)
(0.125678 -0.0155776 7.57487e-17)
(0.123613 -0.0160103 0)
(0.12124 -0.0163787 0)
(0.118486 -0.0166652 7.74495e-17)
(0.115318 -0.0168556 0)
(0.111761 -0.016943 0)
(0.107903 -0.016931 0)
(0.103892 -0.0168364 -8.03465e-17)
(0.0999278 -0.0166883 -8.11871e-17)
(0.0962416 -0.0165269 0)
(0.093075 -0.0163999 -8.27507e-17)
(0.0906654 -0.0163599 -8.33236e-17)
(0.0892362 -0.0164623 8.3661e-17)
(0.0889924 -0.0167652 1.67258e-16)
(0.0901224 -0.0173185 0)
(0.0927941 -0.0181772 0)
(0.0971601 -0.0193966 0)
(0.103328 -0.0210243 0)
(0.111434 -0.0231174 -7.30112e-17)
(0.121353 -0.025675 6.75953e-17)
(0.133643 -0.0288537 6.04755e-17)
(0.146465 -0.0322514 -5.15647e-17)
(0.165549 -0.0372105 -2.4335e-19)
(0.173949 -0.0399157 0)
(0.215371 -0.0495569 1.41162e-17)
(0.40858 0.0780678 8.08176e-17)
(0.16385 0.0347336 -9.41642e-17)
(0.114652 0.0266903 0)
(0.0943069 0.0215935 5.62381e-21)
(0.0870868 0.0193594 -5.33331e-17)
(0.0827437 0.0178883 -5.30642e-17)
(0.0789235 0.0166255 0)
(0.0758037 0.0155392 -1.04182e-16)
(0.0734667 0.0146159 0)
(0.0717163 0.0138084 0)
(0.0703396 0.0130731 0)
(0.0692133 0.0123816 0)
(0.0682754 0.0117174 0)
(0.0674802 0.0110684 9.25096e-17)
(0.0667819 0.0104244 0)
(0.0661447 0.00977763 8.72099e-17)
(0.0655616 0.0091378 8.81228e-17)
(0.0650368 0.00851926 -1.79958e-16)
(0.0645492 0.00792136 0)
(0.0640663 0.00733947 9.32895e-17)
(0.063562 0.00676884 -9.4796e-17)
(0.063027 0.0062102 0)
(0.062467 0.00566434 -4.88122e-17)
(0.0618917 0.00513208 -4.94855e-17)
(0.0613069 0.00461372 0)
(0.0607137 0.00410899 -5.07813e-17)
(0.0601101 0.00361833 5.14076e-17)
(0.0594982 0.00314227 0)
(0.0588695 0.00267911 0)
(0.0582189 0.00222964 2.66116e-17)
(0.0575483 0.00179375 -2.69094e-17)
(0.0568584 0.00137159 0)
(0.0561497 0.000963298 0)
(0.0554244 0.000567614 -6.95002e-18)
(0.0546853 0.000186431 3.51219e-18)
(0.0539349 -0.000180289 0)
(0.0531761 -0.000532591 7.1733e-18)
(0.0524129 -0.000870633 0)
(0.0516486 -0.00119469 0)
(0.0508855 -0.00150504 1.58369e-22)
(0.0501259 -0.00180199 2.98771e-17)
(0.0493725 -0.00208592 0)
(0.0486281 -0.00235726 0)
(0.0478958 -0.00261653 -3.07292e-17)
(0.0471785 -0.00286432 3.09999e-17)
(0.0464799 -0.00310128 -3.12597e-17)
(0.0458039 -0.00332819 0)
(0.0451549 -0.00354595 3.17422e-17)
(0.0445374 -0.00375557 -3.19579e-17)
(0.0439547 -0.00395807 1.74534e-21)
(0.0434079 -0.00415438 0)
(0.042893 -0.00434504 -2.28267e-21)
(0.0423999 -0.00452986 1.30385e-16)
(0.04191 -0.00470765 0)
(0.0413966 -0.00487588 3.09394e-21)
(0.0408262 -0.00503062 0)
(0.0401622 -0.00516676 0)
(0.0393713 -0.00527858 0)
(0.0384303 -0.00536079 6.55869e-17)
(0.0373336 -0.00540981 0)
(0.0360979 -0.00542503 6.55609e-17)
(0.034764 -0.00540972 0)
(0.0333939 -0.00537138 0)
(0.0320649 -0.00532142 0)
(0.0308622 -0.00527425 0)
(0.0298718 -0.00524628 -1.16594e-21)
(0.0291754 -0.00525515 0)
(0.0288487 -0.0053195 -1.29596e-16)
(0.0289615 -0.00545965 -6.41348e-17)
(0.0295792 -0.00569029 6.31582e-17)
(0.0307611 -0.00603016 0)
(0.0325637 -0.0064982 0)
(0.0350263 -0.00711066 0)
(0.0382047 -0.0078865 5.38987e-17)
(0.042038 -0.00882534 3.8881e-20)
(0.0467781 -0.00997888 0)
(0.0515909 -0.0112108 3.74088e-17)
(0.0590666 -0.0129865 2.95373e-17)
(0.061541 -0.0139339 0)
(0.0783036 -0.017583 -1.01116e-17)
)
;

boundaryField
{
    inlet
    {
        type            fixedValue;
        value           uniform (0.97437 0.22495 0);
    }
    outlet
    {
        type            zeroGradient;
    }
    fixedWalls
    {
        type            noSlip;
    }
    frontAndBack
    {
        type            empty;
    }
}


// ************************************************************************* //
