/*--------------------------------*- C++ -*----------------------------------*\
| =========                 |                                                 |
| \\      /  F ield         | OpenFOAM: The Open Source CFD Toolbox           |
|  \\    /   O peration     | Version:  v1912                                 |
|   \\  /    A nd           | Website:  www.openfoam.com                      |
|    \\/     M anipulation  |                                                 |
\*---------------------------------------------------------------------------*/
FoamFile
{
    version     2.0;
    format      ascii;
    class       surfaceScalarField;
    location    "125";
    object      phi;
}
// * * * * * * * * * * * * * * * * * * * * * * * * * * * * * * * * * * * * * //

dimensions      [0 3 -1 0 0 0 0];
oriented        oriented;


internalField   nonuniform List<scalar> 
3895
(
0.000812963
0.000383213
0.00049577
0.000317193
0.000248419
0.000247351
6.45265e-05
0.000183893
-5.64877e-05
0.000121014
-0.00011322
5.67324e-05
-0.000118884
5.66432e-06
-9.87846e-05
-2.00998e-05
-9.79635e-05
-8.21059e-07
-9.07027e-05
-7.26077e-06
-7.87344e-05
-1.19683e-05
-8.31324e-05
4.39803e-06
-9.90648e-05
1.59324e-05
-0.00010972
1.06552e-05
-0.000115034
5.31418e-06
-0.000122285
7.25037e-06
-0.000132995
1.07105e-05
-0.000145422
1.24268e-05
-0.00015878
1.33586e-05
-0.000173329
1.45482e-05
-0.000189696
1.6367e-05
-0.000208514
1.8818e-05
-0.000230352
2.18378e-05
-0.000255679
2.53278e-05
-0.000284771
2.90917e-05
-0.000317597
3.28257e-05
-0.000353763
3.61661e-05
-0.00039252
3.87574e-05
-0.000432768
4.02477e-05
-0.000473205
4.04376e-05
-0.000512487
3.92815e-05
-0.000549349
3.68624e-05
-0.000582711
3.33618e-05
-0.00061173
2.90184e-05
-0.000635814
2.40846e-05
-0.000654611
1.87971e-05
-0.000667986
1.33743e-05
-0.000675923
7.93763e-06
-0.000678146
2.22252e-06
-0.000675876
-2.27015e-06
-0.000670016
-5.85971e-06
-0.000660669
-9.34662e-06
-0.000647952
-1.27171e-05
-0.000631924
-1.60281e-05
-0.000612611
-1.93127e-05
-0.000590032
-2.25789e-05
-0.000564213
-2.58191e-05
-0.000535198
-2.90156e-05
-0.000503053
-3.21452e-05
-0.000467871
-3.51814e-05
-0.000429774
-3.80968e-05
-0.000388912
-4.08625e-05
-0.000345462
-4.34496e-05
-0.000299607
-4.58549e-05
-0.000251551
-4.80565e-05
-0.00020154
-5.00107e-05
-0.000149843
-5.16973e-05
-9.6747e-05
-5.30958e-05
-4.25652e-05
-5.41818e-05
1.2389e-05
-5.49542e-05
6.79236e-05
-5.55346e-05
0.000123851
-5.59272e-05
0.000179827
-5.59766e-05
0.000235544
-5.57168e-05
0.000290719
-5.51746e-05
0.000345093
-5.43737e-05
0.000398431
-5.33387e-05
0.000450527
-5.20962e-05
0.000501203
-5.06757e-05
0.000550314
-4.91105e-05
0.000597752
-4.74389e-05
0.00064346
-4.57079e-05
0.000687441
-4.39809e-05
0.000729788
-4.2347e-05
0.000770755
-4.09671e-05
0.000810837
-4.00816e-05
0.000851135
-4.02984e-05
0.00089378
-4.26447e-05
0.000942289
-4.85086e-05
-7.34571e-05
0.00108704
0.00035198
0.00104377
0.000360468
0.000925086
0.000366032
0.000762362
0.000346617
0.000579146
0.00030423
0.000384405
0.000251473
0.0001941
0.000195969
3.8177e-05
0.000135823
-4.53682e-05
8.27242e-05
-8.15454e-05
2.89163e-05
-9.14151e-05
-2.09856e-06
-8.15146e-05
-5.50255e-06
-8.54168e-05
1.98346e-05
-9.31625e-05
1.84009e-05
-9.89208e-05
1.10725e-05
-0.000109934
1.82636e-05
-0.000122489
2.32657e-05
-0.000135129
2.50665e-05
-0.000147502
2.57316e-05
-0.000160235
2.72807e-05
-0.00017369
2.98224e-05
-0.000187928
3.30564e-05
-0.000202882
3.67914e-05
-0.000218435
4.0881e-05
-0.000234404
4.50604e-05
-0.000250475
4.88966e-05
-0.000266178
5.18693e-05
-0.000280916
5.34952e-05
-0.000294094
5.34261e-05
-0.00030518
5.15234e-05
-0.000313771
4.78724e-05
-0.000319633
4.27244e-05
-0.000322708
3.64368e-05
-0.000323101
2.94117e-05
-0.000321062
2.20459e-05
-0.000316943
1.46772e-05
-0.000311164
7.59614e-06
-0.000304629
1.40203e-06
-0.000297244
-5.16231e-06
-0.000288669
-1.08455e-05
-0.000278402
-1.61266e-05
-0.000266367
-2.13817e-05
-0.000252389
-2.6695e-05
-0.000236341
-3.20762e-05
-0.000218144
-3.75095e-05
-0.00019776
-4.2963e-05
-0.000175183
-4.8396e-05
-0.000150436
-5.37623e-05
-0.000123568
-5.9013e-05
-9.46515e-05
-6.40983e-05
-6.37793e-05
-6.89689e-05
-3.10645e-05
-7.35774e-05
3.36547e-06
-7.78796e-05
3.93396e-05
-8.1829e-05
7.66684e-05
-8.53853e-05
0.00011517
-8.85127e-05
0.000154651
-9.11779e-05
0.00019491
-9.33552e-05
0.000235757
-9.50281e-05
0.000277001
-9.61981e-05
0.000318351
-9.68847e-05
0.000359508
-9.70844e-05
0.000400313
-9.67816e-05
0.000440588
-9.5992e-05
0.000480159
-9.47452e-05
0.000518862
-9.30769e-05
0.000556551
-9.10278e-05
0.000593099
-8.86443e-05
0.000628402
-8.59781e-05
0.000662379
-8.30875e-05
0.000694978
-8.00385e-05
0.00072618
-7.69101e-05
0.000756002
-7.3803e-05
0.000784511
-7.08552e-05
0.000811824
-6.82804e-05
0.000838145
-6.64023e-05
0.000863689
-6.58432e-05
0.0008885
-6.74557e-05
0.000912473
-7.24809e-05
-8.89574e-05
0.000976119
0.000307775
0.00102675
0.000309837
0.00105929
0.000333497
0.0010521
0.000353802
0.000998538
0.000357793
0.000903294
0.000346717
0.000775423
0.00032384
0.00062173
0.000289517
0.000459102
0.000245352
0.000292633
0.000195385
0.000144464
0.00014607
4.07468e-05
9.82143e-05
-2.6527e-06
6.32341e-05
-1.89373e-05
3.46855e-05
-2.88419e-05
2.09772e-05
-3.59984e-05
2.54201e-05
-4.49848e-05
3.22521e-05
-5.4568e-05
3.46498e-05
-6.32598e-05
3.44234e-05
-7.06416e-05
3.46625e-05
-7.68687e-05
3.60494e-05
-8.19568e-05
3.81445e-05
-8.5674e-05
4.05085e-05
-8.79078e-05
4.31148e-05
-8.86749e-05
4.58276e-05
-8.80683e-05
4.829e-05
-8.62176e-05
5.00186e-05
-8.32788e-05
5.05564e-05
-7.94384e-05
4.95857e-05
-7.48979e-05
4.6983e-05
-6.98423e-05
4.28168e-05
-6.44194e-05
3.73015e-05
-5.87231e-05
3.07406e-05
-5.27802e-05
2.34687e-05
-4.656e-05
1.58258e-05
-3.99972e-05
8.11442e-06
-3.25842e-05
1.83102e-07
-2.43441e-05
-6.83807e-06
-1.55038e-05
-1.40026e-05
-5.43968e-06
-2.09097e-05
6.09899e-06
-2.76652e-05
1.9118e-05
-3.44008e-05
3.3601e-05
-4.11779e-05
4.95308e-05
-4.8006e-05
6.68861e-05
-5.48647e-05
8.5638e-05
-6.17149e-05
0.000105748
-6.85064e-05
0.000127168
-7.51821e-05
0.000149836
-8.16813e-05
0.00017368
-8.79416e-05
0.000198612
-9.39011e-05
0.000224534
-9.94991e-05
0.000251332
-0.000104678
0.000278884
-0.000109382
0.000307059
-0.00011356
0.000335714
-0.000117168
0.000364708
-0.000120172
0.000393894
-0.000122541
0.000423128
-0.000124261
0.000452258
-0.000125328
0.000481121
-0.000125748
0.000509567
-0.00012553
0.000537475
-0.000124689
0.000564735
-0.000123252
0.000591247
-0.000121257
0.000616924
-0.000118754
0.000641693
-0.000115797
0.000665497
-0.000112448
0.000688293
-0.000108774
0.000710054
-0.000104849
0.00073077
-0.000100754
0.000750442
-9.65822e-05
0.000769083
-9.24439e-05
0.000786712
-8.84836e-05
0.00080333
-8.48992e-05
0.000818914
-8.19858e-05
0.000833236
-8.01655e-05
0.00084592
-8.01399e-05
0.000855783
-8.23431e-05
-9.11219e-05
0.000857367
0.000272966
0.000897589
0.000269615
0.000949739
0.000281347
0.00100252
0.000301025
0.00104092
0.000319389
0.00105504
0.000332591
0.00103973
0.000339158
0.000991867
0.000337377
0.000912113
0.000325105
0.000804834
0.000302665
0.000678049
0.000272856
0.000539068
0.000237195
0.000404347
0.000197955
0.000282652
0.00015638
0.000185658
0.000117972
0.000124158
8.69194e-05
9.40317e-05
6.23788e-05
8.02752e-05
4.84063e-05
7.20395e-05
4.26591e-05
6.58021e-05
4.09e-05
6.13847e-05
4.04668e-05
5.93408e-05
4.01885e-05
5.98827e-05
3.99666e-05
6.29834e-05
4.00141e-05
6.84694e-05
4.03416e-05
7.60582e-05
4.07011e-05
8.53652e-05
4.07116e-05
9.5929e-05
3.99926e-05
0.000107264
3.82508e-05
0.000118923
3.53244e-05
0.000130546
3.11932e-05
0.000141896
2.5952e-05
0.000152855
1.97811e-05
0.000163435
1.28891e-05
0.000173747
5.51305e-06
0.000184023
-2.16112e-06
0.000194172
-9.966e-06
0.000205039
-1.77049e-05
0.000216474
-2.54375e-05
0.000228678
-3.31142e-05
0.000241753
-4.07401e-05
0.000255705
-4.83529e-05
0.0002705
-5.59729e-05
0.000286088
-6.35938e-05
0.000302413
-7.11893e-05
0.000319415
-7.87174e-05
0.000337034
-8.61254e-05
0.000355205
-9.33531e-05
0.000373859
-0.000100336
0.000392924
-0.000107006
0.000412319
-0.000113297
0.000431963
-0.000119142
0.000451764
-0.00012448
0.000471633
-0.00012925
0.000491474
-0.000133401
0.000511192
-0.000136887
0.000530693
-0.000139673
0.000549886
-0.000141735
0.000568683
-0.000143058
0.000586999
-0.000143644
0.000604755
-0.000143504
0.000621882
-0.000142657
0.000638327
-0.000141134
0.000654049
-0.000138975
0.000669021
-0.000136229
0.000683225
-0.000132958
0.000696655
-0.000129227
0.000709314
-0.000125107
0.000721214
-0.000120674
0.000732373
-0.000116009
0.000742815
-0.000111196
0.000752562
-0.000106328
0.000761627
-0.00010151
0.00077001
-9.68657e-05
0.000777663
-9.25524e-05
0.00078447
-8.87929e-05
0.000790139
-8.58342e-05
0.000794184
-8.41855e-05
0.000795663
-8.3822e-05
-8.68539e-05
0.00075912
0.00023988
0.000789426
0.000239309
0.000826155
0.000244619
0.000871835
0.000255346
0.000923009
0.000268215
0.000973721
0.000281879
0.00101717
0.000295708
0.00104665
0.000307895
0.00105606
0.000315703
0.00104152
0.000317201
0.00100228
0.000312091
0.000938902
0.000300577
0.000854741
0.000282116
0.000754465
0.000256656
0.00064588
0.000226557
0.000538459
0.00019434
0.000445417
0.00015542
0.000373075
0.000120748
0.000322113
9.36216e-05
0.000289348
7.36641e-05
0.000269967
5.98483e-05
0.00025944
5.0715e-05
0.000254672
4.4735e-05
0.000254034
4.06524e-05
0.000256779
3.75963e-05
0.000262476
3.50047e-05
0.000270691
3.24961e-05
0.00028091
2.97737e-05
0.000292569
2.65923e-05
0.000305123
2.27703e-05
0.000318104
1.82115e-05
0.000331159
1.28974e-05
0.000344037
6.90353e-06
0.000356646
2.79949e-07
0.000368977
-6.81825e-06
0.000381138
-1.43225e-05
0.000393243
-2.20703e-05
0.000405482
-2.99445e-05
0.000417927
-3.78819e-05
0.000430653
-4.58403e-05
0.000443704
-5.37908e-05
0.000457074
-6.17228e-05
0.000470725
-6.96242e-05
0.000484603
-7.74717e-05
0.000498644
-8.52303e-05
0.000512781
-9.28545e-05
0.000526946
-0.00010029
0.00054107
-0.000107478
0.000555086
-0.000114351
0.000568925
-0.000120844
0.000582518
-0.00012689
0.000595799
-0.000132423
0.000608701
-0.000137382
0.00062116
-0.000141709
0.000633117
-0.000145357
0.000644516
-0.000148286
0.000655308
-0.000150465
0.000665451
-0.000151878
0.000674912
-0.000152519
0.000683666
-0.000152398
0.000691698
-0.000151535
0.000699003
-0.000149962
0.000705589
-0.000147721
0.000711478
-0.000144863
0.000716697
-0.000141449
0.000721285
-0.000137546
0.000725286
-0.000133228
0.000728748
-0.000128569
0.000731722
-0.000123647
0.000734256
-0.000118543
0.000736396
-0.000113337
0.00073818
-0.000108112
0.000739626
-0.000102956
0.000740728
-9.79673e-05
0.000741428
-9.32526e-05
0.000741595
-8.89599e-05
0.000740955
-8.51939e-05
0.000739049
-8.22803e-05
0.000735254
-8.00261e-05
-7.88089e-05
0.000671951
0.000208766
0.000700418
0.000210842
0.000729692
0.000215345
0.000762595
0.000222443
0.000800437
0.000230372
0.000843549
0.000238766
0.000890905
0.000248352
0.00093969
0.00025911
0.000985466
0.000269927
0.00102325
0.000279419
0.00104881
0.000286529
0.00105901
0.000290376
0.00105138
0.000289744
0.00102451
0.000283527
0.000979273
0.000271796
0.000918343
0.00025527
0.000848881
0.000224882
0.000777499
0.00019213
0.000709465
0.000161656
0.000648845
0.000134284
0.000598251
0.000110443
0.000558721
9.02445e-05
0.000529887
7.35685e-05
0.000510438
6.0102e-05
0.00049867
4.93641e-05
0.000492924
4.0751e-05
0.0004918
3.36193e-05
0.0004942
2.73741e-05
0.000499262
2.15302e-05
0.000506295
1.5737e-05
0.000514731
9.77557e-06
0.000524135
3.49336e-06
0.000534119
-3.08005e-06
0.000544395
-9.99593e-06
0.000554859
-1.72829e-05
0.000565384
-2.48474e-05
0.000575925
-3.26105e-05
0.000586475
-4.0495e-05
0.000597035
-4.84422e-05
0.000607602
-5.64066e-05
0.00061816
-6.43492e-05
0.000628677
-7.22396e-05
0.000639101
-8.00487e-05
0.000649372
-8.77426e-05
0.000659422
-9.52803e-05
0.000669182
-0.000102614
0.000678582
-0.00010969
0.000687555
-0.00011645
0.000696035
-0.000122831
0.00070396
-0.00012877
0.000711275
-0.000134205
0.000717927
-0.000139075
0.00072387
-0.000143325
0.000729068
-0.000146907
0.00073349
-0.000149779
0.000737117
-0.000151913
0.000739941
-0.000153289
0.000741964
-0.0001539
0.000743198
-0.000153754
0.00074367
-0.00015287
0.000743413
-0.000151279
0.000742475
-0.000149024
0.000740912
-0.000146157
0.000738786
-0.000142737
0.000736168
-0.000138831
0.00073313
-0.000134509
0.000729747
-0.000129844
0.000726091
-0.000124913
0.000722232
-0.000119788
0.000718231
-0.000114543
0.000714144
-0.000109249
0.000710009
-0.000103977
0.000705847
-9.87943e-05
0.000701651
-9.37707e-05
0.000697365
-8.89666e-05
0.000692868
-8.44634e-05
0.00068793
-8.02553e-05
0.000682143
-7.64941e-05
0.000675108
-7.29912e-05
-6.8629e-05
0.000593749
0.000180653
0.000620764
0.000183827
0.00064771
0.000188399
0.00067558
0.000194572
0.000704945
0.000201008
0.000736689
0.000207022
0.000771975
0.000213066
0.000811439
0.000219647
0.000854586
0.00022678
0.000899769
0.000234236
0.000944566
0.000241733
0.000986153
0.000248789
0.00102138
0.000254513
0.00104713
0.000257777
0.00106106
0.000257872
0.00106184
0.000254493
0.0010497
0.000237014
0.00102677
0.000215061
0.000995707
0.000192722
0.000959349
0.000170643
0.000920468
0.000149324
0.000881587
0.000129125
0.000844851
0.000110304
0.000811926
9.30274e-05
0.000783922
7.73677e-05
0.000761373
6.33006e-05
0.000744278
5.07135e-05
0.000732227
3.94254e-05
0.000724548
2.9209e-05
0.000720468
1.98169e-05
0.000719236
1.10076e-05
0.000720175
2.55505e-06
0.000722747
-5.65275e-06
0.000726501
-1.37493e-05
0.000731054
-2.18357e-05
0.00073615
-2.99443e-05
0.000741605
-3.80648e-05
0.000747277
-4.61678e-05
0.000753056
-5.42207e-05
0.000758843
-6.21937e-05
0.000764553
-7.0059e-05
0.000770103
-7.77897e-05
0.000775412
-8.53578e-05
0.000780399
-9.27298e-05
0.000784985
-9.9866e-05
0.000789092
-0.000106721
0.000792645
-0.000113244
0.000795577
-0.000119382
0.000797825
-0.000125079
0.000799333
-0.000130279
0.000800058
-0.000134929
0.000799962
-0.00013898
0.000799024
-0.000142386
0.000797229
-0.000145113
0.000794581
-0.000147131
0.000791094
-0.000148425
0.000786794
-0.00014899
0.000781724
-0.00014883
0.000775937
-0.000147967
0.000769497
-0.000146429
0.000762476
-0.000144258
0.000754956
-0.000141504
0.000747023
-0.000138224
0.000738765
-0.000134479
0.00073027
-0.000130336
0.000721626
-0.000125865
0.000712915
-0.000121133
0.000704212
-0.00011621
0.000695585
-0.000111161
0.000687092
-0.00010605
0.000678779
-0.000100937
0.000670679
-9.5877e-05
0.000662804
-9.09197e-05
0.000655143
-8.61097e-05
0.000647646
-8.14694e-05
0.000640207
-7.70246e-05
0.000632644
-7.26914e-05
0.000624596
-6.84464e-05
0.00061582
-6.42152e-05
-5.75273e-05
0.000524266
0.000155648
0.000548876
0.000159218
0.000573652
0.000163623
0.000599096
0.000169128
0.00062516
0.000174944
0.000651826
0.000180356
0.000679565
0.000185327
0.00070915
0.000190062
0.000741298
0.000194632
0.000776441
0.000199094
0.000814564
0.000203609
0.000855084
0.000208269
0.000896745
0.000212852
0.000937694
0.000216827
0.000975853
0.000219712
0.00100924
0.000221101
0.00103506
0.000211202
0.00105261
0.000197513
0.0010622
0.00018313
0.00106453
0.000168307
0.00106055
0.000153305
0.00105133
0.000138343
0.00103803
0.000123604
0.00102183
0.000109229
0.00100389
9.53123e-05
0.000985285
8.19039e-05
0.000966983
6.90156e-05
0.000949771
5.66372e-05
0.000934233
4.47473e-05
0.00092073
3.33205e-05
0.000909415
2.23225e-05
0.000900248
1.17219e-05
0.000893113
1.48203e-06
0.000887882
-8.51849e-06
0.000884229
-1.81828e-05
0.000881762
-2.74767e-05
0.000880136
-3.64391e-05
0.000879071
-4.51024e-05
0.000878341
-5.34914e-05
0.000877769
-6.16218e-05
0.000877208
-6.94974e-05
0.000876529
-7.71108e-05
0.000875617
-8.44459e-05
0.000874365
-9.14779e-05
0.000872675
-9.81758e-05
0.000870457
-0.000104503
0.000867632
-0.000110419
0.000864132
-0.000115883
0.000859904
-0.00012085
0.000854905
-0.00012528
0.000849108
-0.000129132
0.000842501
-0.000132373
0.000835088
-0.000134973
0.000826886
-0.000136911
0.00081793
-0.000138175
0.000808268
-0.000138763
0.000797961
-0.000138683
0.000787083
-0.000137952
0.000775717
-0.000136601
0.000763953
-0.000134665
0.000751884
-0.00013219
0.000739606
-0.000129227
0.000727214
-0.000125831
0.000714797
-0.000122062
0.000702441
-0.00011798
0.000690223
-0.000113646
0.000678212
-0.000109121
0.000666466
-0.000104464
0.000655034
-9.97296e-05
0.000643956
-9.49721e-05
0.000633259
-9.02398e-05
0.000622958
-8.55761e-05
0.000613054
-8.10154e-05
0.000603528
-7.65833e-05
0.000594333
-7.22752e-05
0.000585381
-6.80725e-05
0.000576536
-6.38457e-05
0.00056748
-5.93905e-05
0.000558089
-5.48246e-05
-4.6416e-05
0.000462815
0.000133508
0.000484787
0.000137246
0.000507025
0.000141386
0.00052998
0.000146172
0.00055364
0.000151284
0.000577775
0.000156221
0.000602307
0.000160795
0.000627355
0.000165014
0.000653178
0.000168809
0.000680165
0.000172106
0.000708799
0.000174975
0.000739506
0.000177562
0.000772456
0.000179903
0.00080741
0.000181873
0.000843766
0.000183357
0.000880628
0.000184239
0.000915357
0.000176473
0.000946673
0.000166197
0.000974026
0.000155777
0.00099712
0.000145213
0.00101588
0.000134546
0.00103039
0.000123827
0.00104089
0.00011311
0.00104767
0.000102444
0.00105112
9.18659e-05
0.00105163
8.13882e-05
0.00104965
7.10043e-05
0.00104559
6.0698e-05
0.00103988
5.04538e-05
0.00103294
4.02637e-05
0.00102513
3.01308e-05
0.00101678
2.00679e-05
0.00100814
1.01257e-05
0.000999312
3.06939e-07
0.000990651
-9.52114e-06
0.000982303
-1.91296e-05
0.000974369
-2.85049e-05
0.000966846
-3.75789e-05
0.000959659
-4.63052e-05
0.000952692
-5.46542e-05
0.000945802
-6.26072e-05
0.000938844
-7.01529e-05
0.000931681
-7.72828e-05
0.000924191
-8.39878e-05
0.00091627
-9.02554e-05
0.000907836
-9.60686e-05
0.000898823
-0.000101406
0.000889185
-0.000106245
0.000878893
-0.000110558
0.000867934
-0.000114321
0.000856313
-0.000117511
0.00084405
-0.00012011
0.000831183
-0.000122105
0.000817761
-0.000123489
0.000803849
-0.000124263
0.000789523
-0.000124437
0.000774868
-0.000124028
0.000759975
-0.000123059
0.000744936
-0.000121562
0.000729845
-0.000119574
0.000714792
-0.000117137
0.000699861
-0.000114296
0.00068513
-0.0001111
0.000670666
-0.000107598
0.000656529
-0.000103843
0.000642767
-9.98846e-05
0.00062942
-9.57744e-05
0.000616518
-9.15617e-05
0.000604082
-8.72941e-05
0.000592127
-8.30163e-05
0.000580656
-7.87688e-05
0.000569666
-7.45869e-05
0.000559147
-7.04956e-05
0.000549072
-6.65082e-05
0.000539401
-6.26045e-05
0.00053006
-5.8732e-05
0.00052096
-5.47451e-05
0.000511827
-5.0258e-05
0.000502637
-4.56341e-05
-3.59627e-05
0.000408523
0.000113948
0.000428002
0.000117767
0.000447762
0.000121626
0.000468173
0.000125761
0.000489292
0.000130166
0.000511002
0.000134511
0.000533203
0.000138594
0.000555813
0.000142404
0.000578749
0.000145873
0.000601988
0.000148867
0.00062564
0.000151323
0.000649942
0.00015326
0.000675176
0.000154669
0.000701569
0.00015548
0.000729255
0.00015567
0.000758225
0.000155269
0.000786979
0.00014772
0.00081479
0.000138385
0.000841289
0.000129278
0.000866139
0.000120363
0.000889071
0.000111615
0.000909891
0.000103007
0.000928483
9.45186e-05
0.000944796
8.61312e-05
0.000958836
7.78251e-05
0.000970652
6.95722e-05
0.00098032
6.13372e-05
0.000987934
5.30839e-05
0.000993605
4.47821e-05
0.000997456
3.64129e-05
0.000999615
2.7972e-05
0.00100021
1.94711e-05
0.000999389
1.09485e-05
0.000997209
2.48711e-06
0.000993629
-5.94118e-06
0.000988726
-1.42265e-05
0.000982593
-2.2372e-05
0.000975353
-3.03385e-05
0.000967129
-3.80812e-05
0.000958035
-4.55611e-05
0.000948171
-5.27432e-05
0.000937614
-5.95958e-05
0.000926421
-6.60898e-05
0.000914631
-7.21976e-05
0.000902269
-7.78933e-05
0.000889352
-8.31519e-05
0.000875896
-8.79499e-05
0.000861917
-9.2266e-05
0.000847441
-9.60812e-05
0.0008325
-9.938e-05
0.000817139
-0.00010215
0.000801413
-0.000104385
0.000785388
-0.00010608
0.000769138
-0.000107239
0.000752743
-0.000107868
0.000736286
-0.00010798
0.000719851
-0.000107593
0.000703518
-0.000106727
0.000687365
-0.000105409
0.000671461
-0.000103669
0.000655866
-0.000101542
0.000640633
-9.90628e-05
0.000625805
-9.62714e-05
0.000611415
-9.32087e-05
0.00059749
-8.99175e-05
0.000584047
-8.64413e-05
0.000571096
-8.28238e-05
0.000558643
-7.91085e-05
0.000546686
-7.53375e-05
0.000535221
-7.15506e-05
0.000524236
-6.77838e-05
0.000513717
-6.4068e-05
0.000503645
-6.04238e-05
0.000493994
-5.68576e-05
0.000484733
-5.33434e-05
0.000475805
-4.98042e-05
0.000467161
-4.61004e-05
0.000458584
-4.16813e-05
0.000450116
-3.71663e-05
-2.66355e-05
0.000360569
9.66999e-05
0.000377775
0.000100561
0.000395282
0.000104119
0.000413358
0.000107685
0.000432043
0.000111481
0.000451298
0.000115256
0.000471096
0.000118796
0.000491393
0.000122107
0.000512094
0.000125172
0.000533078
0.000127883
0.000554248
0.000130153
0.000575562
0.000131946
0.000597031
0.0001332
0.0006187
0.000133811
0.000640654
0.000133716
0.000663002
0.000132921
0.000684839
0.000125883
0.000705915
0.000117309
0.000726208
0.000108985
0.000745652
0.00010092
0.000764153
9.31134e-05
0.000781611
8.55488e-05
0.000797931
7.81988e-05
0.000813029
7.10327e-05
0.00082684
6.40146e-05
0.00083931
5.71024e-05
0.000850397
5.02499e-05
0.000860069
4.34115e-05
0.000868303
3.65488e-05
0.000875081
2.96346e-05
0.000880397
2.26558e-05
0.000884252
1.56157e-05
0.000886665
8.53569e-06
0.00088769
1.4625e-06
0.00088733
-5.58089e-06
0.000885648
-1.2545e-05
0.00088267
-1.93937e-05
0.000878426
-2.6095e-05
0.000872957
-3.26124e-05
0.000866309
-3.89122e-05
0.000858531
-4.49657e-05
0.000849683
-5.07476e-05
0.000839828
-5.62349e-05
0.000829037
-6.14062e-05
0.000817385
-6.62414e-05
0.000804954
-7.07208e-05
0.00079183
-7.48258e-05
0.000778102
-7.85387e-05
0.000763865
-8.18435e-05
0.00074921
-8.47259e-05
0.000734234
-8.71743e-05
0.000719029
-8.91795e-05
0.000703685
-9.07357e-05
0.000688287
-9.18408e-05
0.000672914
-9.24961e-05
0.000657641
-9.27071e-05
0.000642532
-9.24834e-05
0.000627644
-9.18389e-05
0.000613027
-9.07917e-05
0.000598721
-8.93643e-05
0.000584762
-8.7583e-05
0.000571178
-8.54779e-05
0.000557988
-8.30822e-05
0.000545211
-8.04316e-05
0.000532858
-7.75639e-05
0.000520934
-7.4518e-05
0.000509444
-7.13332e-05
0.000498384
-6.80488e-05
0.00048775
-6.4703e-05
0.000477531
-6.1332e-05
0.000467716
-5.79687e-05
0.000458289
-5.4641e-05
0.000449232
-5.13671e-05
0.000440525
-4.81504e-05
0.000432145
-4.49639e-05
0.000424059
-4.17174e-05
0.000416241
-3.82828e-05
0.000408558
-3.39983e-05
0.000401031
-2.96392e-05
-1.8759e-05
0.000318219
8.15142e-05
0.000333377
8.54027e-05
0.000348864
8.8631e-05
0.00036486
9.16889e-05
0.000381369
9.49724e-05
0.000398378
9.8247e-05
0.000415883
0.00010129
0.00043387
0.00010412
0.000452293
0.000106749
0.00047108
0.000109096
0.000490141
0.000111092
0.000509382
0.000112705
0.000528706
0.000113876
0.000548013
0.000114504
0.000567225
0.000114505
0.000586303
0.000113843
0.000604429
0.000107757
0.000621452
0.000100286
0.000637456
9.29806e-05
0.000652506
8.587e-05
0.000666642
7.89766e-05
0.000679887
7.23038e-05
0.000692245
6.58411e-05
0.000703708
5.95694e-05
0.000714261
5.34617e-05
0.00072388
4.74833e-05
0.000732536
4.15942e-05
0.000740194
3.5754e-05
0.000746815
2.99278e-05
0.00075236
2.40893e-05
0.000756792
1.82239e-05
0.000760077
1.23303e-05
0.000762192
6.42128e-06
0.000763151
5.03342e-07
0.000762962
-5.39222e-06
0.000761667
-1.12503e-05
0.00075929
-1.70164e-05
0.00075586
-2.26648e-05
0.000751415
-2.81679e-05
0.000746002
-3.34989e-05
0.000739671
-3.86344e-05
0.000732477
-4.35535e-05
0.000724479
-4.82371e-05
0.00071574
-5.2667e-05
0.000706324
-5.68255e-05
0.000696298
-6.06948e-05
0.00068573
-6.42578e-05
0.000674689
-6.74976e-05
0.000663243
-7.03979e-05
0.000651461
-7.29437e-05
0.000639408
-7.51215e-05
0.000627149
-7.69201e-05
0.000614743
-7.83305e-05
0.00060225
-7.93472e-05
0.000589722
-7.99679e-05
0.000577209
-8.01944e-05
0.000564758
-8.00329e-05
0.000552414
-7.94941e-05
0.000540215
-7.85931e-05
0.0005282
-7.73492e-05
0.000516403
-7.57856e-05
0.000504854
-7.39289e-05
0.00049358
-7.18082e-05
0.000482603
-6.94548e-05
0.00047194
-6.69014e-05
0.000461604
-6.41816e-05
0.0004516
-6.13298e-05
0.000441932
-5.83804e-05
0.000432597
-5.53675e-05
0.000423589
-5.23241e-05
0.0004149
-4.92804e-05
0.000406522
-4.62628e-05
0.000398444
-4.32886e-05
0.000390654
-4.0361e-05
0.000383145
-3.74542e-05
0.000375905
-3.44779e-05
0.000368927
-3.13045e-05
0.000362188
-2.72593e-05
0.000355559
-2.30107e-05
-1.24674e-05
0.00028082
6.81669e-05
0.000294151
7.20719e-05
0.00030784
7.49423e-05
0.000321984
7.75452e-05
0.000336565
8.03908e-05
0.000351588
8.3224e-05
0.000367049
8.58295e-05
0.000382928
8.82406e-05
0.000399201
9.04763e-05
0.000415827
9.24699e-05
0.000432756
9.41639e-05
0.000449924
9.5536e-05
0.000467254
9.65463e-05
0.000484641
9.71166e-05
0.000501973
9.71731e-05
0.000519142
9.66742e-05
0.000535339
9.15596e-05
0.000550377
8.52476e-05
0.00056431
7.90479e-05
0.000577194
7.29862e-05
0.000589085
6.70853e-05
0.000600035
6.13543e-05
0.000610086
5.57903e-05
0.000619272
5.03829e-05
0.00062762
4.51142e-05
0.000635144
3.9959e-05
0.000641851
3.48868e-05
0.000647739
2.98661e-05
0.000652798
2.48689e-05
0.000657014
1.98737e-05
0.00066037
1.48679e-05
0.000662852
9.84839e-06
0.000664452
4.82125e-06
0.000665165
-2.10344e-07
0.000664999
-5.22608e-06
0.00066396
-1.02111e-05
0.000662067
-1.51229e-05
0.000659339
-1.99375e-05
0.000655805
-2.46332e-05
0.000651494
-2.91884e-05
0.000646443
-3.35831e-05
0.000640689
-3.77995e-05
0.000634273
-4.18209e-05
0.000627237
-4.56311e-05
0.000619625
-4.92138e-05
0.000611483
-5.25529e-05
0.000602857
-5.56319e-05
0.000593794
-5.84346e-05
0.000584342
-6.09455e-05
0.000574548
-6.31496e-05
0.00056446
-6.50338e-05
0.000554127
-6.65868e-05
0.000543596
-6.78e-05
0.000532917
-6.86682e-05
0.000522139
-6.91893e-05
0.000511309
-6.93653e-05
0.000500478
-6.92018e-05
0.000489693
-6.87084e-05
0.000478997
-6.78977e-05
0.000468434
-6.67855e-05
0.000458038
-6.53902e-05
0.000447841
-6.37323e-05
0.000437868
-6.18343e-05
0.000428133
-5.97207e-05
0.00041865
-5.74179e-05
0.000409423
-5.49543e-05
0.000400453
-5.23602e-05
0.00039174
-4.96673e-05
0.000383281
-4.69086e-05
0.000375074
-4.4117e-05
0.000367117
-4.13235e-05
0.00035941
-3.85558e-05
0.000351954
-3.58328e-05
0.000344754
-3.3161e-05
0.000337816
-3.05162e-05
0.000331162
-2.78235e-05
0.000324794
-2.49362e-05
0.000318819
-2.12849e-05
0.000312949
-1.71403e-05
-7.51061e-06
0.000247797
5.64565e-05
0.000259509
6.0359e-05
0.000271603
6.28483e-05
0.000284098
6.50507e-05
0.00029697
6.75185e-05
0.000310239
6.99558e-05
0.000323895
7.21732e-05
0.000337916
7.42196e-05
0.000352277
7.61147e-05
0.000366949
7.77986e-05
0.000381892
7.92209e-05
0.000397064
8.03635e-05
0.000412413
8.11975e-05
0.000427866
8.16636e-05
0.000443335
8.1704e-05
0.000458725
8.12838e-05
0.000473296
7.69891e-05
0.000486853
7.16901e-05
0.000499418
6.64833e-05
0.000511017
6.13868e-05
0.000521685
5.64177e-05
0.000531457
5.15826e-05
0.000540368
4.68788e-05
0.000548453
4.2298e-05
0.000555741
3.78261e-05
0.000562257
3.34431e-05
0.000568019
2.91249e-05
0.000573038
2.48466e-05
0.000577322
2.05857e-05
0.00058087
1.63252e-05
0.000583683
1.20553e-05
0.000585758
7.77334e-06
0.000587097
3.48192e-06
0.000587697
-8.09842e-07
0.000587556
-5.08564e-06
0.000586677
-9.33222e-06
0.000585074
-1.35192e-05
0.00058276
-1.76241e-05
0.000579756
-2.16289e-05
0.000576083
-2.55156e-05
0.000571767
-2.9267e-05
0.000566835
-3.28673e-05
0.000561316
-3.6302e-05
0.000555241
-3.95566e-05
0.000548644
-4.26166e-05
0.000541559
-4.54677e-05
0.000534022
-4.80953e-05
0.000526073
-5.04852e-05
0.000517751
-5.26239e-05
0.000509101
-5.4499e-05
0.000500167
-5.60995e-05
0.000490996
-5.74166e-05
0.00048164
-5.84435e-05
0.000472148
-5.91761e-05
0.000462571
-5.96122e-05
0.000452958
-5.97524e-05
0.000443355
-5.95989e-05
0.000433803
-5.91563e-05
0.000424336
-5.84307e-05
0.000414981
-5.74305e-05
0.000405757
-5.61666e-05
0.000396678
-5.46527e-05
0.000387749
-5.29057e-05
0.000378975
-5.09467e-05
0.000370358
-4.88007e-05
0.0003619
-4.64966e-05
0.000353607
-4.40668e-05
0.000345486
-4.15462e-05
0.000337548
-3.89712e-05
0.000329809
-3.63774e-05
0.000322284
-3.37985e-05
0.000314991
-3.12633e-05
0.00030795
-2.87914e-05
0.00030118
-2.63915e-05
0.000294702
-2.40375e-05
0.000288555
-2.16772e-05
0.000282746
-1.91265e-05
0.000277464
-1.60029e-05
0.000272321
-1.19979e-05
-3.4984e-06
0.000218637
4.62021e-05
0.000228926
5.00696e-05
0.00023961
5.21648e-05
0.000250638
5.40223e-05
0.000261996
5.61604e-05
0.000273711
5.82407e-05
0.000285771
6.01134e-05
0.000298151
6.18398e-05
0.00031083
6.34362e-05
0.000323779
6.48489e-05
0.000336965
6.60348e-05
0.00035035
6.69788e-05
0.00036389
6.7658e-05
0.000377528
6.80255e-05
0.000391197
6.80343e-05
0.000404825
6.76564e-05
0.00041776
6.40538e-05
0.000429833
5.96173e-05
0.000441057
5.52592e-05
0.000451449
5.09943e-05
0.000461031
4.68362e-05
0.000469825
4.2789e-05
0.000477854
3.88497e-05
0.000485142
3.50101e-05
0.00049171
3.12579e-05
0.000497577
2.7576e-05
0.000502758
2.39441e-05
0.000507263
2.03414e-05
0.000511099
1.67496e-05
0.00051427
1.31547e-05
0.000516776
9.54879e-06
0.000518619
5.92992e-06
0.000519803
2.29862e-06
0.000520325
-1.3322e-06
0.000520188
-4.94896e-06
0.000519396
-8.5399e-06
0.000517959
-1.20821e-05
0.000515891
-1.55557e-05
0.000513207
-1.89453e-05
0.000509927
-2.22356e-05
0.000506072
-2.54122e-05
0.000501666
-2.84613e-05
0.000496734
-3.13703e-05
0.000491305
-3.4127e-05
0.000485407
-3.67192e-05
0.000479075
-3.91352e-05
0.000472343
-4.13631e-05
0.000465249
-4.33918e-05
0.000457836
-4.52106e-05
0.000450146
-4.68093e-05
0.000442225
-4.81788e-05
0.000434119
-4.93102e-05
0.000425871
-5.01955e-05
0.000417522
-5.08272e-05
0.000409108
-5.11983e-05
0.000400659
-5.13028e-05
0.000392195
-5.11358e-05
0.000383734
-5.06947e-05
0.000375283
-4.998e-05
0.000366849
-4.89961e-05
0.000358435
-4.77525e-05
0.000350046
-4.62643e-05
0.000341693
-4.45523e-05
0.000333389
-4.26431e-05
0.000325157
-4.05682e-05
0.000317023
-3.83628e-05
0.000309021
-3.60644e-05
0.000301186
-3.37116e-05
0.000293556
-3.13416e-05
0.000286168
-2.89896e-05
0.000279056
-2.66859e-05
0.000272248
-2.44554e-05
0.000265769
-2.23124e-05
0.000259641
-2.02631e-05
0.000253878
-1.82746e-05
0.000248517
-1.63164e-05
0.000243555
-1.41647e-05
0.000239181
-1.16283e-05
0.000235061
-7.87785e-06
-4.28635e-07
0.00019289
3.72412e-05
0.000201934
4.10261e-05
0.00021137
4.27282e-05
0.000221097
4.42953e-05
0.000231117
4.61411e-05
0.000241458
4.78995e-05
0.000252104
4.94676e-05
0.000263031
5.09127e-05
0.000274222
5.22452e-05
0.000285653
5.34181e-05
0.000297292
5.43956e-05
0.000309104
5.51664e-05
0.00032105
5.57125e-05
0.000333079
5.59964e-05
0.000345134
5.59793e-05
0.000357152
5.56387e-05
0.000368563
5.26429e-05
0.00037922
4.89596e-05
0.00038914
4.53398e-05
0.000398337
4.17972e-05
0.00040683
3.83433e-05
0.000414637
3.49816e-05
0.000421778
3.17092e-05
0.000428268
2.85192e-05
0.000434126
2.54006e-05
0.000439363
2.23388e-05
0.00044399
1.93166e-05
0.000448015
1.63166e-05
0.000451442
1.33233e-05
0.000454272
1.03248e-05
0.000456506
7.31476e-06
0.000458144
4.29148e-06
0.00045919
1.25259e-06
0.000459644
-1.78635e-06
0.00045951
-4.81529e-06
0.000458794
-7.8232e-06
0.000457503
-1.07917e-05
0.000455652
-1.37041e-05
0.000453254
-1.65472e-05
0.000450327
-1.93087e-05
0.000446891
-2.19765e-05
0.000442969
-2.45396e-05
0.000438587
-2.69877e-05
0.000433771
-2.93116e-05
0.000428554
-3.15017e-05
0.000422967
-3.35485e-05
0.000417046
-3.54421e-05
0.000410827
-3.7172e-05
0.000404343
-3.87271e-05
0.000397629
-4.00951e-05
0.000390713
-4.1263e-05
0.00038362
-4.22169e-05
0.000376367
-4.29428e-05
0.000368967
-4.34272e-05
0.000361427
-4.3658e-05
0.00035375
-4.3626e-05
0.00034594
-4.3326e-05
0.000338004
-4.27579e-05
0.000329951
-4.19278e-05
0.000321803
-4.08482e-05
0.000313589
-3.95378e-05
0.000305346
-3.80213e-05
0.000297121
-3.6328e-05
0.000288969
-3.44908e-05
0.000280945
-3.25444e-05
0.000273106
-3.05238e-05
0.000265506
-2.84635e-05
0.00025819
-2.63959e-05
0.000251198
-2.43502e-05
0.000244561
-2.23522e-05
0.000238298
-2.04228e-05
0.000232421
-1.85781e-05
0.000226933
-1.68244e-05
0.000221834
-1.51646e-05
0.00021712
-1.35608e-05
0.000212806
-1.20023e-05
0.000208884
-1.02421e-05
0.000205498
-8.24305e-06
0.000202467
-4.84679e-06
1.756e-06
0.00017016
2.94272e-05
0.000178117
3.30691e-05
0.00018645
3.43952e-05
0.000195024
3.57217e-05
0.000203861
3.73038e-05
0.000212988
3.8773e-05
0.000222382
4.00733e-05
0.000232024
4.1271e-05
0.000241898
4.23703e-05
0.000251986
4.33308e-05
0.000262257
4.41239e-05
0.000272682
4.47415e-05
0.000283224
4.51707e-05
0.000293839
4.53817e-05
0.000304475
4.53435e-05
0.000315075
4.50381e-05
0.000325138
4.25803e-05
0.000334534
3.95631e-05
0.000343279
3.65951e-05
0.000351387
3.3689e-05
0.000358876
3.08548e-05
0.000365761
2.80959e-05
0.000372061
2.54099e-05
0.000377789
2.27909e-05
0.00038296
2.02298e-05
0.000387584
1.77143e-05
0.000391671
1.52301e-05
0.000395225
1.27624e-05
0.00039825
1.02981e-05
0.000400747
7.82742e-06
0.000402717
5.34501e-06
0.000404159
2.84933e-06
0.000405078
3.34168e-07
0.000405472
-2.18108e-06
0.000405348
-4.69103e-06
0.00040471
-7.18507e-06
0.000403567
-9.6484e-06
0.000401931
-1.2068e-05
0.000399817
-1.44334e-05
0.000397243
-1.67352e-05
0.000394231
-1.8964e-05
0.000390802
-2.11107e-05
0.000386981
-2.31667e-05
0.000382792
-2.51227e-05
0.000378259
-2.69683e-05
0.000373402
-2.86919e-05
0.00036824
-3.02802e-05
0.000362786
-3.17182e-05
0.000357049
-3.29899e-05
0.000351033
-3.40787e-05
0.000344738
-3.49683e-05
0.000338164
-3.56435e-05
0.000331313
-3.60918e-05
0.000324191
-3.63045e-05
0.00031681
-3.62771e-05
0.000309194
-3.60105e-05
0.000301379
-3.5511e-05
0.000293412
-3.479e-05
0.000285347
-3.38638e-05
0.000277252
-3.27524e-05
0.000269193
-3.14788e-05
0.000261239
-3.00679e-05
0.000253457
-2.85456e-05
0.000245904
-2.6938e-05
0.00023863
-2.52708e-05
0.000231676
-2.3569e-05
0.000225069
-2.18567e-05
0.000218829
-2.01562e-05
0.000212967
-1.8488e-05
0.000207485
-1.68703e-05
0.00020238
-1.5318e-05
0.000197645
-1.38428e-05
0.000193268
-1.24478e-05
0.00018924
-1.11362e-05
0.000185549
-9.86985e-06
0.0001822
-8.65396e-06
0.000179199
-7.24064e-06
0.00017664
-5.68446e-06
0.000174526
-2.73208e-06
3.23513e-06
0.000150095
2.26278e-05
0.000157107
2.60569e-05
0.000164462
2.70402e-05
0.000172015
2.81687e-05
0.000179809
2.95093e-05
0.000187863
3.07198e-05
0.000196151
3.17855e-05
0.000204656
3.27657e-05
0.000213367
3.36594e-05
0.000222265
3.44323e-05
0.000231327
3.50623e-05
0.000240524
3.55445e-05
0.000249825
3.58699e-05
0.00025919
3.60164e-05
0.000268574
3.59591e-05
0.000277927
3.56851e-05
0.000286805
3.37028e-05
0.000295094
3.1274e-05
0.000302807
2.8882e-05
0.000309958
2.65383e-05
0.000316561
2.42518e-05
0.000322631
2.20254e-05
0.000328184
1.98572e-05
0.000333232
1.77424e-05
0.000337789
1.56735e-05
0.000341863
1.36404e-05
0.000345462
1.1631e-05
0.000348591
9.63306e-06
0.000351254
7.63571e-06
0.00035345
5.6305e-06
0.000355182
3.61349e-06
0.000356448
1.58301e-06
0.000357255
-4.72439e-07
0.000357602
-2.52773e-06
0.000357495
-4.58465e-06
0.000356942
-6.63228e-06
0.000355953
-8.65893e-06
0.000354539
-1.0654e-05
0.000352713
-1.26076e-05
0.000350488
-1.45099e-05
0.000347874
-1.635e-05
0.000344879
-1.81161e-05
0.000341509
-1.97961e-05
0.000337763
-2.1377e-05
0.000333639
-2.28448e-05
0.000329133
-2.41856e-05
0.000324238
-2.53855e-05
0.000318952
-2.64316e-05
0.000313274
-2.73124e-05
0.000307214
-2.80187e-05
0.00030079
-2.85439e-05
0.000294031
-2.88843e-05
0.000286978
-2.9039e-05
0.000279684
-2.90102e-05
0.000272209
-2.88023e-05
0.000264621
-2.84222e-05
0.000256988
-2.78786e-05
0.00024938
-2.71817e-05
0.00024186
-2.63437e-05
0.000234485
-2.53779e-05
0.000227306
-2.42994e-05
0.000220363
-2.31248e-05
0.000213689
-2.18716e-05
0.00020731
-2.05588e-05
0.000201244
-1.92055e-05
0.000195506
-1.78311e-05
0.000190104
-1.64546e-05
0.000185042
-1.50939e-05
0.00018032
-1.37656e-05
0.000175933
-1.2484e-05
0.000171876
-1.12607e-05
0.000168138
-1.01047e-05
0.000164707
-9.01724e-06
0.000161573
-8.00152e-06
0.000158725
-7.02177e-06
0.000156162
-6.0909e-06
0.000153904
-4.98272e-06
0.000151993
-3.77342e-06
0.000150604
-1.34326e-06
4.15613e-06
0.000132384
1.67236e-05
0.000138576
1.98651e-05
0.000145063
2.05531e-05
0.000151715
2.15173e-05
0.000158589
2.26349e-05
0.000165694
2.36152e-05
0.000173004
2.44751e-05
0.000180506
2.52638e-05
0.000188189
2.59761e-05
0.000196038
2.65839e-05
0.00020403
2.70702e-05
0.000212141
2.74331e-05
0.000220344
2.76672e-05
0.000228604
2.77566e-05
0.000236881
2.7682e-05
0.000245131
2.74354e-05
0.000252961
2.58722e-05
0.000260273
2.39622e-05
0.000267077
2.20781e-05
0.000273385
2.02307e-05
0.000279209
1.84275e-05
0.000284563
1.6671e-05
0.00028946
1.49601e-05
0.000293912
1.32907e-05
0.000297929
1.16567e-05
0.00030152
1.00496e-05
0.000304691
8.45958e-06
0.000307447
6.87655e-06
0.000309792
5.29145e-06
0.000311725
3.69691e-06
0.000313247
2.09151e-06
0.000314359
4.70915e-07
0.000315072
-1.18526e-06
0.000315383
-2.83871e-06
0.000315294
-4.4954e-06
0.0003148
-6.1387e-06
0.000313897
-7.75539e-06
0.000312576
-9.33303e-06
0.000310828
-1.08595e-05
0.000308642
-1.23236e-05
0.000306006
-1.37148e-05
0.000302913
-1.50232e-05
0.000299358
-1.62407e-05
0.000295341
-1.73604e-05
0.000290873
-1.83766e-05
0.000285972
-1.92845e-05
0.000280667
-2.00801e-05
0.000274995
-2.07598e-05
0.000269003
-2.13205e-05
0.000262743
-2.1759e-05
0.000256272
-2.20725e-05
0.000249646
-2.22584e-05
0.000242922
-2.23146e-05
0.000236152
-2.22402e-05
0.000229385
-2.20352e-05
0.000222664
-2.17018e-05
0.00021603
-2.1244e-05
0.000209516
-2.06679e-05
0.000203154
-1.99821e-05
0.000196973
-1.91969e-05
0.000190999
-1.83247e-05
0.000185253
-1.73794e-05
0.000179757
-1.63758e-05
0.000174528
-1.53295e-05
0.000169579
-1.42564e-05
0.00016492
-1.3172e-05
0.000160557
-1.20915e-05
0.000156492
-1.1029e-05
0.000152723
-9.99719e-06
0.000149246
-9.0071e-06
0.000146053
-8.06718e-06
0.000143133
-7.18421e-06
0.000140473
-6.35816e-06
0.000138063
-5.59153e-06
0.000135895
-4.85337e-06
0.00013396
-4.15627e-06
0.000132294
-3.31637e-06
0.000130887
-2.36679e-06
0.00013006
-5.15774e-07
4.62856e-06
0.000116755
1.16066e-05
0.000122234
1.43861e-05
0.000127951
1.48367e-05
0.000133808
1.56597e-05
0.000139871
1.6572e-05
0.000146136
1.73499e-05
0.000152582
1.80298e-05
0.000159196
1.86495e-05
0.000165971
1.92013e-05
0.000172892
1.96629e-05
0.000179939
2.00224e-05
0.000187092
2.02801e-05
0.000194325
2.04341e-05
0.000201609
2.04735e-05
0.000208907
2.0384e-05
0.00021618
2.01618e-05
0.000223084
1.89684e-05
0.000229531
1.75153e-05
0.000235531
1.60784e-05
0.000241094
1.46677e-05
0.000246231
1.32897e-05
0.000250955
1.19471e-05
0.000255276
1.06395e-05
0.000259202
9.36427e-06
0.000262742
8.11708e-06
0.0002659
6.89197e-06
0.000268677
5.68193e-06
0.000271074
4.47985e-06
0.000273086
3.27965e-06
0.000274706
2.07659e-06
0.000275926
8.7114e-07
0.000276733
-3.35341e-07
0.000277112
-1.56414e-06
0.00027704
-2.76691e-06
0.000276504
-3.95916e-06
0.000275491
-5.12628e-06
0.000273998
-6.26224e-06
0.000272027
-7.36248e-06
0.000269591
-8.42268e-06
0.000266706
-9.43943e-06
0.000263401
-1.04092e-05
0.000259705
-1.13275e-05
0.000255655
-1.21906e-05
0.000251288
-1.29937e-05
0.000246643
-1.37318e-05
0.000241758
-1.4399e-05
0.000236667
-1.49896e-05
0.000231405
-1.54975e-05
0.000226002
-1.59173e-05
0.000220487
-1.62439e-05
0.000214887
-1.6473e-05
0.00020923
-1.66015e-05
0.000203543
-1.66274e-05
0.000197853
-1.65499e-05
0.000192188
-1.63701e-05
0.000186576
-1.60902e-05
0.000181047
-1.57145e-05
0.000175627
-1.52486e-05
0.000170345
-1.47e-05
0.000165226
-1.40776e-05
0.000160293
-1.33914e-05
0.000155566
-1.26528e-05
0.000151064
-1.18735e-05
0.0001468
-1.1066e-05
0.000142786
-1.02425e-05
0.000139029
-9.41478e-06
0.000135532
-8.59471e-06
0.000132296
-7.7927e-06
0.000129317
-7.01824e-06
0.000126589
-6.27933e-06
0.000124104
-5.58192e-06
0.000121851
-4.93075e-06
0.000119818
-4.32515e-06
0.000117992
-3.76647e-06
0.00011637
-3.23052e-06
0.000114936
-2.72298e-06
0.000113738
-2.11773e-06
0.000112727
-1.35612e-06
0.000112321
-1.09879e-07
4.72455e-06
0.000102965
7.17946e-06
0.000107823
9.52775e-06
0.000112853
9.80725e-06
0.000118013
1.04996e-05
0.000123363
1.12215e-05
0.000128891
1.18224e-05
0.000134575
1.2346e-05
0.000140406
1.28184e-05
0.000146378
1.32296e-05
0.000152478
1.35625e-05
0.000158691
1.38093e-05
0.000164999
1.39727e-05
0.000171379
1.40539e-05
0.000177805
1.40474e-05
0.000184244
1.39448e-05
0.000190657
1.37487e-05
0.000196733
1.28923e-05
0.000202387
1.18615e-05
0.000207618
1.08481e-05
0.000212423
9.86198e-06
0.000216804
8.90892e-06
0.00022076
7.99121e-06
0.000224292
7.10791e-06
0.0002274
6.25589e-06
0.000230087
5.43042e-06
0.000232353
4.62521e-06
0.000234202
3.83305e-06
0.000235635
3.04664e-06
0.000236656
2.25953e-06
0.000237266
1.46625e-06
0.000237471
6.65949e-07
0.000237277
-1.41065e-07
0.000236691
-9.78778e-07
0.000235735
-1.81057e-06
0.000234428
-2.65162e-06
0.00023279
-3.48832e-06
0.000230842
-4.31431e-06
0.000228603
-5.12374e-06
0.00022609
-5.9102e-06
0.000223319
-6.6682e-06
0.000220303
-7.39247e-06
0.000217052
-8.07738e-06
0.000213581
-8.71891e-06
0.0002099
-9.31257e-06
0.000206022
-9.85423e-06
0.000201963
-1.03399e-05
0.000197739
-1.07655e-05
0.000193368
-1.11271e-05
0.000188872
-1.14213e-05
0.000184273
-1.16447e-05
0.000179595
-1.17946e-05
0.000174862
-1.18691e-05
0.000170102
-1.18671e-05
0.000165341
-1.17885e-05
0.000160605
-1.16344e-05
0.000155922
-1.14072e-05
0.000151318
-1.11104e-05
0.000146818
-1.07488e-05
0.000142447
-1.03285e-05
0.000138225
-9.85644e-06
0.000134175
-9.34066e-06
0.000130312
-8.78973e-06
0.000126651
-8.21262e-06
0.000123203
-7.6185e-06
0.000119977
-7.01635e-06
0.000116977
-6.41471e-06
0.000114205
-5.82217e-06
0.000111658
-5.24603e-06
0.000109333
-4.69304e-06
0.000107222
-4.16864e-06
0.000105317
-3.67681e-06
0.000103607
-3.22055e-06
0.000102081
-2.79908e-06
0.000100726
-2.41231e-06
9.95399e-05
-2.044e-06
9.85058e-05
-1.6889e-06
9.76739e-05
-1.28582e-06
9.69788e-05
-6.60962e-07
9.6874e-05
-5.08583e-09
4.48117e-06
9.08012e-05
3.35319e-06
9.51225e-05
5.20638e-06
9.95362e-05
5.39358e-06
0.000104075
5.96121e-06
0.00010879
6.50611e-06
0.000113664
6.94837e-06
0.000118677
7.33306e-06
0.000123817
7.67848e-06
0.000129069
7.97732e-06
0.000134409
8.22239e-06
0.000139803
8.41548e-06
0.00014521
8.56604e-06
0.000150583
8.6804e-06
0.000155874
8.75668e-06
0.000161031
8.78785e-06
0.000166008
8.77192e-06
0.000170567
8.33294e-06
0.000174665
7.76355e-06
0.000178327
7.18601e-06
0.00018158
6.60866e-06
0.000184452
6.03683e-06
0.00018697
5.47396e-06
0.000189156
4.92125e-06
0.000191034
4.37823e-06
0.000192621
3.84342e-06
0.000193932
3.31416e-06
0.000194978
2.78702e-06
0.000195766
2.25834e-06
0.000196301
1.72493e-06
0.000196583
1.18385e-06
0.000196614
6.35013e-07
0.000196395
7.86339e-08
0.000195924
-5.07738e-07
0.000195203
-1.08967e-06
0.00019423
-1.67853e-06
0.000193004
-2.26257e-06
0.000191527
-2.83721e-06
0.000189801
-3.39844e-06
0.000187833
-3.9418e-06
0.000185629
-4.46374e-06
0.000183197
-4.96073e-06
0.000180548
-5.42856e-06
0.000177694
-5.86487e-06
0.000174648
-6.26634e-06
0.000171424
-6.6302e-06
0.000168037
-6.95365e-06
0.000164506
-7.23403e-06
0.000160848
-7.46876e-06
0.000157082
-7.65554e-06
0.00015323
-7.79239e-06
0.000149313
-7.87777e-06
0.000145354
-7.91068e-06
0.000141378
-7.89077e-06
0.000137408
-7.81842e-06
0.000133468
-7.69482e-06
0.000129583
-7.52201e-06
0.000125776
-7.30285e-06
0.000122068
-7.04112e-06
0.000118481
-6.74127e-06
0.000115033
-6.40844e-06
0.00011174
-6.04832e-06
0.000108618
-5.66695e-06
0.000105676
-5.27058e-06
0.000102923
-4.86546e-06
0.000100364
-4.45761e-06
9.80018e-05
-4.05265e-06
9.58361e-05
-3.65648e-06
9.38638e-05
-3.27368e-06
9.20795e-05
-2.9088e-06
9.04761e-05
-2.56522e-06
8.90446e-05
-2.24533e-06
8.77749e-05
-1.95084e-06
8.6657e-05
-1.68113e-06
8.56793e-05
-1.43469e-06
8.48387e-05
-1.20333e-06
8.41201e-05
-9.70366e-07
8.35701e-05
-7.35829e-07
8.31308e-05
-2.21616e-07
8.32184e-05
-9.26814e-08
3.90596e-06
8.0091e-05
3.09287e-08
8.39593e-05
1.3381e-06
8.78018e-05
1.55107e-06
9.1704e-05
2.05897e-06
9.56774e-05
2.53269e-06
9.96677e-05
2.95814e-06
0.00010362
3.38084e-06
0.000107491
3.80757e-06
0.000111255
4.21301e-06
0.000114909
4.56849e-06
0.000118469
4.85564e-06
0.000121963
5.07146e-06
0.000125422
5.22137e-06
0.000128867
5.31249e-06
0.000132303
5.35101e-06
0.000135726
5.34931e-06
0.000138974
5.08456e-06
0.000142003
4.73522e-06
0.000144807
4.38131e-06
0.000147386
4.03044e-06
0.000149737
3.68555e-06
0.000151863
3.34822e-06
0.000153766
3.01845e-06
0.000155448
2.69526e-06
0.000156915
2.37737e-06
0.000158166
2.06285e-06
0.000159204
1.74934e-06
0.000160027
1.43443e-06
0.000160636
1.11611e-06
0.000161028
7.92351e-07
0.0001612
4.63141e-07
0.000161152
1.264e-07
0.000160882
-2.38195e-07
0.000160397
-6.04571e-07
0.000159695
-9.76157e-07
0.000158774
-1.34181e-06
0.000157635
-1.69775e-06
0.000156278
-2.04175e-06
0.000154708
-2.37143e-06
0.000152929
-2.68535e-06
0.00015095
-2.98195e-06
0.00014878
-3.25835e-06
0.000146429
-3.51402e-06
0.00014391
-3.74693e-06
0.000141235
-3.95567e-06
0.000138421
-4.13876e-06
0.000135481
-4.29479e-06
0.000132435
-4.42239e-06
0.0001293
-4.52038e-06
0.000126095
-4.58778e-06
0.000122841
-4.62391e-06
0.000119559
-4.62841e-06
0.00011627
-4.60137e-06
0.000112994
-4.5433e-06
0.000109755
-4.45523e-06
0.000106572
-4.33868e-06
0.000103464
-4.19564e-06
0.000100452
-4.02863e-06
9.75512e-05
-3.84056e-06
9.47774e-05
-3.63465e-06
9.21435e-05
-3.41444e-06
8.96602e-05
-3.18364e-06
8.73356e-05
-2.94597e-06
8.51752e-05
-2.70515e-06
8.31823e-05
-2.46465e-06
8.13572e-05
-2.22754e-06
7.96983e-05
-1.99758e-06
7.82017e-05
-1.77708e-06
7.68617e-05
-1.56883e-06
7.56711e-05
-1.37458e-06
7.46213e-05
-1.19558e-06
7.3703e-05
-1.0325e-06
7.29069e-05
-8.85065e-07
7.2223e-05
-7.50751e-07
7.16476e-05
-6.28008e-07
7.11702e-05
-4.92874e-07
7.08229e-05
-3.88535e-07
7.05908e-05
1.04234e-08
7.07587e-05
-2.60532e-07
2.98981e-06
7.096e-05
-3.16888e-06
7.37099e-05
-1.41178e-06
7.57806e-05
-5.19614e-07
7.76175e-05
2.22028e-07
7.942e-05
7.30224e-07
8.12481e-05
1.13004e-06
8.31552e-05
1.47372e-06
8.5197e-05
1.76582e-06
8.74162e-05
1.99376e-06
8.983e-05
2.15476e-06
9.24274e-05
2.25817e-06
9.51787e-05
2.32022e-06
9.80446e-05
2.3554e-06
0.000100985
2.37263e-06
0.00010396
2.37527e-06
0.000106938
2.37154e-06
0.000109765
2.25805e-06
0.000112396
2.10424e-06
0.000114829
1.94787e-06
0.000117065
1.79395e-06
0.000119108
1.64321e-06
0.00012096
1.49601e-06
0.000122626
1.35217e-06
0.00012411
1.21105e-06
0.000125416
1.07212e-06
0.000126544
9.3451e-07
0.000127496
7.97174e-07
0.000128272
6.5903e-07
0.000128868
5.19278e-07
0.000129284
3.76599e-07
0.000129514
2.33209e-07
0.000129566
7.40828e-08
0.000129451
-1.22321e-07
0.000129168
-3.21901e-07
0.000128702
-5.10068e-07
0.000128042
-6.82174e-07
0.000127186
-8.4121e-07
0.000126134
-9.89905e-07
0.000124892
-1.12916e-06
0.000123466
-1.25964e-06
0.000121865
-1.38147e-06
0.0001201
-1.49263e-06
0.000118179
-1.59382e-06
0.000116117
-1.68408e-06
0.000113924
-1.76299e-06
0.000111615
-1.8301e-06
0.000109205
-1.88489e-06
0.00010671
-1.92696e-06
0.000104145
-1.95595e-06
0.000101529
-1.9716e-06
9.88792e-05
-1.9738e-06
9.62133e-05
-1.96258e-06
9.35502e-05
-1.93818e-06
9.09078e-05
-1.90099e-06
8.83043e-05
-1.85167e-06
8.57566e-05
-1.79104e-06
8.32811e-05
-1.72011e-06
8.08926e-05
-1.64011e-06
7.86044e-05
-1.55239e-06
7.64282e-05
-1.45843e-06
7.43736e-05
-1.3598e-06
7.2448e-05
-1.2581e-06
7.0657e-05
-1.15493e-06
6.90037e-05
-1.05184e-06
6.74892e-05
-9.50214e-07
6.61128e-05
-8.5111e-07
6.48719e-05
-7.56674e-07
6.37621e-05
-6.67225e-07
6.27773e-05
-5.84099e-07
6.19107e-05
-5.07923e-07
6.11541e-05
-4.39037e-07
6.04991e-05
-3.77439e-07
5.9937e-05
-3.22949e-07
5.94593e-05
-2.73134e-07
5.906e-05
-2.2872e-07
5.87382e-05
-1.71068e-07
5.84926e-05
-1.42909e-07
5.84183e-05
8.47737e-08
5.85074e-05
-3.49696e-07
1.72638e-06
5.66399e-05
5.52281e-05
5.47085e-05
5.49306e-05
5.56608e-05
5.67908e-05
5.82645e-05
6.00304e-05
6.20241e-05
6.41789e-05
6.64371e-05
6.87573e-05
7.11127e-05
7.34853e-05
7.58606e-05
7.82321e-05
8.04902e-05
8.25944e-05
8.45423e-05
8.63362e-05
8.79794e-05
8.94755e-05
9.08276e-05
9.20387e-05
9.31108e-05
9.40453e-05
9.48425e-05
9.55015e-05
9.60208e-05
9.63974e-05
9.66306e-05
9.67047e-05
9.65824e-05
9.62605e-05
9.57504e-05
9.50682e-05
9.4227e-05
9.32371e-05
9.21079e-05
9.08483e-05
8.94668e-05
8.79742e-05
8.63804e-05
8.46963e-05
8.29333e-05
8.11032e-05
7.92183e-05
7.72914e-05
7.53354e-05
7.33638e-05
7.139e-05
6.94274e-05
6.74893e-05
6.55883e-05
6.37366e-05
6.19456e-05
6.02254e-05
5.85853e-05
5.7033e-05
5.55745e-05
5.42147e-05
5.29566e-05
5.18017e-05
5.07499e-05
4.97996e-05
4.89485e-05
4.81919e-05
4.75246e-05
4.69405e-05
4.64326e-05
4.59936e-05
4.56161e-05
4.52932e-05
4.50201e-05
4.47913e-05
4.46203e-05
4.44774e-05
4.45621e-05
4.42124e-05
)
;

boundaryField
{
    inlet
    {
        type            calculated;
        value           nonuniform List<scalar> 
25
(
-0.00119618
-0.00105581
-0.000931914
-0.000822558
-0.000726034
-0.000640837
-0.000565637
-0.000499262
-0.000440675
-0.000388964
-0.00034332
-0.000303033
-0.000267473
-0.000236086
-0.000208382
-0.00018393
-0.000162346
-0.000143295
-0.00012648
-0.000111638
-9.8538e-05
-8.69749e-05
-7.67687e-05
-6.77602e-05
-5.98088e-05
)
;
    }
    outlet
    {
        type            calculated;
        value           nonuniform List<scalar> 
25
(
0.00101575
0.000927973
0.000857947
0.000791395
0.000727209
0.000664929
0.000604718
0.000546978
0.000492183
0.000440789
0.000393154
0.000349268
0.000307992
0.000268309
0.000231991
0.000200283
0.000173047
0.000149683
0.000129587
0.000112225
9.71173e-05
8.37936e-05
7.16748e-05
5.97709e-05
4.59388e-05
)
;
    }
    fixedWalls
    {
        type            calculated;
        value           uniform 0;
    }
    frontAndBack
    {
        type            empty;
        value           nonuniform 0();
    }
}


// ************************************************************************* //
