/*--------------------------------*- C++ -*----------------------------------*\
| =========                 |                                                 |
| \\      /  F ield         | OpenFOAM: The Open Source CFD Toolbox           |
|  \\    /   O peration     | Version:  v1912                                 |
|   \\  /    A nd           | Website:  www.openfoam.com                      |
|    \\/     M anipulation  |                                                 |
\*---------------------------------------------------------------------------*/
FoamFile
{
    version     2.0;
    format      ascii;
    class       volVectorField;
    location    "700";
    object      U;
}
// * * * * * * * * * * * * * * * * * * * * * * * * * * * * * * * * * * * * * //

dimensions      [0 1 -1 0 0 0 0];


internalField   nonuniform List<vector> 
2000
(
(0.84616 0.187394 0)
(0.515133 0.124089 0)
(0.223448 0.0684415 0)
(0.0598068 0.0174443 6.19505e-20)
(-0.00455617 -0.0232232 1.20706e-17)
(-0.0642033 -0.0384873 1.04256e-17)
(-0.0776008 -0.0372471 0)
(-0.0715948 -0.0166588 0)
(-0.0590606 0.0117125 0)
(-0.0421585 0.0254675 2.36743e-17)
(-0.0415848 0.0109789 -1.45043e-17)
(-0.0273675 -0.00061982 -1.36223e-17)
(-0.016319 -0.00266582 0)
(-0.0200748 -0.00264041 0)
(-0.0219109 -0.00227126 -1.08218e-17)
(-0.0168796 0.000848744 0)
(-0.0105826 0.00349427 9.7416e-18)
(-0.00963048 0.00623715 3.09394e-21)
(-0.0106383 0.00612822 9.41716e-18)
(-0.0114046 0.00488902 -4.64799e-18)
(-0.0112659 0.00278256 9.18928e-18)
(-0.0100731 0.000804558 0)
(-0.00792034 -0.000199823 0)
(-0.0054 -0.000630815 -7.29845e-23)
(-0.00310374 -0.000796181 0)
(-0.00127502 -0.000815095 -4.51804e-18)
(-5.07465e-05 -0.000751822 0)
(0.000647213 -0.000670802 4.52727e-18)
(0.0010457 -0.000655919 0)
(0.00133514 -0.000661347 0)
(0.00160975 -0.000586344 0)
(0.00188491 -0.000474586 1.14974e-18)
(0.00214489 -0.000384305 0)
(0.00237916 -0.000344889 -5.83542e-19)
(0.00257496 -0.000344305 1.94754e-14)
(0.00270792 -0.000360982 1.94618e-14)
(0.00277127 -0.000397319 6.01814e-19)
(0.00270991 -0.000491833 -6.09314e-19)
(0.00252568 -0.00063474 0)
(0.00221735 -0.000793467 2.50652e-18)
(0.00176436 -0.000944443 0)
(0.0011318 -0.00107492 -2.58914e-18)
(0.000276928 -0.00117189 0)
(-0.000858119 -0.00121862 -5.35986e-18)
(-0.00232497 -0.00123495 2.72319e-18)
(-0.00416272 -0.00131027 0)
(-0.00645807 -0.00149242 0)
(-0.00936897 -0.00169257 -2.8573e-18)
(-0.0132168 -0.00160184 0)
(-0.0186149 -0.000629007 2.9343e-18)
(-0.0265412 0.0019235 0)
(-0.0382792 0.00634868 5.914e-18)
(-0.0552158 0.0120997 -5.86264e-18)
(-0.078492 0.0177788 5.74065e-18)
(-0.108453 0.0214919 -2.74123e-18)
(-0.144191 0.0213893 0)
(-0.183606 0.0162666 2.32981e-18)
(-0.223774 0.00597531 -2.07335e-18)
(-0.260952 -0.00844811 -4.07942e-18)
(-0.290307 -0.0247827 3.3035e-18)
(-0.306967 -0.0397931 -3.25941e-18)
(-0.309406 -0.050274 3.48649e-18)
(-0.302982 -0.0562907 -3.97828e-18)
(-0.287947 -0.0591921 4.78455e-18)
(-0.265415 -0.0600129 -1.14093e-20)
(-0.236232 -0.0594876 7.17621e-18)
(-0.20082 -0.0578199 0)
(-0.159352 -0.0549996 0)
(-0.112092 -0.0510165 7.58557e-20)
(-0.059781 -0.0459109 0)
(-0.00368521 -0.0396181 1.99043e-17)
(0.0560034 -0.0318008 0)
(0.119554 -0.0223124 1.98841e-17)
(0.186483 -0.0113104 -4.87943e-19)
(0.256048 0.000962839 1.7165e-17)
(0.329559 0.0142052 2.98622e-17)
(0.403526 0.0280419 7.34244e-19)
(0.491137 0.0420179 -1.01473e-17)
(0.557034 0.0544823 -6.52976e-18)
(0.713567 0.0651977 0)
(1.0153 0.210384 0)
(0.944633 0.194211 0)
(0.804475 0.179983 -3.52943e-18)
(0.654422 0.152313 7.28932e-18)
(0.509224 0.111169 0)
(0.360042 0.0683704 -7.29046e-18)
(0.216493 0.0293252 0)
(0.0821323 -0.00530903 0)
(-0.028288 -0.01804 0)
(-0.056203 -0.0189158 -1.73133e-17)
(-0.0667318 -0.0249888 1.57505e-17)
(-0.0718824 -0.0159768 1.44473e-17)
(-0.0637595 0.00640478 0)
(-0.0508803 0.0207235 6.32447e-18)
(-0.0545052 0.0099942 0)
(-0.0482994 -0.00293536 0)
(-0.0376316 -0.00402427 0)
(-0.0329318 -0.00109535 5.27127e-18)
(-0.0367045 0.000900982 -1.03388e-17)
(-0.0388926 0.000902509 -5.09262e-18)
(-0.0395877 7.14923e-05 0)
(-0.0384965 -0.00112739 0)
(-0.0357789 -0.00235387 0)
(-0.0325342 -0.00294471 -7.41502e-18)
(-0.0293719 -0.00274527 0)
(-0.0265578 -0.00194634 4.95216e-18)
(-0.0243364 -0.000883712 2.48357e-18)
(-0.0228755 -2.5703e-06 0)
(-0.0222407 0.000370637 0)
(-0.0222982 0.00040379 0)
(-0.0228691 0.000229818 0)
(-0.0237245 4.18184e-05 -6.32867e-19)
(-0.0246934 -0.000113007 0)
(-0.0257163 -0.000203576 3.20329e-19)
(-0.0268118 -0.000192808 1.61378e-19)
(-0.0280482 -6.35556e-05 0)
(-0.0294676 0.00016663 0)
(-0.0310944 0.00046678 6.62928e-19)
(-0.032991 0.000818187 0)
(-0.0351745 0.0012188 -1.35293e-18)
(-0.0376608 0.001676 0)
(-0.0404569 0.00220298 -1.38287e-18)
(-0.0435714 0.00280919 0)
(-0.0470112 0.00348777 1.41392e-18)
(-0.0507693 0.0042246 1.43144e-18)
(-0.0548187 0.00505608 0)
(-0.0591328 0.00616599 0)
(-0.0637084 0.0079289 -2.97248e-18)
(-0.0685376 0.0108603 0)
(-0.0735871 0.0155574 1.43234e-20)
(-0.0788776 0.022549 0)
(-0.0846074 0.0319642 0)
(-0.0911331 0.0430969 0)
(-0.0987699 0.0542933 0)
(-0.10725 0.0632171 6.02854e-18)
(-0.115043 0.0674169 0)
(-0.11972 0.0649193 -5.48275e-18)
(-0.119349 0.0548405 2.65273e-18)
(-0.112487 0.0381602 -2.30988e-18)
(-0.095234 0.0176841 -4.87991e-18)
(-0.0634242 -0.00483079 5.02691e-18)
(-0.0453765 -0.0307796 -5.54572e-18)
(-0.0201144 -0.0513939 6.49296e-18)
(0.00777886 -0.0660525 0)
(0.0387112 -0.0763539 -1.29445e-17)
(0.0731622 -0.0837602 -9.66068e-18)
(0.111904 -0.0889908 0)
(0.155125 -0.092044 5.73945e-18)
(0.202457 -0.0926235 1.25611e-17)
(0.253317 -0.0905175 0)
(0.307046 -0.0856324 0)
(0.363065 -0.0779476 0)
(0.420899 -0.0676021 0)
(0.480286 -0.0549327 -1.36176e-17)
(0.540979 -0.0404768 5.93601e-18)
(0.603833 -0.0248988 -1.17682e-17)
(0.66727 -0.00913583 1.01599e-17)
(0.739072 0.00577655 -3.46759e-18)
(0.796002 0.0174002 0)
(0.911701 0.0228986 0)
(0.978489 0.201538 0)
(0.978854 0.193006 -2.78623e-18)
(0.969154 0.205111 3.48189e-18)
(0.939083 0.208532 -3.0609e-18)
(0.878034 0.194606 2.88549e-18)
(0.785605 0.168719 2.84355e-18)
(0.669349 0.138081 0)
(0.541012 0.106021 0)
(0.40822 0.0750633 0)
(0.285943 0.0459344 6.86763e-18)
(0.17388 0.018021 0)
(0.0721776 -0.00640569 0)
(-0.0214753 -0.0141547 0)
(-0.0469102 -0.00385692 -7.18555e-18)
(-0.0508297 -0.0116809 0)
(-0.0586893 -0.0181532 -6.05209e-18)
(-0.0592884 -0.0112537 0)
(-0.0481037 0.00906533 5.87711e-18)
(-0.0464755 0.0164859 2.87323e-18)
(-0.0508998 0.0125903 0)
(-0.0532593 0.00615142 -2.79019e-18)
(-0.0550492 -0.000291332 0)
(-0.0556683 -0.00469856 0)
(-0.0547702 -0.00653442 5.43671e-18)
(-0.0532214 -0.00661275 0)
(-0.0520435 -0.00573313 1.35835e-18)
(-0.0518425 -0.0042266 -4.07778e-18)
(-0.0526351 -0.00223634 0)
(-0.0539921 -0.000222216 0)
(-0.055465 0.00124421 -6.81677e-19)
(-0.0570658 0.00219558 0)
(-0.0587757 0.00272035 1.43152e-22)
(-0.0605184 0.00296255 0)
(-0.0622488 0.00308527 6.90869e-19)
(-0.0639731 0.00325039 8.69022e-20)
(-0.0657638 0.00351239 0)
(-0.067679 0.00385824 1.76365e-19)
(-0.0697325 0.00425181 -3.55657e-19)
(-0.0719072 0.00468777 -3.58854e-19)
(-0.0741721 0.00516883 -7.24672e-19)
(-0.07649 0.00570116 7.32248e-19)
(-0.078823 0.00629414 7.39857e-19)
(-0.0811423 0.00695096 0)
(-0.0834118 0.00765196 1.5172e-18)
(-0.0855258 0.0083645 -3.07752e-18)
(-0.0872274 0.00910514 0)
(-0.0881017 0.010047 -1.59227e-18)
(-0.0876754 0.0115813 3.24675e-18)
(-0.0854185 0.0141859 0)
(-0.0806768 0.0184409 -1.69812e-18)
(-0.0727456 0.0248346 1.78174e-18)
(-0.0611141 0.0336241 -1.8481e-18)
(-0.0454186 0.0439167 -1.91625e-18)
(-0.0256218 0.0541634 0)
(-0.00193678 0.0621399 -3.9425e-18)
(0.0256843 0.0653185 -1.88529e-18)
(0.057144 0.0614173 1.63612e-18)
(0.0906196 0.0495962 1.53093e-18)
(0.124549 0.0288849 2.56749e-18)
(0.156351 0.00208395 0)
(0.186469 -0.0242924 0)
(0.214148 -0.0462792 0)
(0.242332 -0.0645614 -1.31366e-18)
(0.273969 -0.0802547 0)
(0.309995 -0.0939041 3.22278e-18)
(0.349861 -0.105474 0)
(0.392628 -0.114618 -1.98903e-18)
(0.437417 -0.120873 -4.46633e-18)
(0.483431 -0.123821 0)
(0.529999 -0.123219 -2.47606e-18)
(0.576639 -0.11907 2.5801e-18)
(0.623091 -0.111638 0)
(0.669303 -0.10144 0)
(0.715464 -0.0891673 0)
(0.761815 -0.0756572 -5.41043e-18)
(0.809231 -0.0618275 0)
(0.857009 -0.048862 -1.88535e-18)
(0.910095 -0.0378652 3.36927e-18)
(0.952984 -0.0312136 0)
(1.03532 -0.0302869 3.9331e-19)
(0.970611 0.209117 0)
(0.963917 0.194765 1.52537e-18)
(0.96643 0.198514 0)
(0.977152 0.206407 1.6946e-18)
(0.982034 0.208884 -3.00439e-18)
(0.968293 0.204266 -1.34112e-18)
(0.930748 0.193726 0)
(0.870757 0.177878 0)
(0.79113 0.156581 0)
(0.695412 0.131331 1.3511e-18)
(0.589481 0.10541 1.38289e-18)
(0.48005 0.0806999 0)
(0.369265 0.0579963 0)
(0.266647 0.0376061 0)
(0.17965 0.018539 0)
(0.100392 0.00267206 6.40114e-18)
(0.0300575 -0.00993298 -3.38749e-18)
(-0.0310533 -0.00937903 0)
(-0.0328133 0.00101351 -3.28297e-18)
(-0.0346948 0.00246317 1.61853e-18)
(-0.0346334 0.00136648 3.2112e-18)
(-0.0358895 -0.00129384 0)
(-0.0390985 -0.00397529 0)
(-0.0434827 -0.00523482 -3.12025e-18)
(-0.0471981 -0.00435834 0)
(-0.0494951 -0.00166561 -1.54395e-18)
(-0.0511755 0.00172146 1.54351e-18)
(-0.0536802 0.0042357 0)
(-0.0558178 0.00541123 0)
(-0.0580684 0.00596246 7.67016e-19)
(-0.0600193 0.00603745 0)
(-0.0616539 0.00577584 -7.70038e-19)
(-0.0629235 0.00534205 0)
(-0.0638117 0.00490601 -1.94775e-19)
(-0.0644469 0.0047042 -9.81193e-20)
(-0.0649179 0.00481968 -2.47505e-20)
(-0.0652367 0.00519827 -2.99901e-19)
(-0.0653008 0.00577177 4.04238e-19)
(-0.065029 0.00643561 4.09268e-19)
(-0.0643504 0.00712846 1.2451e-18)
(-0.0631798 0.00783198 -4.21278e-19)
(-0.0614284 0.00853696 4.28596e-19)
(-0.0590366 0.00921895 0)
(-0.055958 0.00980505 8.92784e-19)
(-0.0520858 0.0101191 9.13943e-19)
(-0.0471211 0.00985795 0)
(-0.0405982 0.00864705 1.93729e-18)
(-0.0326126 0.00642408 1.00091e-18)
(-0.022435 0.0039177 0)
(-0.00984472 0.00174255 -3.26547e-18)
(0.00662289 0.000467797 -2.23418e-18)
(0.0280156 0.000681817 1.10801e-18)
(0.0542501 0.0022106 2.16962e-18)
(0.0859235 0.00417514 0)
(0.123052 0.00504608 9.81497e-19)
(0.164784 0.00302641 2.6831e-18)
(0.209828 -0.00343948 1.58628e-18)
(0.25609 -0.0148564 -1.39017e-18)
(0.303047 -0.0300825 -6.42447e-19)
(0.348956 -0.0475083 0)
(0.393306 -0.0663453 0)
(0.436096 -0.0852939 0)
(0.478192 -0.103283 1.71543e-18)
(0.520393 -0.119681 6.46742e-19)
(0.562636 -0.134007 0)
(0.604263 -0.145721 -1.56703e-18)
(0.644564 -0.154263 1.74278e-18)
(0.683045 -0.159199 -1.8765e-18)
(0.719451 -0.160311 -2.02412e-18)
(0.753771 -0.157645 1.27059e-19)
(0.786219 -0.151502 -2.42204e-18)
(0.817211 -0.142406 0)
(0.847305 -0.13105 0)
(0.877173 -0.118221 0)
(0.907423 -0.104777 0)
(0.938965 -0.0915965 0)
(0.971465 -0.0797302 3.67801e-18)
(1.00826 -0.0700209 -1.34594e-18)
(1.0385 -0.0643935 0)
(1.09572 -0.0626752 -4.24053e-19)
(0.972988 0.216082 0)
(0.965831 0.201808 1.87116e-18)
(0.959206 0.1956 2.49279e-19)
(0.961489 0.195546 1.90757e-18)
(0.972668 0.197536 0)
(0.985519 0.199235 -1.60777e-18)
(0.992497 0.199295 0)
(0.988452 0.196253 -3.62603e-19)
(0.970218 0.189032 0)
(0.935631 0.177562 -1.6061e-18)
(0.884731 0.162749 -1.24321e-18)
(0.819618 0.145667 -3.15498e-19)
(0.743324 0.126729 3.13186e-19)
(0.658088 0.106111 0)
(0.569157 0.0852833 3.13243e-19)
(0.47934 0.0662428 0)
(0.393491 0.0502677 2.65486e-18)
(0.314099 0.0363413 -3.5139e-19)
(0.247073 0.0242763 0)
(0.192399 0.0147282 -1.89983e-18)
(0.14778 0.00792758 0)
(0.110718 0.00341352 0)
(0.079886 0.0008257 0)
(0.0539959 -0.000615601 0)
(0.0324817 -0.00158658 -2.21722e-19)
(0.0157073 -0.00203513 0)
(0.00281816 -0.00140046 0)
(-0.00263582 0.000669115 1.15622e-19)
(-0.00511571 0.00209074 0)
(-0.00516139 0.00308547 0)
(-0.00382958 0.00365735 0)
(-0.00157253 0.00392434 -5.87624e-20)
(0.00101523 0.00400336 0)
(0.00447195 0.00381431 -2.67945e-19)
(0.00749549 0.00430478 0)
(0.0111532 0.00515775 3.01139e-20)
(0.0155532 0.00568262 1.51346e-19)
(0.0208697 0.00562499 3.03855e-20)
(0.0272854 0.00526421 -6.0979e-20)
(0.0348707 0.00472278 -4.89204e-19)
(0.0437962 0.00397976 -4.89826e-19)
(0.0542784 0.00300826 4.89739e-19)
(0.0665119 0.00179338 -1.22181e-19)
(0.0806864 0.000308283 -9.73553e-19)
(0.0970117 -0.00150264 9.67403e-19)
(0.115466 -0.00370258 -1.19975e-19)
(0.136268 -0.00639133 0)
(0.158895 -0.0096459 -9.40542e-19)
(0.183476 -0.0134247 0)
(0.210102 -0.0175778 9.19812e-19)
(0.238797 -0.0217668 0)
(0.269775 -0.025864 8.9721e-19)
(0.303353 -0.0298387 0)
(0.339885 -0.0338992 -2.12025e-19)
(0.379591 -0.0385565 -8.05316e-19)
(0.422346 -0.0445452 -7.47032e-19)
(0.467555 -0.0526182 1.73544e-19)
(0.514152 -0.0633113 0)
(0.560721 -0.0769194 5.43449e-19)
(0.605842 -0.0929054 -1.37247e-19)
(0.648653 -0.110275 0)
(0.688755 -0.127672 1.37102e-19)
(0.726027 -0.143844 -5.34579e-19)
(0.760403 -0.15794 -5.90401e-19)
(0.791705 -0.169391 0)
(0.819717 -0.177752 1.47964e-18)
(0.844366 -0.182695 0)
(0.865826 -0.184074 1.8348e-18)
(0.884516 -0.181965 2.01271e-18)
(0.901049 -0.176654 2.17729e-18)
(0.916173 -0.168606 2.7099e-19)
(0.930712 -0.158417 0)
(0.945484 -0.146767 0)
(0.961284 -0.134377 0)
(0.978723 -0.121984 -2.69777e-19)
(0.998547 -0.110314 0)
(1.02039 -0.10017 -1.67539e-18)
(1.04673 -0.0922025 1.64988e-18)
(1.06873 -0.0876314 1.04004e-19)
(1.11236 -0.0863902 4.50975e-20)
(0.974194 0.218514 -1.2326e-18)
(0.970935 0.206364 1.19301e-18)
(0.965119 0.198172 -2.8208e-19)
(0.961139 0.194112 0)
(0.962197 0.191942 0)
(0.96826 0.190544 0)
(0.977772 0.189885 0)
(0.988502 0.189481 1.25264e-18)
(0.997432 0.188308 0)
(1.00093 0.185358 -1.11991e-18)
(0.995773 0.179955 -1.39605e-18)
(0.979839 0.171905 3.20089e-19)
(0.952674 0.161434 9.67032e-19)
(0.914336 0.148646 0)
(0.865647 0.133742 -1.47587e-18)
(0.80825 0.117845 0)
(0.746068 0.102471 -1.17986e-18)
(0.683644 0.0879753 2.95101e-19)
(0.622835 0.074387 -1.2344e-18)
(0.565747 0.0621138 -9.5056e-19)
(0.513197 0.0513549 0)
(0.465537 0.0420966 0)
(0.422942 0.0342202 -6.83268e-19)
(0.385368 0.0276179 0)
(0.352677 0.0221549 -5.42515e-19)
(0.324658 0.0176528 0)
(0.300908 0.0138448 0)
(0.281198 0.0104658 -9.56188e-20)
(0.265385 0.00755239 0)
(0.253131 0.00511014 0)
(0.244089 0.00307105 0)
(0.237982 0.00135471 5.05438e-20)
(0.234497 -0.000117358 2.04869e-19)
(0.233666 -0.00133912 1.29072e-19)
(0.235262 -0.00275839 0)
(0.23939 -0.00435904 0)
(0.245996 -0.00601748 -2.59602e-20)
(0.254923 -0.00776502 -1.30031e-19)
(0.266139 -0.00969028 5.16664e-20)
(0.279564 -0.011853 0)
(0.295104 -0.0142914 0)
(0.312676 -0.0170354 -2.04025e-19)
(0.332205 -0.0201109 1.00471e-19)
(0.35361 -0.0235509 -4.00963e-19)
(0.376796 -0.0274015 3.96894e-19)
(0.40162 -0.0317149 9.71342e-20)
(0.427887 -0.0365163 0)
(0.455365 -0.0416953 3.85013e-19)
(0.483884 -0.0471242 0)
(0.513303 -0.0526562 0)
(0.543521 -0.0581292 0)
(0.574529 -0.0634425 0)
(0.606405 -0.0686254 0)
(0.639232 -0.0739016 1.78129e-19)
(0.673004 -0.0797016 0)
(0.70751 -0.086587 6.69679e-19)
(0.742263 -0.0950994 -1.52551e-19)
(0.776496 -0.105569 0)
(0.809276 -0.117933 5.80056e-19)
(0.839681 -0.131599 1.27742e-19)
(0.866989 -0.145661 5.66968e-19)
(0.890748 -0.159127 -1.32365e-19)
(0.910763 -0.17112 0)
(0.927063 -0.180997 -6.62544e-19)
(0.93983 -0.188332 0)
(0.949375 -0.192853 0)
(0.956162 -0.194437 -8.54013e-19)
(0.960822 -0.193118 0)
(0.964123 -0.189097 0)
(0.966901 -0.182715 -1.06431e-18)
(0.969995 -0.174423 -2.958e-19)
(0.974197 -0.164743 0)
(0.980199 -0.154233 0)
(0.988595 -0.143465 0)
(0.999767 -0.133009 3.01429e-19)
(1.0142 -0.123414 -1.03049e-18)
(1.03134 -0.115261 -2.4015e-19)
(1.05326 -0.109022 -1.88551e-19)
(1.07181 -0.105416 -1.17792e-19)
(1.11023 -0.104553 -2.40694e-19)
(0.974501 0.21901 4.35552e-18)
(0.973757 0.208036 -4.1822e-18)
(0.971714 0.200425 0)
(0.969159 0.196211 -2.53738e-18)
(0.967053 0.192937 0)
(0.966166 0.189312 -2.23735e-18)
(0.967419 0.185818 0)
(0.971669 0.183008 2.97945e-18)
(0.978977 0.18073 -3.69939e-18)
(0.988283 0.178484 1.68916e-18)
(0.99769 0.175773 1.5792e-18)
(1.00497 0.172151 0)
(1.00811 0.167265 -4.27173e-18)
(1.00544 0.160699 -2.72081e-18)
(0.995587 0.15211 3.82429e-18)
(0.977794 0.141797 0)
(0.953044 0.130626 1.1714e-18)
(0.923753 0.119347 0)
(0.891693 0.108147 1.16788e-18)
(0.858158 0.0970059 1.16758e-18)
(0.824183 0.0861323 0)
(0.790762 0.0758047 0)
(0.758773 0.0662278 -6.39428e-19)
(0.72889 0.057507 0)
(0.701556 0.0496254 6.20994e-19)
(0.677006 0.0424979 0)
(0.655358 0.0360297 0)
(0.636645 0.0301339 0)
(0.620896 0.0247212 0)
(0.608048 0.0197084 0)
(0.598025 0.0150169 0)
(0.59076 0.0105766 0)
(0.586175 0.00631641 1.77043e-19)
(0.58415 0.00217237 -8.59073e-20)
(0.584467 -0.00199903 4.39846e-20)
(0.587219 -0.00623463 0)
(0.592314 -0.0105192 0)
(0.59955 -0.0148582 8.61819e-20)
(0.608775 -0.0192932 -3.51824e-19)
(0.619851 -0.0238624 3.51368e-19)
(0.632626 -0.0285888 0)
(0.64694 -0.0334875 8.7134e-19)
(0.662629 -0.0385712 -6.99118e-19)
(0.679524 -0.043853 -3.57835e-19)
(0.69744 -0.0493455 -3.39121e-19)
(0.716175 -0.055051 0)
(0.735508 -0.0609423 0)
(0.755215 -0.0669418 -1.03487e-18)
(0.775101 -0.0729554 0)
(0.795014 -0.0788865 0)
(0.814859 -0.0846492 0)
(0.834604 -0.0902123 7.04214e-19)
(0.854269 -0.0956488 1.40617e-18)
(0.873872 -0.10116 0)
(0.893362 -0.107059 0)
(0.912553 -0.11371 -6.485e-19)
(0.931077 -0.121415 0)
(0.948398 -0.130302 1.29262e-18)
(0.963883 -0.140229 6.86102e-19)
(0.97692 -0.150775 0)
(0.987056 -0.161323 6.99606e-19)
(0.994084 -0.171195 1.33476e-18)
(0.998072 -0.179762 1.40631e-18)
(0.99932 -0.186537 7.14315e-19)
(0.998294 -0.191205 -1.61656e-18)
(0.995563 -0.193609 1.74723e-18)
(0.991777 -0.193719 2.83383e-18)
(0.987642 -0.191628 0)
(0.983879 -0.187538 0)
(0.981182 -0.181744 1.19596e-18)
(0.980172 -0.174603 0)
(0.981378 -0.166519 2.50025e-18)
(0.985218 -0.157921 2.53291e-18)
(0.992025 -0.14925 0)
(1.00196 -0.14095 2.40282e-18)
(1.01532 -0.133449 -1.04122e-18)
(1.03146 -0.127184 0)
(1.05229 -0.1225 0)
(1.06994 -0.119841 0)
(1.10683 -0.119398 -1.9307e-19)
(0.974733 0.218938 -3.35519e-18)
(0.975458 0.208201 3.21189e-18)
(0.976056 0.201058 -6.23793e-18)
(0.975936 0.197366 2.86979e-18)
(0.974875 0.19446 0)
(0.9732 0.190785 2.53037e-18)
(0.971487 0.186584 -4.84383e-18)
(0.970472 0.182339 -4.49093e-18)
(0.970994 0.17813 -7.92483e-20)
(0.973704 0.17395 0)
(0.978806 0.169868 0)
(0.985964 0.165856 3.59716e-18)
(0.994363 0.161685 3.29234e-18)
(1.00283 0.15694 -3.27812e-18)
(1.00995 0.151228 -8.89953e-18)
(1.01427 0.144451 0)
(1.01489 0.136908 0)
(1.01186 0.128902 0)
(1.00564 0.120422 0)
(0.996717 0.111451 0)
(0.985584 0.102194 0)
(0.972871 0.0929287 0)
(0.959261 0.083867 1.24031e-18)
(0.945387 0.075123 -2.58699e-18)
(0.93177 0.0667311 0)
(0.918817 0.0586916 0)
(0.906847 0.0509971 0)
(0.896102 0.0436186 0)
(0.886746 0.0364974 0)
(0.878881 0.0295907 -6.62411e-19)
(0.872572 0.0228709 0)
(0.867857 0.0163081 0)
(0.864741 0.00986628 1.25944e-20)
(0.86317 0.00348182 0)
(0.86305 -0.00272128 -4.10307e-20)
(0.864329 -0.00880044 0)
(0.866916 -0.0148398 1.70688e-19)
(0.870683 -0.0208672 0)
(0.875509 -0.0268946 6.72218e-19)
(0.881283 -0.032934 -3.3046e-19)
(0.887883 -0.0389925 -6.88661e-19)
(0.895181 -0.0450726 -6.64944e-19)
(0.903043 -0.0511739 6.676e-19)
(0.911332 -0.0572954 6.70729e-19)
(0.919907 -0.0634335 1.40259e-18)
(0.928621 -0.0695758 1.41175e-18)
(0.937325 -0.0756924 0)
(0.945884 -0.08173 -7.44433e-19)
(0.954191 -0.0876225 0)
(0.962185 -0.0933085 0)
(0.969852 -0.0987489 -1.48021e-18)
(0.977221 -0.103954 -7.23006e-19)
(0.984345 -0.109009 4.79895e-20)
(0.991266 -0.114084 0)
(0.997964 -0.119413 0)
(1.00431 -0.125249 0)
(1.01006 -0.131791 1.49189e-18)
(1.01487 -0.139111 -1.39826e-18)
(1.01832 -0.147102 -1.38818e-18)
(1.02007 -0.155465 0)
(1.01991 -0.163756 -1.42778e-18)
(1.01784 -0.171473 9.48316e-20)
(1.01408 -0.178149 -1.57638e-18)
(1.00899 -0.183423 1.75767e-18)
(1.00307 -0.187068 -4.73126e-20)
(0.996843 -0.188972 -1.97979e-18)
(0.990863 -0.189122 -2.14364e-18)
(0.985659 -0.187583 0)
(0.981728 -0.184498 0)
(0.979506 -0.180074 0)
(0.979359 -0.174573 0)
(0.981582 -0.168304 -2.83741e-18)
(0.986399 -0.161608 -2.87264e-18)
(0.994001 -0.154851 0)
(1.00446 -0.148411 -2.7229e-18)
(1.01803 -0.142651 4.90809e-18)
(1.0341 -0.137926 0)
(1.05453 -0.13448 0)
(1.07181 -0.132629 0)
(1.10767 -0.132399 9.13433e-19)
(0.975035 0.218502 8.34162e-18)
(0.977127 0.207476 0)
(0.979623 0.200809 1.42776e-17)
(0.980942 0.19772 0)
(0.980747 0.195178 6.21474e-18)
(0.979837 0.19182 0)
(0.978655 0.187904 5.47381e-18)
(0.977181 0.183662 0)
(0.975604 0.178993 -5.0374e-18)
(0.974439 0.173897 0)
(0.97427 0.168549 8.88231e-18)
(0.975577 0.163112 -4.11176e-18)
(0.978659 0.157621 0)
(0.983536 0.151978 7.30875e-18)
(0.989866 0.146033 -1.87027e-19)
(0.996991 0.139703 -6.68296e-18)
(1.00405 0.133126 6.47708e-18)
(1.01036 0.126391 0)
(1.01555 0.119355 0)
(1.01936 0.111922 6.08731e-18)
(1.02167 0.104163 0)
(1.02251 0.0962144 -2.96139e-18)
(1.02211 0.0881954 0)
(1.02073 0.0801812 2.80491e-18)
(1.01865 0.0722158 0)
(1.01612 0.0643277 2.89688e-18)
(1.01338 0.0565334 0)
(1.01062 0.0488324 0)
(1.00799 0.0412145 1.44754e-18)
(1.00561 0.0336803 6.95762e-19)
(1.00357 0.0262365 0)
(1.00193 0.0188854 0)
(1.00072 0.0116268 -1.08748e-18)
(0.999984 0.0044594 0)
(0.999663 -0.00252519 0)
(0.99973 -0.00938244 0)
(1.00017 -0.0161739 -1.77967e-19)
(1.00093 -0.0229087 0)
(1.00197 -0.0295774 -1.10509e-18)
(1.00322 -0.0361753 -7.50319e-19)
(1.00464 -0.0427 7.24466e-19)
(1.00616 -0.0491471 0)
(1.00773 -0.0555113 0)
(1.00928 -0.0617868 1.54391e-18)
(1.01075 -0.0679666 -1.49873e-18)
(1.01209 -0.0740383 -1.5154e-18)
(1.01325 -0.0799798 0)
(1.01418 -0.0857574 -5.80235e-20)
(1.01489 -0.0913327 1.63479e-18)
(1.01538 -0.0966768 0)
(1.01572 -0.101785 1.62676e-18)
(1.01597 -0.106693 1.70175e-18)
(1.01623 -0.111488 -1.66772e-18)
(1.01655 -0.116314 0)
(1.01694 -0.121353 0)
(1.01732 -0.126789 0)
(1.01752 -0.132762 -1.67931e-18)
(1.01732 -0.139316 0)
(1.01645 -0.146363 0)
(1.01472 -0.153681 0)
(1.01201 -0.160939 3.66024e-18)
(1.00838 -0.167766 -1.80353e-18)
(1.004 -0.173809 0)
(0.999187 -0.178783 -2.0047e-18)
(0.994291 -0.182486 -2.2269e-18)
(0.989694 -0.184799 4.62145e-18)
(0.985763 -0.185671 -4.89665e-18)
(0.982836 -0.185118 -5.17788e-18)
(0.981215 -0.183222 0)
(0.981159 -0.180128 -5.69971e-18)
(0.982887 -0.17604 0)
(0.98659 -0.17122 0)
(0.992432 -0.165973 0)
(1.00059 -0.160637 5.98966e-18)
(1.01115 -0.155563 -5.73596e-18)
(1.02442 -0.151086 -7.99783e-18)
(1.0399 -0.147507 0)
(1.05946 -0.144992 3.60703e-18)
(1.07599 -0.143752 0)
(1.11029 -0.143595 -1.50381e-18)
(0.975434 0.21769 -9.46195e-18)
(0.979143 0.20609 -9.21039e-18)
(0.983423 0.200245 -1.6444e-17)
(0.98558 0.197996 0)
(0.985486 0.195678 -1.41308e-17)
(0.984786 0.192413 -6.73175e-18)
(0.9842 0.188726 0)
(0.983452 0.184719 1.19977e-17)
(0.982353 0.180193 1.11999e-17)
(0.981033 0.175095 0)
(0.979702 0.169516 -1.00453e-17)
(0.978603 0.163553 0)
(0.97805 0.15727 0)
(0.978376 0.150691 8.71017e-18)
(0.979803 0.14382 8.07295e-18)
(0.982396 0.13669 -1.82316e-19)
(0.986006 0.129512 1.84342e-19)
(0.990362 0.12244 0)
(0.995174 0.115376 0)
(1.0001 0.108199 -6.97517e-18)
(1.00479 0.100887 -7.06598e-18)
(1.00904 0.0934778 1.0356e-17)
(1.01274 0.0860168 3.4517e-18)
(1.01588 0.0785342 3.42346e-18)
(1.01848 0.0710479 0)
(1.02058 0.0635676 -3.27236e-18)
(1.02224 0.0560985 0)
(1.02353 0.0486413 0)
(1.02447 0.0411969 -3.30626e-18)
(1.02513 0.0337721 0)
(1.02555 0.0263795 0)
(1.02574 0.0190325 0)
(1.02574 0.0117458 8.20308e-19)
(1.02557 0.00455028 -4.27706e-19)
(1.0253 -0.00253608 2.13699e-19)
(1.02492 -0.00951594 0)
(1.02445 -0.0164038 0)
(1.02391 -0.0232008 0)
(1.02329 -0.0298992 8.33796e-19)
(1.02257 -0.0364934 8.38726e-19)
(1.02177 -0.0429806 -1.75013e-18)
(1.02086 -0.0493572 0)
(1.01985 -0.0556193 0)
(1.01874 -0.0617628 -3.53233e-18)
(1.01753 -0.0677831 -1.81522e-18)
(1.01621 -0.0736726 0)
(1.0148 -0.0794184 0)
(1.01331 -0.085002 1.82584e-18)
(1.01177 -0.0904048 5.63997e-20)
(1.01024 -0.0956177 0)
(1.00878 -0.100652 0)
(1.00748 -0.105549 -1.93565e-18)
(1.00641 -0.110388 0)
(1.00561 -0.115284 0)
(1.00509 -0.120377 0)
(1.00478 -0.125806 0)
(1.00455 -0.131671 0)
(1.00425 -0.138 -4.16184e-18)
(1.00367 -0.144726 0)
(1.00266 -0.151678 0)
(1.00115 -0.158603 1.6698e-19)
(0.999147 -0.165207 0)
(0.996773 -0.171194 0)
(0.994221 -0.176307 0)
(0.991727 -0.180343 9.99064e-18)
(0.989537 -0.183164 -5.23547e-18)
(0.987885 -0.184691 5.53948e-18)
(0.986987 -0.184907 1.45374e-20)
(0.987038 -0.183859 0)
(0.988217 -0.181661 6.42989e-18)
(0.990697 -0.178495 -6.5482e-18)
(0.994658 -0.174607 0)
(1.00028 -0.170293 0)
(1.0078 -0.16589 -1.45832e-19)
(1.01739 -0.161743 6.48495e-18)
(1.02944 -0.158174 5.97628e-18)
(1.04356 -0.155439 0)
(1.06168 -0.153661 -4.09439e-18)
(1.07707 -0.152866 0)
(1.10954 -0.15279 1.13345e-18)
(0.975986 0.216474 0)
(0.981692 0.204215 2.12171e-17)
(0.987769 0.199647 1.8824e-17)
(0.990441 0.198411 0)
(0.990122 0.196236 8.03051e-18)
(0.989271 0.192974 -7.77108e-18)
(0.988772 0.189389 0)
(0.988281 0.185462 -1.35663e-17)
(0.987611 0.180998 0)
(0.986852 0.175995 0)
(0.98604 0.170512 0)
(0.985145 0.164577 0)
(0.984206 0.1582 0)
(0.983343 0.151386 1.82804e-19)
(0.982702 0.144142 -9.52968e-18)
(0.982426 0.13652 -1.82175e-19)
(0.98266 0.128777 1.83588e-19)
(0.9835 0.121146 0)
(0.984945 0.113609 0)
(0.986875 0.106092 0)
(0.989103 0.098572 -2.02555e-19)
(0.991463 0.0910728 2.06478e-19)
(0.993841 0.0836194 -3.95266e-18)
(0.996165 0.0762221 -3.92151e-18)
(0.998379 0.0688777 0)
(1.00044 0.0615776 -3.98602e-18)
(1.00231 0.0543124 3.97353e-18)
(1.00396 0.0470741 0)
(1.00538 0.0398574 1.92546e-18)
(1.00654 0.0326628 1.9836e-18)
(1.00744 0.0254983 0)
(1.00808 0.0183773 0)
(1.00846 0.0113128 1.00229e-18)
(1.00861 0.00434215 -1.4859e-20)
(1.00857 -0.00256894 -4.94786e-19)
(1.00837 -0.00939151 0)
(1.00802 -0.0161178 0)
(1.00755 -0.0227531 -1.01119e-18)
(1.00697 -0.0292973 0)
(1.00629 -0.0357471 -1.02129e-18)
(1.00552 -0.0420996 -5.89915e-20)
(1.00467 -0.0483524 0)
(1.00377 -0.0545026 2.08893e-18)
(1.00281 -0.0605474 4.15843e-18)
(1.00183 -0.0664834 2.07176e-18)
(1.00083 -0.0723052 0)
(0.999839 -0.0780043 -4.35651e-18)
(0.998875 -0.0835695 0)
(0.997973 -0.088991 -2.17788e-18)
(0.99718 -0.0942674 0)
(0.996548 -0.0994139 0)
(0.996136 -0.104469 0)
(0.995991 -0.1095 0)
(0.996139 -0.114602 0)
(0.99657 -0.119884 -4.77476e-18)
(0.997226 -0.125454 4.80715e-18)
(0.998003 -0.131389 0)
(0.998762 -0.137709 4.72284e-18)
(0.999352 -0.144358 -4.91531e-18)
(0.999642 -0.151195 0)
(0.999554 -0.158011 -4.91283e-18)
(0.999074 -0.164552 0)
(0.99826 -0.170554 0)
(0.997221 -0.175775 0)
(0.996097 -0.180011 -5.68619e-18)
(0.995039 -0.183111 6.02757e-18)
(0.994194 -0.184979 -6.29655e-18)
(0.993709 -0.18558 1.31503e-17)
(0.993735 -0.184944 -6.8448e-18)
(0.994439 -0.183178 0)
(0.996014 -0.180462 7.39429e-18)
(0.998691 -0.17705 -7.44615e-18)
(1.00273 -0.173249 0)
(1.00846 -0.169406 -1.17011e-19)
(1.01615 -0.165871 -7.10581e-18)
(1.02629 -0.162967 0)
(1.03862 -0.160897 0)
(1.05513 -0.159787 -4.56946e-18)
(1.06932 -0.159347 0)
(1.10041 -0.159538 -1.28574e-18)
(0.976761 0.214804 0)
(0.984936 0.20201 -1.22238e-17)
(0.992771 0.199204 -1.07049e-17)
(0.995649 0.198991 0)
(0.994983 0.196871 1.84285e-17)
(0.993957 0.193635 1.74023e-17)
(0.993389 0.19014 0)
(0.992829 0.186205 1.56669e-17)
(0.992161 0.181685 -1.48775e-17)
(0.99156 0.176662 0)
(0.991075 0.171202 0)
(0.990636 0.165313 0)
(0.990183 0.158988 0)
(0.989695 0.15221 -1.13235e-17)
(0.989165 0.144966 -1.11277e-17)
(0.988597 0.137281 1.02284e-17)
(0.988069 0.12939 -3.0278e-17)
(0.9877 0.121541 0)
(0.987572 0.113753 0)
(0.987691 0.10599 9.7028e-18)
(0.988004 0.0982516 1.89766e-17)
(0.988459 0.0905688 -9.29148e-18)
(0.989025 0.0829712 0)
(0.989681 0.0754695 0)
(0.990406 0.0680599 -4.65942e-18)
(0.991173 0.0607321 9.17943e-18)
(0.99195 0.0534744 -9.15676e-18)
(0.99271 0.0462762 0)
(0.993423 0.0391282 0)
(0.994067 0.0320267 -2.26054e-18)
(0.994618 0.0249747 0)
(0.995064 0.0179792 2.3308e-18)
(0.995396 0.0110531 -1.14217e-18)
(0.995637 0.00419351 -1.44966e-20)
(0.995794 -0.0026105 -7.27125e-21)
(0.995868 -0.00933422 0)
(0.995873 -0.0159697 0)
(0.995825 -0.0225233 -2.9024e-20)
(0.995729 -0.0289971 1.18335e-18)
(0.995593 -0.035388 3.53957e-18)
(0.995425 -0.0416931 4.72948e-18)
(0.995237 -0.0479103 2.4106e-18)
(0.995039 -0.0540375 -2.37192e-18)
(0.994842 -0.0600725 -2.39323e-18)
(0.994659 -0.0660122 2.47395e-18)
(0.994501 -0.0718521 0)
(0.99438 -0.0775858 4.93916e-18)
(0.994316 -0.0832056 -5.10997e-18)
(0.994332 -0.0887059 0)
(0.994461 -0.0940884 0)
(0.994738 -0.0993691 0)
(0.995201 -0.104583 0)
(0.995879 -0.109789 0)
(0.996783 -0.115065 0)
(0.997894 -0.120501 5.3917e-18)
(0.999155 -0.126184 -1.09795e-17)
(1.00048 -0.132174 -5.59405e-18)
(1.00173 -0.138483 5.63855e-18)
(1.00279 -0.14506 5.54238e-18)
(1.00352 -0.15178 -5.76872e-18)
(1.00383 -0.158455 5.86937e-18)
(1.00367 -0.164857 0)
(1.00303 -0.170737 6.16822e-18)
(1.00196 -0.17586 -6.3694e-18)
(1.0005 -0.180022 0)
(0.998758 -0.183062 -1.36613e-17)
(0.996825 -0.18488 7.10829e-18)
(0.99484 -0.185437 -1.48655e-17)
(0.992977 -0.184773 7.7498e-18)
(0.991463 -0.183009 0)
(0.990582 -0.180347 8.23145e-18)
(0.990675 -0.177063 8.48451e-18)
(0.992123 -0.173489 -8.4583e-18)
(0.995359 -0.169986 -8.45946e-18)
(1.00075 -0.166905 8.14843e-18)
(1.00889 -0.164573 0)
(1.01955 -0.163131 0)
(1.03485 -0.162756 5.25953e-18)
(1.04825 -0.162684 0)
(1.07924 -0.163507 1.48357e-18)
(0.977833 0.212617 1.62086e-17)
(0.988995 0.19965 0)
(0.998472 0.199058 -2.4099e-17)
(1.00125 0.199733 2.1833e-17)
(1.00018 0.19759 -2.08203e-17)
(0.99903 0.194434 1.99693e-17)
(0.998399 0.191033 0)
(0.997724 0.187058 1.60213e-19)
(0.996946 0.182455 1.67966e-17)
(0.996278 0.177367 0)
(0.995792 0.171857 0)
(0.995442 0.165931 0)
(0.995188 0.159586 2.77123e-17)
(0.995003 0.152813 0)
(0.994848 0.145595 2.4695e-17)
(0.994671 0.13794 0)
(0.994464 0.130056 4.6189e-17)
(0.994268 0.122182 0)
(0.994123 0.114345 0)
(0.994033 0.10652 -2.20853e-17)
(0.993975 0.0987121 -1.08165e-17)
(0.993935 0.0909546 0)
(0.993916 0.0832776 0)
(0.993934 0.0756956 0)
(0.994 0.0682095 5.26115e-18)
(0.994116 0.0608134 -5.24405e-18)
(0.99428 0.0534992 -1.0797e-19)
(0.994481 0.046258 0)
(0.99471 0.0390811 5.33999e-18)
(0.994953 0.0319642 0)
(0.995199 0.0249086 0)
(0.995437 0.0179177 -2.63455e-18)
(0.995663 0.010998 1.35015e-18)
(0.995872 0.00414172 -1.44115e-20)
(0.996064 -0.00265024 3.29898e-19)
(0.996235 -0.00936447 0)
(0.99639 -0.0159955 0)
(0.996536 -0.0225472 1.32842e-18)
(0.996678 -0.0290219 -1.33405e-18)
(0.996816 -0.0354177 -2.68194e-18)
(0.996957 -0.0417328 -2.69831e-18)
(0.997106 -0.0479659 -2.71712e-18)
(0.997268 -0.0541157 0)
(0.997451 -0.0601804 0)
(0.997661 -0.0661572 -2.78746e-18)
(0.997905 -0.0720422 -5.74487e-18)
(0.998191 -0.07783 0)
(0.99853 -0.0835147 1.16219e-17)
(0.998935 -0.0890926 0)
(0.999426 -0.0945667 0)
(1.00002 -0.0999519 -6.07086e-18)
(1.00074 -0.105279 6.13897e-18)
(1.00159 -0.110599 6.20447e-18)
(1.00257 -0.115976 0)
(1.00363 -0.121486 6.32339e-18)
(1.00472 -0.127197 1.26271e-17)
(1.00573 -0.133155 -1.35702e-19)
(1.00654 -0.139363 -6.34782e-18)
(1.00699 -0.145765 0)
(1.00695 -0.152243 6.4999e-18)
(1.00629 -0.158619 1.5019e-19)
(1.0049 -0.164673 0)
(1.00274 -0.170167 -1.40657e-17)
(0.999789 -0.174872 -1.13974e-19)
(0.996076 -0.178588 0)
(0.991682 -0.181164 7.78957e-18)
(0.986746 -0.182515 0)
(0.981472 -0.182627 8.47979e-18)
(0.976141 -0.181571 -8.82101e-18)
(0.971113 -0.179502 -9.13544e-18)
(0.966813 -0.176658 -9.46773e-18)
(0.963718 -0.173343 9.61645e-18)
(0.962326 -0.169906 9.77872e-18)
(0.963158 -0.166715 0)
(0.966636 -0.164111 0)
(0.973383 -0.162417 0)
(0.983153 -0.161697 0)
(0.998256 -0.162238 0)
(1.0117 -0.162647 0)
(1.04451 -0.16458 0)
(0.979275 0.209853 1.98819e-17)
(0.993932 0.197332 0)
(1.00486 0.199293 2.72501e-17)
(1.00729 0.200615 -2.19073e-20)
(1.00581 0.198412 0)
(1.00459 0.195393 -4.51588e-17)
(1.00391 0.192068 0)
(1.00315 0.188034 -2.01139e-17)
(1.00229 0.183353 1.93041e-17)
(1.00155 0.178202 -1.83729e-17)
(1.001 0.17263 3.49489e-17)
(1.0006 0.166637 -3.32401e-17)
(1.00031 0.16023 -3.12475e-17)
(1.00015 0.153407 0)
(1.00008 0.146158 2.86423e-17)
(1.00007 0.138485 0)
(1.0001 0.130587 -5.28706e-17)
(1.00016 0.122697 2.62045e-17)
(1.00027 0.114844 0)
(1.0004 0.107005 1.25547e-17)
(1.00052 0.099185 0)
(1.00062 0.0914102 0)
(1.00069 0.0837077 -1.24192e-17)
(1.00075 0.076092 0)
(1.00082 0.0685656 0)
(1.0009 0.0611252 0)
(1.001 0.0537649 6.01392e-18)
(1.00111 0.0464779 0)
(1.00125 0.0392568 1.11097e-19)
(1.00141 0.0320986 6.13324e-18)
(1.00157 0.0250048 0)
(1.00174 0.0179782 0)
(1.00191 0.0110171 -1.51409e-18)
(1.00209 0.00413004 7.56333e-19)
(1.00226 -0.00268625 0)
(1.00243 -0.00942722 3.85936e-19)
(1.0026 -0.0160882 7.73678e-19)
(1.00277 -0.0226708 0)
(1.00295 -0.0291769 0)
(1.00314 -0.035606 3.1339e-18)
(1.00334 -0.0419566 0)
(1.00355 -0.0482274 -3.17379e-18)
(1.00377 -0.054417 3.19763e-18)
(1.004 -0.060523 0)
(1.00424 -0.0665421 0)
(1.00449 -0.0724698 -1.1477e-19)
(1.00474 -0.0782999 0)
(1.00499 -0.0840264 -6.59206e-18)
(1.00525 -0.0896447 6.78034e-18)
(1.0055 -0.0951563 0)
(1.00575 -0.100573 6.82517e-18)
(1.00598 -0.10592 1.12516e-19)
(1.0062 -0.111238 -6.9808e-18)
(1.00635 -0.116581 0)
(1.00639 -0.122009 -7.12302e-18)
(1.00623 -0.127575 -7.18972e-18)
(1.00576 -0.133311 1.46494e-17)
(1.00482 -0.139207 0)
(1.00325 -0.145202 7.56726e-18)
(1.0009 -0.151176 7.68201e-18)
(0.997595 -0.156957 1.45373e-19)
(0.993233 -0.162334 0)
(0.987743 -0.167084 2.45185e-17)
(0.98112 -0.170994 8.35899e-18)
(0.973436 -0.173888 -1.75277e-17)
(0.964846 -0.175649 0)
(0.955599 -0.176226 -1.89117e-17)
(0.946037 -0.175651 -1.96772e-17)
(0.936596 -0.174039 1.02345e-17)
(0.927786 -0.171585 1.06323e-17)
(0.920169 -0.168558 -2.18868e-17)
(0.914328 -0.165277 1.11522e-17)
(0.910827 -0.162094 0)
(0.910213 -0.159366 0)
(0.912894 -0.157406 2.18307e-17)
(0.919478 -0.156524 0)
(0.929613 -0.156698 0)
(0.945854 -0.158385 0)
(0.9604 -0.159445 0)
(0.997118 -0.162966 0)
(0.981152 0.206468 -4.34319e-17)
(0.999746 0.195256 -3.76971e-17)
(1.01186 0.199924 -2.99896e-17)
(1.01376 0.201604 -5.62844e-21)
(1.01195 0.199368 0)
(1.01072 0.196531 2.54663e-17)
(1.01001 0.193247 0)
(1.0092 0.189139 0)
(1.00831 0.184389 -2.17093e-17)
(1.00756 0.179184 2.06653e-17)
(1.00697 0.173552 -7.90038e-17)
(1.00653 0.167494 3.74007e-17)
(1.0062 0.161021 3.59643e-17)
(1.00599 0.154136 3.42455e-17)
(1.00589 0.146829 3.77494e-19)
(1.00587 0.139105 0)
(1.00591 0.131158 6.03254e-17)
(1.00603 0.123221 -2.95011e-17)
(1.00621 0.115327 0)
(1.00644 0.107456 -2.91178e-17)
(1.00668 0.0996108 0)
(1.0069 0.0918141 -1.4284e-17)
(1.0071 0.0840885 1.39756e-17)
(1.00728 0.0764466 1.41093e-17)
(1.00745 0.0688904 1.40525e-17)
(1.00762 0.0614168 1.40133e-17)
(1.00778 0.054021 0)
(1.00795 0.0466974 0)
(1.00811 0.0394384 -6.88465e-18)
(1.00828 0.0322428 -6.89537e-18)
(1.00843 0.0251124 0)
(1.00858 0.0180492 0)
(1.00872 0.0110538 -1.75591e-18)
(1.00885 0.00413365 0)
(1.00897 -0.0027146 -4.38927e-19)
(1.00908 -0.0094886 -4.32366e-19)
(1.00917 -0.0161833 1.44707e-20)
(1.00925 -0.0227982 0)
(1.0093 -0.0293342 -3.55366e-18)
(1.00932 -0.0357906 5.79968e-20)
(1.0093 -0.0421647 3.59423e-18)
(1.00924 -0.0484537 3.56117e-18)
(1.00911 -0.0546543 -3.58913e-18)
(1.00891 -0.0607622 0)
(1.00862 -0.0667716 0)
(1.00822 -0.0726751 7.3817e-18)
(1.00769 -0.0784644 0)
(1.00701 -0.0841303 0)
(1.00617 -0.0896659 -1.53853e-17)
(1.00514 -0.0950693 0)
(1.00391 -0.100348 0)
(1.00246 -0.105521 -7.92644e-18)
(1.00076 -0.110623 0)
(0.998762 -0.115696 -8.23865e-18)
(0.996403 -0.120788 0)
(0.993588 -0.12594 0)
(0.990192 -0.131171 -1.69622e-17)
(0.986064 -0.136462 -1.73222e-17)
(0.981036 -0.141748 8.93033e-18)
(0.974941 -0.14691 -8.80557e-18)
(0.967636 -0.151785 -8.99263e-18)
(0.959028 -0.156182 0)
(0.949091 -0.159902 -3.82284e-17)
(0.937893 -0.162766 0)
(0.925599 -0.164641 4.09654e-17)
(0.912489 -0.165453 -2.1368e-17)
(0.898947 -0.165201 2.21571e-17)
(0.88546 -0.163963 2.31274e-17)
(0.872595 -0.161895 0)
(0.860975 -0.15922 -2.50361e-17)
(0.851238 -0.156219 2.5911e-17)
(0.844008 -0.15321 -2.65535e-17)
(0.83985 -0.150527 0)
(0.839279 -0.148501 0)
(0.842637 -0.147403 1.16854e-20)
(0.850484 -0.147532 0)
(0.862307 -0.148766 0)
(0.880966 -0.15179 0)
(0.897558 -0.153681 0)
(0.940005 -0.159167 0)
(0.983507 0.202468 0)
(1.00638 0.193566 1.98096e-19)
(1.01938 0.200873 3.37022e-17)
(1.02068 0.202652 -6.21804e-17)
(1.01864 0.200472 0)
(1.01744 0.197843 0)
(1.01675 0.194564 0)
(1.01591 0.190375 2.592e-17)
(1.01503 0.185566 0)
(1.01427 0.180309 0)
(1.01368 0.174617 4.45267e-17)
(1.01321 0.168495 -4.27724e-17)
(1.01284 0.161957 3.79898e-19)
(1.01258 0.155007 -3.84505e-17)
(1.01241 0.147637 -3.66319e-17)
(1.01232 0.13985 0)
(1.0123 0.131839 3.80895e-19)
(1.01235 0.123838 0)
(1.01247 0.115884 0)
(1.01263 0.107961 -4.03136e-19)
(1.01281 0.100071 0)
(1.01297 0.0922335 1.60536e-17)
(1.01312 0.0844697 0)
(1.01324 0.0767901 -1.58569e-17)
(1.01334 0.0691963 2.14609e-19)
(1.01342 0.0616852 -1.57478e-17)
(1.01348 0.0542528 -7.97027e-18)
(1.01352 0.0468942 0)
(1.01352 0.0396013 0)
(1.01348 0.0323742 7.9876e-18)
(1.01341 0.0252151 0)
(1.0133 0.0181252 0)
(1.01314 0.0111074 3.95809e-18)
(1.01291 0.00416764 0)
(1.0126 -0.00269407 9.9047e-19)
(1.01221 -0.00947442 0)
(1.01171 -0.0161673 -9.88434e-19)
(1.01109 -0.0227696 -2.01384e-18)
(1.01034 -0.0292799 3.99036e-18)
(1.00943 -0.0356949 -4.01443e-18)
(1.00833 -0.0420095 -4.04236e-18)
(1.00704 -0.0482179 0)
(1.00552 -0.0543136 0)
(1.00375 -0.060289 0)
(1.00171 -0.0661354 8.49803e-18)
(0.999364 -0.0718426 0)
(0.996701 -0.0773997 0)
(0.993697 -0.0827958 0)
(0.990337 -0.0880225 -1.09893e-19)
(0.986608 -0.0930767 0)
(0.982502 -0.0979644 -9.16504e-18)
(0.978007 -0.102702 -9.29677e-18)
(0.973104 -0.10732 -9.43186e-18)
(0.967757 -0.111854 9.45882e-18)
(0.961907 -0.116345 0)
(0.955467 -0.120825 0)
(0.948317 -0.125303 9.88369e-18)
(0.940311 -0.129757 2.00858e-17)
(0.931292 -0.134121 -2.0444e-17)
(0.921113 -0.138285 0)
(0.909663 -0.142104 0)
(0.896896 -0.145411 0)
(0.882855 -0.148044 2.26271e-17)
(0.867692 -0.149867 -2.36144e-17)
(0.851676 -0.150791 -2.43432e-17)
(0.835191 -0.150789 2.53613e-17)
(0.81873 -0.149904 -2.65462e-17)
(0.802874 -0.148249 0)
(0.788264 -0.146005 2.88203e-17)
(0.775569 -0.143405 2.99357e-17)
(0.765446 -0.140726 3.09042e-17)
(0.758506 -0.138269 0)
(0.755274 -0.136336 0)
(0.756207 -0.135225 3.17792e-17)
(0.761563 -0.135163 5.77401e-20)
(0.771849 -0.136441 2.85724e-17)
(0.786371 -0.138834 0)
(0.808404 -0.143303 0)
(0.827647 -0.146161 0)
(0.876978 -0.153836 0)
(0.98634 0.197925 -6.18188e-17)
(1.01372 0.19242 5.31524e-19)
(1.02734 0.202081 -3.65067e-17)
(1.02804 0.203755 3.47567e-17)
(1.02583 0.201734 0)
(1.02461 0.199292 0)
(1.02378 0.195957 0)
(1.02275 0.19166 -2.89516e-17)
(1.02163 0.186764 0)
(1.02061 0.181421 0)
(1.01973 0.175635 5.06062e-17)
(1.01894 0.169417 -3.78602e-19)
(1.01825 0.162786 -4.56361e-17)
(1.01766 0.155746 0)
(1.01715 0.148292 0)
(1.0167 0.140423 0)
(1.01631 0.132333 -7.77362e-17)
(1.01598 0.124256 0)
(1.01571 0.116233 0)
(1.01547 0.108248 3.72024e-17)
(1.01522 0.100306 0)
(1.01493 0.0924223 0)
(1.0146 0.0846177 0)
(1.0142 0.0769017 -1.82784e-17)
(1.01373 0.069276 -3.62169e-17)
(1.0132 0.0617381 1.81737e-17)
(1.01259 0.0542849 -9.18518e-18)
(1.01189 0.0469142 0)
(1.01108 0.0396119 9.08782e-18)
(1.01017 0.0323887 -8.98224e-18)
(1.00914 0.0252459 0)
(1.00795 0.0181836 0)
(1.00658 0.0112075 -6.77461e-18)
(1.00502 0.00432507 -2.27005e-18)
(1.00323 -0.00245976 -1.13055e-18)
(1.00121 -0.00914148 0)
(0.998918 -0.0157121 0)
(0.996347 -0.0221656 2.27736e-18)
(0.993473 -0.0284976 4.64028e-18)
(0.990274 -0.0347023 -4.67491e-18)
(0.986729 -0.0407723 4.71437e-18)
(0.982819 -0.0466996 0)
(0.978527 -0.0524762 0)
(0.973838 -0.0580932 0)
(0.968738 -0.0635411 -9.73435e-18)
(0.963219 -0.0688101 9.96926e-18)
(0.957276 -0.0738901 0)
(0.950912 -0.0787721 0)
(0.944134 -0.0834501 -1.02106e-19)
(0.936953 -0.087924 0)
(0.929385 -0.0922016 1.06478e-17)
(0.921441 -0.096301 -9.91176e-20)
(0.913119 -0.10025 2.2123e-17)
(0.904401 -0.104083 0)
(0.895236 -0.107836 0)
(0.885541 -0.111532 0)
(0.875199 -0.115178 2.38026e-17)
(0.86407 -0.118747 0)
(0.852005 -0.12218 -2.4735e-17)
(0.838873 -0.125376 0)
(0.824593 -0.128213 -2.59113e-17)
(0.809161 -0.130554 0)
(0.792673 -0.132273 0)
(0.775344 -0.133272 2.82762e-17)
(0.757508 -0.133503 0)
(0.739614 -0.132977 0)
(0.722211 -0.131767 3.19256e-17)
(0.705922 -0.130008 0)
(0.691415 -0.12789 -6.93776e-17)
(0.679367 -0.125645 3.59847e-17)
(0.670422 -0.123536 -3.70979e-17)
(0.665163 -0.121838 3.78953e-17)
(0.664065 -0.12082 -3.82078e-17)
(0.667531 -0.120745 4.99023e-20)
(0.675733 -0.121797 9.47118e-20)
(0.689166 -0.124269 -3.30727e-17)
(0.706948 -0.127838 -2.86228e-17)
(0.73282 -0.13375 0)
(0.754849 -0.137629 1.40923e-17)
(0.811456 -0.147552 -6.92772e-18)
(0.989625 0.192955 6.52233e-17)
(1.02178 0.191897 8.5968e-19)
(1.03581 0.203482 6.20228e-19)
(1.03562 0.204915 -3.87352e-17)
(1.0326 0.203033 0)
(1.03029 0.200568 3.59431e-17)
(1.02802 0.196944 0)
(1.02539 0.192332 0)
(1.02262 0.18715 0)
(1.01995 0.181534 0)
(1.01745 0.175495 3.68103e-19)
(1.01514 0.169051 5.40179e-17)
(1.01301 0.162227 0)
(1.01105 0.155025 0)
(1.00923 0.147438 0)
(1.00751 0.139465 -4.52598e-17)
(1.0059 0.131293 -3.69075e-19)
(1.00439 0.123157 0)
(1.00295 0.115094 0)
(1.00154 0.107089 0)
(1.00009 0.0991445 -4.24603e-17)
(0.998566 0.0912744 -2.10868e-17)
(0.996931 0.0834964 0)
(0.995167 0.0758198 2.06925e-17)
(0.993262 0.0682466 4.14793e-17)
(0.991204 0.0607747 -2.06082e-17)
(0.988979 0.0534035 -2.06955e-19)
(0.986565 0.0461219 0)
(0.983951 0.0389385 -2.07446e-17)
(0.981107 0.0318646 1.0417e-17)
(0.977994 0.0248923 0)
(0.974589 0.0180242 0)
(0.970871 0.0112693 5.16625e-18)
(0.966825 0.00463689 -2.60755e-20)
(0.962435 -0.00186671 6.50553e-19)
(0.957687 -0.00823453 0)
(0.952568 -0.0144577 -2.65925e-18)
(0.94707 -0.0205291 0)
(0.941184 -0.0264433 5.07219e-20)
(0.934904 -0.0321945 5.40637e-18)
(0.928225 -0.0377756 -5.4648e-18)
(0.921146 -0.0431798 -1.11572e-17)
(0.913668 -0.0484002 0)
(0.905797 -0.0534304 -1.14492e-17)
(0.897541 -0.0582635 1.16132e-17)
(0.888914 -0.0628932 -1.16956e-17)
(0.879935 -0.0673137 0)
(0.870629 -0.0715208 -1.21765e-17)
(0.861027 -0.0755135 1.22983e-17)
(0.851162 -0.0792961 0)
(0.841067 -0.0828802 0)
(0.830768 -0.0862858 1.29905e-17)
(0.820273 -0.0895401 -1.32349e-17)
(0.809565 -0.0926744 0)
(0.798591 -0.0957181 0)
(0.787262 -0.0986908 0)
(0.775451 -0.101593 -5.72454e-17)
(0.76301 -0.104397 0)
(0.749788 -0.107048 2.97271e-17)
(0.735658 -0.10946 0)
(0.72055 -0.111527 3.1209e-17)
(0.704479 -0.113141 3.22726e-17)
(0.687571 -0.114206 0)
(0.670069 -0.114659 3.44479e-17)
(0.652341 -0.114481 3.57401e-17)
(0.634868 -0.113711 0)
(0.618225 -0.112443 -3.8666e-17)
(0.603058 -0.110825 0)
(0.590042 -0.109049 -2.57988e-20)
(0.579852 -0.10734 1.7094e-20)
(0.573115 -0.10594 0)
(0.57038 -0.105099 2.51595e-20)
(0.572081 -0.105054 4.52343e-17)
(0.578566 -0.106034 -4.42967e-17)
(0.589959 -0.108185 -4.17759e-17)
(0.606747 -0.111804 0)
(0.627823 -0.11647 3.24864e-17)
(0.657496 -0.123711 0)
(0.681995 -0.128573 -1.58288e-17)
(0.74551 -0.140633 7.72789e-18)
(0.993547 0.187731 0)
(1.03075 0.19195 4.79163e-17)
(1.04375 0.204766 4.09132e-17)
(1.03991 0.205563 -1.02122e-19)
(1.03195 0.203214 0)
(1.02391 0.199924 -7.97319e-17)
(1.01577 0.195283 0)
(1.00753 0.189741 7.3073e-17)
(0.999638 0.183769 0)
(0.992407 0.177496 0)
(0.98591 0.170933 3.43021e-19)
(0.980096 0.164095 0)
(0.974888 0.156993 -5.90693e-17)
(0.970194 0.149617 5.65224e-17)
(0.965904 0.141948 5.40766e-17)
(0.961897 0.133971 1.03141e-16)
(0.958154 0.12586 5.04218e-17)
(0.954668 0.117836 0)
(0.951353 0.109928 0)
(0.948105 0.102114 4.93383e-17)
(0.944828 0.0943897 4.86554e-17)
(0.941445 0.0867656 2.41996e-17)
(0.937907 0.0792555 0)
(0.934189 0.0718673 0)
(0.930272 0.0646029 -2.40209e-17)
(0.926141 0.0574596 0)
(0.92178 0.0504348 2.40515e-17)
(0.917172 0.0435222 0)
(0.912285 0.0367583 2.41957e-17)
(0.907097 0.030125 -1.20584e-17)
(0.901588 0.0236137 1.21707e-17)
(0.895747 0.0172339 0)
(0.889564 0.0109955 0)
(0.883034 0.00490687 3.05785e-18)
(0.876154 -0.00102587 0)
(0.868921 -0.00679666 -7.80813e-19)
(0.861339 -0.0123982 3.12834e-18)
(0.853413 -0.0178248 0)
(0.845151 -0.0230727 -6.38647e-18)
(0.836561 -0.0281384 0)
(0.827656 -0.0330175 6.58597e-18)
(0.818447 -0.0377063 1.32684e-17)
(0.808953 -0.0422013 0)
(0.799192 -0.0464997 2.74177e-17)
(0.789187 -0.050599 -1.38908e-17)
(0.778966 -0.0544972 0)
(0.768561 -0.0581931 0)
(0.758007 -0.0616875 1.46362e-17)
(0.747345 -0.0649839 0)
(0.736616 -0.0680903 0)
(0.725857 -0.0710207 -1.55564e-17)
(0.715095 -0.0737949 3.17131e-17)
(0.704332 -0.0764379 0)
(0.693544 -0.0789763 0)
(0.682665 -0.081433 -3.35774e-17)
(0.671589 -0.0838206 0)
(0.660176 -0.0861342 -1.39193e-19)
(0.648262 -0.0883458 -3.55787e-17)
(0.635684 -0.0904024 -3.63279e-17)
(0.622308 -0.092229 0)
(0.608065 -0.0937378 -3.80808e-17)
(0.592975 -0.094842 -3.90118e-17)
(0.577175 -0.0954718 0)
(0.560927 -0.0955909 -8.32494e-17)
(0.544621 -0.0952076 -4.30837e-17)
(0.528764 -0.094382 4.47756e-17)
(0.513954 -0.0932246 4.64253e-17)
(0.500848 -0.0918911 -4.81894e-17)
(0.490128 -0.0905717 9.96438e-17)
(0.482453 -0.0894785 -5.12673e-17)
(0.47842 -0.0888324 -5.2408e-17)
(0.478538 -0.0888526 -5.29546e-17)
(0.483192 -0.0897416 0)
(0.492696 -0.091701 0)
(0.507109 -0.0948375 0)
(0.526935 -0.0994528 0)
(0.550815 -0.105038 0)
(0.583726 -0.113374 -2.94106e-17)
(0.609884 -0.119065 0)
(0.679099 -0.132958 0)
(0.9988 0.182496 0)
(1.03779 0.192018 0)
(1.04101 0.204231 4.14441e-17)
(1.0221 0.20259 4.40729e-17)
(0.998563 0.197925 0)
(0.976562 0.192299 4.42616e-17)
(0.956638 0.185617 0)
(0.938828 0.178518 -8.24575e-17)
(0.92333 0.171424 0)
(0.910107 0.164392 0)
(0.898869 0.157374 -1.47665e-16)
(0.889255 0.150329 -7.10581e-17)
(0.880944 0.143222 6.79038e-17)
(0.873653 0.136005 -6.51012e-17)
(0.867126 0.128633 -6.23792e-17)
(0.861127 0.121067 -1.19775e-16)
(0.855588 0.113457 0)
(0.850476 0.105991 5.85764e-17)
(0.845652 0.0986824 0)
(0.840959 0.0915016 -1.15382e-16)
(0.83626 0.0844366 5.75708e-17)
(0.831456 0.0774922 0)
(0.826491 0.0706781 -2.86378e-17)
(0.821337 0.0640002 0)
(0.815981 0.0574594 0)
(0.810411 0.0510541 0)
(0.80462 0.044774 0)
(0.798593 0.0386441 0)
(0.792316 0.0326695 -1.43585e-17)
(0.785776 0.026824 0)
(0.778962 0.0211134 -2.89792e-17)
(0.771868 0.0155485 -7.29854e-18)
(0.764493 0.010136 0)
(0.756836 0.00488134 0)
(0.748904 -0.000211574 -9.31934e-19)
(0.740704 -0.00513888 9.36291e-19)
(0.732245 -0.00989594 0)
(0.723545 -0.0144795 -3.84285e-18)
(0.714617 -0.0188884 0)
(0.705479 -0.0231213 0)
(0.696149 -0.0271771 -1.59452e-17)
(0.686647 -0.0310546 0)
(0.676994 -0.0347536 1.64586e-17)
(0.667214 -0.0382742 -1.6664e-17)
(0.657335 -0.0416171 0)
(0.647386 -0.0447836 0)
(0.637401 -0.0477757 0)
(0.627417 -0.0505973 0)
(0.617474 -0.0532544 -1.82577e-17)
(0.607611 -0.0557566 0)
(0.59786 -0.0581178 1.89022e-17)
(0.588242 -0.0603559 -3.85209e-17)
(0.57875 -0.0624917 3.9343e-17)
(0.569346 -0.0645455 4.00707e-17)
(0.559951 -0.0665328 4.07034e-17)
(0.550445 -0.0684587 0)
(0.54067 -0.0703125 4.21999e-17)
(0.530449 -0.072064 8.60862e-17)
(0.519608 -0.073663 8.77869e-17)
(0.508007 -0.0750436 -4.48777e-17)
(0.495575 -0.076133 9.17552e-17)
(0.482341 -0.0768647 4.71069e-17)
(0.468457 -0.0771932 0)
(0.45421 -0.0771074 9.98079e-17)
(0.440018 -0.0766396 0)
(0.42641 -0.0758688 -1.06591e-16)
(0.413997 -0.0749171 5.51129e-17)
(0.403433 -0.0739412 -2.967e-20)
(0.395373 -0.073121 -5.84666e-17)
(0.390432 -0.072648 0)
(0.389151 -0.0727144 6.06777e-17)
(0.391984 -0.0735086 6.09512e-17)
(0.399263 -0.0751965 0)
(0.411265 -0.0779526 -5.71503e-17)
(0.427983 -0.0818488 5.33294e-17)
(0.449975 -0.0871895 0)
(0.475587 -0.0933956 0)
(0.510565 -0.102443 3.24101e-17)
(0.536984 -0.10865 0)
(0.609695 -0.123841 0)
(1.00402 0.17724 7.55353e-17)
(1.02676 0.189398 0)
(0.997028 0.196785 -8.70714e-17)
(0.944548 0.189388 0)
(0.895545 0.180292 -4.97566e-17)
(0.856782 0.171509 0)
(0.826286 0.162873 0)
(0.801789 0.154748 0)
(0.782028 0.147246 0)
(0.766051 0.14022 -8.91428e-17)
(0.752991 0.133502 8.57952e-17)
(0.742134 0.126974 -2.05674e-19)
(0.732946 0.120546 0)
(0.725015 0.114139 0)
(0.717996 0.107685 0)
(0.7116 0.101134 1.4046e-16)
(0.705729 0.0946001 0)
(0.70034 0.0882341 -6.88665e-17)
(0.695278 0.0820364 0)
(0.69037 0.0759733 -1.99207e-19)
(0.685465 0.0700295 2.00974e-19)
(0.680463 0.0642055 6.83331e-17)
(0.675311 0.0585076 3.40641e-17)
(0.669992 0.05294 0)
(0.664503 0.0475035 -3.42709e-17)
(0.658842 0.0421968 0)
(0.653007 0.0370212 0)
(0.647005 0.0319794 0)
(0.640817 0.0270628 1.73624e-17)
(0.634432 0.0222712 -1.74405e-17)
(0.627844 0.017612 1.74871e-17)
(0.621048 0.0130894 8.8004e-18)
(0.614046 0.00870598 0)
(0.606841 0.00446459 0)
(0.599443 0.000367554 1.12807e-18)
(0.591862 -0.00358306 0)
(0.584112 -0.00738469 0)
(0.576211 -0.011036 9.34002e-18)
(0.568178 -0.0145371 9.46973e-18)
(0.560029 -0.0178887 -9.59689e-18)
(0.551784 -0.0210911 -2.09506e-20)
(0.543462 -0.0241449 0)
(0.535086 -0.0270515 4.01668e-20)
(0.526677 -0.0298127 0)
(0.51826 -0.0324309 0)
(0.509864 -0.0349088 -2.1061e-17)
(0.501518 -0.03725 0)
(0.493257 -0.0394596 0)
(0.485114 -0.0415442 2.21478e-17)
(0.477123 -0.0435133 0)
(0.469311 -0.045379 0)
(0.461688 -0.0471558 4.67479e-17)
(0.45424 -0.0488592 6.61988e-20)
(0.446916 -0.0505026 -4.82805e-17)
(0.439629 -0.0520937 -4.91415e-17)
(0.432245 -0.0536303 -4.99383e-17)
(0.424598 -0.0550961 -5.07495e-17)
(0.416504 -0.0564592 -5.15268e-17)
(0.407788 -0.057673 -1.04933e-16)
(0.398315 -0.0586813 1.06924e-16)
(0.388029 -0.0594273 -5.45473e-17)
(0.376979 -0.0598659 -5.58082e-17)
(0.365347 -0.0599758 5.72723e-17)
(0.353446 -0.05977 4.18288e-20)
(0.341713 -0.0593006 -6.05068e-17)
(0.330678 -0.0586582 6.22256e-17)
(0.32093 -0.0579657 2.52513e-20)
(0.313071 -0.0573689 6.56119e-17)
(0.307685 -0.0570261 0)
(0.305306 -0.0570997 0)
(0.306396 -0.0577486 0)
(0.311339 -0.0591281 -6.80427e-17)
(0.320412 -0.0613706 0)
(0.33386 -0.0646238 -1.05081e-19)
(0.351619 -0.0689314 -5.84809e-17)
(0.374324 -0.0745918 0)
(0.399997 -0.080982 4.50067e-17)
(0.435194 -0.0901864 0)
(0.459889 -0.0964142 0)
(0.532783 -0.112118 1.16117e-17)
(0.997056 0.17083 2.35236e-18)
(0.9601 0.177926 0)
(0.870029 0.174911 4.72777e-17)
(0.779133 0.160013 0)
(0.713814 0.147319 5.62566e-17)
(0.670848 0.137269 0)
(0.640589 0.128658 0)
(0.617603 0.121183 0)
(0.599629 0.114609 1.06295e-16)
(0.58543 0.108658 2.06077e-16)
(0.574032 0.103107 9.97033e-17)
(0.564683 0.0978119 1.9227e-16)
(0.55685 0.0926709 0)
(0.55014 0.087602 8.90555e-17)
(0.544235 0.0825379 8.55047e-17)
(0.538871 0.0774291 -1.63909e-16)
(0.533956 0.0723598 0)
(0.52946 0.0674407 0)
(0.525249 0.0626669 0)
(0.521166 0.0580087 1.62011e-16)
(0.517075 0.0534512 -8.09809e-17)
(0.512886 0.0489929 -8.10773e-17)
(0.508563 0.0446379 -4.06799e-17)
(0.504105 0.04039 4.07953e-17)
(0.49952 0.03625 4.08841e-17)
(0.494814 0.0322209 0)
(0.489988 0.0283045 -4.13269e-17)
(0.485056 0.024469 0)
(0.479995 0.0207356 -2.08309e-17)
(0.474794 0.0171125 2.09551e-17)
(0.469447 0.0135991 -2.11256e-17)
(0.463952 0.0101947 0)
(0.458311 0.00690047 1.07314e-17)
(0.452531 0.00371862 0)
(0.446619 0.000650465 0)
(0.440588 -0.00230308 0)
(0.434452 -0.00514077 0)
(0.428227 -0.00786231 -5.64996e-18)
(0.421931 -0.0104686 -1.14433e-17)
(0.41558 -0.0129609 1.15952e-17)
(0.40919 -0.0153401 -1.21847e-20)
(0.402777 -0.0176076 0)
(0.396359 -0.0197653 -2.41997e-17)
(0.389957 -0.0218155 -2.45892e-17)
(0.383591 -0.0237609 0)
(0.377283 -0.0256046 2.53394e-17)
(0.371059 -0.0273506 0)
(0.364947 -0.0290037 0)
(0.358975 -0.0305702 2.65945e-17)
(0.353171 -0.0320579 5.40332e-17)
(0.347551 -0.0334764 0)
(0.34212 -0.0348361 -5.56777e-17)
(0.336855 -0.0361467 -5.65058e-17)
(0.331699 -0.0374149 0)
(0.326558 -0.0386414 5.81198e-17)
(0.321298 -0.0398178 5.89144e-17)
(0.315757 -0.0409245 5.9718e-17)
(0.30976 -0.0419303 6.05942e-17)
(0.303148 -0.0427951 1.22933e-16)
(0.295813 -0.0434752 3.85323e-20)
(0.287728 -0.0439324 -6.35637e-17)
(0.278976 -0.0441433 0)
(0.269761 -0.0441086 -6.61284e-17)
(0.260404 -0.0438589 -1.35253e-16)
(0.251324 -0.0434559 1.38376e-16)
(0.243004 -0.0429889 -7.07723e-17)
(0.235954 -0.0425677 -7.22572e-17)
(0.230676 -0.0423144 0)
(0.227645 -0.0423562 -7.46106e-17)
(0.227286 -0.0428215 0)
(0.229968 -0.0438341 0)
(0.236002 -0.0455155 -7.38351e-17)
(0.245609 -0.0479702 0)
(0.25901 -0.051317 6.78301e-17)
(0.276093 -0.0555781 -6.30604e-17)
(0.297555 -0.0610289 0)
(0.321155 -0.0670474 -4.8035e-17)
(0.354075 -0.0756936 0)
(0.374785 -0.0813112 0)
(0.443374 -0.0964914 -1.23013e-17)
(0.943676 0.159905 -7.91426e-17)
(0.792328 0.149734 0)
(0.646348 0.134632 5.27489e-17)
(0.546504 0.116142 0)
(0.491769 0.104368 6.36391e-17)
(0.460751 0.0963062 0)
(0.439189 0.0897584 0)
(0.422464 0.084182 0)
(0.409408 0.0793644 4.79356e-20)
(0.399248 0.0750766 4.90024e-20)
(0.391193 0.0711302 -1.13022e-16)
(0.384626 0.0673998 -1.09266e-16)
(0.379146 0.0638023 0)
(0.37447 0.0602739 -2.03021e-16)
(0.370364 0.0567626 -9.75541e-17)
(0.366634 0.0532308 1.87344e-16)
(0.363219 0.0497343 0)
(0.360104 0.0463481 9.35112e-17)
(0.357195 0.0430677 9.38448e-17)
(0.354366 0.0398708 -9.41185e-17)
(0.351509 0.0367452 0)
(0.348557 0.0336894 -9.48938e-17)
(0.345496 0.0307065 4.7633e-17)
(0.342338 0.0277997 -4.78706e-17)
(0.339099 0.0249715 4.81602e-17)
(0.335787 0.0222187 0)
(0.332402 0.0195352 -2.68135e-20)
(0.328954 0.0169145 0)
(0.325423 0.0143635 0)
(0.321796 0.0118887 0)
(0.318068 0.00949049 -1.32547e-20)
(0.314239 0.00716887 0)
(0.310312 0.00492464 -1.27477e-17)
(0.306293 0.00275904 6.43858e-18)
(0.302191 0.000672491 0)
(0.298015 -0.00133488 0)
(0.293777 -0.00326262 -6.64844e-18)
(0.289491 -0.0051109 0)
(0.285171 -0.00688073 0)
(0.280829 -0.00857327 1.37897e-17)
(0.276477 -0.0101896 -5.69663e-21)
(0.272128 -0.011731 -2.831e-17)
(0.267795 -0.0131992 -2.8695e-17)
(0.263492 -0.0145964 2.90807e-17)
(0.259236 -0.0159248 0)
(0.255044 -0.0171874 0)
(0.250934 -0.0183874 0)
(0.246928 -0.0195289 0)
(0.243047 -0.0206167 -3.11752e-17)
(0.23931 -0.0216568 2.03674e-20)
(0.235728 -0.0226554 0)
(0.232297 -0.0236188 0)
(0.22899 -0.0245516 6.56576e-17)
(0.225752 -0.025455 0)
(0.222494 -0.0263248 0)
(0.219096 -0.0271495 -6.78794e-17)
(0.215419 -0.0279101 0)
(0.21132 -0.0285804 -6.93174e-17)
(0.206678 -0.0291304 -1.40236e-16)
(0.201423 -0.0295316 -7.09711e-17)
(0.195563 -0.0297638 7.19314e-17)
(0.1892 -0.0298217 0)
(0.182533 -0.0297198 7.41774e-17)
(0.175847 -0.0294949 1.50817e-16)
(0.169492 -0.0292045 -7.66668e-17)
(0.163847 -0.0289223 7.78869e-17)
(0.159301 -0.0287331 7.8987e-17)
(0.156222 -0.0287273 0)
(0.154953 -0.0289973 -1.98718e-20)
(0.155802 -0.0296342 0)
(0.159038 -0.0307273 0)
(0.164896 -0.0323648 7.79068e-17)
(0.173541 -0.034623 0)
(0.185161 -0.0375914 0)
(0.199614 -0.0412769 6.60742e-17)
(0.217595 -0.0459082 -5.94314e-17)
(0.236837 -0.050931 0)
(0.264464 -0.0581826 -4.01487e-17)
(0.279355 -0.0625641 0)
(0.337866 -0.0758756 0)
(0.781195 0.136258 0)
(0.508927 0.100281 5.55733e-17)
(0.371088 0.0813082 -5.96973e-17)
(0.305395 0.0671983 6.73815e-17)
(0.276706 0.0601191 -1.20199e-20)
(0.260869 0.0554748 6.89066e-17)
(0.248797 0.0516087 0)
(0.239088 0.0482972 1.33332e-16)
(0.231605 0.0454642 -1.30514e-16)
(0.225889 0.0429699 -1.27277e-16)
(0.221388 0.0406902 0)
(0.217719 0.0385429 0)
(0.214661 0.0364778 0)
(0.212058 0.0344573 1.11927e-16)
(0.209775 0.0324502 0)
(0.207697 0.0304335 -1.03675e-16)
(0.205795 0.0284382 0)
(0.204068 0.026508 1.18493e-20)
(0.20246 0.0246402 -1.05433e-16)
(0.200887 0.0228212 0)
(0.199276 0.0210407 0)
(0.197592 0.0192988 1.0785e-16)
(0.195836 0.0175981 0)
(0.194027 0.015941 5.47495e-17)
(0.192177 0.0143289 -5.51679e-17)
(0.190294 0.0127559 0)
(0.188373 0.0112239 5.60572e-17)
(0.186422 0.00973703 0)
(0.184422 0.00828699 0)
(0.182363 0.00687899 0)
(0.180244 0.00551467 2.89935e-17)
(0.178067 0.00419414 0)
(0.175833 0.00291771 0)
(0.173547 0.00168415 -7.46084e-18)
(0.171216 0.000495588 0)
(0.168846 -0.000647783 0)
(0.166445 -0.00174588 -8.96138e-22)
(0.164022 -0.002799 0)
(0.161587 -0.00380789 0)
(0.159147 -0.00477335 1.75257e-21)
(0.156708 -0.00569614 1.61365e-17)
(0.154279 -0.00657723 3.26635e-17)
(0.151868 -0.00741784 3.30619e-17)
(0.149484 -0.00821942 3.34702e-17)
(0.147138 -0.00898361 0)
(0.14484 -0.00971233 3.42915e-17)
(0.142602 -0.0104078 0)
(0.140437 -0.0110728 0)
(0.13836 -0.0117103 3.55152e-17)
(0.136379 -0.0123237 8.34043e-21)
(0.134501 -0.0129165 0)
(0.132717 -0.0134912 -7.32972e-17)
(0.131004 -0.014049 -1.4795e-16)
(0.129318 -0.0145881 0)
(0.127593 -0.0151032 7.52206e-17)
(0.125744 -0.0155845 7.57762e-17)
(0.123673 -0.0160177 0)
(0.121287 -0.0163858 0)
(0.118516 -0.0166712 7.7456e-17)
(0.115327 -0.0168597 0)
(0.111748 -0.0169445 0)
(0.107867 -0.0169296 0)
(0.103837 -0.0168317 -8.03401e-17)
(0.0998576 -0.0166806 -8.11833e-17)
(0.0961611 -0.0165165 0)
(0.0929904 -0.0163875 -8.27598e-17)
(0.0905834 -0.0163464 -8.33423e-17)
(0.0891636 -0.0164489 8.36906e-17)
(0.0889355 -0.0167533 1.67341e-16)
(0.0900866 -0.0173096 0)
(0.0927827 -0.0181723 0)
(0.0971742 -0.0193964 0)
(0.103365 -0.0210291 0)
(0.11149 -0.0231267 -7.3079e-17)
(0.121421 -0.0256878 6.76584e-17)
(0.133715 -0.0288684 6.05302e-17)
(0.146533 -0.0322667 -5.16087e-17)
(0.165606 -0.0372242 -2.43526e-19)
(0.173999 -0.0399286 0)
(0.215396 -0.0495638 1.41226e-17)
(0.40858 0.0780678 8.08316e-17)
(0.16385 0.0347336 -9.41965e-17)
(0.114652 0.0266903 0)
(0.0943069 0.0215935 5.62378e-21)
(0.0870869 0.0193594 -5.33495e-17)
(0.0827437 0.0178883 -5.30804e-17)
(0.0789236 0.0166255 0)
(0.0758038 0.0155392 -1.04213e-16)
(0.0734668 0.014616 0)
(0.0717165 0.0138084 0)
(0.0703399 0.0130732 0)
(0.0692136 0.0123816 0)
(0.0682758 0.0117174 0)
(0.0674806 0.0110685 9.2536e-17)
(0.0667825 0.0104245 0)
(0.0661453 0.00977771 8.72344e-17)
(0.0655623 0.00913789 8.81474e-17)
(0.0650376 0.00851936 -1.80007e-16)
(0.06455 0.00792146 0)
(0.0640671 0.00733956 9.3315e-17)
(0.0635628 0.00676893 -9.48217e-17)
(0.0630278 0.00621028 0)
(0.0624678 0.0056644 -4.88254e-17)
(0.0618923 0.00513212 -4.94989e-17)
(0.0613074 0.00461376 0)
(0.0607141 0.00410902 -5.0795e-17)
(0.0601104 0.00361835 5.14216e-17)
(0.0594985 0.00314229 0)
(0.0588699 0.00267913 0)
(0.0582194 0.00222966 2.6619e-17)
(0.057549 0.00179378 -2.69169e-17)
(0.0568595 0.00137162 0)
(0.0561513 0.000963342 0)
(0.0554265 0.000567654 -6.95193e-18)
(0.054688 0.000186458 3.51314e-18)
(0.0539379 -0.000180284 0)
(0.0531792 -0.000532611 7.1751e-18)
(0.0524154 -0.000870674 0)
(0.05165 -0.00119473 0)
(0.0508851 -0.00150507 1.58507e-22)
(0.0501231 -0.00180196 2.98833e-17)
(0.0493668 -0.00208579 0)
(0.0486194 -0.002357 0)
(0.0478843 -0.00261612 -3.07364e-17)
(0.0471649 -0.00286375 3.10082e-17)
(0.0464652 -0.00310059 -3.12694e-17)
(0.0457897 -0.00332744 0)
(0.0451429 -0.00354524 3.17554e-17)
(0.0445293 -0.00375501 -3.1973e-17)
(0.0439522 -0.00395782 1.72911e-21)
(0.043412 -0.00415455 0)
(0.0429044 -0.00434573 -2.26282e-21)
(0.0424181 -0.00453113 1.30459e-16)
(0.041934 -0.00470947 0)
(0.0414245 -0.00487817 3.08587e-21)
(0.0408554 -0.00503323 0)
(0.0401901 -0.00516946 0)
(0.0393951 -0.00528109 0)
(0.0384476 -0.00536281 6.55937e-17)
(0.0373426 -0.00541106 0)
(0.0360977 -0.00542529 6.55574e-17)
(0.0347544 -0.00540884 0)
(0.0333755 -0.00536934 0)
(0.0320393 -0.00531828 0)
(0.0308312 -0.00527019 0)
(0.0298377 -0.00524157 -1.17362e-21)
(0.0291411 -0.00525012 0)
(0.028817 -0.0053146 -1.29637e-16)
(0.0289352 -0.00545547 -6.41642e-17)
(0.0295608 -0.00568726 6.31963e-17)
(0.0307523 -0.00602869 0)
(0.0325653 -0.00649854 0)
(0.0350378 -0.00711281 0)
(0.0382243 -0.00789021 5.39505e-17)
(0.0420632 -0.0088302 3.88742e-20)
(0.0468056 -0.0099843 0)
(0.0516179 -0.0112162 3.74414e-17)
(0.0590895 -0.0129913 2.95606e-17)
(0.0615616 -0.0139383 0)
(0.0783154 -0.0175853 -1.01162e-17)
)
;

boundaryField
{
    inlet
    {
        type            fixedValue;
        value           uniform (0.97437 0.22495 0);
    }
    outlet
    {
        type            zeroGradient;
    }
    fixedWalls
    {
        type            noSlip;
    }
    frontAndBack
    {
        type            empty;
    }
}


// ************************************************************************* //
