1	-0.000285123
2	-0.00187747
3	-0.000464146
4	-0.00165962
5	0.00135611
6	0.000182818
7	-0.000536933
8	0.0017287
9	0.000868458
10	0.000420033
11	-0.000155946
12	-0.000686156
13	-0.000461947
14	-0.000514207
15	-0.000464902
16	-0.000386967
17	-0.000298564
18	-0.000179688
19	1.2626e-05
20	7.02798e-05
21	3.84875e-05
22	8.90705e-06
23	-1.08293e-05
24	-3.31967e-05
25	-6.26046e-05
26	-8.41437e-05
27	-9.90699e-05
28	-0.000107301
29	-0.000111046
30	-0.00011251
31	-0.000112465
32	-0.000108754
33	-0.000110496
34	-0.000108247
35	-0.000105148
36	-0.000101178
37	-9.46038e-05
38	-9.30325e-05
39	-9.03725e-05
40	-8.88258e-05
41	-8.73673e-05
42	-8.63666e-05
43	-8.54117e-05
44	-8.39596e-05
45	5.96441e-06
46	-2.45364e-05
47	-2.28958e-05
48	-2.62538e-05
49	-3.8216e-05
50	-1.00788e-05
51	-2.45736e-06
52	-6.15039e-05
53	-5.28886e-05
54	-5.43294e-05
55	-5.30165e-05
56	-4.95978e-05
57	-4.42886e-05
58	-3.75117e-05
59	-2.84635e-05
60	-2.63504e-05
61	-2.04412e-05
62	-5.69768e-05
63	-6.49921e-05
64	-6.75627e-05
65	-6.97905e-05
66	-7.07335e-05
67	-6.52588e-05
68	-6.42136e-05
69	-6.426e-05
70	-6.39021e-05
71	-4.64423e-05
72	-5.66127e-05
73	-4.60784e-05
74	-4.3073e-05
75	-4.25006e-05
76	-4.28823e-05
77	-4.34701e-05
78	-4.41514e-05
79	-4.4931e-05
80	-4.57623e-05
81	-4.66061e-05
82	-4.74522e-05
83	-4.82866e-05
84	1.25924e-05
85	1.24411e-05
86	-3.65083e-05
87	-3.63479e-05
88	-3.75866e-05
89	-3.8321e-05
90	-3.9719e-05
91	-3.92542e-05
92	-4.06688e-05
93	-4.03056e-05
94	-4.16149e-05
95	-4.21549e-05
96	-4.15602e-05
97	-4.27493e-05
98	-4.3198e-05
99	-4.35111e-05
100	-4.38336e-05
101	1.75544e-05
102	-4.28738e-05
103	1.87687e-05
104	-4.42275e-05
105	1.96252e-05
106	-4.45684e-05
107	2.03502e-05
108	-4.64316e-05
109	2.12609e-05
110	2.01119e-05
111	2.13767e-05
112	1.58053e-05
113	8.1884e-06
114	-3.76853e-06
115	-1.40817e-05
116	-2.10918e-05
117	-2.30283e-05
118	-2.0778e-05
119	-2.13061e-05
120	-2.12266e-05
121	-2.11575e-05
122	-2.14536e-05
123	-2.18573e-05
124	-2.22787e-05
125	-2.25908e-05
126	-2.27841e-05
127	-2.29015e-05
128	-2.32991e-05
129	-2.32491e-05
130	-2.3802e-05
131	-2.371e-05
132	-2.4243e-05
133	2.50535e-05
134	-2.60435e-05
135	2.55766e-05
136	2.57821e-05
137	2.5974e-05
138	2.60305e-05
139	2.59622e-05
140	2.5369e-05
141	-3.37046e-05
142	2.59011e-05
143	-3.32283e-05
144	-3.28124e-05
145	-3.25762e-05
146	-3.25417e-05
147	-3.22123e-05
148	-3.21194e-05
149	-3.21198e-05
150	-3.2199e-05
151	-3.2348e-05
152	-3.24044e-05
153	-3.25754e-05
154	2.57995e-05
155	2.58779e-05
156	2.65974e-05
157	2.74296e-05
158	2.80894e-05
159	2.85609e-05
160	2.89534e-05
161	2.92896e-05
162	2.96148e-05
163	2.98619e-05
164	-2.57565e-05
165	2.90446e-05
166	-2.617e-05
167	2.86109e-05
168	2.96595e-05
169	2.97433e-05
170	2.99732e-05
171	3.05234e-05
172	3.03378e-05
173	3.04735e-05
174	3.06988e-05
175	3.05798e-05
176	3.08561e-05
177	3.14763e-05
178	3.19839e-05
179	3.26616e-05
180	3.33542e-05
181	3.36567e-05
182	3.1379e-05
183	2.25744e-05
184	7.77333e-06
185	-8.6202e-07
186	-4.93766e-06
187	-8.1771e-06
188	-9.17313e-06
189	-9.92289e-06
190	-1.11137e-05
191	-1.19556e-05
192	-1.24587e-05
193	-1.25078e-05
194	-1.30551e-05
195	-1.53478e-05
196	-1.51222e-05
197	-1.50266e-05
198	-1.51981e-05
199	-1.53315e-05
200	-1.61618e-05
201	-1.62746e-05
202	-1.5701e-05
203	-1.56416e-05
204	-1.49116e-05
205	-1.47351e-05
206	-1.4702e-05
207	-1.467e-05
208	-1.52656e-05
209	-1.48082e-05
210	-1.46106e-05
211	-1.45074e-05
212	-1.44084e-05
213	-1.42961e-05
214	-1.41749e-05
215	-1.32778e-05
216	-1.31455e-05
217	-1.29842e-05
218	-1.28211e-05
219	-1.26573e-05
220	-1.24925e-05
221	-1.23295e-05
222	-1.21666e-05
223	-1.20011e-05
224	-1.18324e-05
225	-1.1661e-05
226	-1.14876e-05
227	-1.13118e-05
228	-1.11329e-05
229	-1.09515e-05
230	-1.07478e-05
231	-1.06312e-05
232	-1.04351e-05
233	-1.0231e-05
234	-1.00534e-05
235	-9.84582e-06
236	-9.63502e-06
237	-9.42277e-06
238	-9.21066e-06
239	-8.99884e-06
240	-8.78737e-06
241	-8.57664e-06
242	-8.36663e-06
243	-8.15752e-06
244	-8.4187e-06
245	-8.28065e-06
246	-7.43622e-06
247	-7.14716e-06
248	-6.89898e-06
249	-6.64435e-06
250	-6.37357e-06
251	-6.08512e-06
252	-5.77701e-06
253	-5.44497e-06
254	-5.08553e-06
255	-5.0719e-06
256	-4.6466e-06
257	-4.14462e-06
258	-3.58577e-06
259	-2.96317e-06
260	-2.25188e-06
261	-1.45118e-06
262	-3.02318e-07
263	7.64195e-07
264	1.41079e-06
265	2.13299e-06
266	3.71079e-06
267	5.95818e-06
268	1.03761e-05
269	1.46525e-05
270	2.00253e-05
271	2.77004e-05
272	3.8485e-05
273	5.58108e-05
274	7.86094e-05
275	8.18351e-05
276	-2.84208e-05
277	-4.7197e-05
278	-4.13897e-05
279	-3.4612e-05
280	-3.05743e-05
281	-2.79694e-05
282	-2.60631e-05
283	-2.45556e-05
284	-2.33384e-05
285	-2.23544e-05
286	-1.13826e-05
287	-2.06936e-05
288	-1.11227e-05
289	-1.97766e-05
290	-1.05183e-05
291	-1.04223e-05
292	-1.04906e-05
293	-1.0395e-05
294	-1.01448e-05
295	-1.00466e-05
296	-9.96569e-06
297	-1.00112e-05
298	-1.00062e-05
299	-9.97132e-06
300	-9.93373e-06
301	-9.89909e-06
302	-9.86751e-06
303	-9.83854e-06
304	-9.8119e-06
305	-9.8153e-06
306	-9.77293e-06
307	-9.75232e-06
308	-9.73321e-06
309	-9.71308e-06
310	-9.69309e-06
311	-9.67312e-06
312	-9.6531e-06
313	-9.63494e-06
314	-9.61851e-06
315	-9.60312e-06
316	-9.58868e-06
317	-9.57409e-06
318	-9.55896e-06
319	-9.54414e-06
320	-9.527e-06
321	-9.50743e-06
322	-9.48742e-06
323	-9.46676e-06
324	-9.55811e-06
325	-9.52202e-06
326	-9.49896e-06
327	-9.47527e-06
328	-9.4496e-06
329	-9.42326e-06
330	-9.39661e-06
331	-9.36963e-06
332	-9.3422e-06
333	-9.31415e-06
334	-9.2854e-06
335	-9.25571e-06
336	-9.22555e-06
337	-9.19514e-06
338	-9.16447e-06
339	-9.13353e-06
340	-9.10228e-06
341	-9.07053e-06
342	-9.03829e-06
343	-9.00548e-06
344	-9.18568e-06
345	-9.14335e-06
346	-9.11068e-06
347	-9.07815e-06
348	-9.04511e-06
349	-9.01221e-06
350	-8.97963e-06
351	-8.94717e-06
352	-8.91461e-06
353	-8.88168e-06
354	-8.84898e-06
355	-9.12441e-06
356	-9.05422e-06
357	-9.02386e-06
358	-8.99767e-06
359	-8.96779e-06
360	-8.93551e-06
361	-8.90256e-06
362	-8.86956e-06
363	-8.83667e-06
364	-8.80447e-06
365	2.32604e-05
366	-9.33164e-06
367	-8.43823e-06
368	-8.74989e-06
369	2.27435e-05
370	-9.2159e-06
371	2.15387e-05
372	-9.18661e-06
373	2.13092e-05
374	-9.12904e-06
375	-8.8626e-06
376	2.23176e-05
377	-8.99375e-06
378	-8.76222e-06
379	2.20481e-05
380	-8.90413e-06
381	2.20795e-05
382	-8.86543e-06
383	2.18939e-05
384	-8.85201e-06
385	2.17108e-05
386	-8.87344e-06
387	2.15666e-05
388	-9.50519e-06
389	2.14216e-05
390	2.14949e-05
391	-9.6304e-06
392	2.13734e-05
393	2.13278e-05
394	2.14924e-05
395	2.15569e-05
396	2.1721e-05
397	2.16743e-05
398	2.15925e-05
399	2.15245e-05
400	2.14723e-05
401	2.14265e-05
402	2.13807e-05
403	2.13348e-05
404	2.12895e-05
405	2.12452e-05
406	2.12018e-05
407	2.11599e-05
408	2.11196e-05
409	2.10807e-05
410	2.1043e-05
411	2.10055e-05
412	2.09687e-05
413	2.09332e-05
414	2.08989e-05
415	2.08657e-05
416	2.08335e-05
417	2.05476e-05
418	2.05184e-05
419	2.049e-05
420	2.04609e-05
421	2.04321e-05
422	2.04045e-05
423	2.03786e-05
424	2.05349e-05
425	2.0539e-05
426	2.05116e-05
427	2.0484e-05
428	2.02785e-05
429	2.02593e-05
430	2.02423e-05
431	2.0225e-05
432	2.02094e-05
433	2.01954e-05
434	2.01841e-05
435	2.00433e-05
436	2.00368e-05
437	2.00349e-05
438	1.9921e-05
439	1.99196e-05
440	1.99264e-05
441	1.99357e-05
442	1.99468e-05
443	1.99603e-05
444	1.99767e-05
445	1.99948e-05
446	2.00142e-05
447	2.00354e-05
448	2.0059e-05
449	2.00857e-05
450	2.01155e-05
451	2.0113e-05
452	2.0322e-05
453	2.03967e-05
454	2.04414e-05
455	2.04833e-05
456	2.05278e-05
457	2.05758e-05
458	2.06269e-05
459	2.06798e-05
460	2.07373e-05
461	2.07993e-05
462	2.08659e-05
463	2.09366e-05
464	2.10119e-05
465	2.10912e-05
466	2.11747e-05
467	2.12629e-05
468	2.13566e-05
469	2.14566e-05
470	2.15616e-05
471	2.16727e-05
472	2.17894e-05
473	2.17479e-05
474	2.18666e-05
475	2.19896e-05
476	2.23657e-05
477	2.25164e-05
478	2.26423e-05
479	2.27787e-05
480	2.29243e-05
481	2.30754e-05
482	2.32207e-05
483	2.3345e-05
484	2.3366e-05
485	2.3362e-05
486	2.33263e-05
487	2.3274e-05
488	2.3236e-05
489	2.32088e-05
490	2.31335e-05
491	2.30624e-05
492	2.29879e-05
493	2.29568e-05
494	2.2958e-05
495	2.29886e-05
496	2.30472e-05
497	2.31337e-05
498	2.32462e-05
499	2.3382e-05
500	2.35406e-05
501	2.37214e-05
502	2.39257e-05
503	2.41551e-05
504	2.44087e-05
505	2.46909e-05
506	2.50044e-05
507	-1.77456e-05
508	2.94346e-05
509	-1.95229e-05
510	-2.35334e-05
511	-2.43454e-05
512	-2.55207e-05
513	-2.65348e-05
514	-2.68477e-05
515	-2.67598e-05
516	-2.6427e-05
517	-2.59945e-05
518	-2.55436e-05
519	-2.51012e-05
520	-2.46752e-05
521	-2.42605e-05
522	-2.38508e-05
523	-2.34426e-05
524	-2.30353e-05
525	-2.29517e-05
526	-2.25762e-05
527	-2.21695e-05
528	-2.17759e-05
529	-2.14019e-05
530	-2.10449e-05
531	-2.06969e-05
532	-2.03534e-05
533	-2.00085e-05
534	-1.96588e-05
535	-1.93026e-05
536	-1.89411e-05
537	-1.85739e-05
538	-1.82041e-05
539	-1.78324e-05
540	-1.74611e-05
541	-1.70942e-05
542	-1.67342e-05
543	-1.63818e-05
544	-1.603e-05
545	-1.53171e-05
546	-1.49948e-05
547	-1.468e-05
548	-1.43678e-05
549	-1.40557e-05
550	-1.37437e-05
551	-1.34334e-05
552	-1.31274e-05
553	-1.2828e-05
554	-1.2537e-05
555	-1.27643e-05
556	-1.25794e-05
557	-1.22987e-05
558	-1.20286e-05
559	-1.17728e-05
560	-1.15248e-05
561	-1.12807e-05
562	-1.07385e-05
563	-1.05326e-05
564	-1.03019e-05
565	-9.62095e-06
566	-9.40807e-06
567	-9.2126e-06
568	-9.01899e-06
569	-8.82987e-06
570	-8.64547e-06
571	-8.46442e-06
572	-8.28575e-06
573	-8.10751e-06
574	-7.93187e-06
575	-7.76015e-06
576	-7.59433e-06
577	-7.43352e-06
578	-7.27763e-06
579	-7.12616e-06
580	-6.97868e-06
581	-6.83299e-06
582	-6.68853e-06
583	-6.54536e-06
584	-6.40469e-06
585	-6.26629e-06
586	-6.13101e-06
587	-5.99946e-06
588	-5.87255e-06
589	-5.7493e-06
590	-5.62966e-06
591	-5.51341e-06
592	-5.49994e-06
593	-5.3857e-06
594	-5.27374e-06
595	-5.16629e-06
596	-5.06284e-06
597	-4.96184e-06
598	-4.86288e-06
599	-4.76638e-06
600	-4.67156e-06
601	-4.57878e-06
602	-4.48872e-06
603	-4.40067e-06
604	-4.70698e-06
605	-3.94991e-06
606	-3.91978e-06
607	-3.89828e-06
608	-3.85571e-06
609	-3.79658e-06
610	-3.72735e-06
611	-3.65413e-06
612	-3.5804e-06
613	-3.50802e-06
614	-3.43904e-06
615	-3.40737e-06
616	-3.35075e-06
617	-3.29372e-06
618	-3.23855e-06
619	-3.18717e-06
620	-3.13717e-06
621	-3.08853e-06
622	-3.0397e-06
623	-2.99124e-06
624	-2.9425e-06
625	-2.89494e-06
626	-2.84796e-06
627	-2.80263e-06
628	-2.75993e-06
629	-2.71981e-06
630	-2.68259e-06
631	-2.6485e-06
632	-2.61822e-06
633	-2.5926e-06
634	-2.57323e-06
635	-2.56122e-06
636	-2.55728e-06
637	-2.56322e-06
638	-2.57807e-06
639	-2.60068e-06
640	-2.62969e-06
641	-2.66404e-06
642	-2.70154e-06
643	-2.73464e-06
644	-2.8146e-06
645	-2.8876e-06
646	-2.93059e-06
647	-2.9429e-06
648	-2.93216e-06
649	-2.90472e-06
650	-2.87984e-06
651	-2.85111e-06
652	-2.83289e-06
653	-2.86271e-06
654	-2.91749e-06
655	-2.99244e-06
656	-3.08353e-06
657	-3.19573e-06
658	-3.29977e-06
659	-3.39786e-06
660	-3.49061e-06
661	-3.58074e-06
662	-3.6703e-06
663	-3.76002e-06
664	-3.84938e-06
665	-3.93798e-06
666	-4.02505e-06
667	-4.12459e-06
668	-4.20296e-06
669	-4.30666e-06
670	-4.37115e-06
671	-4.43128e-06
672	-4.48193e-06
673	-4.52928e-06
674	-4.56766e-06
675	-4.57132e-06
676	-4.63458e-06
677	-4.65405e-06
678	-4.69903e-06
679	-4.74192e-06
680	-4.78092e-06
681	-4.81884e-06
682	-4.85646e-06
683	-4.89358e-06
684	-4.92946e-06
685	-5.17611e-06
686	-5.19832e-06
687	-5.2175e-06
688	-5.23334e-06
689	-5.25005e-06
690	-5.26627e-06
691	-5.28097e-06
692	-5.2941e-06
693	-5.30583e-06
694	-5.31642e-06
695	-5.32621e-06
696	-5.41675e-06
697	-5.41649e-06
698	-5.42192e-06
699	-5.42825e-06
700	-5.4347e-06
701	-5.62717e-06
702	-5.45182e-06
703	-5.63769e-06
704	-5.46487e-06
705	-5.65401e-06
706	-5.67575e-06
707	-5.67561e-06
708	-5.68208e-06
709	-5.68845e-06
710	-5.69456e-06
711	-5.73775e-06
712	-5.74362e-06
713	-5.74823e-06
714	-5.75364e-06
715	-5.75993e-06
716	-5.74232e-06
717	-5.75065e-06
718	-5.75562e-06
719	-5.7592e-06
720	-5.76171e-06
721	-5.76317e-06
722	-5.76434e-06
723	-5.76595e-06
724	-5.76843e-06
725	-5.77177e-06
726	-5.77572e-06
727	-5.77991e-06
728	-5.78398e-06
729	-5.78751e-06
730	-5.79043e-06
731	-5.79275e-06
732	-5.79459e-06
733	-5.79601e-06
734	-5.79737e-06
735	-5.79892e-06
736	-5.80079e-06
737	-5.80307e-06
738	-5.80565e-06
739	-5.80837e-06
740	-5.78508e-06
741	-5.787e-06
742	-5.79002e-06
743	1.01839e-05
744	-3.21659e-06
745	-5.75781e-06
746	-5.64903e-06
747	-5.38672e-06
748	-5.29431e-06
749	-5.323e-06
750	-5.40267e-06
751	-5.48027e-06
752	-5.54103e-06
753	-5.59208e-06
754	9.8932e-06
755	-3.13628e-06
756	-5.67238e-06
757	-5.61411e-06
758	-5.38144e-06
759	-5.3086e-06
760	-5.34895e-06
761	9.59741e-06
762	-3.03377e-06
763	-5.50558e-06
764	-5.46752e-06
765	-5.25788e-06
766	-5.20721e-06
767	-5.27057e-06
768	9.45465e-06
769	-3.03126e-06
770	-5.49405e-06
771	-5.46759e-06
772	-5.2691e-06
773	9.2335e-06
774	-2.92325e-06
775	-5.32888e-06
776	-5.34522e-06
777	-5.17206e-06
778	9.0871e-06
779	-2.88466e-06
780	-5.26803e-06
781	-5.29999e-06
782	-5.14256e-06
783	9.01013e-06
784	-2.85897e-06
785	-5.27528e-06
786	-5.30778e-06
787	-5.15391e-06
788	8.96416e-06
789	-2.88545e-06
790	-5.29445e-06
791	-5.32151e-06
792	8.9543e-06
793	-2.87276e-06
794	-5.18904e-06
795	-5.22683e-06
796	8.84222e-06
797	-2.85955e-06
798	-5.15056e-06
799	-5.19365e-06
800	8.76904e-06
801	-2.8571e-06
802	-5.13517e-06
803	-5.18148e-06
804	8.71782e-06
805	-2.87256e-06
806	-5.15133e-06
807	-5.20337e-06
808	8.70042e-06
809	-2.91134e-06
810	-5.19253e-06
811	-5.23759e-06
812	8.68432e-06
813	-2.94518e-06
814	-5.22254e-06
815	-5.2575e-06
816	8.65262e-06
817	-2.96666e-06
818	-5.23666e-06
819	-5.26303e-06
820	8.6068e-06
821	-2.97855e-06
822	-5.23993e-06
823	-5.2601e-06
824	8.55626e-06
825	-3.06827e-06
826	8.60576e-06
827	-3.1034e-06
828	-5.1214e-06
829	-5.03499e-06
830	8.26586e-06
831	-2.94276e-06
832	8.37631e-06
833	-3.02005e-06
834	-5.00021e-06
835	-4.93505e-06
836	8.11971e-06
837	-2.9101e-06
838	8.25694e-06
839	-3.00729e-06
840	-4.97292e-06
841	-4.91591e-06
842	-4.95546e-06
843	8.02041e-06
844	-2.93524e-06
845	-5.3243e-06
846	8.3329e-06
847	-3.08776e-06
848	-5.29987e-06
849	8.22283e-06
850	-3.05133e-06
851	-5.25057e-06
852	8.15068e-06
853	-3.10733e-06
854	8.11739e-06
855	-3.07595e-06
856	-5.1248e-06
857	7.92292e-06
858	-2.98662e-06
859	7.89258e-06
860	-3.058e-06
861	7.8583e-06
862	-3.01555e-06
863	7.71964e-06
864	-2.94062e-06
865	7.61234e-06
866	-2.89167e-06
867	7.52888e-06
868	-2.85459e-06
869	7.45907e-06
870	-2.82788e-06
871	7.40395e-06
872	-2.81148e-06
873	7.36329e-06
874	-2.80519e-06
875	7.33481e-06
876	-2.80666e-06
877	7.31384e-06
878	-2.64708e-06
879	7.29835e-06
880	-2.66146e-06
881	7.28418e-06
882	-2.67127e-06
883	7.26881e-06
884	-2.68101e-06
885	-4.59907e-06
886	7.16256e-06
887	-2.65439e-06
888	-4.72319e-06
889	7.30963e-06
890	-2.80774e-06
891	-4.93094e-06
892	7.41712e-06
893	-2.91989e-06
894	-5.06406e-06
895	7.48972e-06
896	-2.99062e-06
897	-5.15128e-06
898	7.49864e-06
899	-3.02389e-06
900	-5.17797e-06
901	7.68706e-06
902	-2.9865e-06
903	7.52475e-06
904	-3.12762e-06
905	-5.13432e-06
906	7.53333e-06
907	-2.91204e-06
908	-5.00113e-06
909	7.47942e-06
910	-2.94187e-06
911	-5.04802e-06
912	7.47087e-06
913	-2.96655e-06
914	-5.07076e-06
915	7.4497e-06
916	-2.98621e-06
917	7.54806e-06
918	-3.08914e-06
919	-4.88624e-06
920	7.07168e-06
921	-2.91974e-06
922	7.13518e-06
923	-3.01004e-06
924	-4.79447e-06
925	6.96026e-06
926	-2.88276e-06
927	7.03374e-06
928	-2.98215e-06
929	7.04827e-06
930	-2.96243e-06
931	-4.6622e-06
932	6.80869e-06
933	-2.82842e-06
934	6.91727e-06
935	-2.95536e-06
936	6.94523e-06
937	-2.95774e-06
938	-4.64519e-06
939	6.73318e-06
940	-2.8446e-06
941	6.8548e-06
942	-2.97711e-06
943	6.88503e-06
944	-2.98127e-06
945	-4.65245e-06
946	6.66619e-06
947	-2.86519e-06
948	6.79387e-06
949	-2.99858e-06
950	6.82272e-06
951	-3.00265e-06
952	6.74536e-06
953	-2.96203e-06
954	-4.60888e-06
955	6.55044e-06
956	-2.8637e-06
957	6.68583e-06
958	-2.99982e-06
959	6.7167e-06
960	-3.00604e-06
961	6.64339e-06
962	-2.77818e-06
963	-4.67608e-06
964	6.29477e-06
965	-2.76108e-06
966	6.53081e-06
967	-2.96695e-06
968	6.59769e-06
969	-2.98616e-06
970	6.52994e-06
971	-2.94848e-06
972	6.48135e-06
973	-2.93154e-06
974	6.4439e-06
975	-2.92075e-06
976	6.41059e-06
977	-2.91096e-06
978	6.3786e-06
979	-2.90408e-06
980	6.34915e-06
981	-2.89803e-06
982	6.32375e-06
983	-2.89584e-06
984	6.3003e-06
985	-2.89749e-06
986	6.27975e-06
987	-2.90022e-06
988	6.26117e-06
989	-2.90265e-06
990	6.23953e-06
991	-2.90208e-06
992	6.21377e-06
993	-2.89731e-06
994	6.18331e-06
995	-2.88789e-06
996	6.14834e-06
997	-2.87346e-06
998	6.10807e-06
999	-2.85326e-06
1000	-4.33825e-06
1001	5.90447e-06
1002	-2.73784e-06
1003	6.03187e-06
1004	-2.84461e-06
1005	6.02583e-06
1006	-2.8159e-06
1007	5.92298e-06
1008	-2.73506e-06
1009	-4.1548e-06
1010	5.65045e-06
1011	-2.5565e-06
1012	5.72545e-06
1013	-2.61254e-06
1014	-4.03896e-06
1015	5.49455e-06
1016	-2.43325e-06
1017	5.53366e-06
1018	-2.46777e-06
1019	-3.84743e-06
1020	5.29998e-06
1021	-2.26341e-06
1022	-3.62938e-06
1023	5.09823e-06
1024	-2.09112e-06
1025	-3.39588e-06
1026	4.88294e-06
1027	-1.92355e-06
1028	-3.21145e-06
1029	4.73764e-06
1030	-1.82925e-06
1031	-3.10126e-06
1032	4.63388e-06
1033	-1.77213e-06
1034	-3.03627e-06
1035	4.56927e-06
1036	-1.74481e-06
1037	-2.99919e-06
1038	4.51515e-06
1039	-1.72062e-06
1040	-2.9655e-06
1041	4.47462e-06
1042	-1.71166e-06
1043	-2.95643e-06
1044	4.45338e-06
1045	-1.71627e-06
1046	-2.95073e-06
1047	4.42424e-06
1048	-1.62069e-06
1049	-2.9226e-06
1050	4.357e-06
1051	-1.56807e-06
1052	-2.83147e-06
1053	4.24855e-06
1054	-1.49608e-06
1055	-2.72084e-06
1056	4.12907e-06
1057	-1.42305e-06
1058	-2.62157e-06
1059	3.91733e-06
1060	-1.38112e-06
1061	-2.54624e-06
1062	-2.52309e-06
1063	3.84425e-06
1064	-1.27118e-06
1065	-2.46949e-06
1066	3.76398e-06
1067	-1.29919e-06
1068	-2.43277e-06
1069	-2.42157e-06
1070	3.7274e-06
1071	-1.23034e-06
1072	3.68175e-06
1073	-1.31814e-06
1074	-2.40133e-06
1075	-2.34923e-06
1076	3.51082e-06
1077	-1.19934e-06
1078	-2.36444e-06
1079	-2.39424e-06
1080	3.45e-06
1081	-1.22772e-06
1082	-2.40952e-06
1083	-2.42805e-06
1084	3.45756e-06
1085	-1.2523e-06
1086	-2.44361e-06
1087	-2.36191e-06
1088	3.46778e-06
1089	-1.27835e-06
1090	-2.47247e-06
1091	-2.3817e-06
1092	3.46514e-06
1093	-1.29519e-06
1094	-2.39687e-06
1095	3.53225e-06
1096	-1.32844e-06
1097	-2.36748e-06
1098	3.47048e-06
1099	-1.30194e-06
1100	-2.33142e-06
1101	3.43328e-06
1102	-1.29101e-06
1103	-2.31527e-06
1104	3.40787e-06
1105	-1.2886e-06
1106	-2.30932e-06
1107	3.39299e-06
1108	-1.29439e-06
1109	-2.31405e-06
1110	3.38447e-06
1111	-1.30406e-06
1112	-2.32521e-06
1113	3.38019e-06
1114	-1.3158e-06
1115	-2.33638e-06
1116	3.37502e-06
1117	-1.32742e-06
1118	-2.34804e-06
1119	3.36926e-06
1120	-1.33806e-06
1121	-2.35922e-06
1122	3.36468e-06
1123	-1.35006e-06
1124	-2.37142e-06
1125	3.35981e-06
1126	-1.36175e-06
1127	-2.38474e-06
1128	3.35628e-06
1129	-1.37426e-06
1130	-2.39722e-06
1131	3.35084e-06
1132	-1.38606e-06
1133	-2.41043e-06
1134	3.34694e-06
1135	-1.39854e-06
1136	-2.42298e-06
1137	3.34126e-06
1138	-1.41095e-06
1139	3.3904e-06
1140	-1.4526e-06
1141	-2.42302e-06
1142	3.28594e-06
1143	-1.38384e-06
1144	3.32303e-06
1145	-1.42925e-06
1146	-2.39426e-06
1147	3.24765e-06
1148	-1.37998e-06
1149	3.29537e-06
1150	-1.4349e-06
1151	3.31562e-06
1152	-1.43746e-06
1153	-2.40107e-06
1154	-2.32254e-06
1155	3.17998e-06
1156	-1.38462e-06
1157	3.33409e-06
1158	-1.51336e-06
1159	3.4477e-06
1160	-1.52739e-06
1161	-2.4772e-06
1162	-2.38166e-06
1163	3.1948e-06
1164	-1.44132e-06
1165	3.35063e-06
1166	-1.56936e-06
1167	3.45627e-06
1168	-1.58078e-06
1169	-2.52595e-06
1170	-2.41687e-06
1171	3.18794e-06
1172	-1.48036e-06
1173	3.42919e-06
1174	-1.62567e-06
1175	3.44705e-06
1176	-1.62064e-06
1177	3.3951e-06
1178	-1.58932e-06
1179	-2.52693e-06
1180	-2.41942e-06
1181	3.15015e-06
1182	-1.50473e-06
1183	3.39423e-06
1184	-1.65587e-06
1185	3.4166e-06
1186	-1.65736e-06
1187	3.37237e-06
1188	-1.63152e-06
1189	-2.55956e-06
1190	-2.44318e-06
1191	3.12887e-06
1192	-1.54785e-06
1193	3.37676e-06
1194	-1.70719e-06
1195	3.40118e-06
1196	-1.71381e-06
1197	3.36244e-06
1198	-1.69094e-06
1199	-2.60597e-06
1200	-2.56604e-06
1201	3.09514e-06
1202	-1.58678e-06
1203	3.35326e-06
1204	-1.75309e-06
1205	3.37451e-06
1206	-1.81675e-06
1207	-2.72263e-06
1208	3.20335e-06
1209	-1.65228e-06
1210	3.30963e-06
1211	-1.80504e-06
1212	-2.73809e-06
1213	3.18515e-06
1214	-1.64044e-06
1215	-2.73641e-06
1216	3.18055e-06
1217	-1.67289e-06
1218	-2.7764e-06
1219	3.18451e-06
1220	-1.69676e-06
1221	-2.80067e-06
1222	3.17607e-06
1223	-1.71955e-06
1224	-2.82062e-06
1225	3.16568e-06
1226	-1.73839e-06
1227	-2.83466e-06
1228	3.14929e-06
1229	-1.74713e-06
1230	-2.8366e-06
1231	3.12973e-06
1232	-1.75212e-06
1233	-2.83624e-06
1234	3.11133e-06
1235	-1.75883e-06
1236	-2.83719e-06
1237	3.09353e-06
1238	-1.76562e-06
1239	3.28275e-06
1240	-1.91991e-06
1241	3.25498e-06
1242	-1.98272e-06
1243	-2.7456e-06
1244	-2.63254e-06
1245	3.04059e-06
1246	-1.77012e-06
1247	3.25322e-06
1248	-2.07388e-06
1249	3.23301e-06
1250	-2.03694e-06
1251	-2.76687e-06
1252	3.07218e-06
1253	-1.85453e-06
1254	3.19035e-06
1255	-2.03677e-06
1256	-2.7714e-06
1257	3.04775e-06
1258	-1.83872e-06
1259	-2.77581e-06
1260	3.02419e-06
1261	-1.85082e-06
1262	-2.84112e-06
1263	2.9575e-06
1264	-1.85063e-06
1265	3.15905e-06
1266	-2.08809e-06
1267	3.16636e-06
1268	-2.09754e-06
1269	-2.76558e-06
1270	2.98062e-06
1271	-1.88425e-06
1272	3.13593e-06
1273	-2.11384e-06
1274	-2.76556e-06
1275	2.95145e-06
1276	-1.89925e-06
1277	3.10549e-06
1278	-2.12988e-06
1279	-2.75741e-06
1280	2.92242e-06
1281	-1.91688e-06
1282	3.07794e-06
1283	-2.15473e-06
1284	-2.75314e-06
1285	2.89583e-06
1286	-1.94087e-06
1287	3.05003e-06
1288	-2.18056e-06
1289	3.04257e-06
1290	-2.18653e-06
1291	-2.73761e-06
1292	2.86083e-06
1293	-1.96447e-06
1294	3.00836e-06
1295	-2.20137e-06
1296	2.99829e-06
1297	-2.20522e-06
1298	-2.72079e-06
1299	2.82117e-06
1300	-1.98718e-06
1301	2.96481e-06
1302	-2.22579e-06
1303	2.95396e-06
1304	-2.22896e-06
1305	2.94647e-06
1306	-2.23517e-06
1307	2.93777e-06
1308	-2.24232e-06
1309	-2.69654e-06
1310	2.7657e-06
1311	-2.03017e-06
1312	2.89698e-06
1313	-2.26385e-06
1314	2.8831e-06
1315	-2.26215e-06
1316	2.87597e-06
1317	-2.26841e-06
1318	2.86641e-06
1319	-2.27524e-06
1320	2.85562e-06
1321	-2.28137e-06
1322	2.84385e-06
1323	-2.28664e-06
1324	2.83127e-06
1325	-2.29075e-06
1326	2.81819e-06
1327	-2.29423e-06
1328	2.80496e-06
1329	-2.298e-06
1330	2.79165e-06
1331	-2.3023e-06
1332	2.77827e-06
1333	-2.30687e-06
1334	2.76469e-06
1335	-2.31111e-06
1336	2.75085e-06
1337	-2.31464e-06
1338	2.73682e-06
1339	-2.31755e-06
1340	2.7227e-06
1341	-2.32017e-06
1342	2.70857e-06
1343	-2.32266e-06
1344	2.69439e-06
1345	-2.32488e-06
1346	2.68013e-06
1347	-2.3266e-06
1348	2.6658e-06
1349	-2.32791e-06
1350	2.65146e-06
1351	-2.32905e-06
1352	2.63715e-06
1353	-2.33013e-06
1354	2.62285e-06
1355	-2.331e-06
1356	2.60851e-06
1357	-2.33143e-06
1358	2.59415e-06
1359	-2.3315e-06
1360	2.57981e-06
1361	-2.33134e-06
1362	2.56561e-06
1363	-2.33211e-06
1364	2.55138e-06
1365	-2.3331e-06
1366	2.53669e-06
1367	-2.3337e-06
1368	2.52206e-06
1369	-2.33359e-06
1370	2.50765e-06
1371	-2.33275e-06
1372	2.49342e-06
1373	-2.33146e-06
1374	2.47927e-06
1375	-2.3075e-06
1376	2.42933e-06
1377	-2.33014e-06
1378	2.44574e-06
1379	-2.3102e-06
1380	2.40102e-06
1381	-2.33313e-06
1382	2.41857e-06
1383	-2.32326e-06
1384	2.38798e-06
1385	-2.30791e-06
1386	2.35878e-06
1387	-2.30073e-06
1388	2.3403e-06
1389	-2.29314e-06
1390	2.32759e-06
1391	-2.28843e-06
1392	2.31373e-06
1393	-2.28164e-06
1394	2.30174e-06
1395	-2.28916e-06
1396	2.30371e-06
1397	-2.2609e-06
1398	2.26062e-06
1399	-2.2608e-06
1400	2.26243e-06
1401	-2.24325e-06
1402	2.23118e-06
1403	-2.2473e-06
1404	2.20393e-06
1405	-2.2219e-06
1406	2.20846e-06
1407	-2.23237e-06
1408	2.19548e-06
1409	-2.22864e-06
1410	2.18334e-06
1411	-2.2275e-06
1412	2.13393e-06
1413	-2.20969e-06
1414	2.12347e-06
1415	-2.20836e-06
1416	2.11106e-06
1417	-2.20042e-06
1418	2.09947e-06
1419	-2.19206e-06
1420	2.0874e-06
1421	-2.1824e-06
1422	2.07566e-06
1423	-2.17449e-06
1424	2.06423e-06
1425	-2.16846e-06
1426	2.05294e-06
1427	-2.16318e-06
1428	2.04153e-06
1429	-2.15762e-06
1430	2.03007e-06
1431	-2.15246e-06
1432	2.01877e-06
1433	-2.14909e-06
1434	2.00768e-06
1435	-2.14751e-06
1436	1.99653e-06
1437	-2.14592e-06
1438	1.98505e-06
1439	-2.14251e-06
1440	1.97326e-06
1441	-2.13708e-06
1442	1.96148e-06
1443	-2.13093e-06
1444	1.94995e-06
1445	-2.1251e-06
1446	1.93865e-06
1447	-2.1194e-06
1448	1.92758e-06
1449	-2.11248e-06
1450	1.91572e-06
1451	-2.10523e-06
1452	1.90435e-06
1453	-2.09763e-06
1454	1.89316e-06
1455	-2.09046e-06
1456	1.88217e-06
1457	-2.08377e-06
1458	1.87128e-06
1459	-2.077e-06
1460	1.86038e-06
1461	-2.06975e-06
1462	1.84948e-06
1463	-2.06226e-06
1464	1.8387e-06
1465	-2.05498e-06
1466	1.82808e-06
1467	-2.04806e-06
1468	1.81753e-06
1469	-2.00583e-06
1470	1.81118e-06
1471	-2.04021e-06
1472	1.79606e-06
1473	-1.99207e-06
1474	1.79123e-06
1475	-1.99002e-06
1476	1.77964e-06
1477	-1.98007e-06
1478	1.75668e-06
1479	-1.97554e-06
1480	1.74584e-06
1481	-1.9674e-06
1482	1.73582e-06
1483	-1.9607e-06
1484	1.72532e-06
1485	-1.95314e-06
1486	1.7153e-06
1487	-1.94615e-06
1488	1.70511e-06
1489	-1.93888e-06
1490	1.69499e-06
1491	-1.93156e-06
1492	1.68483e-06
1493	-1.92399e-06
1494	1.67474e-06
1495	-1.91641e-06
1496	1.66473e-06
1497	-1.90885e-06
1498	1.65483e-06
1499	-1.90133e-06
1500	1.64498e-06
1501	-1.89377e-06
1502	1.63517e-06
1503	-1.88613e-06
1504	1.62543e-06
1505	-1.87844e-06
1506	1.61576e-06
1507	-1.87076e-06
1508	1.60616e-06
1509	-1.86309e-06
1510	1.59663e-06
1511	-1.85542e-06
1512	1.58715e-06
1513	-1.84771e-06
1514	1.57772e-06
1515	-1.83998e-06
1516	1.56834e-06
1517	-1.83225e-06
1518	1.55903e-06
1519	1.64908e-06
1520	-1.90443e-06
1521	1.60824e-06
1522	-1.86752e-06
1523	1.56803e-06
1524	-1.82466e-06
1525	1.54662e-06
1526	-1.81025e-06
1527	1.53342e-06
1528	1.61325e-06
1529	-1.87191e-06
1530	1.57522e-06
1531	-1.83719e-06
1532	1.53488e-06
1533	-1.79279e-06
1534	1.51151e-06
1535	-1.77842e-06
1536	1.49788e-06
1537	1.57108e-06
1538	-1.83305e-06
1539	1.53789e-06
1540	-1.80328e-06
1541	1.49808e-06
1542	1.55255e-06
1543	-1.81288e-06
1544	1.52605e-06
1545	-1.78931e-06
1546	1.48467e-06
1547	-1.73959e-06
1548	1.4583e-06
1549	1.52415e-06
1550	-1.7838e-06
1551	1.49569e-06
1552	-1.76034e-06
1553	1.45381e-06
1554	1.49545e-06
1555	-1.75565e-06
1556	1.47981e-06
1557	-1.74324e-06
1558	1.43806e-06
1559	1.46538e-06
1560	-1.72088e-06
1561	1.46136e-06
1562	-1.72432e-06
1563	1.42013e-06
1564	1.4396e-06
1565	-1.6888e-06
1566	1.44257e-06
1567	-1.70483e-06
1568	1.40136e-06
1569	1.41389e-06
1570	-1.66228e-06
1571	1.42376e-06
1572	-1.68486e-06
1573	1.38234e-06
1574	1.38847e-06
1575	-1.63291e-06
1576	1.4048e-06
1577	-1.66496e-06
1578	1.36338e-06
1579	1.36134e-06
1580	1.36933e-06
1581	-1.59266e-06
1582	1.4161e-06
1583	-1.62936e-06
1584	1.36107e-06
1585	1.34387e-06
1586	1.30807e-06
1587	1.28462e-06
1588	1.25019e-06
1589	1.20538e-06
1590	1.15618e-06
1591	1.10764e-06
1592	1.06252e-06
1593	1.02165e-06
1594	9.8498e-07
1595	9.44652e-07
1596	9.14625e-07
1597	8.89193e-07
1598	8.66749e-07
1599	8.46825e-07
1600	8.29103e-07
1601	8.13289e-07
1602	7.99117e-07
1603	7.86365e-07
1604	7.7485e-07
1605	7.64426e-07
1606	7.54974e-07
1607	7.46395e-07
1608	7.38596e-07
1609	7.31495e-07
1610	7.2501e-07
1611	7.19062e-07
1612	7.13577e-07
1613	7.08486e-07
1614	7.03727e-07
1615	6.99245e-07
1616	6.94997e-07
1617	6.90951e-07
1618	6.87067e-07
1619	6.8332e-07
1620	6.79687e-07
1621	6.76152e-07
1622	6.72705e-07
1623	6.69337e-07
1624	6.66043e-07
1625	6.6282e-07
1626	6.59667e-07
1627	6.5658e-07
1628	6.53555e-07
1629	6.5059e-07
1630	6.47677e-07
1631	6.44812e-07
1632	6.41991e-07
1633	6.39211e-07
1634	6.36468e-07
1635	6.33764e-07
1636	6.31097e-07
1637	6.28468e-07
1638	6.25877e-07
1639	6.23321e-07
1640	6.20798e-07
1641	6.18306e-07
1642	6.15839e-07
1643	6.13397e-07
1644	6.10977e-07
1645	6.08578e-07
1646	6.06199e-07
1647	6.03841e-07
1648	6.01502e-07
1649	5.99181e-07
1650	5.96877e-07
1651	5.94585e-07
1652	5.92305e-07
1653	5.90034e-07
1654	5.8777e-07
1655	5.85513e-07
1656	5.83264e-07
1657	5.81021e-07
1658	5.78786e-07
1659	5.76561e-07
1660	5.74345e-07
1661	5.72138e-07
1662	5.6994e-07
1663	5.67749e-07
1664	5.65565e-07
1665	5.6339e-07
1666	5.6124e-07
1667	5.59078e-07
1668	5.56914e-07
1669	5.54756e-07
1670	5.52608e-07
1671	5.50473e-07
1672	5.48353e-07
1673	5.46246e-07
1674	5.44152e-07
1675	5.42072e-07
1676	5.40005e-07
1677	5.37952e-07
1678	5.35912e-07
1679	5.33856e-07
1680	5.31774e-07
1681	5.29692e-07
1682	5.27626e-07
1683	5.25586e-07
1684	5.23578e-07
1685	5.216e-07
1686	5.19648e-07
1687	5.17716e-07
1688	5.158e-07
1689	5.13896e-07
1690	5.12e-07
1691	5.10111e-07
1692	5.08229e-07
1693	5.06356e-07
1694	5.04493e-07
1695	5.02644e-07
1696	5.00809e-07
1697	4.98991e-07
1698	4.9719e-07
1699	4.95405e-07
1700	4.93636e-07
1701	4.91881e-07
1702	4.90136e-07
1703	4.88401e-07
1704	4.86671e-07
1705	4.84945e-07
1706	4.83222e-07
1707	4.81504e-07
1708	4.79788e-07
1709	4.78077e-07
1710	4.7637e-07
1711	4.70973e-07
1712	4.68871e-07
1713	4.67195e-07
1714	4.65509e-07
1715	4.63816e-07
1716	4.62134e-07
1717	4.60471e-07
1718	4.58824e-07
1719	4.57188e-07
1720	4.55561e-07
1721	4.53943e-07
1722	4.52331e-07
1723	4.50728e-07
1724	4.49132e-07
1725	4.47545e-07
1726	4.45968e-07
1727	4.444e-07
1728	4.42842e-07
1729	4.41293e-07
1730	4.39754e-07
1731	4.38225e-07
1732	4.36706e-07
1733	4.35196e-07
1734	4.33695e-07
1735	4.32205e-07
1736	4.30723e-07
1737	4.2925e-07
1738	4.27786e-07
1739	4.26331e-07
1740	4.24883e-07
1741	4.23444e-07
1742	4.22012e-07
1743	4.20588e-07
1744	4.19171e-07
1745	4.17762e-07
1746	4.1636e-07
1747	4.14965e-07
1748	4.13578e-07
1749	4.12198e-07
1750	4.10825e-07
1751	4.09459e-07
1752	4.08099e-07
1753	4.06746e-07
1754	4.05399e-07
1755	4.04058e-07
1756	4.02723e-07
1757	4.01394e-07
1758	4.0007e-07
1759	3.98753e-07
1760	3.97442e-07
1761	3.96137e-07
1762	3.94838e-07
1763	3.93545e-07
1764	3.92258e-07
1765	3.90977e-07
1766	3.89702e-07
1767	3.88433e-07
1768	3.8717e-07
1769	3.85912e-07
1770	3.84662e-07
1771	3.83418e-07
1772	3.82178e-07
1773	3.80944e-07
1774	3.79717e-07
1775	3.78497e-07
1776	3.77286e-07
1777	3.76084e-07
1778	3.7489e-07
1779	3.737e-07
1780	3.72512e-07
1781	3.71322e-07
1782	3.70129e-07
1783	3.68932e-07
1784	3.67735e-07
1785	3.63898e-07
1786	3.62516e-07
1787	3.6135e-07
1788	3.60181e-07
1789	3.59025e-07
1790	3.57891e-07
1791	3.56776e-07
1792	3.55678e-07
1793	3.5459e-07
1794	3.53508e-07
1795	3.52429e-07
1796	3.51352e-07
1797	3.50274e-07
1798	3.49196e-07
1799	3.48118e-07
1800	3.47041e-07
1801	3.45965e-07
1802	3.44892e-07
1803	3.43823e-07
1804	3.42758e-07
1805	3.41698e-07
1806	3.40644e-07
1807	3.39594e-07
1808	3.38551e-07
1809	3.37513e-07
1810	3.3648e-07
1811	3.35453e-07
1812	3.3443e-07
1813	3.33411e-07
1814	3.32397e-07
1815	3.31386e-07
1816	3.3038e-07
1817	3.29377e-07
1818	3.28379e-07
1819	3.27384e-07
1820	3.26394e-07
1821	3.25408e-07
1822	3.24426e-07
1823	3.23449e-07
1824	3.22476e-07
1825	3.21509e-07
1826	3.20545e-07
1827	3.19586e-07
1828	3.18632e-07
1829	3.17683e-07
1830	3.16738e-07
1831	3.15798e-07
1832	3.14862e-07
1833	3.13931e-07
1834	3.13004e-07
1835	3.12082e-07
1836	3.11164e-07
1837	3.1025e-07
1838	3.0934e-07
1839	3.08434e-07
1840	3.07532e-07
1841	3.06633e-07
1842	3.05738e-07
1843	3.04848e-07
1844	3.0396e-07
1845	3.03077e-07
1846	2.99213e-07
1847	2.94827e-07
1848	2.90856e-07
1849	2.87329e-07
1850	2.84412e-07
1851	2.81725e-07
1852	2.79246e-07
1853	2.77143e-07
1854	2.75554e-07
1855	2.74495e-07
1856	2.7389e-07
1857	2.73616e-07
1858	2.73545e-07
1859	2.73564e-07
1860	2.7359e-07
1861	2.73578e-07
1862	2.7352e-07
1863	2.73436e-07
1864	2.73363e-07
1865	2.73339e-07
1866	2.73392e-07
1867	2.7353e-07
1868	2.7374e-07
1869	2.73991e-07
1870	2.74239e-07
1871	2.74435e-07
1872	2.74534e-07
1873	2.74498e-07
1874	2.74303e-07
1875	2.73938e-07
1876	2.7341e-07
1877	2.72733e-07
1878	2.71928e-07
1879	2.71012e-07
1880	2.7e-07
1881	2.68906e-07
1882	2.67742e-07
1883	2.66527e-07
1884	2.65282e-07
1885	2.64031e-07
1886	2.62799e-07
1887	2.61604e-07
1888	2.60464e-07
1889	2.59389e-07
1890	2.58381e-07
1891	2.57439e-07
1892	2.56559e-07
1893	2.55737e-07
1894	2.54967e-07
1895	2.54246e-07
1896	2.53566e-07
1897	2.52922e-07
1898	2.52305e-07
1899	2.51705e-07
1900	2.51114e-07
1901	2.50524e-07
1902	2.49929e-07
1903	2.49329e-07
1904	2.48727e-07
1905	2.48128e-07
1906	2.4754e-07
1907	2.46965e-07
1908	2.46418e-07
1909	2.45897e-07
1910	2.45392e-07
1911	2.44896e-07
1912	2.44402e-07
1913	2.43902e-07
1914	2.43393e-07
1915	2.42872e-07
1916	2.42337e-07
1917	2.41787e-07
1918	2.41222e-07
1919	2.40641e-07
1920	2.40045e-07
1921	2.39434e-07
1922	2.3881e-07
1923	2.38176e-07
1924	2.37536e-07
1925	2.36894e-07
1926	2.36255e-07
1927	2.35623e-07
1928	2.35e-07
1929	2.34386e-07
1930	2.33781e-07
1931	2.3318e-07
1932	2.32591e-07
1933	2.31995e-07
1934	2.31388e-07
1935	2.30772e-07
1936	2.30153e-07
1937	2.29535e-07
1938	2.2892e-07
1939	2.28312e-07
1940	2.27712e-07
1941	2.27119e-07
1942	2.26533e-07
1943	2.25953e-07
1944	2.25377e-07
1945	3.71767e-07
1946	2.24295e-07
1947	2.26759e-07
1948	3.72788e-07
1949	2.24266e-07
1950	3.73043e-07
1951	2.23841e-07
1952	3.72223e-07
1953	2.23344e-07
1954	3.69916e-07
1955	2.22217e-07
1956	3.67682e-07
1957	2.21112e-07
1958	3.65588e-07
1959	2.20025e-07
1960	3.63537e-07
1961	2.18944e-07
1962	3.56284e-07
1963	2.16071e-07
1964	3.50592e-07
1965	2.12512e-07
1966	3.46076e-07
1967	3.38992e-07
1968	3.38128e-07
1969	3.36485e-07
1970	3.35111e-07
1971	3.33644e-07
1972	3.32045e-07
1973	3.30628e-07
1974	3.29599e-07
1975	3.2897e-07
1976	3.28648e-07
1977	3.28521e-07
1978	3.28499e-07
1979	3.28517e-07
1980	3.2854e-07
1981	3.28555e-07
1982	3.28564e-07
1983	3.28577e-07
1984	3.28607e-07
1985	3.2866e-07
1986	3.28737e-07
1987	3.28834e-07
1988	3.28938e-07
1989	3.29036e-07
1990	3.29111e-07
1991	3.29145e-07
1992	3.29119e-07
1993	3.29011e-07
1994	3.28803e-07
1995	3.28479e-07
1996	3.28025e-07
1997	3.27434e-07
1998	3.26706e-07
1999	3.25849e-07
2000	3.24876e-07
2001	3.23811e-07
2002	3.22679e-07
2003	3.21506e-07
2004	3.2032e-07
2005	3.19141e-07
2006	3.17987e-07
2007	3.16868e-07
2008	3.15791e-07
2009	3.14758e-07
2010	3.13771e-07
2011	3.12831e-07
2012	3.11939e-07
2013	3.11093e-07
2014	3.10294e-07
2015	3.09539e-07
2016	3.08823e-07
2017	3.08141e-07
2018	3.07486e-07
2019	3.06852e-07
2020	3.06232e-07
2021	3.05624e-07
2022	3.05026e-07
2023	3.04438e-07
2024	3.03861e-07
2025	3.03294e-07
2026	3.02738e-07
2027	3.02191e-07
2028	3.01651e-07
2029	3.01117e-07
2030	3.00584e-07
2031	3.00051e-07
2032	2.99516e-07
2033	2.98978e-07
2034	2.98436e-07
2035	2.97891e-07
2036	2.9734e-07
2037	2.96783e-07
2038	2.96219e-07
2039	2.95646e-07
2040	2.95063e-07
2041	2.94468e-07
2042	2.93862e-07
2043	2.93245e-07
2044	2.92619e-07
2045	2.91986e-07
2046	2.91348e-07
2047	2.90706e-07
2048	2.90061e-07
2049	2.89416e-07
2050	2.88769e-07
2051	2.88122e-07
2052	2.87476e-07
2053	2.86831e-07
2054	2.86189e-07
2055	2.85551e-07
2056	2.84918e-07
2057	2.84291e-07
2058	2.8367e-07
2059	2.83056e-07
2060	2.82448e-07
2061	2.81845e-07
2062	2.81248e-07
2063	2.80656e-07
2064	2.80069e-07
2065	2.79487e-07
2066	2.78911e-07
2067	2.7834e-07
2068	2.77774e-07
2069	2.77214e-07
2070	2.76657e-07
2071	2.76105e-07
2072	2.75555e-07
2073	2.75008e-07
2074	2.74463e-07
2075	2.73921e-07
2076	2.7338e-07
2077	2.72842e-07
2078	2.72305e-07
2079	2.7177e-07
2080	2.71237e-07
2081	2.70704e-07
2082	2.70172e-07
2083	2.6964e-07
2084	2.69108e-07
2085	2.68577e-07
2086	2.68046e-07
2087	2.67515e-07
2088	2.66984e-07
2089	2.66455e-07
2090	2.65926e-07
2091	2.65397e-07
2092	2.64869e-07
2093	2.64342e-07
2094	2.63815e-07
2095	2.63289e-07
2096	2.62764e-07
2097	2.54461e-07
2098	2.58528e-07
2099	2.50453e-07
2100	2.46232e-07
2101	2.43619e-07
2102	2.40464e-07
2103	2.37675e-07
2104	2.35523e-07
2105	2.33937e-07
2106	2.32811e-07
2107	2.32098e-07
2108	2.31761e-07
2109	2.31737e-07
2110	2.31928e-07
2111	2.32231e-07
2112	2.32561e-07
2113	2.32867e-07
2114	2.33133e-07
2115	2.33369e-07
2116	2.33597e-07
2117	2.33835e-07
2118	2.34089e-07
2119	2.34352e-07
2120	2.34606e-07
2121	2.34829e-07
2122	2.35006e-07
2123	2.35135e-07
2124	2.35228e-07
2125	2.35301e-07
2126	2.35373e-07
2127	2.35453e-07
2128	2.35536e-07
2129	2.35602e-07
2130	2.35617e-07
2131	2.35542e-07
2132	2.3534e-07
2133	2.34989e-07
2134	2.34484e-07
2135	2.3384e-07
2136	2.3309e-07
2137	2.32276e-07
2138	2.31441e-07
2139	2.30617e-07
2140	2.29825e-07
2141	2.2907e-07
2142	2.28346e-07
2143	2.27643e-07
2144	2.26954e-07
2145	2.26278e-07
2146	2.25621e-07
2147	2.24997e-07
2148	2.24419e-07
2149	2.23896e-07
2150	2.23433e-07
2151	2.23022e-07
2152	2.22649e-07
2153	2.22298e-07
2154	2.21951e-07
2155	2.21598e-07
2156	2.21234e-07
2157	2.2086e-07
2158	2.20484e-07
2159	2.20114e-07
2160	2.19755e-07
2161	2.19412e-07
2162	2.19082e-07
2163	2.18759e-07
2164	2.18438e-07
2165	2.18112e-07
2166	2.1778e-07
2167	2.17441e-07
2168	2.17098e-07
2169	2.16757e-07
2170	2.16421e-07
2171	2.1609e-07
2172	2.15764e-07
2173	2.1544e-07
2174	2.15111e-07
2175	2.14773e-07
2176	2.14422e-07
2177	2.14059e-07
2178	2.13684e-07
2179	2.13301e-07
2180	2.12913e-07
2181	2.12524e-07
2182	2.12134e-07
2183	2.11743e-07
2184	2.11351e-07
2185	2.10956e-07
2186	2.10556e-07
2187	2.10152e-07
2188	2.09744e-07
2189	2.09336e-07
2190	2.08929e-07
2191	2.08526e-07
2192	2.0813e-07
2193	2.07739e-07
2194	2.07353e-07
2195	2.06972e-07
2196	2.06592e-07
2197	2.06215e-07
2198	2.05838e-07
2199	2.05463e-07
2200	2.05092e-07
2201	2.04725e-07
2202	2.04362e-07
2203	2.04005e-07
2204	2.03652e-07
2205	2.03302e-07
2206	2.02955e-07
2207	2.02609e-07
2208	2.02264e-07
2209	2.0192e-07
2210	2.01577e-07
2211	2.01236e-07
2212	2.00897e-07
2213	2.0056e-07
2214	2.00226e-07
2215	1.99893e-07
2216	1.99561e-07
2217	1.99229e-07
2218	1.98897e-07
2219	1.98564e-07
2220	1.98231e-07
2221	1.97898e-07
2222	1.97565e-07
2223	1.97234e-07
2224	1.96903e-07
2225	1.96572e-07
2226	1.96243e-07
2227	1.95913e-07
2228	1.95582e-07
2229	1.95252e-07
2230	1.9492e-07
2231	1.94589e-07
2232	1.94258e-07
2233	1.93928e-07
2234	1.93599e-07
2235	1.9327e-07
2236	3.17255e-07
2237	1.97972e-07
2238	1.94775e-07
2239	3.20368e-07
2240	1.99817e-07
2241	1.95228e-07
2242	3.19537e-07
2243	1.99371e-07
2244	1.94491e-07
2245	3.1857e-07
2246	1.98873e-07
2247	3.20299e-07
2248	1.98425e-07
2249	3.14399e-07
2250	1.96866e-07
2251	3.16882e-07
2252	1.90595e-07
2253	3.03051e-07
2254	1.88772e-07
2255	3.04704e-07
2256	1.8728e-07
2257	2.86006e-07
2258	2.8956e-07
2259	1.86511e-07
2260	2.96594e-07
2261	2.87432e-07
2262	2.88715e-07
2263	1.85549e-07
2264	2.8568e-07
2265	2.89911e-07
2266	2.942e-07
2267	2.96595e-07
2268	2.99057e-07
2269	3.01485e-07
2270	3.03263e-07
2271	3.04353e-07
2272	3.05019e-07
2273	3.05497e-07
2274	3.05899e-07
2275	3.06246e-07
2276	3.06526e-07
2277	3.06738e-07
2278	3.06894e-07
2279	3.07014e-07
2280	3.0712e-07
2281	3.07224e-07
2282	3.07333e-07
2283	3.07442e-07
2284	3.07539e-07
2285	3.07605e-07
2286	3.0762e-07
2287	3.07561e-07
2288	3.07408e-07
2289	3.07147e-07
2290	3.06769e-07
2291	3.06275e-07
2292	3.05674e-07
2293	3.04979e-07
2294	3.04211e-07
2295	3.0339e-07
2296	3.02539e-07
2297	3.01676e-07
2298	3.00817e-07
2299	2.99974e-07
2300	2.99158e-07
2301	2.98374e-07
2302	2.97627e-07
2303	2.9692e-07
2304	2.96254e-07
2305	2.9563e-07
2306	2.95046e-07
2307	2.945e-07
2308	2.93988e-07
2309	2.93504e-07
2310	2.93042e-07
2311	2.92596e-07
2312	2.92161e-07
2313	2.91731e-07
2314	2.91303e-07
2315	2.90875e-07
2316	2.90445e-07
2317	2.90014e-07
2318	2.89581e-07
2319	2.89149e-07
2320	2.88717e-07
2321	2.88289e-07
2322	2.87863e-07
2323	2.87442e-07
2324	2.87025e-07
2325	2.86611e-07
2326	2.86202e-07
2327	2.85795e-07
2328	2.8539e-07
2329	2.84986e-07
2330	2.84581e-07
2331	2.84175e-07
2332	2.83766e-07
2333	2.83352e-07
2334	2.82934e-07
2335	2.8251e-07
2336	2.82079e-07
2337	2.81642e-07
2338	2.81198e-07
2339	2.80749e-07
2340	2.80293e-07
2341	2.79832e-07
2342	2.79367e-07
2343	2.78899e-07
2344	2.78427e-07
2345	2.77954e-07
2346	2.7748e-07
2347	2.77005e-07
2348	2.76531e-07
2349	2.76058e-07
2350	2.75588e-07
2351	2.7512e-07
2352	2.74654e-07
2353	2.74192e-07
2354	2.73734e-07
2355	2.73279e-07
2356	2.72828e-07
2357	2.7238e-07
2358	2.71937e-07
2359	2.71497e-07
2360	2.71061e-07
2361	2.70628e-07
2362	2.70199e-07
2363	2.69774e-07
2364	2.69351e-07
2365	2.68932e-07
2366	2.68516e-07
2367	2.68103e-07
2368	2.67692e-07
2369	2.67284e-07
2370	2.66879e-07
2371	2.66475e-07
2372	2.66074e-07
2373	2.65675e-07
2374	2.65278e-07
2375	2.64882e-07
2376	2.64488e-07
2377	2.64095e-07
2378	2.63704e-07
2379	2.63313e-07
2380	2.62924e-07
2381	2.62535e-07
2382	2.62147e-07
2383	2.6176e-07
2384	2.61373e-07
2385	2.60987e-07
2386	2.60602e-07
2387	2.60216e-07
2388	2.59832e-07
2389	2.59447e-07
2390	2.59064e-07
2391	2.5868e-07
2392	2.58297e-07
2393	2.57915e-07
2394	2.57533e-07
2395	2.57152e-07
2396	2.56772e-07
2397	2.56393e-07
2398	2.56014e-07
2399	2.55636e-07
2400	2.55259e-07
2401	2.54883e-07
2402	2.54508e-07
2403	2.54135e-07
2404	2.53762e-07
2405	2.5339e-07
2406	2.5302e-07
2407	2.5265e-07
2408	2.52282e-07
2409	2.51915e-07
2410	2.51549e-07
2411	2.51185e-07
2412	2.50821e-07
2413	2.50459e-07
2414	2.50098e-07
2415	2.49738e-07
2416	2.49379e-07
2417	2.49021e-07
2418	2.48664e-07
2419	2.48309e-07
2420	2.47954e-07
2421	2.47601e-07
2422	2.47248e-07
2423	2.4019e-07
2424	2.32427e-07
2425	2.38449e-07
2426	2.32109e-07
2427	2.36596e-07
2428	2.29827e-07
2429	2.34764e-07
2430	2.2085e-07
2431	2.1905e-07
2432	2.19287e-07
2433	2.18711e-07
2434	2.17795e-07
2435	2.17085e-07
2436	2.16655e-07
2437	2.16418e-07
2438	2.16325e-07
2439	2.16391e-07
2440	2.16641e-07
2441	2.17069e-07
2442	2.17625e-07
2443	2.18237e-07
2444	2.18835e-07
2445	2.19363e-07
2446	2.19796e-07
2447	2.20133e-07
2448	2.20395e-07
2449	2.20612e-07
2450	2.20811e-07
2451	2.21009e-07
2452	2.2121e-07
2453	2.21406e-07
2454	2.21583e-07
2455	2.2173e-07
2456	2.2184e-07
2457	2.21922e-07
2458	2.2199e-07
2459	2.22065e-07
2460	2.22163e-07
2461	2.22291e-07
2462	2.2244e-07
2463	2.22589e-07
2464	2.22705e-07
2465	2.22754e-07
2466	2.22705e-07
2467	2.22539e-07
2468	2.22252e-07
2469	2.21856e-07
2470	2.21373e-07
2471	2.2083e-07
2472	2.20255e-07
2473	2.19669e-07
2474	2.19083e-07
2475	2.18504e-07
2476	2.17931e-07
2477	2.17363e-07
2478	2.168e-07
2479	2.16247e-07
2480	2.15711e-07
2481	2.15204e-07
2482	2.14735e-07
2483	2.14309e-07
2484	2.13931e-07
2485	2.13594e-07
2486	2.13292e-07
2487	2.13014e-07
2488	2.1275e-07
2489	2.12492e-07
2490	2.12234e-07
2491	2.11975e-07
2492	2.11715e-07
2493	2.11457e-07
2494	2.112e-07
2495	2.10947e-07
2496	2.10695e-07
2497	2.10442e-07
2498	2.10187e-07
2499	2.09927e-07
2500	2.09662e-07
2501	2.09394e-07
2502	2.09123e-07
2503	2.08853e-07
2504	2.08587e-07
2505	2.08325e-07
2506	2.08068e-07
2507	2.07816e-07
2508	2.07566e-07
2509	2.07316e-07
2510	2.07066e-07
2511	2.06812e-07
2512	2.06556e-07
2513	2.06297e-07
2514	2.06034e-07
2515	2.0577e-07
2516	2.05503e-07
2517	2.05233e-07
2518	2.0496e-07
2519	2.04682e-07
2520	2.04401e-07
2521	2.04114e-07
2522	2.03822e-07
2523	2.03526e-07
2524	2.03227e-07
2525	2.02926e-07
2526	2.02624e-07
2527	2.02321e-07
2528	2.02019e-07
2529	2.01718e-07
2530	2.01417e-07
2531	2.01117e-07
2532	2.00817e-07
2533	2.00519e-07
2534	2.00223e-07
2535	1.99928e-07
2536	1.99636e-07
2537	1.99347e-07
2538	1.99061e-07
2539	1.98777e-07
2540	1.98496e-07
2541	1.98218e-07
2542	1.97941e-07
2543	1.97667e-07
2544	1.97395e-07
2545	1.97124e-07
2546	1.96856e-07
2547	1.9659e-07
2548	1.96325e-07
2549	1.96063e-07
2550	1.95803e-07
2551	1.95544e-07
2552	1.95287e-07
2553	1.95031e-07
2554	1.94777e-07
2555	1.94524e-07
2556	1.94272e-07
2557	1.94021e-07
2558	1.93771e-07
2559	1.93523e-07
2560	1.93275e-07
2561	1.93029e-07
2562	1.92783e-07
2563	1.92538e-07
2564	1.92293e-07
2565	1.92049e-07
2566	1.91805e-07
2567	1.91562e-07
2568	1.91319e-07
2569	1.91077e-07
2570	1.90835e-07
2571	1.90593e-07
2572	1.90351e-07
2573	1.9011e-07
2574	1.89869e-07
2575	1.89628e-07
2576	1.89387e-07
2577	3.06849e-07
2578	2.00297e-07
2579	1.91535e-07
2580	3.10738e-07
2581	2.0256e-07
2582	1.93357e-07
2583	3.11705e-07
2584	1.94295e-07
2585	1.94311e-07
2586	1.95061e-07
2587	3.13764e-07
2588	1.95555e-07
2589	1.93405e-07
2590	3.1555e-07
2591	1.95891e-07
2592	1.94657e-07
2593	3.15919e-07
2594	1.96058e-07
2595	1.9407e-07
2596	3.14891e-07
2597	1.95491e-07
2598	1.93546e-07
2599	3.14129e-07
2600	1.95077e-07
2601	1.93014e-07
2602	3.1315e-07
2603	1.94522e-07
2604	3.14244e-07
2605	1.94589e-07
2606	3.17182e-07
2607	1.96461e-07
2608	3.18207e-07
2609	1.97042e-07
2610	3.17795e-07
2611	1.96694e-07
2612	3.17152e-07
2613	1.96262e-07
2614	3.16399e-07
2615	1.95796e-07
2616	3.15493e-07
2617	1.95247e-07
2618	3.14557e-07
2619	1.94687e-07
2620	3.0637e-07
2621	1.89531e-07
2622	2.96206e-07
2623	1.90575e-07
2624	3.05063e-07
2625	1.88378e-07
2626	2.84941e-07
2627	2.95964e-07
2628	1.83573e-07
2629	2.76719e-07
2630	2.85016e-07
2631	2.97962e-07
2632	2.95523e-07
2633	2.85943e-07
2634	2.86093e-07
2635	2.87461e-07
2636	2.87191e-07
2637	2.8583e-07
2638	2.84525e-07
2639	2.83861e-07
2640	2.83835e-07
2641	2.8418e-07
2642	2.84645e-07
2643	2.85106e-07
2644	2.85552e-07
2645	2.86023e-07
2646	2.86558e-07
2647	2.87167e-07
2648	2.8783e-07
2649	2.88515e-07
2650	2.89186e-07
2651	2.89819e-07
2652	2.90405e-07
2653	2.90947e-07
2654	2.91458e-07
2655	2.91949e-07
2656	2.92431e-07
2657	2.92906e-07
2658	2.93368e-07
2659	2.93805e-07
2660	2.94206e-07
2661	2.9456e-07
2662	2.94864e-07
2663	2.95118e-07
2664	2.95327e-07
2665	2.95499e-07
2666	2.95634e-07
2667	2.95729e-07
2668	2.95774e-07
2669	2.95751e-07
2670	2.95641e-07
2671	2.95427e-07
2672	2.95099e-07
2673	2.94655e-07
2674	2.94103e-07
2675	2.9346e-07
2676	2.92744e-07
2677	2.9198e-07
2678	2.91186e-07
2679	2.9038e-07
2680	2.8957e-07
2681	2.88766e-07
2682	2.87971e-07
2683	2.8719e-07
2684	2.86427e-07
2685	2.85688e-07
2686	2.84979e-07
2687	2.84308e-07
2688	2.8368e-07
2689	2.83098e-07
2690	2.82562e-07
2691	2.82069e-07
2692	2.81614e-07
2693	2.8119e-07
2694	2.80792e-07
2695	2.80414e-07
2696	2.80046e-07
2697	2.79685e-07
2698	2.79331e-07
2699	2.78983e-07
2700	2.78642e-07
2701	2.78309e-07
2702	2.77982e-07
2703	2.77661e-07
2704	2.77344e-07
2705	2.7703e-07
2706	2.76719e-07
2707	2.7641e-07
2708	2.76104e-07
2709	2.75801e-07
2710	2.75502e-07
2711	2.75206e-07
2712	2.74913e-07
2713	2.74622e-07
2714	2.74331e-07
2715	2.74041e-07
2716	2.73749e-07
2717	2.73456e-07
2718	2.73162e-07
2719	2.72866e-07
2720	2.72569e-07
2721	2.7227e-07
2722	2.7197e-07
2723	2.71667e-07
2724	2.71362e-07
2725	2.71054e-07
2726	2.70741e-07
2727	2.70423e-07
2728	2.701e-07
2729	2.69772e-07
2730	2.69437e-07
2731	2.69097e-07
2732	2.68751e-07
2733	2.684e-07
2734	2.68044e-07
2735	2.67684e-07
2736	2.6732e-07
2737	2.66953e-07
2738	2.66584e-07
2739	2.66212e-07
2740	2.65839e-07
2741	2.65466e-07
2742	2.65093e-07
2743	2.64722e-07
2744	2.64351e-07
2745	2.63983e-07
2746	2.63619e-07
2747	2.63261e-07
2748	2.62904e-07
2749	2.62546e-07
2750	2.6219e-07
2751	2.61834e-07
2752	2.61481e-07
2753	2.6113e-07
2754	2.60783e-07
2755	2.60439e-07
2756	2.601e-07
2757	2.59764e-07
2758	2.59431e-07
2759	2.59103e-07
2760	2.58778e-07
2761	2.58456e-07
2762	2.58137e-07
2763	2.46307e-07
2764	2.57559e-07
2765	2.61481e-07
2766	2.61199e-07
2767	2.4785e-07
2768	2.58016e-07
2769	2.61114e-07
2770	2.60397e-07
2771	2.46912e-07
2772	2.56906e-07
2773	2.59902e-07
2774	2.47287e-07
2775	2.57292e-07
2776	2.59793e-07
2777	2.46776e-07
2778	2.56527e-07
2779	2.58922e-07
2780	2.45928e-07
2781	2.55639e-07
2782	2.58018e-07
2783	2.45052e-07
2784	2.54712e-07
2785	2.45064e-07
2786	2.55941e-07
2787	2.58041e-07
2788	2.44483e-07
2789	2.53693e-07
2790	2.43841e-07
2791	2.54521e-07
2792	2.44476e-07
2793	2.54793e-07
2794	2.44315e-07
2795	2.54353e-07
2796	2.4377e-07
2797	2.53731e-07
2798	2.43165e-07
2799	2.53104e-07
2800	2.42559e-07
2801	2.52471e-07
2802	2.41943e-07
2803	2.51831e-07
2804	2.41329e-07
2805	2.39118e-07
2806	2.52776e-07
2807	2.42718e-07
2808	2.40075e-07
2809	2.5316e-07
2810	2.42582e-07
2811	2.39649e-07
2812	2.52522e-07
2813	2.41896e-07
2814	2.38916e-07
2815	2.51696e-07
2816	2.41058e-07
2817	2.38054e-07
2818	2.50773e-07
2819	2.40166e-07
2820	2.37178e-07
2821	2.37507e-07
2822	2.51506e-07
2823	2.40526e-07
2824	2.37046e-07
2825	2.3697e-07
2826	2.50655e-07
2827	2.39591e-07
2828	2.36064e-07
2829	2.35956e-07
2830	2.37044e-07
2831	2.38108e-07
2832	2.38772e-07
2833	2.39051e-07
2834	2.3907e-07
2835	2.38944e-07
2836	2.38747e-07
2837	2.38514e-07
2838	2.38255e-07
2839	2.37974e-07
2840	2.37674e-07
2841	2.3736e-07
2842	2.37041e-07
2843	2.36726e-07
2844	2.3642e-07
2845	2.36126e-07
2846	2.35843e-07
2847	2.3557e-07
2848	2.35301e-07
2849	2.35035e-07
2850	2.34769e-07
2851	2.34503e-07
2852	2.34238e-07
2853	2.33974e-07
2854	2.33711e-07
2855	2.23161e-07
2856	2.22897e-07
2857	2.30977e-07
2858	2.29449e-07
2859	2.16208e-07
2860	2.16789e-07
2861	2.265e-07
2862	2.15529e-07
2863	2.15244e-07
2864	2.12622e-07
2865	2.14249e-07
2866	2.10261e-07
2867	2.0062e-07
2868	2.10286e-07
2869	2.06762e-07
2870	1.96666e-07
2871	1.95254e-07
2872	1.95222e-07
2873	1.93911e-07
2874	1.9196e-07
2875	1.90406e-07
2876	1.89642e-07
2877	1.89529e-07
2878	1.89755e-07
2879	1.9007e-07
2880	1.9036e-07
2881	1.90619e-07
2882	1.90891e-07
2883	1.91223e-07
2884	1.91643e-07
2885	1.92154e-07
2886	1.92747e-07
2887	1.93401e-07
2888	1.94098e-07
2889	1.94816e-07
2890	1.95537e-07
2891	1.96237e-07
2892	1.96895e-07
2893	1.97491e-07
2894	1.98009e-07
2895	1.98441e-07
2896	1.98784e-07
2897	1.99047e-07
2898	1.99243e-07
2899	1.99391e-07
2900	1.99514e-07
2901	1.99631e-07
2902	1.9976e-07
2903	1.99911e-07
2904	2.00089e-07
2905	2.00292e-07
2906	2.00513e-07
2907	2.00741e-07
2908	2.00967e-07
2909	2.01179e-07
2910	2.01369e-07
2911	2.01531e-07
2912	2.01658e-07
2913	2.01744e-07
2914	2.01784e-07
2915	2.0177e-07
2916	2.01695e-07
2917	2.01553e-07
2918	2.01338e-07
2919	2.01047e-07
2920	2.00681e-07
2921	2.00244e-07
2922	1.99743e-07
2923	1.99191e-07
2924	1.98599e-07
2925	1.97982e-07
2926	1.97354e-07
2927	1.96725e-07
2928	1.96107e-07
2929	1.95509e-07
2930	1.94936e-07
2931	1.94395e-07
2932	1.93889e-07
2933	1.93421e-07
2934	1.92992e-07
2935	1.92604e-07
2936	1.92255e-07
2937	1.91945e-07
2938	1.91672e-07
2939	1.91431e-07
2940	1.91219e-07
2941	1.91031e-07
2942	1.90863e-07
2943	1.90709e-07
2944	1.90567e-07
2945	1.9043e-07
2946	1.90298e-07
2947	3.06111e-07
2948	1.98308e-07
2949	1.93964e-07
2950	1.936e-07
2951	1.94524e-07
2952	3.12166e-07
2953	2.02491e-07
2954	1.95703e-07
2955	1.93797e-07
2956	1.93936e-07
2957	3.11555e-07
2958	2.01712e-07
2959	1.94788e-07
2960	1.92839e-07
2961	3.11378e-07
2962	2.01312e-07
2963	1.95293e-07
2964	1.93302e-07
2965	3.11138e-07
2966	2.0111e-07
2967	1.9465e-07
2968	3.12925e-07
2969	2.00133e-07
2970	1.9549e-07
2971	3.14742e-07
2972	2.01521e-07
2973	1.95975e-07
2974	3.14558e-07
2975	2.01346e-07
2976	1.95548e-07
2977	3.14042e-07
2978	2.00979e-07
2979	1.95095e-07
2980	3.13244e-07
2981	2.00439e-07
2982	1.94424e-07
2983	3.12064e-07
2984	1.99743e-07
2985	1.93678e-07
2986	3.1081e-07
2987	1.9904e-07
2988	1.92916e-07
2989	3.09461e-07
2990	1.98255e-07
2991	3.1215e-07
2992	1.97603e-07
2993	1.92276e-07
2994	3.09917e-07
2995	1.99001e-07
2996	3.11584e-07
2997	1.97438e-07
2998	3.11522e-07
2999	1.97294e-07
3000	3.1287e-07
3001	1.98506e-07
3002	3.1323e-07
3003	1.98707e-07
3004	3.1254e-07
3005	1.98168e-07
3006	3.11709e-07
3007	1.976e-07
3008	3.10973e-07
3009	1.97107e-07
3010	3.10174e-07
3011	1.96588e-07
3012	3.09306e-07
3013	1.96051e-07
3014	3.08482e-07
3015	1.95555e-07
3016	3.07764e-07
3017	1.95122e-07
3018	3.07141e-07
3019	1.94737e-07
3020	3.06583e-07
3021	1.94382e-07
3022	3.0607e-07
3023	1.94052e-07
3024	2.90067e-07
3025	1.9161e-07
3026	3.09494e-07
3027	1.96852e-07
3028	3.09178e-07
3029	1.95642e-07
3030	2.90419e-07
3031	1.91471e-07
3032	3.08317e-07
3033	1.95804e-07
3034	2.91484e-07
3035	1.92196e-07
3036	3.08223e-07
3037	1.95618e-07
3038	2.90328e-07
3039	1.9135e-07
3040	3.06628e-07
3041	1.94579e-07
3042	2.88763e-07
3043	1.9032e-07
3044	3.04956e-07
3045	1.93535e-07
3046	2.87169e-07
3047	1.89326e-07
3048	3.034e-07
3049	1.92613e-07
3050	2.85831e-07
3051	1.88504e-07
3052	3.02107e-07
3053	1.91819e-07
3054	2.84642e-07
3055	1.87726e-07
3056	2.84621e-07
3057	1.88867e-07
3058	3.03405e-07
3059	1.92504e-07
3060	2.84212e-07
3061	1.87304e-07
3062	2.83196e-07
3063	1.87789e-07
3064	2.84922e-07
3065	1.89043e-07
3066	2.85602e-07
3067	1.89409e-07
3068	2.85356e-07
3069	1.89128e-07
3070	2.84789e-07
3071	1.88681e-07
3072	2.84176e-07
3073	1.88238e-07
3074	2.83525e-07
3075	1.87795e-07
3076	2.82846e-07
3077	1.87358e-07
3078	2.82191e-07
3079	2.99782e-07
3080	1.90955e-07
3081	2.82789e-07
3082	2.98725e-07
3083	1.90566e-07
3084	2.83031e-07
3085	2.99498e-07
3086	1.91148e-07
3087	2.8231e-07
3088	2.98594e-07
3089	1.90395e-07
3090	2.81203e-07
3091	2.97526e-07
3092	1.89652e-07
3093	2.80079e-07
3094	2.96391e-07
3095	1.88905e-07
3096	2.7887e-07
3097	2.95203e-07
3098	1.8817e-07
3099	2.77792e-07
3100	2.94156e-07
3101	1.87528e-07
3102	2.76868e-07
3103	2.93243e-07
3104	1.86971e-07
3105	2.76079e-07
3106	2.92472e-07
3107	1.86511e-07
3108	2.75441e-07
3109	2.91834e-07
3110	1.86113e-07
3111	2.74872e-07
3112	2.91215e-07
3113	2.96883e-07
3114	1.85777e-07
3115	2.73515e-07
3116	2.90318e-07
3117	2.96739e-07
3118	1.8614e-07
3119	2.72975e-07
3120	2.89659e-07
3121	2.95723e-07
3122	2.96778e-07
3123	2.9534e-07
3124	1.82404e-07
3125	2.70897e-07
3126	2.89177e-07
3127	2.95503e-07
3128	2.96045e-07
3129	2.93813e-07
3130	2.92092e-07
3131	2.91641e-07
3132	2.92049e-07
3133	2.92719e-07
3134	2.93204e-07
3135	2.93319e-07
3136	2.93107e-07
3137	2.92714e-07
3138	2.92281e-07
3139	2.91889e-07
3140	2.67824e-07
3141	2.71996e-07
3142	2.85422e-07
3143	2.88311e-07
3144	2.85916e-07
3145	2.59733e-07
3146	2.64828e-07
3147	2.80034e-07
3148	2.60339e-07
3149	2.65135e-07
3150	2.53295e-07
3151	2.62445e-07
3152	2.50519e-07
3153	2.59498e-07
3154	2.4753e-07
3155	2.57307e-07
3156	2.46332e-07
3157	2.33449e-07
3158	2.53022e-07
3159	2.46026e-07
3160	2.32503e-07
3161	2.41044e-07
3162	2.43638e-07
3163	2.33393e-07
3164	2.30455e-07
3165	2.17964e-07
3166	2.17502e-07
3167	2.2995e-07
3168	2.17683e-07
3169	2.29465e-07
3170	2.1696e-07
3171	2.28986e-07
3172	2.17006e-07
3173	2.29551e-07
3174	2.17797e-07
3175	2.30471e-07
3176	2.18651e-07
3177	2.31224e-07
3178	2.19318e-07
3179	2.31799e-07
3180	2.19886e-07
3181	2.3238e-07
3182	2.20533e-07
3183	2.3315e-07
3184	2.21431e-07
3185	2.34248e-07
3186	2.2268e-07
3187	2.22754e-07
3188	2.37154e-07
3189	2.26144e-07
3190	2.40257e-07
3191	2.28347e-07
3192	2.41304e-07
3193	2.28989e-07
3194	2.41537e-07
3195	2.29241e-07
3196	2.41841e-07
3197	2.29631e-07
3198	2.42366e-07
3199	2.30165e-07
3200	2.42967e-07
3201	2.30718e-07
3202	2.43517e-07
3203	2.31198e-07
3204	2.43944e-07
3205	2.31535e-07
3206	2.44195e-07
3207	2.31685e-07
3208	2.44252e-07
3209	2.3166e-07
3210	2.44161e-07
3211	2.31534e-07
3212	2.44009e-07
3213	2.31386e-07
3214	2.43861e-07
3215	2.31248e-07
3216	2.43709e-07
3217	2.31084e-07
3218	2.43498e-07
3219	2.30832e-07
3220	2.43163e-07
3221	2.30435e-07
3222	2.4266e-07
3223	2.29868e-07
3224	2.28945e-07
3225	2.42237e-07
3226	2.29809e-07
3227	2.42722e-07
3228	2.2948e-07
3229	2.28052e-07
3230	2.40798e-07
3231	2.27873e-07
3232	2.40218e-07
3233	2.26779e-07
3234	2.25137e-07
3235	2.37687e-07
3236	2.24858e-07
3237	2.37128e-07
3238	2.23848e-07
3239	2.22276e-07
3240	2.34859e-07
3241	2.22242e-07
3242	2.21338e-07
3243	2.34539e-07
3244	2.21911e-07
3245	2.20954e-07
3246	2.34052e-07
3247	2.21304e-07
3248	2.2028e-07
3249	2.33314e-07
3250	2.2062e-07
3251	2.19663e-07
3252	2.32732e-07
3253	2.20114e-07
3254	2.19217e-07
3255	2.32295e-07
3256	2.1971e-07
3257	2.18834e-07
3258	2.31883e-07
3259	2.19315e-07
3260	2.18441e-07
3261	2.18014e-07
3262	2.32196e-07
3263	2.19838e-07
3264	2.19084e-07
3265	2.18534e-07
3266	2.32512e-07
3267	2.19822e-07
3268	2.18808e-07
3269	2.18065e-07
3270	2.31854e-07
3271	2.19149e-07
3272	2.18117e-07
3273	2.17366e-07
3274	2.31101e-07
3275	2.18423e-07
3276	2.17387e-07
3277	2.1663e-07
3278	2.1656e-07
3279	2.31183e-07
3280	2.18517e-07
3281	2.1742e-07
3282	2.16483e-07
3283	2.16191e-07
3284	2.30552e-07
3285	2.17766e-07
3286	2.16574e-07
3287	2.15591e-07
3288	2.15283e-07
3289	2.15618e-07
3290	2.30474e-07
3291	2.17588e-07
3292	2.1624e-07
3293	2.15047e-07
3294	2.14526e-07
3295	2.14678e-07
3296	2.15199e-07
3297	2.15818e-07
3298	2.16354e-07
3299	2.16713e-07
3300	2.16872e-07
3301	2.16859e-07
3302	2.16725e-07
3303	2.16519e-07
3304	2.16281e-07
3305	2.16032e-07
3306	2.1578e-07
3307	2.15525e-07
3308	2.15264e-07
3309	2.14996e-07
3310	2.14721e-07
3311	2.14441e-07
3312	2.14159e-07
3313	2.13877e-07
3314	2.13594e-07
3315	2.13312e-07
3316	2.13029e-07
3317	2.12744e-07
3318	2.1246e-07
3319	2.12178e-07
3320	2.11901e-07
3321	2.11629e-07
3322	2.11366e-07
3323	2.1111e-07
3324	2.10861e-07
3325	2.10619e-07
3326	2.1038e-07
3327	2.10144e-07
3328	2.09909e-07
3329	2.09674e-07
3330	2.09438e-07
3331	2.09202e-07
3332	2.08966e-07
3333	2.0873e-07
3334	2.08496e-07
3335	2.08265e-07
3336	2.08036e-07
3337	2.07809e-07
3338	2.07585e-07
3339	2.07362e-07
3340	2.0714e-07
3341	2.06919e-07
3342	2.06697e-07
3343	2.06477e-07
3344	2.06256e-07
3345	2.06038e-07
3346	2.05822e-07
3347	2.05609e-07
3348	2.05401e-07
3349	2.05198e-07
3350	2.05001e-07
3351	2.04811e-07
3352	2.04626e-07
3353	2.04449e-07
3354	2.04278e-07
3355	2.04112e-07
3356	2.03953e-07
3357	2.03799e-07
3358	2.0365e-07
3359	2.03505e-07
3360	2.03364e-07
3361	2.03225e-07
3362	2.0309e-07
3363	2.02956e-07
3364	2.02823e-07
3365	2.0269e-07
3366	2.02557e-07
3367	2.02423e-07
3368	2.02288e-07
3369	2.02152e-07
3370	2.02013e-07
3371	2.01873e-07
3372	2.0173e-07
3373	2.01584e-07
3374	2.01437e-07
3375	2.01287e-07
3376	2.01135e-07
3377	2.00981e-07
3378	2.00826e-07
3379	2.00669e-07
3380	2.0051e-07
3381	2.00351e-07
3382	2.00191e-07
3383	2.0003e-07
3384	1.99869e-07
3385	1.99707e-07
3386	1.99545e-07
3387	1.99383e-07
3388	1.99221e-07
3389	1.99058e-07
3390	1.98896e-07
3391	1.98734e-07
3392	1.98572e-07
3393	1.9841e-07
3394	1.98247e-07
3395	1.98085e-07
3396	1.97923e-07
3397	1.9776e-07
3398	1.97598e-07
3399	1.97435e-07
3400	1.97272e-07
3401	1.97109e-07
3402	1.96946e-07
3403	1.96782e-07
3404	1.96618e-07
3405	1.96455e-07
3406	1.96291e-07
3407	1.96126e-07
3408	1.95962e-07
3409	1.95798e-07
3410	1.95633e-07
3411	1.95468e-07
3412	1.95304e-07
3413	1.95139e-07
3414	1.94975e-07
3415	1.94811e-07
3416	1.94646e-07
3417	1.94483e-07
3418	1.94319e-07
3419	1.94155e-07
3420	1.93992e-07
3421	1.93829e-07
3422	1.93667e-07
3423	1.93505e-07
3424	1.93343e-07
3425	1.93182e-07
3426	1.93022e-07
3427	1.92862e-07
3428	1.92703e-07
3429	1.92544e-07
3430	1.92386e-07
3431	1.92229e-07
3432	1.92072e-07
3433	1.91916e-07
3434	1.9176e-07
3435	1.91605e-07
3436	1.91451e-07
3437	1.91298e-07
3438	1.91145e-07
3439	1.90993e-07
3440	1.90842e-07
3441	1.90691e-07
3442	1.90541e-07
3443	1.90391e-07
3444	1.90242e-07
3445	1.90094e-07
3446	1.89946e-07
3447	1.89798e-07
3448	1.89651e-07
3449	1.89504e-07
3450	1.89358e-07
3451	1.89213e-07
3452	1.89067e-07
3453	1.88922e-07
3454	1.88777e-07
3455	1.88633e-07
3456	1.88489e-07
3457	1.88345e-07
3458	1.88202e-07
3459	1.88059e-07
3460	1.87916e-07
3461	1.87773e-07
3462	1.87631e-07
3463	1.87488e-07
3464	1.87347e-07
3465	1.87205e-07
3466	1.87064e-07
3467	1.86922e-07
3468	1.86781e-07
3469	1.86641e-07
3470	1.865e-07
3471	1.8636e-07
3472	1.8622e-07
3473	1.8608e-07
3474	1.8594e-07
3475	1.85801e-07
3476	1.85662e-07
3477	1.85522e-07
3478	1.85383e-07
3479	1.85245e-07
3480	1.85106e-07
3481	1.84968e-07
3482	1.84829e-07
3483	1.84691e-07
3484	1.84553e-07
3485	1.84415e-07
3486	1.84278e-07
3487	1.8414e-07
3488	1.84003e-07
3489	1.83866e-07
3490	1.83729e-07
3491	1.83592e-07
3492	1.83455e-07
3493	1.83318e-07
3494	1.83182e-07
3495	1.83046e-07
3496	1.82909e-07
3497	1.82773e-07
3498	1.82637e-07
3499	1.82502e-07
3500	1.82366e-07
