1	1
2	0.288323
3	0.150974
4	0.0915191
5	0.069915
6	0.0589116
7	0.0508251
8	0.0442526
9	0.0384913
10	0.034431
11	0.0315122
12	0.028896
13	0.0271344
14	0.0260444
15	0.0247749
16	0.0232371
17	0.021615
18	0.0201331
19	0.018834
20	0.0176205
21	0.0166883
22	0.0158346
23	0.0148762
24	0.0139889
25	0.013137
26	0.0123507
27	0.0115995
28	0.0108918
29	0.0102693
30	0.00973786
31	0.00930215
32	0.00891986
33	0.00857739
34	0.00827269
35	0.00797736
36	0.00769865
37	0.00743357
38	0.00716918
39	0.0069259
40	0.00671202
41	0.0065169
42	0.00633155
43	0.00615839
44	0.00600071
45	0.00585515
46	0.00577443
47	0.00560513
48	0.0054546
49	0.00532331
50	0.00521091
51	0.00510671
52	0.00500296
53	0.0049039
54	0.00482771
55	0.00473768
56	0.00464761
57	0.00455971
58	0.00447526
59	0.00439476
60	0.00431887
61	0.0042475
62	0.00417805
63	0.00411262
64	0.00404548
65	0.00398692
66	0.00393147
67	0.00387724
68	0.0038231
69	0.00376943
70	0.00371734
71	0.00366682
72	0.00362556
73	0.00356399
74	0.00352622
75	0.00347909
76	0.0034336
77	0.00339172
78	0.00335092
79	0.00331137
80	0.00327354
81	0.00323665
82	0.00320047
83	0.00316461
84	0.00312936
85	0.00309313
86	0.00305543
87	0.00303618
88	0.00300239
89	0.00296495
90	0.00293014
91	0.00290707
92	0.00287389
93	0.00284672
94	0.0028118
95	0.00278544
96	0.00276042
97	0.00272537
98	0.00269966
99	0.00267623
100	0.00265112
101	0.00262473
102	0.0025926
103	0.00256858
104	0.00254273
105	0.00252168
106	0.00249546
107	0.00247467
108	0.00244798
109	0.00242748
110	0.00239984
111	0.00237368
112	0.00235063
113	0.00232885
114	0.0023089
115	0.0022894
116	0.00227026
117	0.0022504
118	0.00222967
119	0.00220863
120	0.0021876
121	0.0021671
122	0.00214717
123	0.00212804
124	0.00210923
125	0.00209112
126	0.0020734
127	0.00205563
128	0.002038
129	0.00202075
130	0.00200372
131	0.00198669
132	0.00196985
133	0.00195323
134	0.00193952
135	0.00192211
136	0.00190759
137	0.00189287
138	0.00187752
139	0.00186223
140	0.0018473
141	0.00183264
142	0.00181644
143	0.00180578
144	0.00178875
145	0.001776
146	0.00176276
147	0.00174951
148	0.00173644
149	0.00172362
150	0.00171104
151	0.00169888
152	0.00168695
153	0.00167496
154	0.0016628
155	0.00165195
156	0.00163871
157	0.00162628
158	0.00161412
159	0.00160196
160	0.00158995
161	0.00157789
162	0.00156587
163	0.00155401
164	0.00154251
165	0.00153432
166	0.00151932
167	0.00151243
168	0.00149863
169	0.00148929
170	0.0014803
171	0.00147114
172	0.00146188
173	0.00145279
174	0.00144389
175	0.00143497
176	0.00142605
177	0.0014172
178	0.00140862
179	0.00140005
180	0.00139156
181	0.00138316
182	0.00137483
183	0.00136685
184	0.00135903
185	0.00135102
186	0.00134258
187	0.00133396
188	0.00132537
189	0.0013169
190	0.00130852
191	0.00130019
192	0.00129197
193	0.00128397
194	0.00127591
195	0.00126793
196	0.00126003
197	0.00125223
198	0.00124445
199	0.00123689
200	0.00122973
201	0.00122293
202	0.0012162
203	0.00120946
204	0.00120279
205	0.00119629
206	0.00118974
207	0.00118335
208	0.00117706
209	0.00117077
210	0.00116462
211	0.00115848
212	0.00115235
213	0.00114622
214	0.00114018
215	0.00113412
216	0.00112804
217	0.00112212
218	0.0011162
219	0.00111027
220	0.00110436
221	0.00109839
222	0.00109234
223	0.00108641
224	0.00108046
225	0.00107448
226	0.00106847
227	0.00106242
228	0.00105633
229	0.00105035
230	0.00104447
231	0.00103863
232	0.00103287
233	0.00102715
234	0.0010216
235	0.00101599
236	0.00101044
237	0.00100501
238	0.000999614
239	0.000994314
240	0.000989202
241	0.000984236
242	0.000979406
243	0.00097466
244	0.000970027
245	0.00096542
246	0.000960859
247	0.000956287
248	0.00095168
249	0.000947219
250	0.000942874
251	0.000938543
252	0.000934251
253	0.000929958
254	0.00092567
255	0.000921375
256	0.000917091
257	0.0009129
258	0.000908705
259	0.000904491
260	0.00090026
261	0.000896046
262	0.00089182
263	0.000887604
264	0.000883404
265	0.000879189
266	0.000874951
267	0.000870725
268	0.000866431
269	0.000862168
270	0.000857836
271	0.000853605
272	0.000849396
273	0.000845338
274	0.000841396
275	0.000837369
276	0.000833044
277	0.000830514
278	0.000827194
279	0.000823459
280	0.000819028
281	0.000814507
282	0.000810177
283	0.000806006
284	0.000801936
285	0.000797936
286	0.000794027
287	0.000789697
288	0.00078578
289	0.000782213
290	0.000779045
291	0.00077552
292	0.000771566
293	0.000768094
294	0.000764866
295	0.000761608
296	0.000758382
297	0.00075513
298	0.000751911
299	0.000748753
300	0.000745628
301	0.000742507
302	0.000739408
303	0.000736328
304	0.000733242
305	0.00073016
306	0.000727086
307	0.000724045
308	0.000721072
309	0.00071811
310	0.000715173
311	0.000712247
312	0.000709311
313	0.00070638
314	0.000703443
315	0.000700496
316	0.000697547
317	0.000694642
318	0.000691758
319	0.000688833
320	0.000685865
321	0.000682873
322	0.000679884
323	0.000676886
324	0.000673888
325	0.000670889
326	0.000667891
327	0.000664935
328	0.000662001
329	0.000659085
330	0.000656174
331	0.000653267
332	0.000650363
333	0.000647482
334	0.000644615
335	0.000641771
336	0.00063894
337	0.000636127
338	0.000633338
339	0.000630578
340	0.000627825
341	0.000625078
342	0.000622342
343	0.000619621
344	0.000616916
345	0.000614224
346	0.000611532
347	0.000608848
348	0.000606169
349	0.000603558
350	0.000601028
351	0.000598556
352	0.000596116
353	0.000593697
354	0.000591303
355	0.000589072
356	0.000586745
357	0.000584285
358	0.0005819
359	0.000579537
360	0.000577183
361	0.000574887
362	0.000572619
363	0.000570361
364	0.000568108
365	0.000565863
366	0.00056053
367	0.000562504
368	0.000559922
369	0.000557342
370	0.000551843
371	0.000553802
372	0.000548041
373	0.000549838
374	0.000544011
375	0.000545795
376	0.000543241
377	0.000537515
378	0.000539444
379	0.000537042
380	0.000531429
381	0.000533364
382	0.00052786
383	0.000529576
384	0.000523945
385	0.000525637
386	0.000519995
387	0.000521692
388	0.000516067
389	0.000517752
390	0.000512158
391	0.000510609
392	0.000512327
393	0.000506397
394	0.000504686
395	0.000503133
396	0.000501327
397	0.000499424
398	0.00049746
399	0.000495508
400	0.000493551
401	0.0004916
402	0.000489658
403	0.000487723
404	0.000485796
405	0.000483878
406	0.000481971
407	0.000480065
408	0.000478158
409	0.000476251
410	0.000474348
411	0.000472449
412	0.000470552
413	0.000468677
414	0.000466809
415	0.000464945
416	0.000463099
417	0.000461259
418	0.000459428
419	0.000457606
420	0.000455781
421	0.000453965
422	0.000452153
423	0.000450343
424	0.000448541
425	0.000446768
426	0.000444976
427	0.000443193
428	0.000441425
429	0.000439672
430	0.000437931
431	0.000436214
432	0.000434521
433	0.000432847
434	0.00043119
435	0.000429548
436	0.000427924
437	0.000426315
438	0.000424711
439	0.000423117
440	0.000421534
441	0.000419952
442	0.000418372
443	0.000416796
444	0.000415226
445	0.000413673
446	0.000412124
447	0.000410591
448	0.00040907
449	0.000407559
450	0.000406053
451	0.000404727
452	0.000403269
453	0.00040172
454	0.000400202
455	0.000398695
456	0.000397194
457	0.000395698
458	0.000394215
459	0.00039274
460	0.00039127
461	0.000389804
462	0.000388347
463	0.000386903
464	0.00038548
465	0.000384064
466	0.000382653
467	0.000381249
468	0.000379849
469	0.000378455
470	0.000377067
471	0.000375688
472	0.000374313
473	0.000372942
474	0.000371583
475	0.000370228
476	0.000368874
477	0.000367549
478	0.000366189
479	0.000364842
480	0.000363505
481	0.000362172
482	0.000360852
483	0.000359548
484	0.000358253
485	0.000356959
486	0.000355671
487	0.000354394
488	0.000353122
489	0.000351855
490	0.000350588
491	0.000349312
492	0.00034803
493	0.000346745
494	0.000345462
495	0.000344185
496	0.000342907
497	0.000341631
498	0.000340355
499	0.000339082
500	0.000337809
501	0.000336546
502	0.000335288
503	0.000334033
504	0.000332779
505	0.000331532
506	0.000330297
507	0.000329065
508	0.000329052
509	0.000326341
510	0.000326098
511	0.000324883
512	0.000323368
513	0.00032195
514	0.000320606
515	0.000319313
516	0.000318041
517	0.000316783
518	0.000315536
519	0.000314324
520	0.000313128
521	0.000311938
522	0.000310751
523	0.000309578
524	0.00030841
525	0.000307248
526	0.000306054
527	0.000304927
528	0.000303805
529	0.000302684
530	0.000301566
531	0.000300451
532	0.000299345
533	0.000298244
534	0.000297146
535	0.000296052
536	0.000294962
537	0.000293876
538	0.000292794
539	0.000291714
540	0.000290635
541	0.000289558
542	0.000288483
543	0.000287411
544	0.000286345
545	0.000285277
546	0.000284248
547	0.000283217
548	0.000282192
549	0.000281172
550	0.000280157
551	0.000279148
552	0.000278146
553	0.000277151
554	0.000276162
555	0.000275181
556	0.000274208
557	0.000273237
558	0.000272264
559	0.000271295
560	0.000270335
561	0.00026938
562	0.000268428
563	0.000267489
564	0.000266549
565	0.000265612
566	0.000264674
567	0.000263746
568	0.000262821
569	0.000261897
570	0.000260975
571	0.000260055
572	0.000259142
573	0.000258233
574	0.000257325
575	0.000256419
576	0.000255516
577	0.000254617
578	0.000253722
579	0.000252832
580	0.000251944
581	0.000251059
582	0.000250177
583	0.000249299
584	0.000248424
585	0.000247552
586	0.000246683
587	0.000245818
588	0.000244956
589	0.000244096
590	0.000243239
591	0.000242386
592	0.000241535
593	0.00024069
594	0.000239843
595	0.000238998
596	0.000238156
597	0.000237317
598	0.000236482
599	0.000235651
600	0.000234823
601	0.000234004
602	0.000233189
603	0.00023238
604	0.000231573
605	0.000230978
606	0.000230221
607	0.00022934
608	0.000228519
609	0.000227701
610	0.000226887
611	0.000226079
612	0.000225283
613	0.000224497
614	0.000223717
615	0.000222941
616	0.000222164
617	0.000221396
618	0.000220627
619	0.000219859
620	0.000219094
621	0.000218332
622	0.000217573
623	0.000216816
624	0.000216062
625	0.000215311
626	0.000214562
627	0.000213817
628	0.000213075
629	0.000212335
630	0.000211597
631	0.000210862
632	0.00021013
633	0.0002094
634	0.000208675
635	0.000207953
636	0.000207233
637	0.000206516
638	0.0002058
639	0.000205091
640	0.000204383
641	0.000203677
642	0.000202972
643	0.000202269
644	0.000201569
645	0.000200871
646	0.000200176
647	0.000199486
648	0.000198801
649	0.00019812
650	0.000197442
651	0.000196766
652	0.000196094
653	0.000195423
654	0.000194752
655	0.000194079
656	0.000193405
657	0.00019273
658	0.000192054
659	0.00019138
660	0.000190708
661	0.000190037
662	0.000189369
663	0.000188705
664	0.000188043
665	0.000187383
666	0.000186725
667	0.000186068
668	0.000185416
669	0.000184759
670	0.000184087
671	0.000183449
672	0.000182808
673	0.000182169
674	0.000181533
675	0.000180917
676	0.000180259
677	0.000179656
678	0.00017902
679	0.000178394
680	0.000177771
681	0.00017715
682	0.000176532
683	0.000175917
684	0.000175304
685	0.000174693
686	0.000174074
687	0.000173476
688	0.000172875
689	0.000172275
690	0.000171675
691	0.000171078
692	0.000170484
693	0.000169891
694	0.000169302
695	0.000168715
696	0.000168131
697	0.000167542
698	0.000166964
699	0.000166388
700	0.000165815
701	0.000165244
702	0.000164693
703	0.000164098
704	0.000163555
705	0.00016297
706	0.000162432
707	0.000161867
708	0.000161306
709	0.000160748
710	0.000160193
711	0.00015964
712	0.000159091
713	0.000158541
714	0.000157994
715	0.000157448
716	0.000156907
717	0.000156362
718	0.000155826
719	0.000155292
720	0.00015476
721	0.000154229
722	0.000153699
723	0.000153171
724	0.000152645
725	0.00015212
726	0.000151597
727	0.000151076
728	0.000150557
729	0.00015004
730	0.000149524
731	0.000149011
732	0.000148501
733	0.000147993
734	0.000147488
735	0.000146985
736	0.000146484
737	0.000145986
738	0.00014549
739	0.000144996
740	0.000144504
741	0.000144011
742	0.000143523
743	0.000143038
744	0.000142475
745	0.000142098
746	0.000141641
747	0.000141145
748	0.000140662
749	0.000140191
750	0.000139721
751	0.000139249
752	0.000138776
753	0.000138305
754	0.000137835
755	0.000137346
756	0.000136902
757	0.000136484
758	0.000136015
759	0.00013555
760	0.000135098
761	0.000134648
762	0.000134191
763	0.000133728
764	0.000133335
765	0.000132881
766	0.000132426
767	0.000131982
768	0.000131541
769	0.000131106
770	0.000130634
771	0.000130257
772	0.000129818
773	0.000129378
774	0.000128948
775	0.000128488
776	0.000128124
777	0.000127693
778	0.000127258
779	0.000126831
780	0.00012638
781	0.000126025
782	0.000125603
783	0.000125176
784	0.000124756
785	0.00012431
786	0.000123966
787	0.00012355
788	0.000123129
789	0.000122717
790	0.000122277
791	0.000121939
792	0.000121531
793	0.000121113
794	0.000120681
795	0.000120352
796	0.000119951
797	0.000119534
798	0.000119111
799	0.000118784
800	0.000118387
801	0.000117975
802	0.000117558
803	0.000117236
804	0.000116844
805	0.000116436
806	0.000116025
807	0.000115705
808	0.000115316
809	0.000114913
810	0.000114509
811	0.000114193
812	0.000113809
813	0.000113411
814	0.000113013
815	0.0001127
816	0.000112321
817	0.000111928
818	0.000111535
819	0.000111225
820	0.000110851
821	0.000110466
822	0.000110077
823	0.000109772
824	0.000109404
825	0.000109025
826	0.000108625
827	0.000108312
828	0.00010796
829	0.000107668
830	0.000107309
831	0.000106922
832	0.000106533
833	0.000106215
834	0.000105873
835	0.000105588
836	0.000105235
837	0.000104851
838	0.000104473
839	0.00010416
840	0.000103829
841	0.000103551
842	0.000103205
843	0.000102833
844	0.000102475
845	0.000102142
846	0.000101853
847	0.000101504
848	0.000101163
849	0.000100874
850	0.000100521
851	0.000100187
852	9.99005e-05
853	9.95487e-05
854	9.92036e-05
855	9.89139e-05
856	9.86018e-05
857	9.83167e-05
858	9.79544e-05
859	9.76257e-05
860	9.73286e-05
861	9.70168e-05
862	9.67098e-05
863	9.64024e-05
864	9.60918e-05
865	9.57905e-05
866	9.54777e-05
867	9.51805e-05
868	9.48665e-05
869	9.45724e-05
870	9.42583e-05
871	9.39672e-05
872	9.36543e-05
873	9.3366e-05
874	9.3055e-05
875	9.27692e-05
876	9.24601e-05
877	9.21761e-05
878	9.18692e-05
879	9.15861e-05
880	9.12856e-05
881	9.10015e-05
882	9.07017e-05
883	9.04194e-05
884	9.01219e-05
885	8.98418e-05
886	8.95868e-05
887	8.92525e-05
888	8.89747e-05
889	8.87269e-05
890	8.84101e-05
891	8.81243e-05
892	8.78722e-05
893	8.75669e-05
894	8.72795e-05
895	8.70277e-05
896	8.67382e-05
897	8.64468e-05
898	8.62007e-05
899	8.59166e-05
900	8.56262e-05
901	8.53822e-05
902	8.50944e-05
903	8.48024e-05
904	8.45869e-05
905	8.43086e-05
906	8.40604e-05
907	8.37638e-05
908	8.34774e-05
909	8.32588e-05
910	8.29892e-05
911	8.27051e-05
912	8.24841e-05
913	8.22162e-05
914	8.19297e-05
915	8.17074e-05
916	8.14442e-05
917	8.11577e-05
918	8.09399e-05
919	8.06601e-05
920	8.04369e-05
921	8.01716e-05
922	7.98981e-05
923	7.96747e-05
924	7.94077e-05
925	7.91869e-05
926	7.89239e-05
927	7.86529e-05
928	7.84346e-05
929	7.8171e-05
930	7.79475e-05
931	7.76851e-05
932	7.74749e-05
933	7.72175e-05
934	7.69507e-05
935	7.6742e-05
936	7.64812e-05
937	7.62651e-05
938	7.60059e-05
939	7.58007e-05
940	7.55506e-05
941	7.52862e-05
942	7.50863e-05
943	7.48276e-05
944	7.46211e-05
945	7.43639e-05
946	7.41634e-05
947	7.39242e-05
948	7.36616e-05
949	7.34713e-05
950	7.32138e-05
951	7.3017e-05
952	7.27609e-05
953	7.25641e-05
954	7.23115e-05
955	7.21186e-05
956	7.18908e-05
957	7.16315e-05
958	7.1453e-05
959	7.11981e-05
960	7.10139e-05
961	7.07598e-05
962	7.079e-05
963	7.07723e-05
964	7.04861e-05
965	7.01683e-05
966	6.98404e-05
967	6.96351e-05
968	6.9361e-05
969	6.91678e-05
970	6.88966e-05
971	6.87168e-05
972	6.84605e-05
973	6.82868e-05
974	6.80339e-05
975	6.78616e-05
976	6.76105e-05
977	6.74405e-05
978	6.71908e-05
979	6.70236e-05
980	6.67747e-05
981	6.66106e-05
982	6.63629e-05
983	6.62017e-05
984	6.59552e-05
985	6.57966e-05
986	6.55519e-05
987	6.53951e-05
988	6.51519e-05
989	6.49967e-05
990	6.47543e-05
991	6.46002e-05
992	6.43587e-05
993	6.42059e-05
994	6.39658e-05
995	6.38149e-05
996	6.35765e-05
997	6.34281e-05
998	6.31916e-05
999	6.30458e-05
1000	6.28106e-05
1001	6.26487e-05
1002	6.24755e-05
1003	6.22343e-05
1004	6.21067e-05
1005	6.18684e-05
1006	6.17352e-05
1007	6.14983e-05
1008	6.1365e-05
1009	6.11314e-05
1010	6.0974e-05
1011	6.08142e-05
1012	6.05777e-05
1013	6.04578e-05
1014	6.0225e-05
1015	6.00679e-05
1016	5.99163e-05
1017	5.96811e-05
1018	5.95651e-05
1019	5.93344e-05
1020	5.91798e-05
1021	5.90334e-05
1022	5.88013e-05
1023	5.86512e-05
1024	5.85117e-05
1025	5.82804e-05
1026	5.81317e-05
1027	5.79948e-05
1028	5.77656e-05
1029	5.76184e-05
1030	5.74836e-05
1031	5.72562e-05
1032	5.71105e-05
1033	5.69781e-05
1034	5.67527e-05
1035	5.66088e-05
1036	5.64784e-05
1037	5.62542e-05
1038	5.61114e-05
1039	5.59827e-05
1040	5.57596e-05
1041	5.56182e-05
1042	5.54918e-05
1043	5.52704e-05
1044	5.51305e-05
1045	5.50064e-05
1046	5.47867e-05
1047	5.4648e-05
1048	5.45252e-05
1049	5.43067e-05
1050	5.41688e-05
1051	5.40465e-05
1052	5.38297e-05
1053	5.36931e-05
1054	5.35707e-05
1055	5.33559e-05
1056	5.32205e-05
1057	5.30978e-05
1058	5.28849e-05
1059	5.2751e-05
1060	5.26375e-05
1061	5.24244e-05
1062	5.22782e-05
1063	5.21136e-05
1064	5.19919e-05
1065	5.17881e-05
1066	5.16614e-05
1067	5.15557e-05
1068	5.13474e-05
1069	5.12045e-05
1070	5.10447e-05
1071	5.0928e-05
1072	5.07284e-05
1073	5.06486e-05
1074	5.04515e-05
1075	5.03111e-05
1076	5.0154e-05
1077	5.00469e-05
1078	4.98504e-05
1079	4.97168e-05
1080	4.95649e-05
1081	4.94619e-05
1082	4.92672e-05
1083	4.91355e-05
1084	4.89866e-05
1085	4.88885e-05
1086	4.86957e-05
1087	4.85659e-05
1088	4.84196e-05
1089	4.83248e-05
1090	4.81339e-05
1091	4.80057e-05
1092	4.78615e-05
1093	4.77694e-05
1094	4.75801e-05
1095	4.74532e-05
1096	4.73586e-05
1097	4.71665e-05
1098	4.70407e-05
1099	4.69472e-05
1100	4.67595e-05
1101	4.66365e-05
1102	4.65434e-05
1103	4.63581e-05
1104	4.62371e-05
1105	4.61437e-05
1106	4.59606e-05
1107	4.58406e-05
1108	4.5748e-05
1109	4.55668e-05
1110	4.54481e-05
1111	4.53571e-05
1112	4.51778e-05
1113	4.50606e-05
1114	4.49712e-05
1115	4.47932e-05
1116	4.46771e-05
1117	4.45892e-05
1118	4.44123e-05
1119	4.42972e-05
1120	4.42111e-05
1121	4.40351e-05
1122	4.39213e-05
1123	4.38376e-05
1124	4.36626e-05
1125	4.355e-05
1126	4.34681e-05
1127	4.32938e-05
1128	4.31824e-05
1129	4.31026e-05
1130	4.29287e-05
1131	4.28184e-05
1132	4.27406e-05
1133	4.25673e-05
1134	4.24583e-05
1135	4.23827e-05
1136	4.22098e-05
1137	4.21018e-05
1138	4.20283e-05
1139	4.18562e-05
1140	4.17963e-05
1141	4.1624e-05
1142	4.15146e-05
1143	4.14407e-05
1144	4.1273e-05
1145	4.12158e-05
1146	4.10468e-05
1147	4.09399e-05
1148	4.08675e-05
1149	4.07015e-05
1150	4.06458e-05
1151	4.04783e-05
1152	4.0417e-05
1153	4.025e-05
1154	4.01533e-05
1155	4.00376e-05
1156	3.99658e-05
1157	3.97994e-05
1158	3.9749e-05
1159	3.95841e-05
1160	3.9531e-05
1161	3.93656e-05
1162	3.92705e-05
1163	3.9158e-05
1164	3.9092e-05
1165	3.89275e-05
1166	3.88817e-05
1167	3.87183e-05
1168	3.86699e-05
1169	3.85062e-05
1170	3.84134e-05
1171	3.83043e-05
1172	3.82437e-05
1173	3.80816e-05
1174	3.80409e-05
1175	3.78785e-05
1176	3.78326e-05
1177	3.76713e-05
1178	3.76256e-05
1179	3.74661e-05
1180	3.73768e-05
1181	3.72716e-05
1182	3.72147e-05
1183	3.70562e-05
1184	3.70193e-05
1185	3.686e-05
1186	3.6818e-05
1187	3.66596e-05
1188	3.66179e-05
1189	3.6461e-05
1190	3.63746e-05
1191	3.6273e-05
1192	3.62209e-05
1193	3.60651e-05
1194	3.6032e-05
1195	3.58755e-05
1196	3.58375e-05
1197	3.5682e-05
1198	3.56441e-05
1199	3.54903e-05
1200	3.5407e-05
1201	3.53096e-05
1202	3.52611e-05
1203	3.51098e-05
1204	3.50801e-05
1205	3.49282e-05
1206	3.4893e-05
1207	3.47453e-05
1208	3.46597e-05
1209	3.46087e-05
1210	3.44569e-05
1211	3.44283e-05
1212	3.42837e-05
1213	3.42016e-05
1214	3.41538e-05
1215	3.40073e-05
1216	3.39277e-05
1217	3.38858e-05
1218	3.37399e-05
1219	3.36604e-05
1220	3.36202e-05
1221	3.34747e-05
1222	3.3396e-05
1223	3.33579e-05
1224	3.32138e-05
1225	3.31368e-05
1226	3.31002e-05
1227	3.29567e-05
1228	3.28811e-05
1229	3.28445e-05
1230	3.27008e-05
1231	3.26259e-05
1232	3.25904e-05
1233	3.24474e-05
1234	3.23738e-05
1235	3.234e-05
1236	3.21978e-05
1237	3.21253e-05
1238	3.20927e-05
1239	3.19509e-05
1240	3.19313e-05
1241	3.17857e-05
1242	3.17615e-05
1243	3.16216e-05
1244	3.15521e-05
1245	3.14654e-05
1246	3.14357e-05
1247	3.12983e-05
1248	3.12826e-05
1249	3.11411e-05
1250	3.11195e-05
1251	3.09825e-05
1252	3.09155e-05
1253	3.08806e-05
1254	3.07389e-05
1255	3.07241e-05
1256	3.05903e-05
1257	3.05259e-05
1258	3.04927e-05
1259	3.03538e-05
1260	3.02884e-05
1261	3.026e-05
1262	3.01218e-05
1263	3.0058e-05
1264	3.00338e-05
1265	2.9902e-05
1266	2.98897e-05
1267	2.97562e-05
1268	2.97363e-05
1269	2.96018e-05
1270	2.95383e-05
1271	2.95082e-05
1272	2.93748e-05
1273	2.93622e-05
1274	2.92317e-05
1275	2.91709e-05
1276	2.91418e-05
1277	2.90114e-05
1278	2.89992e-05
1279	2.88715e-05
1280	2.88118e-05
1281	2.87826e-05
1282	2.86544e-05
1283	2.86419e-05
1284	2.85168e-05
1285	2.84583e-05
1286	2.84288e-05
1287	2.83041e-05
1288	2.82912e-05
1289	2.81696e-05
1290	2.81523e-05
1291	2.80311e-05
1292	2.79747e-05
1293	2.79435e-05
1294	2.78227e-05
1295	2.7809e-05
1296	2.7691e-05
1297	2.76728e-05
1298	2.75554e-05
1299	2.75007e-05
1300	2.74688e-05
1301	2.73517e-05
1302	2.73376e-05
1303	2.72236e-05
1304	2.72049e-05
1305	2.70909e-05
1306	2.70717e-05
1307	2.69594e-05
1308	2.69399e-05
1309	2.68289e-05
1310	2.67776e-05
1311	2.67434e-05
1312	2.66322e-05
1313	2.66169e-05
1314	2.65089e-05
1315	2.6489e-05
1316	2.63811e-05
1317	2.63604e-05
1318	2.62542e-05
1319	2.62332e-05
1320	2.61284e-05
1321	2.61069e-05
1322	2.60034e-05
1323	2.59816e-05
1324	2.58792e-05
1325	2.58571e-05
1326	2.57557e-05
1327	2.57334e-05
1328	2.5633e-05
1329	2.56103e-05
1330	2.5511e-05
1331	2.54882e-05
1332	2.539e-05
1333	2.5367e-05
1334	2.52699e-05
1335	2.52466e-05
1336	2.51504e-05
1337	2.51269e-05
1338	2.50316e-05
1339	2.5008e-05
1340	2.49135e-05
1341	2.48897e-05
1342	2.47961e-05
1343	2.47723e-05
1344	2.46795e-05
1345	2.46556e-05
1346	2.45636e-05
1347	2.45396e-05
1348	2.44483e-05
1349	2.44242e-05
1350	2.43337e-05
1351	2.43094e-05
1352	2.42197e-05
1353	2.41954e-05
1354	2.41065e-05
1355	2.40821e-05
1356	2.3994e-05
1357	2.39695e-05
1358	2.38821e-05
1359	2.38575e-05
1360	2.3771e-05
1361	2.37461e-05
1362	2.36604e-05
1363	2.36354e-05
1364	2.35505e-05
1365	2.35254e-05
1366	2.34412e-05
1367	2.34158e-05
1368	2.33324e-05
1369	2.3307e-05
1370	2.32244e-05
1371	2.3199e-05
1372	2.31172e-05
1373	2.30917e-05
1374	2.30109e-05
1375	2.29852e-05
1376	2.28571e-05
1377	2.28504e-05
1378	2.27914e-05
1379	2.27756e-05
1380	2.26525e-05
1381	2.26428e-05
1382	2.25847e-05
1383	2.25223e-05
1384	2.24644e-05
1385	2.24568e-05
1386	2.23439e-05
1387	2.2337e-05
1388	2.22347e-05
1389	2.22356e-05
1390	2.2137e-05
1391	2.2138e-05
1392	2.204e-05
1393	2.20406e-05
1394	2.19436e-05
1395	2.19005e-05
1396	2.18658e-05
1397	2.18248e-05
1398	2.17353e-05
1399	2.17476e-05
1400	2.16593e-05
1401	2.16179e-05
1402	2.15385e-05
1403	2.15578e-05
1404	2.1474e-05
1405	2.14321e-05
1406	2.13552e-05
1407	2.13314e-05
1408	2.12644e-05
1409	2.12431e-05
1410	2.1176e-05
1411	2.11529e-05
1412	2.10859e-05
1413	2.10612e-05
1414	2.09959e-05
1415	2.09718e-05
1416	2.09077e-05
1417	2.08838e-05
1418	2.08203e-05
1419	2.07965e-05
1420	2.07332e-05
1421	2.07093e-05
1422	2.06463e-05
1423	2.06226e-05
1424	2.05601e-05
1425	2.05366e-05
1426	2.04747e-05
1427	2.04513e-05
1428	2.03897e-05
1429	2.03658e-05
1430	2.03042e-05
1431	2.02796e-05
1432	2.02181e-05
1433	2.01932e-05
1434	2.01322e-05
1435	2.01073e-05
1436	2.00472e-05
1437	2.00222e-05
1438	1.99629e-05
1439	1.99377e-05
1440	1.98786e-05
1441	1.98531e-05
1442	1.97941e-05
1443	1.97684e-05
1444	1.97097e-05
1445	1.9684e-05
1446	1.96259e-05
1447	1.96005e-05
1448	1.9543e-05
1449	1.95175e-05
1450	1.94607e-05
1451	1.94351e-05
1452	1.93784e-05
1453	1.93529e-05
1454	1.92965e-05
1455	1.92712e-05
1456	1.92151e-05
1457	1.91902e-05
1458	1.91346e-05
1459	1.911e-05
1460	1.90547e-05
1461	1.90302e-05
1462	1.89752e-05
1463	1.89508e-05
1464	1.8896e-05
1465	1.88717e-05
1466	1.88173e-05
1467	1.87933e-05
1468	1.87392e-05
1469	1.87155e-05
1470	1.86624e-05
1471	1.86379e-05
1472	1.85846e-05
1473	1.85609e-05
1474	1.85082e-05
1475	1.8484e-05
1476	1.84321e-05
1477	1.84079e-05
1478	1.83559e-05
1479	1.83317e-05
1480	1.82803e-05
1481	1.82564e-05
1482	1.82052e-05
1483	1.81815e-05
1484	1.81305e-05
1485	1.81069e-05
1486	1.80561e-05
1487	1.80326e-05
1488	1.7982e-05
1489	1.79587e-05
1490	1.79083e-05
1491	1.78851e-05
1492	1.7835e-05
1493	1.7812e-05
1494	1.77619e-05
1495	1.77391e-05
1496	1.76893e-05
1497	1.76666e-05
1498	1.76171e-05
1499	1.75945e-05
1500	1.75453e-05
1501	1.75228e-05
1502	1.74739e-05
1503	1.74515e-05
1504	1.74029e-05
1505	1.73807e-05
1506	1.73323e-05
1507	1.73102e-05
1508	1.7262e-05
1509	1.72401e-05
1510	1.71922e-05
1511	1.71704e-05
1512	1.71228e-05
1513	1.71011e-05
1514	1.70537e-05
1515	1.70321e-05
1516	1.6985e-05
1517	1.69635e-05
1518	1.69167e-05
1519	1.68953e-05
1520	1.68605e-05
1521	1.68201e-05
1522	1.67957e-05
1523	1.67475e-05
1524	1.6725e-05
1525	1.66804e-05
1526	1.66582e-05
1527	1.66132e-05
1528	1.65915e-05
1529	1.65573e-05
1530	1.65192e-05
1531	1.64945e-05
1532	1.64479e-05
1533	1.64253e-05
1534	1.63823e-05
1535	1.63603e-05
1536	1.63167e-05
1537	1.62954e-05
1538	1.62617e-05
1539	1.62254e-05
1540	1.62012e-05
1541	1.61557e-05
1542	1.61337e-05
1543	1.60999e-05
1544	1.60654e-05
1545	1.60404e-05
1546	1.59959e-05
1547	1.59736e-05
1548	1.59329e-05
1549	1.59114e-05
1550	1.58782e-05
1551	1.5844e-05
1552	1.58199e-05
1553	1.5776e-05
1554	1.57543e-05
1555	1.57211e-05
1556	1.56887e-05
1557	1.56641e-05
1558	1.56211e-05
1559	1.55993e-05
1560	1.55663e-05
1561	1.55357e-05
1562	1.55111e-05
1563	1.54688e-05
1564	1.54469e-05
1565	1.54141e-05
1566	1.53847e-05
1567	1.53596e-05
1568	1.5318e-05
1569	1.52964e-05
1570	1.52639e-05
1571	1.52353e-05
1572	1.52105e-05
1573	1.51695e-05
1574	1.51481e-05
1575	1.51158e-05
1576	1.5088e-05
1577	1.50632e-05
1578	1.50227e-05
1579	1.50015e-05
1580	1.49696e-05
1581	1.49429e-05
1582	1.49176e-05
1583	1.48878e-05
1584	1.48492e-05
1585	1.48259e-05
1586	1.47947e-05
1587	1.47678e-05
1588	1.47399e-05
1589	1.47095e-05
1590	1.46779e-05
1591	1.46462e-05
1592	1.4615e-05
1593	1.45842e-05
1594	1.45541e-05
1595	1.45244e-05
1596	1.44952e-05
1597	1.44663e-05
1598	1.44379e-05
1599	1.44098e-05
1600	1.4382e-05
1601	1.43544e-05
1602	1.43269e-05
1603	1.42997e-05
1604	1.42725e-05
1605	1.42455e-05
1606	1.42186e-05
1607	1.41918e-05
1608	1.41651e-05
1609	1.41385e-05
1610	1.41119e-05
1611	1.40854e-05
1612	1.4059e-05
1613	1.40327e-05
1614	1.40064e-05
1615	1.39801e-05
1616	1.3954e-05
1617	1.39278e-05
1618	1.39017e-05
1619	1.38756e-05
1620	1.38496e-05
1621	1.38236e-05
1622	1.37976e-05
1623	1.37716e-05
1624	1.37457e-05
1625	1.37199e-05
1626	1.36941e-05
1627	1.36684e-05
1628	1.36426e-05
1629	1.3617e-05
1630	1.35913e-05
1631	1.35657e-05
1632	1.35401e-05
1633	1.35146e-05
1634	1.34891e-05
1635	1.34637e-05
1636	1.34384e-05
1637	1.34131e-05
1638	1.33879e-05
1639	1.33627e-05
1640	1.33376e-05
1641	1.33125e-05
1642	1.32875e-05
1643	1.32626e-05
1644	1.32378e-05
1645	1.3213e-05
1646	1.31883e-05
1647	1.31636e-05
1648	1.31391e-05
1649	1.31146e-05
1650	1.30901e-05
1651	1.30657e-05
1652	1.30414e-05
1653	1.30171e-05
1654	1.29929e-05
1655	1.29688e-05
1656	1.29447e-05
1657	1.29207e-05
1658	1.28967e-05
1659	1.28728e-05
1660	1.2849e-05
1661	1.28252e-05
1662	1.28015e-05
1663	1.27778e-05
1664	1.27542e-05
1665	1.27307e-05
1666	1.27072e-05
1667	1.26837e-05
1668	1.26603e-05
1669	1.2637e-05
1670	1.26136e-05
1671	1.25904e-05
1672	1.25672e-05
1673	1.2544e-05
1674	1.25209e-05
1675	1.24979e-05
1676	1.24749e-05
1677	1.2452e-05
1678	1.24291e-05
1679	1.24063e-05
1680	1.23836e-05
1681	1.23608e-05
1682	1.23382e-05
1683	1.23155e-05
1684	1.2293e-05
1685	1.22705e-05
1686	1.22481e-05
1687	1.22258e-05
1688	1.22036e-05
1689	1.21814e-05
1690	1.21593e-05
1691	1.21373e-05
1692	1.21153e-05
1693	1.20933e-05
1694	1.20715e-05
1695	1.20496e-05
1696	1.20279e-05
1697	1.20061e-05
1698	1.19845e-05
1699	1.19629e-05
1700	1.19413e-05
1701	1.19198e-05
1702	1.18984e-05
1703	1.1877e-05
1704	1.18557e-05
1705	1.18344e-05
1706	1.18132e-05
1707	1.17921e-05
1708	1.1771e-05
1709	1.17499e-05
1710	1.17289e-05
1711	1.1708e-05
1712	1.16871e-05
1713	1.16663e-05
1714	1.16455e-05
1715	1.16247e-05
1716	1.1604e-05
1717	1.15834e-05
1718	1.15629e-05
1719	1.15423e-05
1720	1.15219e-05
1721	1.15014e-05
1722	1.14811e-05
1723	1.14607e-05
1724	1.14405e-05
1725	1.14202e-05
1726	1.14001e-05
1727	1.138e-05
1728	1.13599e-05
1729	1.13399e-05
1730	1.132e-05
1731	1.13001e-05
1732	1.12802e-05
1733	1.12604e-05
1734	1.12406e-05
1735	1.12209e-05
1736	1.12012e-05
1737	1.11816e-05
1738	1.11621e-05
1739	1.11425e-05
1740	1.1123e-05
1741	1.11036e-05
1742	1.10842e-05
1743	1.10648e-05
1744	1.10455e-05
1745	1.10263e-05
1746	1.10071e-05
1747	1.09879e-05
1748	1.09688e-05
1749	1.09497e-05
1750	1.09306e-05
1751	1.09116e-05
1752	1.08927e-05
1753	1.08738e-05
1754	1.08549e-05
1755	1.0836e-05
1756	1.08173e-05
1757	1.07985e-05
1758	1.07798e-05
1759	1.07611e-05
1760	1.07425e-05
1761	1.07239e-05
1762	1.07054e-05
1763	1.06869e-05
1764	1.06684e-05
1765	1.065e-05
1766	1.06317e-05
1767	1.06133e-05
1768	1.0595e-05
1769	1.05768e-05
1770	1.05586e-05
1771	1.05404e-05
1772	1.05223e-05
1773	1.05042e-05
1774	1.04861e-05
1775	1.04681e-05
1776	1.04501e-05
1777	1.04322e-05
1778	1.04143e-05
1779	1.03965e-05
1780	1.03786e-05
1781	1.03609e-05
1782	1.03431e-05
1783	1.03255e-05
1784	1.03078e-05
1785	1.02902e-05
1786	1.02726e-05
1787	1.02551e-05
1788	1.02376e-05
1789	1.02202e-05
1790	1.02028e-05
1791	1.01854e-05
1792	1.01681e-05
1793	1.01508e-05
1794	1.01335e-05
1795	1.01163e-05
1796	1.00991e-05
1797	1.00819e-05
1798	1.00648e-05
1799	1.00478e-05
1800	1.00308e-05
1801	1.00138e-05
1802	9.99686e-06
1803	9.97996e-06
1804	9.9631e-06
1805	9.94628e-06
1806	9.9295e-06
1807	9.91276e-06
1808	9.89606e-06
1809	9.87939e-06
1810	9.86276e-06
1811	9.84617e-06
1812	9.82961e-06
1813	9.81309e-06
1814	9.7966e-06
1815	9.78014e-06
1816	9.76371e-06
1817	9.74733e-06
1818	9.73097e-06
1819	9.71465e-06
1820	9.69837e-06
1821	9.68212e-06
1822	9.66591e-06
1823	9.64973e-06
1824	9.63358e-06
1825	9.61747e-06
1826	9.60139e-06
1827	9.58534e-06
1828	9.56933e-06
1829	9.55335e-06
1830	9.5374e-06
1831	9.5215e-06
1832	9.50562e-06
1833	9.48979e-06
1834	9.47398e-06
1835	9.45821e-06
1836	9.44247e-06
1837	9.42676e-06
1838	9.41109e-06
1839	9.39546e-06
1840	9.37985e-06
1841	9.36428e-06
1842	9.34875e-06
1843	9.33325e-06
1844	9.31778e-06
1845	9.30234e-06
1846	9.28693e-06
1847	9.24962e-06
1848	9.21973e-06
1849	9.19779e-06
1850	9.17965e-06
1851	9.16229e-06
1852	9.14453e-06
1853	9.12633e-06
1854	9.10812e-06
1855	9.09033e-06
1856	9.07322e-06
1857	9.05689e-06
1858	9.04137e-06
1859	9.02662e-06
1860	9.01256e-06
1861	8.9991e-06
1862	8.98622e-06
1863	8.97391e-06
1864	8.96223e-06
1865	8.95118e-06
1866	8.94071e-06
1867	8.93068e-06
1868	8.92085e-06
1869	8.91091e-06
1870	8.90057e-06
1871	8.88961e-06
1872	8.87794e-06
1873	8.86562e-06
1874	8.8528e-06
1875	8.8397e-06
1876	8.82656e-06
1877	8.81355e-06
1878	8.80073e-06
1879	8.78808e-06
1880	8.77546e-06
1881	8.7627e-06
1882	8.74966e-06
1883	8.73625e-06
1884	8.72248e-06
1885	8.70844e-06
1886	8.69428e-06
1887	8.68012e-06
1888	8.66606e-06
1889	8.65214e-06
1890	8.63832e-06
1891	8.62452e-06
1892	8.61065e-06
1893	8.59665e-06
1894	8.58247e-06
1895	8.56816e-06
1896	8.55379e-06
1897	8.53945e-06
1898	8.52522e-06
1899	8.51117e-06
1900	8.49729e-06
1901	8.48355e-06
1902	8.4699e-06
1903	8.45628e-06
1904	8.44264e-06
1905	8.42899e-06
1906	8.41533e-06
1907	8.40172e-06
1908	8.3882e-06
1909	8.37482e-06
1910	8.36158e-06
1911	8.34847e-06
1912	8.33543e-06
1913	8.32244e-06
1914	8.30944e-06
1915	8.29644e-06
1916	8.28342e-06
1917	8.27042e-06
1918	8.25746e-06
1919	8.24457e-06
1920	8.23176e-06
1921	8.21904e-06
1922	8.20637e-06
1923	8.19372e-06
1924	8.18108e-06
1925	8.16842e-06
1926	8.15574e-06
1927	8.14304e-06
1928	8.13035e-06
1929	8.11769e-06
1930	8.10508e-06
1931	8.09252e-06
1932	8.08e-06
1933	8.0675e-06
1934	8.05499e-06
1935	8.04248e-06
1936	8.02996e-06
1937	8.01744e-06
1938	8.00493e-06
1939	7.99245e-06
1940	7.98002e-06
1941	7.96764e-06
1942	7.9553e-06
1943	7.94301e-06
1944	7.93074e-06
1945	7.91848e-06
1946	7.90187e-06
1947	7.89833e-06
1948	7.88283e-06
1949	7.8623e-06
1950	7.85704e-06
1951	7.83744e-06
1952	7.83098e-06
1953	7.81067e-06
1954	7.8043e-06
1955	7.78445e-06
1956	7.77875e-06
1957	7.75934e-06
1958	7.75395e-06
1959	7.7347e-06
1960	7.72943e-06
1961	7.71027e-06
1962	7.70511e-06
1963	7.66411e-06
1964	7.66576e-06
1965	7.63272e-06
1966	7.63831e-06
1967	7.60615e-06
1968	7.58374e-06
1969	7.56665e-06
1970	7.55035e-06
1971	7.53384e-06
1972	7.51723e-06
1973	7.50105e-06
1974	7.48571e-06
1975	7.47142e-06
1976	7.45817e-06
1977	7.44587e-06
1978	7.43446e-06
1979	7.42387e-06
1980	7.41403e-06
1981	7.40488e-06
1982	7.39635e-06
1983	7.38835e-06
1984	7.38078e-06
1985	7.3735e-06
1986	7.36638e-06
1987	7.35928e-06
1988	7.35207e-06
1989	7.34463e-06
1990	7.33688e-06
1991	7.3288e-06
1992	7.3204e-06
1993	7.31172e-06
1994	7.30281e-06
1995	7.29373e-06
1996	7.28451e-06
1997	7.27518e-06
1998	7.26573e-06
1999	7.25614e-06
2000	7.24639e-06
2001	7.23647e-06
2002	7.22637e-06
2003	7.21611e-06
2004	7.20571e-06
2005	7.1952e-06
2006	7.18461e-06
2007	7.17395e-06
2008	7.16323e-06
2009	7.15247e-06
2010	7.14164e-06
2011	7.13076e-06
2012	7.11983e-06
2013	7.10885e-06
2014	7.09786e-06
2015	7.08686e-06
2016	7.07588e-06
2017	7.06493e-06
2018	7.05404e-06
2019	7.0432e-06
2020	7.03242e-06
2021	7.02169e-06
2022	7.01101e-06
2023	7.00039e-06
2024	6.98983e-06
2025	6.97933e-06
2026	6.9689e-06
2027	6.95854e-06
2028	6.94825e-06
2029	6.93804e-06
2030	6.92788e-06
2031	6.91778e-06
2032	6.90772e-06
2033	6.8977e-06
2034	6.88771e-06
2035	6.87776e-06
2036	6.86784e-06
2037	6.85796e-06
2038	6.84811e-06
2039	6.83829e-06
2040	6.82851e-06
2041	6.81874e-06
2042	6.80899e-06
2043	6.79924e-06
2044	6.78951e-06
2045	6.77978e-06
2046	6.77007e-06
2047	6.76036e-06
2048	6.75067e-06
2049	6.74099e-06
2050	6.73132e-06
2051	6.72166e-06
2052	6.712e-06
2053	6.70235e-06
2054	6.69271e-06
2055	6.68307e-06
2056	6.67344e-06
2057	6.66381e-06
2058	6.6542e-06
2059	6.64461e-06
2060	6.63503e-06
2061	6.62546e-06
2062	6.61591e-06
2063	6.60638e-06
2064	6.59686e-06
2065	6.58736e-06
2066	6.57787e-06
2067	6.5684e-06
2068	6.55895e-06
2069	6.54952e-06
2070	6.54012e-06
2071	6.53073e-06
2072	6.52137e-06
2073	6.51202e-06
2074	6.5027e-06
2075	6.49339e-06
2076	6.48411e-06
2077	6.47484e-06
2078	6.46559e-06
2079	6.45636e-06
2080	6.44716e-06
2081	6.43797e-06
2082	6.4288e-06
2083	6.41965e-06
2084	6.41052e-06
2085	6.4014e-06
2086	6.3923e-06
2087	6.38321e-06
2088	6.37414e-06
2089	6.36509e-06
2090	6.35605e-06
2091	6.34703e-06
2092	6.33802e-06
2093	6.32903e-06
2094	6.32005e-06
2095	6.31109e-06
2096	6.30214e-06
2097	6.29321e-06
2098	6.26193e-06
2099	6.25933e-06
2100	6.23575e-06
2101	6.2147e-06
2102	6.19823e-06
2103	6.18431e-06
2104	6.17122e-06
2105	6.1582e-06
2106	6.14521e-06
2107	6.13251e-06
2108	6.12043e-06
2109	6.10916e-06
2110	6.09874e-06
2111	6.08915e-06
2112	6.08034e-06
2113	6.07228e-06
2114	6.06498e-06
2115	6.05847e-06
2116	6.05276e-06
2117	6.04786e-06
2118	6.04369e-06
2119	6.0401e-06
2120	6.03685e-06
2121	6.03366e-06
2122	6.03027e-06
2123	6.0264e-06
2124	6.02191e-06
2125	6.01675e-06
2126	6.01096e-06
2127	6.0047e-06
2128	5.99815e-06
2129	5.99147e-06
2130	5.9848e-06
2131	5.97816e-06
2132	5.97154e-06
2133	5.96485e-06
2134	5.95799e-06
2135	5.95089e-06
2136	5.9435e-06
2137	5.93584e-06
2138	5.92796e-06
2139	5.91995e-06
2140	5.9119e-06
2141	5.90385e-06
2142	5.89583e-06
2143	5.88782e-06
2144	5.87978e-06
2145	5.87164e-06
2146	5.86339e-06
2147	5.855e-06
2148	5.84649e-06
2149	5.83792e-06
2150	5.82933e-06
2151	5.82078e-06
2152	5.81229e-06
2153	5.80388e-06
2154	5.79554e-06
2155	5.78725e-06
2156	5.77898e-06
2157	5.77073e-06
2158	5.7625e-06
2159	5.75429e-06
2160	5.74613e-06
2161	5.73805e-06
2162	5.73005e-06
2163	5.72215e-06
2164	5.71434e-06
2165	5.70659e-06
2166	5.69888e-06
2167	5.6912e-06
2168	5.68353e-06
2169	5.67587e-06
2170	5.66824e-06
2171	5.66063e-06
2172	5.65306e-06
2173	5.64553e-06
2174	5.63805e-06
2175	5.63059e-06
2176	5.62315e-06
2177	5.61571e-06
2178	5.60827e-06
2179	5.60082e-06
2180	5.59337e-06
2181	5.58592e-06
2182	5.57847e-06
2183	5.57104e-06
2184	5.56363e-06
2185	5.55623e-06
2186	5.54884e-06
2187	5.54144e-06
2188	5.53404e-06
2189	5.52664e-06
2190	5.51922e-06
2191	5.5118e-06
2192	5.50439e-06
2193	5.49698e-06
2194	5.48959e-06
2195	5.48221e-06
2196	5.47485e-06
2197	5.46749e-06
2198	5.46013e-06
2199	5.45278e-06
2200	5.44544e-06
2201	5.4381e-06
2202	5.43076e-06
2203	5.42345e-06
2204	5.41615e-06
2205	5.40887e-06
2206	5.40161e-06
2207	5.39436e-06
2208	5.38713e-06
2209	5.37991e-06
2210	5.3727e-06
2211	5.36551e-06
2212	5.35832e-06
2213	5.35115e-06
2214	5.344e-06
2215	5.33687e-06
2216	5.32975e-06
2217	5.32265e-06
2218	5.31556e-06
2219	5.30849e-06
2220	5.30142e-06
2221	5.29437e-06
2222	5.28733e-06
2223	5.28029e-06
2224	5.27328e-06
2225	5.26627e-06
2226	5.25928e-06
2227	5.2523e-06
2228	5.24533e-06
2229	5.23837e-06
2230	5.23142e-06
2231	5.22447e-06
2232	5.21753e-06
2233	5.21061e-06
2234	5.20369e-06
2235	5.19678e-06
2236	5.18988e-06
2237	5.17839e-06
2238	5.17919e-06
2239	5.16976e-06
2240	5.15479e-06
2241	5.15394e-06
2242	5.14468e-06
2243	5.13052e-06
2244	5.13091e-06
2245	5.12256e-06
2246	5.10898e-06
2247	5.10981e-06
2248	5.09687e-06
2249	5.09585e-06
2250	5.06261e-06
2251	5.06496e-06
2252	5.05772e-06
2253	5.03855e-06
2254	5.01274e-06
2255	5.02007e-06
2256	4.99845e-06
2257	4.98526e-06
2258	4.96413e-06
2259	4.95267e-06
2260	4.94863e-06
2261	4.93397e-06
2262	4.92211e-06
2263	4.91275e-06
2264	4.90761e-06
2265	4.89076e-06
2266	4.88224e-06
2267	4.87694e-06
2268	4.87125e-06
2269	4.8652e-06
2270	4.85944e-06
2271	4.85441e-06
2272	4.85022e-06
2273	4.84672e-06
2274	4.84372e-06
2275	4.84102e-06
2276	4.83845e-06
2277	4.83588e-06
2278	4.83317e-06
2279	4.83022e-06
2280	4.82698e-06
2281	4.82339e-06
2282	4.81945e-06
2283	4.81522e-06
2284	4.81072e-06
2285	4.80603e-06
2286	4.80118e-06
2287	4.79622e-06
2288	4.79116e-06
2289	4.78603e-06
2290	4.78081e-06
2291	4.77549e-06
2292	4.77006e-06
2293	4.76451e-06
2294	4.75884e-06
2295	4.75305e-06
2296	4.74714e-06
2297	4.74114e-06
2298	4.73505e-06
2299	4.72888e-06
2300	4.72265e-06
2301	4.71636e-06
2302	4.71002e-06
2303	4.70363e-06
2304	4.69719e-06
2305	4.69072e-06
2306	4.68422e-06
2307	4.6777e-06
2308	4.67117e-06
2309	4.66465e-06
2310	4.65814e-06
2311	4.65166e-06
2312	4.64522e-06
2313	4.63882e-06
2314	4.63246e-06
2315	4.62616e-06
2316	4.6199e-06
2317	4.61369e-06
2318	4.60754e-06
2319	4.60144e-06
2320	4.59538e-06
2321	4.58937e-06
2322	4.58341e-06
2323	4.57749e-06
2324	4.57162e-06
2325	4.56577e-06
2326	4.55996e-06
2327	4.55419e-06
2328	4.54843e-06
2329	4.5427e-06
2330	4.537e-06
2331	4.53131e-06
2332	4.52564e-06
2333	4.51998e-06
2334	4.51434e-06
2335	4.50871e-06
2336	4.50309e-06
2337	4.49748e-06
2338	4.49187e-06
2339	4.48628e-06
2340	4.48068e-06
2341	4.47509e-06
2342	4.46951e-06
2343	4.46393e-06
2344	4.45835e-06
2345	4.45278e-06
2346	4.44721e-06
2347	4.44164e-06
2348	4.43607e-06
2349	4.43051e-06
2350	4.42495e-06
2351	4.41939e-06
2352	4.41384e-06
2353	4.40829e-06
2354	4.40274e-06
2355	4.3972e-06
2356	4.39167e-06
2357	4.38614e-06
2358	4.38062e-06
2359	4.37511e-06
2360	4.3696e-06
2361	4.36411e-06
2362	4.35862e-06
2363	4.35315e-06
2364	4.34768e-06
2365	4.34223e-06
2366	4.33679e-06
2367	4.33135e-06
2368	4.32593e-06
2369	4.32052e-06
2370	4.31512e-06
2371	4.30973e-06
2372	4.30436e-06
2373	4.29899e-06
2374	4.29363e-06
2375	4.28829e-06
2376	4.28295e-06
2377	4.27763e-06
2378	4.27231e-06
2379	4.26701e-06
2380	4.26171e-06
2381	4.25642e-06
2382	4.25114e-06
2383	4.24587e-06
2384	4.24061e-06
2385	4.23536e-06
2386	4.23011e-06
2387	4.22487e-06
2388	4.21964e-06
2389	4.21442e-06
2390	4.2092e-06
2391	4.20399e-06
2392	4.19878e-06
2393	4.19359e-06
2394	4.1884e-06
2395	4.18321e-06
2396	4.17804e-06
2397	4.17287e-06
2398	4.1677e-06
2399	4.16255e-06
2400	4.1574e-06
2401	4.15225e-06
2402	4.14712e-06
2403	4.14199e-06
2404	4.13686e-06
2405	4.13175e-06
2406	4.12664e-06
2407	4.12154e-06
2408	4.11644e-06
2409	4.11135e-06
2410	4.10627e-06
2411	4.1012e-06
2412	4.09613e-06
2413	4.09107e-06
2414	4.08602e-06
2415	4.08098e-06
2416	4.07594e-06
2417	4.07091e-06
2418	4.06589e-06
2419	4.06088e-06
2420	4.05587e-06
2421	4.05087e-06
2422	4.04588e-06
2423	4.04089e-06
2424	4.01702e-06
2425	4.01404e-06
2426	3.99811e-06
2427	3.99959e-06
2428	3.98412e-06
2429	3.98512e-06
2430	3.96907e-06
2431	3.95012e-06
2432	3.93715e-06
2433	3.92765e-06
2434	3.91948e-06
2435	3.91165e-06
2436	3.90381e-06
2437	3.89605e-06
2438	3.88854e-06
2439	3.88155e-06
2440	3.87533e-06
2441	3.87004e-06
2442	3.86571e-06
2443	3.86224e-06
2444	3.85947e-06
2445	3.85727e-06
2446	3.85553e-06
2447	3.85416e-06
2448	3.85306e-06
2449	3.85216e-06
2450	3.8514e-06
2451	3.85072e-06
2452	3.85006e-06
2453	3.84936e-06
2454	3.84853e-06
2455	3.84749e-06
2456	3.84615e-06
2457	3.84446e-06
2458	3.8424e-06
2459	3.83997e-06
2460	3.83723e-06
2461	3.83423e-06
2462	3.83104e-06
2463	3.82774e-06
2464	3.82434e-06
2465	3.82086e-06
2466	3.8173e-06
2467	3.81363e-06
2468	3.80983e-06
2469	3.80589e-06
2470	3.8018e-06
2471	3.79758e-06
2472	3.79326e-06
2473	3.78886e-06
2474	3.78442e-06
2475	3.77995e-06
2476	3.77545e-06
2477	3.77093e-06
2478	3.76636e-06
2479	3.76174e-06
2480	3.75707e-06
2481	3.75233e-06
2482	3.74754e-06
2483	3.74272e-06
2484	3.73788e-06
2485	3.73304e-06
2486	3.72821e-06
2487	3.72341e-06
2488	3.71862e-06
2489	3.71386e-06
2490	3.70912e-06
2491	3.70439e-06
2492	3.69969e-06
2493	3.69502e-06
2494	3.69039e-06
2495	3.68579e-06
2496	3.68125e-06
2497	3.67675e-06
2498	3.6723e-06
2499	3.66789e-06
2500	3.66353e-06
2501	3.65919e-06
2502	3.65489e-06
2503	3.65061e-06
2504	3.64635e-06
2505	3.64212e-06
2506	3.63791e-06
2507	3.63372e-06
2508	3.62955e-06
2509	3.6254e-06
2510	3.62127e-06
2511	3.61715e-06
2512	3.61303e-06
2513	3.60892e-06
2514	3.60481e-06
2515	3.60071e-06
2516	3.59662e-06
2517	3.59252e-06
2518	3.58844e-06
2519	3.58435e-06
2520	3.58027e-06
2521	3.57619e-06
2522	3.57212e-06
2523	3.56804e-06
2524	3.56396e-06
2525	3.55988e-06
2526	3.5558e-06
2527	3.55172e-06
2528	3.54763e-06
2529	3.54355e-06
2530	3.53947e-06
2531	3.5354e-06
2532	3.53132e-06
2533	3.52724e-06
2534	3.52316e-06
2535	3.51909e-06
2536	3.51501e-06
2537	3.51094e-06
2538	3.50687e-06
2539	3.50281e-06
2540	3.49874e-06
2541	3.49469e-06
2542	3.49064e-06
2543	3.48659e-06
2544	3.48255e-06
2545	3.47852e-06
2546	3.47449e-06
2547	3.47047e-06
2548	3.46645e-06
2549	3.46245e-06
2550	3.45845e-06
2551	3.45445e-06
2552	3.45047e-06
2553	3.44649e-06
2554	3.44252e-06
2555	3.43856e-06
2556	3.4346e-06
2557	3.43065e-06
2558	3.42671e-06
2559	3.42277e-06
2560	3.41884e-06
2561	3.41492e-06
2562	3.411e-06
2563	3.40709e-06
2564	3.40319e-06
2565	3.39929e-06
2566	3.3954e-06
2567	3.39151e-06
2568	3.38762e-06
2569	3.38375e-06
2570	3.37987e-06
2571	3.376e-06
2572	3.37214e-06
2573	3.36828e-06
2574	3.36443e-06
2575	3.36058e-06
2576	3.35673e-06
2577	3.35289e-06
2578	3.34788e-06
2579	3.34729e-06
2580	3.3414e-06
2581	3.33293e-06
2582	3.33083e-06
2583	3.32539e-06
2584	3.31758e-06
2585	3.31427e-06
2586	3.3103e-06
2587	3.30492e-06
2588	3.29978e-06
2589	3.29916e-06
2590	3.29627e-06
2591	3.28941e-06
2592	3.28671e-06
2593	3.28309e-06
2594	3.27613e-06
2595	3.27378e-06
2596	3.27054e-06
2597	3.26382e-06
2598	3.26178e-06
2599	3.25871e-06
2600	3.25205e-06
2601	3.25017e-06
2602	3.24721e-06
2603	3.24062e-06
2604	3.23888e-06
2605	3.23419e-06
2606	3.23054e-06
2607	3.22478e-06
2608	3.22089e-06
2609	3.21546e-06
2610	3.21234e-06
2611	3.20729e-06
2612	3.2046e-06
2613	3.19967e-06
2614	3.19708e-06
2615	3.19217e-06
2616	3.18962e-06
2617	3.18469e-06
2618	3.18215e-06
2619	3.17719e-06
2620	3.17461e-06
2621	3.15549e-06
2622	3.15397e-06
2623	3.15261e-06
2624	3.15462e-06
2625	3.13677e-06
2626	3.1342e-06
2627	3.1182e-06
2628	3.11942e-06
2629	3.10835e-06
2630	3.09355e-06
2631	3.08428e-06
2632	3.09346e-06
2633	3.0846e-06
2634	3.07031e-06
2635	3.05906e-06
2636	3.0506e-06
2637	3.04364e-06
2638	3.03758e-06
2639	3.03233e-06
2640	3.02755e-06
2641	3.02312e-06
2642	3.01898e-06
2643	3.01516e-06
2644	3.01176e-06
2645	3.00888e-06
2646	3.00656e-06
2647	3.00477e-06
2648	3.00341e-06
2649	3.00239e-06
2650	3.0016e-06
2651	3.00099e-06
2652	3.00054e-06
2653	3.00019e-06
2654	2.99991e-06
2655	2.99965e-06
2656	2.99936e-06
2657	2.99899e-06
2658	2.99852e-06
2659	2.9979e-06
2660	2.9971e-06
2661	2.99609e-06
2662	2.99487e-06
2663	2.99343e-06
2664	2.99177e-06
2665	2.98992e-06
2666	2.98789e-06
2667	2.98572e-06
2668	2.98344e-06
2669	2.98105e-06
2670	2.97858e-06
2671	2.97603e-06
2672	2.97339e-06
2673	2.97067e-06
2674	2.96786e-06
2675	2.96498e-06
2676	2.96201e-06
2677	2.95899e-06
2678	2.95591e-06
2679	2.95279e-06
2680	2.94963e-06
2681	2.94644e-06
2682	2.94322e-06
2683	2.93997e-06
2684	2.9367e-06
2685	2.93339e-06
2686	2.93004e-06
2687	2.92667e-06
2688	2.92327e-06
2689	2.91985e-06
2690	2.91641e-06
2691	2.91296e-06
2692	2.90951e-06
2693	2.90605e-06
2694	2.9026e-06
2695	2.89915e-06
2696	2.89571e-06
2697	2.89227e-06
2698	2.88885e-06
2699	2.88545e-06
2700	2.88206e-06
2701	2.8787e-06
2702	2.87537e-06
2703	2.87206e-06
2704	2.86879e-06
2705	2.86554e-06
2706	2.86232e-06
2707	2.85913e-06
2708	2.85597e-06
2709	2.85283e-06
2710	2.84972e-06
2711	2.84663e-06
2712	2.84356e-06
2713	2.84052e-06
2714	2.83749e-06
2715	2.83448e-06
2716	2.83149e-06
2717	2.82852e-06
2718	2.82555e-06
2719	2.8226e-06
2720	2.81966e-06
2721	2.81673e-06
2722	2.81381e-06
2723	2.81089e-06
2724	2.80798e-06
2725	2.80508e-06
2726	2.80219e-06
2727	2.7993e-06
2728	2.79641e-06
2729	2.79353e-06
2730	2.79065e-06
2731	2.78778e-06
2732	2.78491e-06
2733	2.78204e-06
2734	2.77918e-06
2735	2.77632e-06
2736	2.77346e-06
2737	2.7706e-06
2738	2.76774e-06
2739	2.76489e-06
2740	2.76204e-06
2741	2.75919e-06
2742	2.75634e-06
2743	2.75349e-06
2744	2.75064e-06
2745	2.7478e-06
2746	2.74495e-06
2747	2.74211e-06
2748	2.73927e-06
2749	2.73642e-06
2750	2.73358e-06
2751	2.73074e-06
2752	2.72791e-06
2753	2.72507e-06
2754	2.72224e-06
2755	2.71941e-06
2756	2.71659e-06
2757	2.71377e-06
2758	2.71096e-06
2759	2.70814e-06
2760	2.70534e-06
2761	2.70253e-06
2762	2.69974e-06
2763	2.69694e-06
2764	2.69003e-06
2765	2.68899e-06
2766	2.68681e-06
2767	2.68461e-06
2768	2.67792e-06
2769	2.67757e-06
2770	2.67598e-06
2771	2.67416e-06
2772	2.66755e-06
2773	2.66717e-06
2774	2.6654e-06
2775	2.65884e-06
2776	2.65853e-06
2777	2.65689e-06
2778	2.65046e-06
2779	2.65033e-06
2780	2.64883e-06
2781	2.64243e-06
2782	2.64228e-06
2783	2.64071e-06
2784	2.63427e-06
2785	2.63407e-06
2786	2.62804e-06
2787	2.62802e-06
2788	2.62667e-06
2789	2.62034e-06
2790	2.62041e-06
2791	2.61462e-06
2792	2.61476e-06
2793	2.60886e-06
2794	2.6091e-06
2795	2.60328e-06
2796	2.60367e-06
2797	2.598e-06
2798	2.59851e-06
2799	2.59285e-06
2800	2.59331e-06
2801	2.58759e-06
2802	2.58798e-06
2803	2.58225e-06
2804	2.58263e-06
2805	2.57691e-06
2806	2.57295e-06
2807	2.57356e-06
2808	2.56806e-06
2809	2.56426e-06
2810	2.56527e-06
2811	2.56006e-06
2812	2.55649e-06
2813	2.55767e-06
2814	2.55247e-06
2815	2.54884e-06
2816	2.5499e-06
2817	2.54464e-06
2818	2.54098e-06
2819	2.54203e-06
2820	2.53678e-06
2821	2.53313e-06
2822	2.52973e-06
2823	2.53097e-06
2824	2.52589e-06
2825	2.52231e-06
2826	2.51915e-06
2827	2.52061e-06
2828	2.51569e-06
2829	2.51216e-06
2830	2.509e-06
2831	2.50586e-06
2832	2.5028e-06
2833	2.49989e-06
2834	2.49716e-06
2835	2.49462e-06
2836	2.49222e-06
2837	2.48987e-06
2838	2.4875e-06
2839	2.48507e-06
2840	2.48257e-06
2841	2.48003e-06
2842	2.47747e-06
2843	2.4749e-06
2844	2.47235e-06
2845	2.4698e-06
2846	2.46725e-06
2847	2.4647e-06
2848	2.46213e-06
2849	2.45957e-06
2850	2.457e-06
2851	2.45445e-06
2852	2.45189e-06
2853	2.44935e-06
2854	2.44682e-06
2855	2.4443e-06
2856	2.4334e-06
2857	2.43254e-06
2858	2.43607e-06
2859	2.43568e-06
2860	2.42386e-06
2861	2.42219e-06
2862	2.4242e-06
2863	2.41367e-06
2864	2.41237e-06
2865	2.40491e-06
2866	2.40583e-06
2867	2.39874e-06
2868	2.391e-06
2869	2.39525e-06
2870	2.38967e-06
2871	2.3818e-06
2872	2.37662e-06
2873	2.37317e-06
2874	2.37063e-06
2875	2.36818e-06
2876	2.36542e-06
2877	2.36235e-06
2878	2.35911e-06
2879	2.35588e-06
2880	2.35289e-06
2881	2.35011e-06
2882	2.34748e-06
2883	2.34509e-06
2884	2.34304e-06
2885	2.34141e-06
2886	2.34022e-06
2887	2.33945e-06
2888	2.33906e-06
2889	2.33898e-06
2890	2.33915e-06
2891	2.33956e-06
2892	2.34016e-06
2893	2.3409e-06
2894	2.34172e-06
2895	2.34256e-06
2896	2.34335e-06
2897	2.34403e-06
2898	2.34458e-06
2899	2.34499e-06
2900	2.34522e-06
2901	2.34529e-06
2902	2.34518e-06
2903	2.3449e-06
2904	2.34446e-06
2905	2.34388e-06
2906	2.34314e-06
2907	2.34227e-06
2908	2.34127e-06
2909	2.34014e-06
2910	2.33889e-06
2911	2.33753e-06
2912	2.33606e-06
2913	2.33451e-06
2914	2.33288e-06
2915	2.33119e-06
2916	2.32945e-06
2917	2.32766e-06
2918	2.32583e-06
2919	2.32398e-06
2920	2.32209e-06
2921	2.32018e-06
2922	2.31824e-06
2923	2.31628e-06
2924	2.3143e-06
2925	2.31229e-06
2926	2.31026e-06
2927	2.30821e-06
2928	2.30614e-06
2929	2.30406e-06
2930	2.30195e-06
2931	2.29982e-06
2932	2.29767e-06
2933	2.29549e-06
2934	2.29329e-06
2935	2.29107e-06
2936	2.28883e-06
2937	2.28656e-06
2938	2.28428e-06
2939	2.28199e-06
2940	2.27968e-06
2941	2.27737e-06
2942	2.27504e-06
2943	2.27272e-06
2944	2.27039e-06
2945	2.26807e-06
2946	2.26575e-06
2947	2.26344e-06
2948	2.26503e-06
2949	2.25457e-06
2950	2.25317e-06
2951	2.2489e-06
2952	2.24603e-06
2953	2.24805e-06
2954	2.2394e-06
2955	2.23955e-06
2956	2.23628e-06
2957	2.23406e-06
2958	2.23667e-06
2959	2.22828e-06
2960	2.22865e-06
2961	2.22554e-06
2962	2.2272e-06
2963	2.21787e-06
2964	2.21855e-06
2965	2.21606e-06
2966	2.21805e-06
2967	2.2092e-06
2968	2.20994e-06
2969	2.21158e-06
2970	2.20097e-06
2971	2.20164e-06
2972	2.20347e-06
2973	2.19357e-06
2974	2.19468e-06
2975	2.19686e-06
2976	2.18719e-06
2977	2.18844e-06
2978	2.19072e-06
2979	2.18116e-06
2980	2.18245e-06
2981	2.18467e-06
2982	2.17512e-06
2983	2.1764e-06
2984	2.17859e-06
2985	2.16912e-06
2986	2.17044e-06
2987	2.17262e-06
2988	2.16321e-06
2989	2.16454e-06
2990	2.16668e-06
2991	2.15731e-06
2992	2.16244e-06
2993	2.15208e-06
2994	2.15276e-06
2995	2.15466e-06
2996	2.14564e-06
2997	2.15111e-06
2998	2.14148e-06
2999	2.14625e-06
3000	2.13577e-06
3001	2.14058e-06
3002	2.13076e-06
3003	2.13584e-06
3004	2.12633e-06
3005	2.13161e-06
3006	2.12216e-06
3007	2.12749e-06
3008	2.11814e-06
3009	2.12345e-06
3010	2.11415e-06
3011	2.1194e-06
3012	2.11007e-06
3013	2.11529e-06
3014	2.10597e-06
3015	2.1112e-06
3016	2.10192e-06
3017	2.10713e-06
3018	2.09786e-06
3019	2.10305e-06
3020	2.09379e-06
3021	2.09898e-06
3022	2.08974e-06
3023	2.09495e-06
3024	2.08574e-06
3025	2.08437e-06
3026	2.07815e-06
3027	2.0851e-06
3028	2.07643e-06
3029	2.08232e-06
3030	2.07389e-06
3031	2.07304e-06
3032	2.06721e-06
3033	2.07445e-06
3034	2.0658e-06
3035	2.06479e-06
3036	2.05949e-06
3037	2.06676e-06
3038	2.05814e-06
3039	2.05744e-06
3040	2.05206e-06
3041	2.05944e-06
3042	2.05104e-06
3043	2.0502e-06
3044	2.04481e-06
3045	2.05198e-06
3046	2.04341e-06
3047	2.04252e-06
3048	2.03713e-06
3049	2.04428e-06
3050	2.0358e-06
3051	2.03492e-06
3052	2.02956e-06
3053	2.03666e-06
3054	2.0282e-06
3055	2.02731e-06
3056	2.02199e-06
3057	2.02223e-06
3058	2.01699e-06
3059	2.02452e-06
3060	2.01655e-06
3061	2.01593e-06
3062	2.01099e-06
3063	2.01147e-06
3064	2.00623e-06
3065	2.0068e-06
3066	2.00224e-06
3067	2.0029e-06
3068	1.99847e-06
3069	1.99941e-06
3070	1.99494e-06
3071	1.99603e-06
3072	1.99171e-06
3073	1.99269e-06
3074	1.98833e-06
3075	1.98917e-06
3076	1.98466e-06
3077	1.98546e-06
3078	1.98093e-06
3079	1.98174e-06
3080	1.97962e-06
3081	1.97618e-06
3082	1.97559e-06
3083	1.97185e-06
3084	1.96791e-06
3085	1.96743e-06
3086	1.96416e-06
3087	1.96086e-06
3088	1.96073e-06
3089	1.95778e-06
3090	1.95471e-06
3091	1.95474e-06
3092	1.95194e-06
3093	1.94907e-06
3094	1.94916e-06
3095	1.94642e-06
3096	1.94362e-06
3097	1.9437e-06
3098	1.94098e-06
3099	1.93818e-06
3100	1.93824e-06
3101	1.93552e-06
3102	1.9327e-06
3103	1.93275e-06
3104	1.93003e-06
3105	1.92723e-06
3106	1.9273e-06
3107	1.92461e-06
3108	1.92186e-06
3109	1.92194e-06
3110	1.91928e-06
3111	1.91656e-06
3112	1.91665e-06
3113	1.91401e-06
3114	1.91287e-06
3115	1.90987e-06
3116	1.90874e-06
3117	1.90529e-06
3118	1.90397e-06
3119	1.90136e-06
3120	1.9005e-06
3121	1.89741e-06
3122	1.89634e-06
3123	1.89523e-06
3124	1.89305e-06
3125	1.88897e-06
3126	1.8873e-06
3127	1.88405e-06
3128	1.88333e-06
3129	1.88279e-06
3130	1.88116e-06
3131	1.87863e-06
3132	1.87568e-06
3133	1.87274e-06
3134	1.87004e-06
3135	1.86758e-06
3136	1.86531e-06
3137	1.86312e-06
3138	1.86099e-06
3139	1.85893e-06
3140	1.85696e-06
3141	1.85946e-06
3142	1.85309e-06
3143	1.8534e-06
3144	1.85339e-06
3145	1.85173e-06
3146	1.85228e-06
3147	1.84441e-06
3148	1.84319e-06
3149	1.8452e-06
3150	1.83883e-06
3151	1.84108e-06
3152	1.83557e-06
3153	1.83737e-06
3154	1.832e-06
3155	1.83341e-06
3156	1.82785e-06
3157	1.82884e-06
3158	1.82598e-06
3159	1.8207e-06
3160	1.82268e-06
3161	1.82031e-06
3162	1.80927e-06
3163	1.81538e-06
3164	1.81407e-06
3165	1.81236e-06
3166	1.80311e-06
3167	1.79938e-06
3168	1.80502e-06
3169	1.79893e-06
3170	1.80385e-06
3171	1.79745e-06
3172	1.80222e-06
3173	1.79587e-06
3174	1.80068e-06
3175	1.79445e-06
3176	1.79949e-06
3177	1.79338e-06
3178	1.79841e-06
3179	1.79221e-06
3180	1.79723e-06
3181	1.7911e-06
3182	1.79632e-06
3183	1.79049e-06
3184	1.79609e-06
3185	1.7906e-06
3186	1.79652e-06
3187	1.79129e-06
3188	1.78961e-06
3189	1.79698e-06
3190	1.79225e-06
3191	1.79903e-06
3192	1.79423e-06
3193	1.80089e-06
3194	1.79605e-06
3195	1.80243e-06
3196	1.79733e-06
3197	1.80353e-06
3198	1.79817e-06
3199	1.80406e-06
3200	1.79845e-06
3201	1.80415e-06
3202	1.7984e-06
3203	1.80398e-06
3204	1.7981e-06
3205	1.80353e-06
3206	1.79751e-06
3207	1.80278e-06
3208	1.79663e-06
3209	1.80175e-06
3210	1.79545e-06
3211	1.80039e-06
3212	1.79393e-06
3213	1.79871e-06
3214	1.79214e-06
3215	1.79682e-06
3216	1.79017e-06
3217	1.79476e-06
3218	1.78805e-06
3219	1.79256e-06
3220	1.78579e-06
3221	1.79022e-06
3222	1.78339e-06
3223	1.78775e-06
3224	1.78088e-06
3225	1.77745e-06
3226	1.78281e-06
3227	1.77613e-06
3228	1.78073e-06
3229	1.77397e-06
3230	1.77073e-06
3231	1.77618e-06
3232	1.76969e-06
3233	1.77442e-06
3234	1.76771e-06
3235	1.76446e-06
3236	1.76981e-06
3237	1.76324e-06
3238	1.76779e-06
3239	1.76099e-06
3240	1.75762e-06
3241	1.76282e-06
3242	1.75617e-06
3243	1.75279e-06
3244	1.75819e-06
3245	1.75159e-06
3246	1.74829e-06
3247	1.7537e-06
3248	1.74721e-06
3249	1.74396e-06
3250	1.74942e-06
3251	1.74295e-06
3252	1.73968e-06
3253	1.74507e-06
3254	1.73859e-06
3255	1.7353e-06
3256	1.74066e-06
3257	1.73416e-06
3258	1.73085e-06
3259	1.73618e-06
3260	1.72969e-06
3261	1.72641e-06
3262	1.724e-06
3263	1.72975e-06
3264	1.72338e-06
3265	1.72023e-06
3266	1.71804e-06
3267	1.72393e-06
3268	1.71778e-06
3269	1.7148e-06
3270	1.71273e-06
3271	1.71872e-06
3272	1.71261e-06
3273	1.70964e-06
3274	1.70757e-06
3275	1.71349e-06
3276	1.70737e-06
3277	1.70437e-06
3278	1.70229e-06
3279	1.70036e-06
3280	1.70656e-06
3281	1.70049e-06
3282	1.6976e-06
3283	1.6957e-06
3284	1.69389e-06
3285	1.70019e-06
3286	1.69424e-06
3287	1.6914e-06
3288	1.68951e-06
3289	1.68771e-06
3290	1.68604e-06
3291	1.69246e-06
3292	1.68653e-06
3293	1.68378e-06
3294	1.68198e-06
3295	1.68022e-06
3296	1.6786e-06
3297	1.6771e-06
3298	1.67558e-06
3299	1.67413e-06
3300	1.67278e-06
3301	1.67154e-06
3302	1.67042e-06
3303	1.66936e-06
3304	1.66832e-06
3305	1.66725e-06
3306	1.66615e-06
3307	1.66504e-06
3308	1.66391e-06
3309	1.66275e-06
3310	1.66156e-06
3311	1.66033e-06
3312	1.65907e-06
3313	1.65778e-06
3314	1.65649e-06
3315	1.65521e-06
3316	1.65394e-06
3317	1.65268e-06
3318	1.65142e-06
3319	1.65014e-06
3320	1.64885e-06
3321	1.64756e-06
3322	1.64627e-06
3323	1.64498e-06
3324	1.6437e-06
3325	1.64242e-06
3326	1.64115e-06
3327	1.63988e-06
3328	1.63861e-06
3329	1.63735e-06
3330	1.63608e-06
3331	1.63482e-06
3332	1.63356e-06
3333	1.6323e-06
3334	1.63104e-06
3335	1.62978e-06
3336	1.62852e-06
3337	1.62726e-06
3338	1.62601e-06
3339	1.62476e-06
3340	1.62351e-06
3341	1.62226e-06
3342	1.62101e-06
3343	1.61977e-06
3344	1.61853e-06
3345	1.61728e-06
3346	1.61604e-06
3347	1.6148e-06
3348	1.61356e-06
3349	1.61232e-06
3350	1.61108e-06
3351	1.60984e-06
3352	1.6086e-06
3353	1.60736e-06
3354	1.60613e-06
3355	1.60489e-06
3356	1.60366e-06
3357	1.60243e-06
3358	1.6012e-06
3359	1.59997e-06
3360	1.59874e-06
3361	1.59751e-06
3362	1.59629e-06
3363	1.59507e-06
3364	1.59384e-06
3365	1.59262e-06
3366	1.59141e-06
3367	1.59019e-06
3368	1.58898e-06
3369	1.58777e-06
3370	1.58656e-06
3371	1.58536e-06
3372	1.58415e-06
3373	1.58295e-06
3374	1.58176e-06
3375	1.58056e-06
3376	1.57937e-06
3377	1.57818e-06
3378	1.57699e-06
3379	1.57581e-06
3380	1.57463e-06
3381	1.57345e-06
3382	1.57227e-06
3383	1.57109e-06
3384	1.56992e-06
3385	1.56875e-06
3386	1.56758e-06
3387	1.56642e-06
3388	1.56525e-06
3389	1.56409e-06
3390	1.56292e-06
3391	1.56176e-06
3392	1.56061e-06
3393	1.55945e-06
3394	1.55829e-06
3395	1.55714e-06
3396	1.55598e-06
3397	1.55483e-06
3398	1.55368e-06
3399	1.55253e-06
3400	1.55138e-06
3401	1.55023e-06
3402	1.54908e-06
3403	1.54793e-06
3404	1.54679e-06
3405	1.54564e-06
3406	1.5445e-06
3407	1.54335e-06
3408	1.54221e-06
3409	1.54107e-06
3410	1.53993e-06
3411	1.53879e-06
3412	1.53765e-06
3413	1.53652e-06
3414	1.53538e-06
3415	1.53425e-06
3416	1.53311e-06
3417	1.53198e-06
3418	1.53085e-06
3419	1.52972e-06
3420	1.52859e-06
3421	1.52746e-06
3422	1.52633e-06
3423	1.5252e-06
3424	1.52407e-06
3425	1.52295e-06
3426	1.52182e-06
3427	1.5207e-06
3428	1.51958e-06
3429	1.51845e-06
3430	1.51733e-06
3431	1.51621e-06
3432	1.51509e-06
3433	1.51397e-06
3434	1.51286e-06
3435	1.51174e-06
3436	1.51062e-06
3437	1.50951e-06
3438	1.50839e-06
3439	1.50728e-06
3440	1.50617e-06
3441	1.50506e-06
3442	1.50395e-06
3443	1.50284e-06
3444	1.50173e-06
3445	1.50062e-06
3446	1.49951e-06
3447	1.49841e-06
3448	1.4973e-06
3449	1.4962e-06
3450	1.49509e-06
3451	1.49399e-06
3452	1.49289e-06
3453	1.49179e-06
3454	1.49069e-06
3455	1.48959e-06
3456	1.48849e-06
3457	1.4874e-06
3458	1.4863e-06
3459	1.4852e-06
3460	1.48411e-06
3461	1.48302e-06
3462	1.48193e-06
3463	1.48084e-06
3464	1.47975e-06
3465	1.47866e-06
3466	1.47757e-06
3467	1.47648e-06
3468	1.4754e-06
3469	1.47431e-06
3470	1.47323e-06
3471	1.47214e-06
3472	1.47106e-06
3473	1.46998e-06
3474	1.4689e-06
3475	1.46782e-06
3476	1.46674e-06
3477	1.46566e-06
3478	1.46459e-06
3479	1.46351e-06
3480	1.46244e-06
3481	1.46136e-06
3482	1.46029e-06
3483	1.45922e-06
3484	1.45815e-06
3485	1.45707e-06
3486	1.456e-06
3487	1.45494e-06
3488	1.45387e-06
3489	1.4528e-06
3490	1.45173e-06
3491	1.45067e-06
3492	1.44961e-06
3493	1.44854e-06
3494	1.44748e-06
3495	1.44642e-06
3496	1.44536e-06
3497	1.4443e-06
3498	1.44324e-06
3499	1.44218e-06
3500	1.44112e-06
