1	5
2	6
3	6
4	5
5	5
6	4
7	4
8	5
9	5
10	5
11	5
12	6
13	6
14	7
15	7
16	7
17	7
18	8
19	8
20	8
21	8
22	8
23	8
24	8
25	9
26	9
27	9
28	9
29	9
30	9
31	9
32	8
33	9
34	9
35	9
36	9
37	8
38	9
39	9
40	9
41	9
42	9
43	9
44	9
45	9
46	9
47	9
48	9
49	9
50	9
51	9
52	9
53	9
54	9
55	9
56	9
57	9
58	9
59	9
60	9
61	9
62	9
63	9
64	9
65	9
66	9
67	9
68	9
69	9
70	9
71	9
72	9
73	9
74	9
75	9
76	9
77	9
78	9
79	9
80	9
81	9
82	9
83	9
84	9
85	9
86	9
87	9
88	9
89	9
90	9
91	9
92	9
93	9
94	9
95	9
96	9
97	9
98	9
99	9
100	9
101	9
102	9
103	9
104	9
105	9
106	9
107	9
108	9
109	9
110	9
111	9
112	9
113	9
114	9
115	9
116	9
117	9
118	9
119	9
120	9
121	9
122	9
123	9
124	9
125	9
126	9
127	9
128	9
129	9
130	9
131	9
132	9
133	9
134	9
135	9
136	9
137	9
138	9
139	9
140	9
141	9
142	9
143	9
144	9
145	9
146	9
147	9
148	9
149	9
150	9
151	9
152	9
153	9
154	9
155	9
156	9
157	9
158	9
159	9
160	9
161	9
162	9
163	9
164	9
165	9
166	9
167	9
168	9
169	9
170	9
171	9
172	9
173	9
174	9
175	9
176	9
177	9
178	9
179	9
180	9
181	9
182	9
183	9
184	9
185	9
186	9
187	9
188	9
189	9
190	9
191	9
192	9
193	9
194	9
195	9
196	9
197	9
198	9
199	9
200	9
201	9
202	9
203	9
204	9
205	9
206	9
207	9
208	9
209	9
210	9
211	9
212	9
213	9
214	9
215	9
216	9
217	9
218	9
219	9
220	9
221	9
222	9
223	9
224	9
225	9
226	9
227	9
228	9
229	9
230	9
231	9
232	9
233	9
234	9
235	9
236	9
237	9
238	9
239	9
240	9
241	9
242	9
243	9
244	9
245	9
246	9
247	9
248	9
249	9
250	9
251	9
252	9
253	9
254	9
255	9
256	9
257	9
258	9
259	9
260	9
261	9
262	9
263	9
264	9
265	9
266	9
267	9
268	9
269	9
270	9
271	9
272	9
273	9
274	9
275	9
276	9
277	9
278	9
279	9
280	9
281	9
282	9
283	9
284	9
285	9
286	9
287	9
288	9
289	9
290	9
291	9
292	9
293	9
294	9
295	9
296	9
297	9
298	9
299	9
300	9
301	9
302	9
303	9
304	9
305	9
306	9
307	9
308	9
309	9
310	9
311	9
312	9
313	9
314	9
315	9
316	9
317	9
318	9
319	9
320	9
321	9
322	9
323	9
324	9
325	9
326	9
327	9
328	9
329	9
330	9
331	9
332	9
333	9
334	9
335	9
336	9
337	9
338	9
339	9
340	9
341	9
342	9
343	9
344	9
345	9
346	9
347	9
348	9
349	9
350	9
351	9
352	9
353	9
354	9
355	9
356	9
357	9
358	9
359	9
360	9
361	9
362	9
363	9
364	9
365	9
366	9
367	9
368	9
369	9
370	9
371	9
372	9
373	9
374	9
375	9
376	9
377	9
378	9
379	9
380	9
381	9
382	9
383	9
384	9
385	9
386	9
387	9
388	9
389	9
390	9
391	9
392	9
393	9
394	9
395	9
396	9
397	9
398	9
399	9
400	9
401	9
402	9
403	9
404	9
405	9
406	9
407	9
408	9
409	9
410	9
411	9
412	9
413	9
414	9
415	9
416	9
417	9
418	9
419	9
420	9
421	9
422	9
423	9
424	9
425	9
426	9
427	9
428	9
429	9
430	9
431	9
432	9
433	9
434	9
435	9
436	9
437	9
438	9
439	9
440	9
441	9
442	9
443	9
444	9
445	9
446	9
447	9
448	9
449	9
450	9
451	9
452	9
453	9
454	9
455	9
456	9
457	9
458	9
459	9
460	9
461	9
462	9
463	9
464	9
465	9
466	9
467	9
468	9
469	9
470	9
471	9
472	9
473	9
474	9
475	9
476	9
477	9
478	9
479	9
480	9
481	9
482	9
483	9
484	9
485	9
486	9
487	9
488	9
489	9
490	9
491	9
492	9
493	9
494	9
495	9
496	9
497	9
498	9
499	9
500	9
501	9
502	9
503	9
504	9
505	9
506	9
507	9
508	9
509	9
510	9
511	9
512	9
513	9
514	9
515	9
516	9
517	9
518	9
519	9
520	9
521	9
522	9
523	9
524	9
525	9
526	9
527	9
528	9
529	9
530	9
531	9
532	9
533	9
534	9
535	9
536	9
537	9
538	9
539	9
540	9
541	9
542	9
543	9
544	9
545	9
546	9
547	9
548	9
549	9
550	9
551	9
552	9
553	9
554	9
555	9
556	9
557	9
558	9
559	9
560	9
561	9
562	9
563	9
564	9
565	9
566	9
567	9
568	9
569	9
570	9
571	9
572	9
573	9
574	9
575	9
576	9
577	9
578	9
579	9
580	9
581	9
582	9
583	9
584	9
585	9
586	9
587	9
588	9
589	9
590	9
591	9
592	9
593	9
594	9
595	9
596	9
597	9
598	9
599	9
600	9
601	9
602	9
603	9
604	9
605	9
606	9
607	9
608	9
609	9
610	9
611	9
612	9
613	9
614	9
615	9
616	9
617	9
618	9
619	9
620	9
621	9
622	9
623	9
624	9
625	9
626	9
627	9
628	9
629	9
630	9
631	9
632	9
633	9
634	9
635	9
636	9
637	9
638	9
639	9
640	9
641	9
642	9
643	9
644	9
645	9
646	9
647	9
648	9
649	9
650	9
651	9
652	9
653	9
654	9
655	9
656	9
657	9
658	9
659	9
660	9
661	9
662	9
663	9
664	9
665	9
666	9
667	9
668	9
669	9
670	9
671	9
672	9
673	9
674	9
675	9
676	9
677	9
678	9
679	9
680	9
681	9
682	9
683	9
684	9
685	9
686	9
687	9
688	9
689	9
690	9
691	9
692	9
693	9
694	9
695	9
696	9
697	9
698	9
699	9
700	9
701	9
702	9
703	9
704	9
705	9
706	9
707	9
708	9
709	9
710	9
711	9
712	9
713	9
714	9
715	9
716	9
717	9
718	9
719	9
720	9
721	9
722	9
723	9
724	9
725	9
726	9
727	9
728	9
729	9
730	9
731	9
732	9
733	9
734	9
735	9
736	9
737	9
738	9
739	9
740	9
741	9
742	9
743	9
744	9
745	9
746	9
747	9
748	9
749	9
750	9
751	9
752	9
753	9
754	9
755	9
756	9
757	9
758	9
759	9
760	9
761	9
762	9
763	9
764	9
765	9
766	9
767	9
768	9
769	9
770	9
771	9
772	9
773	9
774	9
775	9
776	9
777	9
778	9
779	9
780	9
781	9
782	9
783	9
784	9
785	9
786	9
787	9
788	9
789	9
790	9
791	9
792	9
793	9
794	9
795	9
796	9
797	9
798	9
799	9
800	9
801	9
802	9
803	9
804	9
805	9
806	9
807	9
808	9
809	9
810	9
811	9
812	9
813	9
814	9
815	9
816	9
817	9
818	9
819	9
820	9
821	9
822	9
823	9
824	9
825	10
826	9
827	9
828	9
829	9
830	9
831	10
832	9
833	9
834	9
835	9
836	9
837	10
838	9
839	9
840	9
841	9
842	10
843	9
844	9
845	10
846	9
847	9
848	10
849	9
850	9
851	10
852	9
853	10
854	9
855	9
856	10
857	9
858	10
859	9
860	10
861	9
862	10
863	9
864	10
865	9
866	10
867	9
868	10
869	9
870	10
871	9
872	10
873	9
874	10
875	9
876	10
877	9
878	10
879	9
880	10
881	9
882	10
883	9
884	10
885	10
886	9
887	10
888	10
889	9
890	10
891	10
892	9
893	10
894	10
895	9
896	10
897	10
898	9
899	10
900	10
901	10
902	10
903	9
904	10
905	10
906	10
907	10
908	10
909	10
910	10
911	10
912	10
913	10
914	10
915	10
916	10
917	10
918	10
919	10
920	10
921	10
922	10
923	10
924	10
925	10
926	10
927	10
928	10
929	10
930	10
931	10
932	10
933	10
934	10
935	10
936	10
937	10
938	10
939	10
940	10
941	10
942	10
943	10
944	10
945	10
946	10
947	10
948	10
949	10
950	10
951	10
952	10
953	10
954	10
955	10
956	10
957	10
958	10
959	10
960	10
961	10
962	10
963	10
964	10
965	10
966	10
967	10
968	10
969	10
970	10
971	10
972	10
973	10
974	10
975	10
976	10
977	10
978	10
979	10
980	10
981	10
982	10
983	10
984	10
985	10
986	10
987	10
988	10
989	10
990	10
991	10
992	10
993	10
994	10
995	10
996	10
997	10
998	10
999	10
1000	10
1001	10
1002	10
1003	10
1004	10
1005	10
1006	10
1007	10
1008	10
1009	10
1010	10
1011	10
1012	10
1013	10
1014	10
1015	10
1016	10
1017	10
1018	10
1019	10
1020	10
1021	10
1022	10
1023	10
1024	10
1025	10
1026	10
1027	10
1028	10
1029	10
1030	10
1031	10
1032	10
1033	10
1034	10
1035	10
1036	10
1037	10
1038	10
1039	10
1040	10
1041	10
1042	10
1043	10
1044	10
1045	10
1046	10
1047	10
1048	10
1049	10
1050	10
1051	10
1052	10
1053	10
1054	10
1055	10
1056	10
1057	10
1058	10
1059	9
1060	10
1061	10
1062	10
1063	10
1064	10
1065	10
1066	9
1067	10
1068	10
1069	10
1070	10
1071	10
1072	9
1073	10
1074	10
1075	10
1076	9
1077	10
1078	10
1079	10
1080	9
1081	10
1082	10
1083	10
1084	9
1085	10
1086	10
1087	10
1088	9
1089	10
1090	10
1091	10
1092	9
1093	10
1094	10
1095	9
1096	10
1097	10
1098	9
1099	10
1100	10
1101	9
1102	10
1103	10
1104	9
1105	10
1106	10
1107	9
1108	10
1109	10
1110	9
1111	10
1112	10
1113	9
1114	10
1115	10
1116	9
1117	10
1118	10
1119	9
1120	10
1121	10
1122	9
1123	10
1124	10
1125	9
1126	10
1127	10
1128	9
1129	10
1130	10
1131	9
1132	10
1133	10
1134	9
1135	10
1136	10
1137	9
1138	10
1139	9
1140	10
1141	10
1142	9
1143	10
1144	9
1145	10
1146	10
1147	9
1148	10
1149	9
1150	10
1151	9
1152	10
1153	9
1154	10
1155	9
1156	10
1157	9
1158	10
1159	9
1160	10
1161	9
1162	10
1163	9
1164	10
1165	9
1166	10
1167	9
1168	10
1169	9
1170	10
1171	9
1172	10
1173	9
1174	10
1175	9
1176	10
1177	9
1178	10
1179	9
1180	10
1181	9
1182	10
1183	9
1184	10
1185	9
1186	10
1187	9
1188	10
1189	9
1190	10
1191	9
1192	10
1193	9
1194	10
1195	9
1196	10
1197	9
1198	10
1199	9
1200	10
1201	9
1202	10
1203	9
1204	10
1205	9
1206	9
1207	10
1208	9
1209	10
1210	9
1211	9
1212	10
1213	9
1214	9
1215	10
1216	9
1217	9
1218	10
1219	9
1220	9
1221	10
1222	9
1223	9
1224	10
1225	9
1226	9
1227	10
1228	9
1229	9
1230	10
1231	9
1232	9
1233	10
1234	9
1235	9
1236	10
1237	9
1238	9
1239	9
1240	10
1241	9
1242	9
1243	9
1244	10
1245	9
1246	9
1247	9
1248	10
1249	9
1250	9
1251	9
1252	9
1253	10
1254	9
1255	9
1256	9
1257	9
1258	9
1259	9
1260	9
1261	9
1262	10
1263	9
1264	9
1265	9
1266	9
1267	9
1268	9
1269	9
1270	9
1271	9
1272	9
1273	9
1274	9
1275	9
1276	9
1277	9
1278	9
1279	9
1280	9
1281	9
1282	9
1283	9
1284	9
1285	9
1286	9
1287	9
1288	9
1289	9
1290	9
1291	9
1292	9
1293	9
1294	9
1295	9
1296	9
1297	9
1298	9
1299	9
1300	9
1301	9
1302	9
1303	9
1304	9
1305	9
1306	9
1307	9
1308	9
1309	9
1310	9
1311	9
1312	9
1313	9
1314	9
1315	9
1316	9
1317	9
1318	9
1319	9
1320	9
1321	9
1322	9
1323	9
1324	9
1325	9
1326	9
1327	9
1328	9
1329	9
1330	9
1331	9
1332	9
1333	9
1334	9
1335	9
1336	9
1337	9
1338	9
1339	9
1340	9
1341	9
1342	9
1343	9
1344	9
1345	9
1346	9
1347	9
1348	9
1349	9
1350	9
1351	9
1352	9
1353	9
1354	9
1355	9
1356	9
1357	9
1358	9
1359	9
1360	9
1361	9
1362	9
1363	9
1364	9
1365	9
1366	9
1367	9
1368	9
1369	9
1370	9
1371	9
1372	9
1373	9
1374	9
1375	9
1376	9
1377	9
1378	9
1379	9
1380	9
1381	9
1382	9
1383	9
1384	9
1385	9
1386	9
1387	9
1388	9
1389	9
1390	9
1391	9
1392	9
1393	9
1394	9
1395	9
1396	9
1397	9
1398	9
1399	9
1400	9
1401	9
1402	9
1403	9
1404	9
1405	9
1406	9
1407	9
1408	9
1409	9
1410	9
1411	9
1412	9
1413	9
1414	9
1415	9
1416	9
1417	9
1418	9
1419	9
1420	9
1421	9
1422	9
1423	9
1424	9
1425	9
1426	9
1427	9
1428	9
1429	9
1430	9
1431	9
1432	9
1433	9
1434	9
1435	9
1436	9
1437	9
1438	9
1439	9
1440	9
1441	9
1442	9
1443	9
1444	9
1445	9
1446	9
1447	9
1448	9
1449	9
1450	9
1451	9
1452	9
1453	9
1454	9
1455	9
1456	9
1457	9
1458	9
1459	9
1460	9
1461	9
1462	9
1463	9
1464	9
1465	9
1466	9
1467	9
1468	9
1469	9
1470	9
1471	9
1472	9
1473	9
1474	9
1475	9
1476	9
1477	9
1478	9
1479	9
1480	9
1481	9
1482	9
1483	9
1484	9
1485	9
1486	9
1487	9
1488	9
1489	9
1490	9
1491	9
1492	9
1493	9
1494	9
1495	9
1496	9
1497	9
1498	9
1499	9
1500	9
1501	9
1502	9
1503	9
1504	9
1505	9
1506	9
1507	9
1508	9
1509	9
1510	9
1511	9
1512	9
1513	9
1514	9
1515	9
1516	9
1517	9
1518	9
1519	9
1520	9
1521	9
1522	9
1523	9
1524	9
1525	9
1526	9
1527	9
1528	9
1529	9
1530	9
1531	9
1532	9
1533	9
1534	9
1535	9
1536	9
1537	9
1538	9
1539	9
1540	9
1541	9
1542	9
1543	9
1544	9
1545	9
1546	9
1547	9
1548	9
1549	9
1550	9
1551	9
1552	9
1553	9
1554	9
1555	9
1556	9
1557	9
1558	9
1559	9
1560	9
1561	9
1562	9
1563	9
1564	9
1565	9
1566	9
1567	9
1568	9
1569	9
1570	9
1571	9
1572	9
1573	9
1574	9
1575	9
1576	9
1577	9
1578	9
1579	9
1580	9
1581	9
1582	9
1583	9
1584	9
1585	9
1586	9
1587	9
1588	9
1589	9
1590	9
1591	9
1592	9
1593	9
1594	9
1595	9
1596	9
1597	9
1598	9
1599	9
1600	9
1601	9
1602	9
1603	9
1604	9
1605	9
1606	9
1607	9
1608	9
1609	9
1610	9
1611	9
1612	9
1613	9
1614	9
1615	9
1616	9
1617	9
1618	9
1619	9
1620	9
1621	9
1622	9
1623	9
1624	9
1625	9
1626	9
1627	9
1628	9
1629	9
1630	9
1631	9
1632	9
1633	9
1634	9
1635	9
1636	9
1637	9
1638	9
1639	9
1640	9
1641	9
1642	9
1643	9
1644	9
1645	9
1646	9
1647	9
1648	9
1649	9
1650	9
1651	9
1652	9
1653	9
1654	9
1655	9
1656	9
1657	9
1658	9
1659	9
1660	9
1661	9
1662	9
1663	9
1664	9
1665	9
1666	9
1667	9
1668	9
1669	9
1670	9
1671	9
1672	9
1673	9
1674	9
1675	9
1676	9
1677	9
1678	9
1679	9
1680	9
1681	9
1682	9
1683	9
1684	9
1685	9
1686	9
1687	9
1688	9
1689	9
1690	9
1691	9
1692	9
1693	9
1694	9
1695	9
1696	9
1697	9
1698	9
1699	9
1700	9
1701	9
1702	9
1703	9
1704	9
1705	9
1706	9
1707	9
1708	9
1709	9
1710	9
1711	9
1712	9
1713	9
1714	9
1715	9
1716	9
1717	9
1718	9
1719	9
1720	9
1721	9
1722	9
1723	9
1724	9
1725	9
1726	9
1727	9
1728	9
1729	9
1730	9
1731	9
1732	9
1733	9
1734	9
1735	9
1736	9
1737	9
1738	9
1739	9
1740	9
1741	9
1742	9
1743	9
1744	9
1745	9
1746	9
1747	9
1748	9
1749	9
1750	9
1751	9
1752	9
1753	9
1754	9
1755	9
1756	9
1757	9
1758	9
1759	9
1760	9
1761	9
1762	9
1763	9
1764	9
1765	9
1766	9
1767	9
1768	9
1769	9
1770	9
1771	9
1772	9
1773	9
1774	9
1775	9
1776	9
1777	9
1778	9
1779	9
1780	9
1781	9
1782	9
1783	9
1784	9
1785	9
1786	9
1787	9
1788	9
1789	9
1790	9
1791	9
1792	9
1793	9
1794	9
1795	9
1796	9
1797	9
1798	9
1799	9
1800	9
1801	9
1802	9
1803	9
1804	9
1805	9
1806	9
1807	9
1808	9
1809	9
1810	9
1811	9
1812	9
1813	9
1814	9
1815	9
1816	9
1817	9
1818	9
1819	9
1820	9
1821	9
1822	9
1823	9
1824	9
1825	9
1826	9
1827	9
1828	9
1829	9
1830	9
1831	9
1832	9
1833	9
1834	9
1835	9
1836	9
1837	9
1838	9
1839	9
1840	9
1841	9
1842	9
1843	9
1844	9
1845	9
1846	9
1847	9
1848	9
1849	9
1850	9
1851	9
1852	9
1853	9
1854	9
1855	9
1856	9
1857	9
1858	9
1859	9
1860	9
1861	9
1862	9
1863	9
1864	9
1865	9
1866	9
1867	9
1868	9
1869	9
1870	9
1871	9
1872	9
1873	9
1874	9
1875	9
1876	9
1877	9
1878	9
1879	9
1880	9
1881	9
1882	9
1883	9
1884	9
1885	9
1886	9
1887	9
1888	9
1889	9
1890	9
1891	9
1892	9
1893	9
1894	9
1895	9
1896	9
1897	9
1898	9
1899	9
1900	9
1901	9
1902	9
1903	9
1904	9
1905	9
1906	9
1907	9
1908	9
1909	9
1910	9
1911	9
1912	9
1913	9
1914	9
1915	9
1916	9
1917	9
1918	9
1919	9
1920	9
1921	9
1922	9
1923	9
1924	9
1925	9
1926	9
1927	9
1928	9
1929	9
1930	9
1931	9
1932	9
1933	9
1934	9
1935	9
1936	9
1937	9
1938	9
1939	9
1940	9
1941	9
1942	9
1943	9
1944	9
1945	9
1946	9
1947	9
1948	9
1949	9
1950	9
1951	9
1952	9
1953	9
1954	9
1955	9
1956	9
1957	9
1958	9
1959	9
1960	9
1961	9
1962	9
1963	9
1964	9
1965	9
1966	9
1967	9
1968	9
1969	9
1970	9
1971	9
1972	9
1973	9
1974	9
1975	9
1976	9
1977	9
1978	9
1979	9
1980	9
1981	9
1982	9
1983	9
1984	9
1985	9
1986	9
1987	9
1988	9
1989	9
1990	9
1991	9
1992	9
1993	9
1994	9
1995	9
1996	9
1997	9
1998	9
1999	9
2000	9
2001	9
2002	9
2003	9
2004	9
2005	9
2006	9
2007	9
2008	9
2009	9
2010	9
2011	9
2012	9
2013	9
2014	9
2015	9
2016	9
2017	9
2018	9
2019	9
2020	9
2021	9
2022	9
2023	9
2024	9
2025	9
2026	9
2027	9
2028	9
2029	9
2030	9
2031	9
2032	9
2033	9
2034	9
2035	9
2036	9
2037	9
2038	9
2039	9
2040	9
2041	9
2042	9
2043	9
2044	9
2045	9
2046	9
2047	9
2048	9
2049	9
2050	9
2051	9
2052	9
2053	9
2054	9
2055	9
2056	9
2057	9
2058	9
2059	9
2060	9
2061	9
2062	9
2063	9
2064	9
2065	9
2066	9
2067	9
2068	9
2069	9
2070	9
2071	9
2072	9
2073	9
2074	9
2075	9
2076	9
2077	9
2078	9
2079	9
2080	9
2081	9
2082	9
2083	9
2084	9
2085	9
2086	9
2087	9
2088	9
2089	9
2090	9
2091	9
2092	9
2093	9
2094	9
2095	9
2096	9
2097	9
2098	9
2099	9
2100	9
2101	9
2102	9
2103	9
2104	9
2105	9
2106	9
2107	9
2108	9
2109	9
2110	9
2111	9
2112	9
2113	9
2114	9
2115	9
2116	9
2117	9
2118	9
2119	9
2120	9
2121	9
2122	9
2123	9
2124	9
2125	9
2126	9
2127	9
2128	9
2129	9
2130	9
2131	9
2132	9
2133	9
2134	9
2135	9
2136	9
2137	9
2138	9
2139	9
2140	9
2141	9
2142	9
2143	9
2144	9
2145	9
2146	9
2147	9
2148	9
2149	9
2150	9
2151	9
2152	9
2153	9
2154	9
2155	9
2156	9
2157	9
2158	9
2159	9
2160	9
2161	9
2162	9
2163	9
2164	9
2165	9
2166	9
2167	9
2168	9
2169	9
2170	9
2171	9
2172	9
2173	9
2174	9
2175	9
2176	9
2177	9
2178	9
2179	9
2180	9
2181	9
2182	9
2183	9
2184	9
2185	9
2186	9
2187	9
2188	9
2189	9
2190	9
2191	9
2192	9
2193	9
2194	9
2195	9
2196	9
2197	9
2198	9
2199	9
2200	9
2201	9
2202	9
2203	9
2204	9
2205	9
2206	9
2207	9
2208	9
2209	9
2210	9
2211	9
2212	9
2213	9
2214	9
2215	9
2216	9
2217	9
2218	9
2219	9
2220	9
2221	9
2222	9
2223	9
2224	9
2225	9
2226	9
2227	9
2228	9
2229	9
2230	9
2231	9
2232	9
2233	9
2234	9
2235	9
2236	9
2237	9
2238	9
2239	9
2240	9
2241	9
2242	9
2243	9
2244	9
2245	9
2246	9
2247	9
2248	9
2249	9
2250	9
2251	9
2252	9
2253	9
2254	8
2255	9
2256	9
2257	8
2258	8
2259	9
2260	9
2261	8
2262	8
2263	9
2264	8
2265	8
2266	8
2267	8
2268	8
2269	8
2270	8
2271	8
2272	8
2273	8
2274	8
2275	8
2276	8
2277	8
2278	8
2279	8
2280	8
2281	8
2282	8
2283	8
2284	8
2285	8
2286	8
2287	8
2288	8
2289	8
2290	8
2291	8
2292	8
2293	8
2294	8
2295	8
2296	8
2297	8
2298	8
2299	8
2300	8
2301	8
2302	8
2303	8
2304	8
2305	8
2306	8
2307	8
2308	8
2309	8
2310	8
2311	8
2312	8
2313	8
2314	8
2315	8
2316	8
2317	8
2318	8
2319	8
2320	8
2321	8
2322	8
2323	8
2324	8
2325	8
2326	8
2327	8
2328	8
2329	8
2330	8
2331	8
2332	8
2333	8
2334	8
2335	8
2336	8
2337	8
2338	8
2339	8
2340	8
2341	8
2342	8
2343	8
2344	8
2345	8
2346	8
2347	8
2348	8
2349	8
2350	8
2351	8
2352	8
2353	8
2354	8
2355	8
2356	8
2357	8
2358	8
2359	8
2360	8
2361	8
2362	8
2363	8
2364	8
2365	8
2366	8
2367	8
2368	8
2369	8
2370	8
2371	8
2372	8
2373	8
2374	8
2375	8
2376	8
2377	8
2378	8
2379	8
2380	8
2381	8
2382	8
2383	8
2384	8
2385	8
2386	8
2387	8
2388	8
2389	8
2390	8
2391	8
2392	8
2393	8
2394	8
2395	8
2396	8
2397	8
2398	8
2399	8
2400	8
2401	8
2402	8
2403	8
2404	8
2405	8
2406	8
2407	8
2408	8
2409	8
2410	8
2411	8
2412	8
2413	8
2414	8
2415	8
2416	8
2417	8
2418	8
2419	8
2420	8
2421	8
2422	8
2423	8
2424	7
2425	8
2426	7
2427	8
2428	7
2429	8
2430	7
2431	7
2432	7
2433	7
2434	7
2435	7
2436	7
2437	7
2438	7
2439	7
2440	7
2441	7
2442	7
2443	7
2444	7
2445	7
2446	7
2447	7
2448	7
2449	7
2450	7
2451	7
2452	7
2453	7
2454	7
2455	7
2456	7
2457	7
2458	7
2459	7
2460	7
2461	7
2462	7
2463	7
2464	7
2465	7
2466	7
2467	7
2468	7
2469	7
2470	7
2471	7
2472	7
2473	7
2474	7
2475	7
2476	7
2477	7
2478	7
2479	7
2480	7
2481	7
2482	7
2483	7
2484	7
2485	7
2486	7
2487	7
2488	7
2489	7
2490	7
2491	7
2492	7
2493	7
2494	7
2495	7
2496	7
2497	7
2498	7
2499	7
2500	7
2501	7
2502	7
2503	7
2504	7
2505	7
2506	7
2507	7
2508	7
2509	7
2510	7
2511	7
2512	7
2513	7
2514	7
2515	7
2516	7
2517	7
2518	7
2519	7
2520	7
2521	7
2522	7
2523	7
2524	7
2525	7
2526	7
2527	7
2528	7
2529	7
2530	7
2531	7
2532	7
2533	7
2534	7
2535	7
2536	7
2537	7
2538	7
2539	7
2540	7
2541	7
2542	7
2543	7
2544	7
2545	7
2546	7
2547	7
2548	7
2549	7
2550	7
2551	7
2552	7
2553	7
2554	7
2555	7
2556	7
2557	7
2558	7
2559	7
2560	7
2561	7
2562	7
2563	7
2564	7
2565	7
2566	7
2567	7
2568	7
2569	7
2570	7
2571	7
2572	7
2573	7
2574	7
2575	7
2576	7
2577	7
2578	7
2579	7
2580	7
2581	7
2582	7
2583	7
2584	6
2585	7
2586	7
2587	7
2588	6
2589	7
2590	7
2591	6
2592	7
2593	7
2594	6
2595	7
2596	7
2597	6
2598	7
2599	7
2600	6
2601	7
2602	7
2603	6
2604	7
2605	6
2606	7
2607	6
2608	7
2609	6
2610	7
2611	6
2612	7
2613	6
2614	7
2615	6
2616	7
2617	6
2618	7
2619	6
2620	7
2621	6
2622	6
2623	6
2624	7
2625	6
2626	6
2627	6
2628	6
2629	6
2630	6
2631	6
2632	6
2633	6
2634	6
2635	6
2636	6
2637	6
2638	6
2639	6
2640	6
2641	6
2642	6
2643	6
2644	6
2645	6
2646	6
2647	6
2648	6
2649	6
2650	6
2651	6
2652	6
2653	6
2654	6
2655	6
2656	6
2657	6
2658	6
2659	6
2660	6
2661	6
2662	6
2663	6
2664	6
2665	6
2666	6
2667	6
2668	6
2669	6
2670	6
2671	6
2672	6
2673	6
2674	6
2675	6
2676	6
2677	6
2678	6
2679	6
2680	6
2681	6
2682	6
2683	6
2684	6
2685	6
2686	6
2687	6
2688	6
2689	6
2690	6
2691	6
2692	6
2693	6
2694	6
2695	6
2696	6
2697	6
2698	6
2699	6
2700	6
2701	6
2702	6
2703	6
2704	6
2705	6
2706	6
2707	6
2708	6
2709	6
2710	6
2711	6
2712	6
2713	6
2714	6
2715	6
2716	6
2717	6
2718	6
2719	6
2720	6
2721	6
2722	6
2723	6
2724	6
2725	6
2726	6
2727	6
2728	6
2729	6
2730	6
2731	6
2732	6
2733	6
2734	6
2735	6
2736	6
2737	6
2738	6
2739	6
2740	6
2741	6
2742	6
2743	6
2744	6
2745	6
2746	6
2747	6
2748	6
2749	6
2750	6
2751	6
2752	6
2753	6
2754	6
2755	6
2756	6
2757	6
2758	6
2759	6
2760	6
2761	6
2762	6
2763	5
2764	6
2765	6
2766	6
2767	5
2768	6
2769	6
2770	6
2771	5
2772	6
2773	6
2774	5
2775	6
2776	6
2777	5
2778	6
2779	6
2780	5
2781	6
2782	6
2783	5
2784	6
2785	5
2786	6
2787	6
2788	5
2789	6
2790	5
2791	6
2792	5
2793	6
2794	5
2795	6
2796	5
2797	6
2798	5
2799	6
2800	5
2801	6
2802	5
2803	6
2804	5
2805	5
2806	6
2807	5
2808	5
2809	6
2810	5
2811	5
2812	6
2813	5
2814	5
2815	6
2816	5
2817	5
2818	6
2819	5
2820	5
2821	5
2822	6
2823	5
2824	5
2825	5
2826	6
2827	5
2828	5
2829	5
2830	5
2831	5
2832	5
2833	5
2834	5
2835	5
2836	5
2837	5
2838	5
2839	5
2840	5
2841	5
2842	5
2843	5
2844	5
2845	5
2846	5
2847	5
2848	5
2849	5
2850	5
2851	5
2852	5
2853	5
2854	5
2855	5
2856	5
2857	5
2858	5
2859	5
2860	5
2861	5
2862	5
2863	5
2864	5
2865	5
2866	5
2867	5
2868	5
2869	5
2870	5
2871	5
2872	5
2873	5
2874	5
2875	5
2876	5
2877	5
2878	5
2879	5
2880	5
2881	5
2882	5
2883	5
2884	5
2885	5
2886	5
2887	5
2888	5
2889	5
2890	5
2891	5
2892	5
2893	5
2894	5
2895	5
2896	5
2897	5
2898	5
2899	5
2900	5
2901	5
2902	5
2903	5
2904	5
2905	5
2906	5
2907	5
2908	5
2909	5
2910	5
2911	5
2912	5
2913	5
2914	5
2915	5
2916	5
2917	5
2918	5
2919	5
2920	5
2921	5
2922	5
2923	5
2924	5
2925	5
2926	5
2927	5
2928	5
2929	5
2930	5
2931	5
2932	5
2933	5
2934	5
2935	5
2936	5
2937	5
2938	5
2939	5
2940	5
2941	5
2942	5
2943	5
2944	5
2945	5
2946	5
2947	5
2948	4
2949	5
2950	5
2951	5
2952	5
2953	4
2954	5
2955	5
2956	5
2957	5
2958	4
2959	5
2960	5
2961	5
2962	4
2963	5
2964	5
2965	5
2966	4
2967	5
2968	5
2969	4
2970	5
2971	5
2972	4
2973	5
2974	5
2975	4
2976	5
2977	5
2978	4
2979	5
2980	5
2981	4
2982	5
2983	5
2984	4
2985	5
2986	5
2987	4
2988	5
2989	5
2990	4
2991	5
2992	4
2993	5
2994	5
2995	4
2996	5
2997	4
2998	5
2999	4
3000	5
3001	4
3002	5
3003	4
3004	5
3005	4
3006	5
3007	4
3008	5
3009	4
3010	5
3011	4
3012	5
3013	4
3014	5
3015	4
3016	5
3017	4
3018	5
3019	4
3020	5
3021	4
3022	5
3023	4
3024	4
3025	4
3026	5
3027	4
3028	5
3029	4
3030	4
3031	4
3032	5
3033	4
3034	4
3035	4
3036	5
3037	4
3038	4
3039	4
3040	5
3041	4
3042	4
3043	4
3044	5
3045	4
3046	4
3047	4
3048	5
3049	4
3050	4
3051	4
3052	5
3053	4
3054	4
3055	4
3056	4
3057	4
3058	5
3059	4
3060	4
3061	4
3062	4
3063	4
3064	4
3065	4
3066	4
3067	4
3068	4
3069	4
3070	4
3071	4
3072	4
3073	4
3074	4
3075	4
3076	4
3077	4
3078	4
3079	4
3080	4
3081	4
3082	4
3083	4
3084	4
3085	4
3086	4
3087	4
3088	4
3089	4
3090	4
3091	4
3092	4
3093	4
3094	4
3095	4
3096	4
3097	4
3098	4
3099	4
3100	4
3101	4
3102	4
3103	4
3104	4
3105	4
3106	4
3107	4
3108	4
3109	4
3110	4
3111	4
3112	4
3113	4
3114	4
3115	4
3116	4
3117	4
3118	4
3119	4
3120	4
3121	4
3122	4
3123	4
3124	4
3125	4
3126	4
3127	4
3128	4
3129	4
3130	4
3131	4
3132	4
3133	4
3134	4
3135	4
3136	4
3137	4
3138	4
3139	4
3140	4
3141	4
3142	4
3143	4
3144	4
3145	4
3146	4
3147	4
3148	4
3149	4
3150	4
3151	4
3152	4
3153	4
3154	4
3155	4
3156	4
3157	4
3158	4
3159	4
3160	4
3161	3
3162	4
3163	4
3164	4
3165	3
3166	3
3167	4
3168	3
3169	4
3170	3
3171	4
3172	3
3173	4
3174	3
3175	4
3176	3
3177	4
3178	3
3179	4
3180	3
3181	4
3182	3
3183	4
3184	3
3185	4
3186	3
3187	3
3188	4
3189	3
3190	4
3191	3
3192	4
3193	3
3194	4
3195	3
3196	4
3197	3
3198	4
3199	3
3200	4
3201	3
3202	4
3203	3
3204	4
3205	3
3206	4
3207	3
3208	4
3209	3
3210	4
3211	3
3212	4
3213	3
3214	4
3215	3
3216	4
3217	3
3218	4
3219	3
3220	4
3221	3
3222	4
3223	3
3224	3
3225	4
3226	3
3227	4
3228	3
3229	3
3230	4
3231	3
3232	4
3233	3
3234	3
3235	4
3236	3
3237	4
3238	3
3239	3
3240	4
3241	3
3242	3
3243	4
3244	3
3245	3
3246	4
3247	3
3248	3
3249	4
3250	3
3251	3
3252	4
3253	3
3254	3
3255	4
3256	3
3257	3
3258	4
3259	3
3260	3
3261	3
3262	4
3263	3
3264	3
3265	3
3266	4
3267	3
3268	3
3269	3
3270	4
3271	3
3272	3
3273	3
3274	4
3275	3
3276	3
3277	3
3278	3
3279	4
3280	3
3281	3
3282	3
3283	3
3284	4
3285	3
3286	3
3287	3
3288	3
3289	3
3290	4
3291	3
3292	3
3293	3
3294	3
3295	3
3296	3
3297	3
3298	3
3299	3
3300	3
3301	3
3302	3
3303	3
3304	3
3305	3
3306	3
3307	3
3308	3
3309	3
3310	3
3311	3
3312	3
3313	3
3314	3
3315	3
3316	3
3317	3
3318	3
3319	3
3320	3
3321	3
3322	3
3323	3
3324	3
3325	3
3326	3
3327	3
3328	3
3329	3
3330	3
3331	3
3332	3
3333	3
3334	3
3335	3
3336	3
3337	3
3338	3
3339	3
3340	3
3341	3
3342	3
3343	3
3344	3
3345	3
3346	3
3347	3
3348	3
3349	3
3350	3
3351	3
3352	3
3353	3
3354	3
3355	3
3356	3
3357	3
3358	3
3359	3
3360	3
3361	3
3362	3
3363	3
3364	3
3365	3
3366	3
3367	3
3368	3
3369	3
3370	3
3371	3
3372	3
3373	3
3374	3
3375	3
3376	3
3377	3
3378	3
3379	3
3380	3
3381	3
3382	3
3383	3
3384	3
3385	3
3386	3
3387	3
3388	3
3389	3
3390	3
3391	3
3392	3
3393	3
3394	3
3395	3
3396	3
3397	3
3398	3
3399	3
3400	3
3401	3
3402	3
3403	3
3404	3
3405	3
3406	3
3407	3
3408	3
3409	3
3410	3
3411	3
3412	3
3413	3
3414	3
3415	3
3416	3
3417	3
3418	3
3419	3
3420	3
3421	3
3422	3
3423	3
3424	3
3425	3
3426	3
3427	3
3428	3
3429	3
3430	3
3431	3
3432	3
3433	3
3434	3
3435	3
3436	3
3437	3
3438	3
3439	3
3440	3
3441	3
3442	3
3443	3
3444	3
3445	3
3446	3
3447	3
3448	3
3449	3
3450	3
3451	3
3452	3
3453	3
3454	3
3455	3
3456	3
3457	3
3458	3
3459	3
3460	3
3461	3
3462	3
3463	3
3464	3
3465	3
3466	3
3467	3
3468	3
3469	3
3470	3
3471	3
3472	3
3473	3
3474	3
3475	3
3476	3
3477	3
3478	3
3479	3
3480	3
3481	3
3482	3
3483	3
3484	3
3485	3
3486	3
3487	3
3488	3
3489	3
3490	3
3491	3
3492	3
3493	3
3494	3
3495	3
3496	3
3497	3
3498	3
3499	3
3500	3
