/*--------------------------------*- C++ -*----------------------------------*\
| =========                 |                                                 |
| \\      /  F ield         | OpenFOAM: The Open Source CFD Toolbox           |
|  \\    /   O peration     | Version:  v1912                                 |
|   \\  /    A nd           | Website:  www.openfoam.com                      |
|    \\/     M anipulation  |                                                 |
\*---------------------------------------------------------------------------*/
FoamFile
{
    version     2.0;
    format      ascii;
    class       volScalarField;
    location    "200";
    object      omega;
}
// * * * * * * * * * * * * * * * * * * * * * * * * * * * * * * * * * * * * * //

dimensions      [0 0 -1 0 0 0 0];


internalField   nonuniform List<scalar> 
10000
(
615.597
438.546
377.502
316.033
302.93
282.574
284.499
278.235
286.208
284.06
295.117
295.042
308.539
308.765
324.313
328.022
342.946
347.356
362.33
371.021
629.353
465.318
409.159
354.523
347.73
325.529
328.251
323.263
330.211
327.914
336.915
335.874
345.984
345.555
356.364
356.299
367.649
367.829
379.605
379.962
597.591
418.734
317.839
260.041
216.657
190.919
166.848
153.272
138.12
129.918
119.791
114.079
107.254
102.642
98.2302
94.0612
91.5334
87.565
86.424
83.2584
596.822
413.677
313.314
251.115
209.048
178.865
156.317
138.607
124.811
113.092
103.986
95.5353
89.2651
82.7507
78.3543
73.034
69.9196
65.5551
63.1985
59.1191
596.801
413.578
313.276
250.948
208.922
178.622
156.059
138.27
124.392
112.637
103.382
94.9508
88.4533
82.0326
77.3484
72.1107
68.7956
64.3249
62.1792
57.1489
596.794
413.583
313.27
250.961
208.9
178.646
156.014
138.31
124.314
112.699
103.268
95.0225
88.3105
82.0992
77.1432
72.2609
68.4804
64.5197
61.5814
58.1192
596.795
413.591
313.27
250.973
208.893
178.665
155.996
138.343
124.278
112.752
103.205
95.1036
88.2125
82.21
77.0078
72.3907
68.3148
64.6669
61.3819
58.402
596.802
413.605
313.273
250.989
208.886
178.69
155.977
138.379
124.244
112.802
103.156
95.1716
88.1429
82.2981
76.9159
72.4952
68.2016
64.7894
61.2374
58.5746
596.818
413.618
313.282
250.995
208.893
178.692
155.983
138.377
124.252
112.797
103.165
95.1629
88.1537
82.2854
76.9296
72.4767
68.2191
64.7626
61.2616
58.5338
596.815
413.621
313.287
250.995
208.901
178.686
155.997
138.364
124.273
112.775
103.195
95.1292
88.195
82.2384
76.9847
72.4127
68.2918
64.6792
61.351
58.4339
596.813
413.625
313.293
250.998
208.908
178.687
156.004
138.362
124.283
112.768
103.209
95.1165
88.2148
82.2196
77.0104
72.3872
68.3246
64.6444
61.3947
58.3876
596.816
413.632
313.298
251.003
208.912
178.691
156.007
138.365
124.285
112.771
103.212
95.1186
88.2181
82.2213
77.0128
72.3901
68.3249
64.6494
61.3921
58.3956
596.82
413.641
313.304
251.009
208.916
178.696
156.009
138.371
124.286
112.776
103.212
95.124
88.2165
82.2273
77.0097
72.3978
68.3191
64.6599
61.3833
58.4088
596.822
413.648
313.31
251.014
208.92
178.7
156.013
138.374
124.289
112.778
103.214
95.1259
88.2191
82.2284
77.0124
72.3978
68.3227
64.6582
61.388
58.4054
596.822
413.654
313.315
251.019
208.924
178.704
156.016
138.377
124.292
112.781
103.216
95.1278
88.221
82.2298
77.0146
72.3985
68.3253
64.6581
61.3913
58.4047
596.821
413.659
313.319
251.024
208.928
178.708
156.019
138.381
124.293
112.785
103.217
95.1323
88.2205
82.2348
77.013
72.404
68.3227
64.6642
61.3876
58.4119
596.822
413.665
313.324
251.029
208.932
178.713
156.021
138.385
124.295
112.789
103.218
95.1362
88.2201
82.2392
77.0117
72.4091
68.3202
64.6703
61.3839
58.419
596.823
413.671
313.33
251.033
208.936
178.716
156.025
138.387
124.298
112.791
103.22
95.1383
88.2223
82.241
77.0135
72.4107
68.3219
64.6715
61.3855
58.42
596.827
413.679
313.336
251.038
208.941
178.719
156.029
138.39
124.301
112.792
103.224
95.1386
88.2261
82.2404
77.0178
72.4093
68.3266
64.6694
61.391
58.4169
596.831
413.686
313.341
251.043
208.945
178.723
156.032
138.392
124.304
112.795
103.226
95.1404
88.2284
82.2419
77.0197
72.4105
68.3285
64.6702
61.3927
58.4178
596.841
413.695
313.348
251.048
208.95
178.727
156.035
138.396
124.307
112.797
103.228
95.1428
88.23
82.2441
77.0211
72.4127
68.3295
64.6727
61.3935
58.4207
596.849
413.703
313.355
251.054
208.953
178.731
156.038
138.398
124.308
112.8
103.229
95.1448
88.2308
82.2459
77.0217
72.4143
68.3302
64.6741
61.3943
58.4221
596.814
413.689
313.349
251.052
208.952
178.732
156.038
138.401
124.309
112.803
103.231
95.1489
88.2322
82.2505
77.0232
72.4192
68.3316
64.6792
61.396
58.4271
596.76
413.664
313.335
251.043
208.947
178.728
156.036
138.399
124.308
112.803
103.23
95.1496
88.2319
82.2521
77.0229
72.4219
68.3314
64.6828
61.396
58.4315
596.727
413.649
313.326
251.037
208.943
178.725
156.033
138.397
124.306
112.8
103.228
95.1465
88.2294
82.2489
77.0203
72.4184
68.3284
64.6794
61.3926
58.4284
596.715
413.644
313.324
251.036
208.943
178.724
156.033
138.396
124.306
112.799
103.228
95.1456
88.2298
82.2474
77.0205
72.4165
68.3286
64.6769
61.3925
58.4256
596.713
413.645
313.326
251.038
208.944
178.726
156.035
138.397
124.307
112.8
103.229
95.1459
88.2309
82.2475
77.0217
72.4163
68.3297
64.6767
61.3938
58.4255
596.713
413.646
313.327
251.039
208.946
178.727
156.036
138.398
124.309
112.801
103.23
95.1468
88.232
82.2482
77.0226
72.4169
68.3308
64.6771
61.3949
58.4259
596.714
413.648
313.33
251.041
208.948
178.729
156.038
138.4
124.31
112.802
103.231
95.1476
88.2328
82.249
77.0235
72.4176
68.3315
64.6778
61.3957
58.4268
596.714
413.65
313.332
251.043
208.949
178.73
156.039
138.401
124.311
112.803
103.232
95.1486
88.2337
82.2498
77.0242
72.4184
68.3322
64.6786
61.3965
58.4277
596.715
413.651
313.334
251.045
208.951
178.731
156.04
138.402
124.312
112.804
103.233
95.1494
88.2345
82.2506
77.0249
72.4191
68.3329
64.6794
61.3973
58.4286
596.715
413.653
313.335
251.046
208.952
178.733
156.041
138.403
124.313
112.805
103.234
95.1503
88.2353
82.2514
77.0256
72.4199
68.3336
64.6801
61.398
58.4295
596.715
413.654
313.337
251.048
208.954
178.734
156.043
138.404
124.314
112.806
103.235
95.151
88.236
82.2521
77.0264
72.4206
68.3343
64.6808
61.3989
58.4304
596.715
413.655
313.338
251.049
208.955
178.735
156.044
138.405
124.315
112.807
103.236
95.1519
88.2368
82.2528
77.027
72.4213
68.335
64.6815
61.3996
58.4312
596.715
413.656
313.34
251.051
208.956
178.736
156.045
138.406
124.316
112.807
103.237
95.1525
88.2374
82.2535
77.0277
72.4219
68.3357
64.6822
61.4004
58.4321
596.716
413.657
313.341
251.052
208.957
178.737
156.046
138.407
124.317
112.808
103.237
95.1533
88.2381
82.2542
77.0283
72.4226
68.3364
64.6829
61.4012
58.4329
596.716
413.657
313.342
251.053
208.958
178.738
156.047
138.408
124.317
112.809
103.238
95.1539
88.2387
82.2548
77.0289
72.4232
68.337
64.6836
61.4019
58.4338
596.716
413.658
313.343
251.054
208.959
178.739
156.047
138.408
124.318
112.81
103.239
95.1546
88.2393
82.2554
77.0295
72.4238
68.3376
64.6843
61.4027
58.4346
596.716
413.659
313.344
251.055
208.96
178.74
156.048
138.409
124.319
112.81
103.239
95.1551
88.2399
82.2559
77.0301
72.4244
68.3383
64.685
61.4035
58.4354
596.716
413.659
313.345
251.056
208.961
178.741
156.049
138.41
124.319
112.811
103.24
95.1557
88.2405
82.2565
77.0307
72.425
68.3389
64.6856
61.4042
58.4362
596.716
413.659
313.345
251.057
208.962
178.742
156.049
138.411
124.32
112.811
103.24
95.1562
88.2409
82.257
77.0312
72.4255
68.3395
64.6863
61.4049
58.437
596.716
413.66
313.346
251.057
208.962
178.742
156.05
138.411
124.32
112.812
103.241
95.1567
88.2415
82.2575
77.0317
72.4261
68.3401
64.6869
61.4056
58.4378
596.716
413.66
313.346
251.058
208.963
178.743
156.051
138.412
124.321
112.812
103.241
95.1572
88.2419
82.258
77.0322
72.4266
68.3407
64.6876
61.4064
58.4386
596.716
413.66
313.347
251.058
208.963
178.743
156.051
138.412
124.321
112.813
103.242
95.1576
88.2424
82.2585
77.0327
72.4272
68.3413
64.6882
61.4072
58.4394
596.716
413.66
313.347
251.059
208.964
178.744
156.052
138.412
124.322
112.813
103.242
95.158
88.2428
82.2589
77.0332
72.4277
68.3419
64.6888
61.4079
58.4402
596.716
413.66
313.347
251.059
208.964
178.744
156.052
138.413
124.322
112.814
103.243
95.1585
88.2433
82.2594
77.0338
72.4282
68.3425
64.6895
61.4086
58.4409
596.716
413.66
313.348
251.059
208.965
178.744
156.052
138.413
124.323
112.814
103.243
95.1589
88.2437
82.2598
77.0343
72.4287
68.3431
64.6901
61.4094
58.4417
596.716
413.66
313.348
251.06
208.965
178.745
156.053
138.414
124.323
112.815
103.243
95.1593
88.2442
82.2603
77.0348
72.4293
68.3437
64.6908
61.4101
58.4425
596.716
413.661
313.348
251.06
208.965
178.745
156.053
138.414
124.323
112.815
103.244
95.1597
88.2446
82.2608
77.0352
72.4299
68.3443
64.6915
61.4108
58.4433
596.716
413.661
313.348
251.06
208.965
178.745
156.053
138.414
124.324
112.815
103.244
95.1601
88.245
82.2612
77.0358
72.4304
68.3449
64.6921
61.4116
58.4441
596.716
413.661
313.348
251.06
208.966
178.746
156.054
138.414
124.324
112.816
103.244
95.1605
88.2455
82.2617
77.0363
72.431
68.3455
64.6928
61.4123
58.4449
596.716
413.661
313.348
251.061
208.966
178.746
156.054
138.415
124.324
112.816
103.245
95.1609
88.2459
82.2621
77.0368
72.4315
68.3462
64.6935
61.413
58.4457
596.716
413.661
313.348
251.061
208.966
178.746
156.054
138.415
124.325
112.816
103.245
95.1613
88.2463
82.2626
77.0373
72.4321
68.3468
64.6941
61.4137
58.4464
596.716
413.661
313.349
251.061
208.966
178.746
156.054
138.415
124.325
112.817
103.246
95.1617
88.2467
82.2631
77.0378
72.4327
68.3473
64.6948
61.4144
58.4472
596.716
413.661
313.349
251.061
208.966
178.746
156.055
138.416
124.325
112.817
103.246
95.162
88.2472
82.2636
77.0383
72.4333
68.348
64.6955
61.4151
58.448
596.716
413.661
313.349
251.061
208.967
178.747
156.055
138.416
124.325
112.817
103.246
95.1624
88.2476
82.264
77.0388
72.4338
68.3486
64.6962
61.4158
58.4487
596.716
413.661
313.349
251.061
208.967
178.747
156.055
138.416
124.326
112.817
103.247
95.1628
88.248
82.2645
77.0393
72.4344
68.3492
64.6968
61.4165
58.4494
596.716
413.661
313.349
251.061
208.967
178.747
156.055
138.416
124.326
112.818
103.247
95.1632
88.2484
82.265
77.0398
72.435
68.3497
64.6975
61.4171
58.4501
596.716
413.661
313.349
251.061
208.967
178.747
156.055
138.417
124.326
112.818
103.247
95.1636
88.2489
82.2655
77.0403
72.4355
68.3503
64.6981
61.4178
58.4508
596.716
413.661
313.349
251.061
208.967
178.747
156.056
138.417
124.327
112.818
103.248
95.164
88.2493
82.2659
77.0408
72.4361
68.3509
64.6987
61.4183
58.4514
596.716
413.661
313.349
251.062
208.967
178.747
156.056
138.417
124.327
112.819
103.248
95.1644
88.2497
82.2664
77.0413
72.4366
68.3514
64.6992
61.419
58.452
596.716
413.661
313.349
251.062
208.967
178.748
156.056
138.417
124.327
112.819
103.248
95.1647
88.2501
82.2668
77.0418
72.4371
68.352
64.6998
61.4195
58.4526
596.716
413.661
313.349
251.062
208.967
178.748
156.056
138.417
124.327
112.819
103.249
95.1651
88.2505
82.2672
77.0422
72.4375
68.3525
64.7003
61.4201
58.4531
596.716
413.661
313.349
251.062
208.967
178.748
156.056
138.418
124.328
112.82
103.249
95.1654
88.2508
82.2676
77.0426
72.438
68.3529
64.7008
61.4206
58.4537
596.716
413.661
313.349
251.062
208.968
178.748
156.056
138.418
124.328
112.82
103.249
95.1657
88.2512
82.268
77.0431
72.4384
68.3534
64.7013
61.421
58.4541
596.716
413.661
313.349
251.062
208.968
178.748
156.057
138.418
124.328
112.82
103.25
95.166
88.2516
82.2683
77.0435
72.4387
68.3539
64.7016
61.4216
58.4544
596.716
413.661
313.349
251.062
208.968
178.748
156.057
138.418
124.328
112.82
103.25
95.1663
88.2518
82.2687
77.0438
72.4391
68.3542
64.702
61.4219
58.4549
596.716
413.661
313.349
251.062
208.968
178.748
156.057
138.418
124.328
112.82
103.25
95.1666
88.2521
82.269
77.0441
72.4395
68.3545
64.7024
61.4222
58.4553
596.716
413.661
313.349
251.062
208.968
178.748
156.057
138.418
124.329
112.821
103.25
95.1668
88.2524
82.2692
77.0444
72.4398
68.3548
64.7027
61.4225
58.4556
596.716
413.661
313.349
251.062
208.968
178.748
156.057
138.419
124.329
112.821
103.25
95.167
88.2526
82.2694
77.0447
72.44
68.3551
64.7029
61.4228
58.4558
596.716
413.661
313.349
251.062
208.968
178.749
156.057
138.419
124.329
112.821
103.251
95.1672
88.2528
82.2697
77.0449
72.4402
68.3553
64.7032
61.423
58.456
596.716
413.661
313.349
251.062
208.968
178.749
156.057
138.419
124.329
112.821
103.251
95.1674
88.2529
82.2699
77.045
72.4404
68.3555
64.7034
61.4232
58.4563
596.716
413.661
313.349
251.062
208.968
178.749
156.057
138.419
124.329
112.821
103.251
95.1675
88.2531
82.27
77.0451
72.4406
68.3556
64.7035
61.4233
58.4564
596.716
413.661
313.349
251.062
208.968
178.749
156.057
138.419
124.329
112.821
103.251
95.1676
88.2532
82.2701
77.0453
72.4407
68.3557
64.7037
61.4234
58.4565
596.716
413.661
313.349
251.062
208.968
178.749
156.057
138.419
124.329
112.821
103.251
95.1677
88.2532
82.2702
77.0453
72.4408
68.3558
64.7037
61.4235
58.4566
596.716
413.661
313.349
251.062
208.968
178.749
156.058
138.419
124.329
112.821
103.251
95.1677
88.2533
82.2702
77.0454
72.4408
68.3559
64.7037
61.4236
58.4565
596.716
413.661
313.349
251.062
208.968
178.749
156.058
138.419
124.329
112.821
103.251
95.1678
88.2533
82.2703
77.0454
72.4409
68.3559
64.7038
61.4235
58.4566
596.716
413.661
313.349
251.062
208.968
178.749
156.058
138.419
124.329
112.822
103.251
95.1678
88.2533
82.2703
77.0454
72.4409
68.3559
64.7038
61.4235
58.4566
596.716
413.661
313.349
251.062
208.968
178.749
156.058
138.419
124.329
112.822
103.251
95.1678
88.2533
82.2703
77.0454
72.4409
68.3558
64.7038
61.4235
58.4566
596.716
413.661
313.349
251.062
208.968
178.749
156.058
138.419
124.329
112.822
103.251
95.1678
88.2533
82.2703
77.0454
72.4409
68.3558
64.7038
61.4234
58.4565
596.716
413.661
313.349
251.062
208.968
178.749
156.058
138.419
124.329
112.821
103.251
95.1677
88.2533
82.2702
77.0454
72.4408
68.3558
64.7036
61.4234
58.4564
596.716
413.661
313.35
251.062
208.968
178.749
156.058
138.419
124.329
112.821
103.251
95.1677
88.2533
82.2702
77.0454
72.4407
68.3558
64.7035
61.4234
58.4563
596.716
413.661
313.35
251.062
208.968
178.749
156.058
138.419
124.329
112.821
103.251
95.1677
88.2532
82.2702
77.0452
72.4407
68.3556
64.7035
61.4232
58.4563
596.716
413.661
313.35
251.062
208.968
178.749
156.058
138.419
124.329
112.821
103.251
95.1676
88.2532
82.2701
77.0452
72.4406
68.3555
64.7035
61.4231
58.4562
596.716
413.661
313.35
251.062
208.968
178.749
156.058
138.419
124.329
112.821
103.251
95.1676
88.2531
82.2701
77.0451
72.4406
68.3555
64.7034
61.423
58.4561
596.716
413.661
313.35
251.062
208.968
178.749
156.058
138.419
124.329
112.821
103.251
95.1675
88.2531
82.27
77.0451
72.4404
68.3554
64.7032
61.423
58.4559
596.716
413.661
313.35
251.062
208.968
178.749
156.057
138.419
124.329
112.821
103.251
95.1675
88.253
82.2699
77.045
72.4404
68.3553
64.7032
61.4229
58.4558
596.716
413.661
313.35
251.062
208.968
178.749
156.058
138.419
124.329
112.821
103.251
95.1674
88.253
82.2698
77.045
72.4402
68.3554
64.7029
61.4229
58.4556
596.716
413.661
313.35
251.062
208.968
178.749
156.057
138.419
124.329
112.821
103.251
95.1673
88.253
82.2697
77.045
72.4401
68.3553
64.7029
61.4228
58.4555
596.716
413.661
313.35
251.062
208.968
178.749
156.057
138.419
124.329
112.821
103.251
95.1673
88.2529
82.2696
77.0449
72.44
68.3552
64.7028
61.4227
58.4554
596.716
413.661
313.35
251.062
208.968
178.749
156.057
138.419
124.329
112.821
103.251
95.1672
88.2529
82.2696
77.0449
72.4399
68.3552
64.7027
61.4226
58.4553
596.716
413.661
313.35
251.062
208.968
178.749
156.057
138.419
124.329
112.821
103.251
95.1673
88.2527
82.2696
77.0447
72.44
68.3549
64.7028
61.4224
58.4554
596.716
413.661
313.35
251.062
208.968
178.749
156.057
138.419
124.329
112.821
103.251
95.1671
88.2528
82.2695
77.0447
72.4398
68.355
64.7025
61.4225
58.4551
596.716
413.661
313.35
251.062
208.968
178.749
156.057
138.419
124.329
112.821
103.251
95.1671
88.2528
82.2694
77.0447
72.4398
68.3549
64.7025
61.4224
58.4551
596.716
413.661
313.35
251.062
208.968
178.749
156.057
138.419
124.329
112.821
103.251
95.1671
88.2527
82.2694
77.0446
72.4397
68.3549
64.7024
61.4223
58.455
596.716
413.661
313.35
251.063
208.968
178.749
156.057
138.419
124.329
112.821
103.251
95.1671
88.2527
82.2694
77.0446
72.4397
68.3548
64.7024
61.4222
58.4549
596.717
413.661
313.35
251.063
208.968
178.749
156.057
138.419
124.329
112.821
103.251
95.167
88.2526
82.2693
77.0445
72.4396
68.3547
64.7023
61.4222
58.4549
596.717
413.662
313.35
251.063
208.968
178.749
156.057
138.419
124.329
112.821
103.251
95.167
88.2526
82.2693
77.0445
72.4396
68.3547
64.7022
61.4221
58.4548
596.717
413.662
313.35
251.063
208.968
178.749
156.057
138.419
124.329
112.821
103.251
95.167
88.2526
82.2692
77.0444
72.4396
68.3546
64.7022
61.422
58.4547
596.717
413.662
313.35
251.063
208.968
178.749
156.057
138.419
124.329
112.821
103.25
95.1671
88.2525
82.2693
77.0443
72.4397
68.3545
64.7023
61.4218
58.4548
3488.32
3491.56
3262.13
3085.58
3020
2987.15
2974.8
2961
2949.35
2930.95
2914.19
2894.8
2878
2859.48
2844.48
2828
2815.27
2800.58
2789.47
2776.2
2766.37
2754.43
2745.79
2735
2727.28
2717.34
2710.35
2701.19
2694.88
2686.39
2680.71
2672.82
2667.63
2660.2
2655.42
2648.43
2644.05
2637.45
2633.43
2627.19
2623.5
2617.54
2614.12
2608.41
2605.25
2599.77
2596.85
2591.59
2588.9
2583.81
2581.33
2576.4
2574.09
2569.33
2567.18
2562.57
2560.57
2556.11
2554.25
2549.91
2548.17
2543.94
2542.32
2538.2
2536.7
2532.67
2531.28
2527.34
2526.06
2522.2
2521.01
2517.22
2516.12
2512.4
2511.39
2507.73
2506.82
2503.19
2502.41
2498.61
1174.63
1569.28
1692.26
1761.07
1717.83
1599.81
1503.98
1422.45
1363.03
1318.63
1287
1260.69
1240.67
1222.69
1208.8
1195.38
1184.56
1173.44
1164.58
1155.21
1147.88
1139.84
1133.7
1126.59
1121.26
1114.93
1110.3
1104.62
1100.56
1095.43
1091.84
1087.14
1083.91
1079.59
1076.71
1072.72
1070.14
1066.42
1064.1
1060.61
1058.49
1055.21
1053.29
1050.18
1048.46
1045.49
1043.94
1041.1
1039.7
1036.96
1035.71
1033.05
1031.95
1029.35
1028.4
1025.84
1025.03
1022.51
1021.83
1019.33
1018.78
1016.31
1015.87
1013.41
1013.1
1010.64
1010.44
1007.98
1007.9
1005.45
1005.37
1003.07
1002.93
1000.78
1000.63
998.564
998.412
996.432
996.237
994.415
256.167
540.941
762.582
964.921
1027.49
1000.98
917.458
865.271
825.361
790.61
764.621
743.242
726.833
712.761
701.746
691.497
683.146
674.999
668.437
661.744
656.478
650.866
646.546
641.621
637.907
633.571
630.39
626.537
623.782
620.339
617.938
614.784
612.635
609.749
607.848
605.197
603.508
601.055
599.553
597.258
595.895
593.736
592.509
590.474
589.373
587.446
586.462
584.631
583.738
581.986
581.176
579.498
578.768
577.157
576.501
574.95
574.361
572.861
572.332
570.875
570.403
568.985
568.569
567.185
566.824
565.47
565.161
563.829
563.57
562.262
562.021
560.77
560.539
559.341
559.128
557.966
557.767
556.65
556.46
555.332
81.1765
117.816
238.991
373.589
542.151
660.719
677.234
659.41
625.79
596.719
573.512
552.356
535.552
521.272
509.515
498.764
490.187
482.223
475.714
469.354
464.266
459.042
454.881
450.374
446.888
443.009
440.071
436.67
434.162
431.156
428.99
426.248
424.338
421.85
420.182
417.914
416.447
414.362
413.07
411.126
409.963
408.143
407.103
405.4
404.474
402.874
402.049
400.539
399.788
398.356
397.671
396.314
395.691
394.404
393.835
392.614
392.093
390.928
390.446
389.331
388.887
387.817
387.41
386.383
386.01
385.023
384.682
383.726
383.415
382.488
382.198
381.307
381.037
380.178
379.93
379.098
378.868
378.064
377.867
376.99
55.7042
52.4093
83.8713
100.852
182.127
273.963
406.24
485.345
502.874
496.761
479.188
460.365
445.077
430.642
417.874
406.36
396.948
388.169
380.88
374.007
368.368
362.741
358.116
353.451
349.735
345.803
342.701
339.299
336.686
333.705
331.448
328.769
326.816
324.421
322.729
320.562
319.083
317.105
315.808
313.973
312.818
311.114
310.09
308.507
307.599
306.122
305.314
303.927
303.193
301.886
301.221
299.99
299.385
298.226
297.675
296.582
296.077
295.041
294.572
293.587
293.153
292.217
291.814
290.925
290.552
289.705
289.358
288.547
288.222
287.444
287.14
286.393
286.11
285.393
285.131
284.439
284.197
283.526
283.323
282.559
55.8782
51.6022
51.4052
52.1093
63.5545
73.8995
139.87
215.809
315.946
378.784
398.39
396.727
388.391
376.462
365.499
355.229
345.697
336.349
328.495
321.115
314.8
308.596
303.371
298.291
294.1
289.809
286.322
282.654
279.743
276.54
274.042
271.254
269.134
266.673
264.841
262.63
261.032
259.03
257.628
255.793
254.557
252.871
251.781
250.226
249.261
247.819
246.96
245.611
244.836
243.574
242.875
241.693
241.061
239.952
239.38
238.337
237.815
236.829
236.347
235.414
234.97
234.086
233.677
232.84
232.461
231.669
231.316
230.561
230.23
229.509
229.199
228.512
228.222
227.565
227.296
226.664
226.415
225.804
225.59
224.891
55.7204
53.1053
50.4388
48.5367
46.5647
46.2926
52.5906
60.7262
110.502
167.83
247.601
301.35
324.636
327.582
324.573
317.829
310.064
302.465
295.559
288.475
281.984
275.655
270.175
264.811
260.153
255.478
251.589
247.598
244.323
240.814
237.995
234.971
232.594
229.934
227.874
225.499
223.708
221.576
220.012
218.096
216.73
214.989
213.789
212.196
211.131
209.661
208.71
207.345
206.495
205.228
204.467
203.287
202.6
201.497
200.878
199.844
199.279
198.304
197.788
196.868
196.396
195.528
195.096
194.275
193.878
193.101
192.732
191.994
191.65
190.948
190.627
189.96
189.661
189.025
188.747
188.138
187.881
187.294
187.066
186.397
55.5333
53.4476
50.702
49.0426
46.5199
45.1268
42.8743
42.1971
46.0286
51.4938
85.2315
127.203
189.225
238.175
265.748
275.929
275.552
273.107
268.07
262.544
257.385
252.237
247.324
242.273
237.591
232.938
228.922
224.796
221.252
217.544
214.476
211.219
208.578
205.677
203.37
200.79
198.784
196.478
194.713
192.643
191.107
189.241
187.894
186.194
184.995
183.435
182.363
180.937
179.991
178.678
177.832
176.615
175.854
174.721
174.035
172.976
172.353
171.359
170.794
169.861
169.348
168.471
168.003
167.174
166.746
165.961
165.566
164.822
164.457
163.751
163.414
162.743
162.43
161.793
161.503
160.895
160.625
160.041
159.798
159.135
55.5756
53.3827
50.8524
49.0585
46.8352
45.3845
43.2206
41.935
40.3259
38.136
40.9703
43.3921
64.9824
91.1961
136.668
182.71
214.18
231.345
236.681
236.267
234.243
230.807
226.954
223.111
219.446
215.605
212.004
208.19
204.736
201.169
198.127
194.831
192.059
189.023
186.567
183.85
181.68
179.225
177.28
175.049
173.342
171.328
169.824
167.988
166.644
164.965
163.765
162.234
161.174
159.768
158.82
157.522
156.671
155.469
154.701
153.582
152.889
151.85
151.226
150.255
149.69
148.779
148.265
147.406
146.937
146.124
145.696
144.927
144.535
143.808
143.447
142.758
142.425
141.77
141.463
140.839
140.554
139.956
139.697
139.021
55.6831
53.2668
51.01
48.928
47.0582
45.253
43.6339
42.0494
40.5926
39.0291
37.8693
35.9993
36.8317
37.3199
49.2698
62.7405
93.7635
130.489
165.149
188.776
200.968
205.575
205.325
204.064
201.805
198.895
196.128
193.204
190.493
187.562
184.936
181.953
179.366
176.492
174.135
171.461
169.273
166.774
164.765
162.465
160.661
158.548
156.923
154.974
153.514
151.732
150.423
148.781
147.607
146.092
145.039
143.643
142.698
141.408
140.553
139.353
138.581
137.467
136.775
135.738
135.113
134.14
133.572
132.657
132.139
131.278
130.81
129.999
129.575
128.808
128.421
127.694
127.339
126.65
126.322
125.667
125.363
124.739
124.461
123.757
55.7349
53.2251
51.0448
48.9007
47.0889
45.2257
43.6964
42.0632
40.741
39.286
38.1162
36.7443
35.764
34.3354
33.6734
33.0872
38.4673
44.0299
60.429
86.377
116.832
144.646
164.413
175.201
180.017
180.342
179.676
178.06
176.256
173.967
171.976
169.662
167.682
165.341
163.381
161.006
159.05
156.73
154.879
152.696
150.946
148.857
147.216
145.247
143.754
141.928
140.567
138.856
137.605
136.01
134.879
133.402
132.379
131.007
130.078
128.796
127.953
126.756
125.997
124.88
124.193
123.145
122.522
121.537
120.971
120.043
119.534
118.658
118.199
117.37
116.954
116.169
115.789
115.046
114.695
113.993
113.667
113.004
112.705
111.961
55.7284
53.2434
51.0239
48.9325
47.052
45.2722
43.6518
42.1218
40.7089
39.3709
38.1356
36.9556
35.8401
34.7981
33.6474
32.6646
31.8867
30.6855
32.2878
33.623
41.6139
52.4916
74.2637
99.1389
122.843
141.179
152.376
157.769
159.624
159.351
158.549
157.026
155.701
153.917
152.448
150.579
149.128
147.244
145.768
143.892
142.384
140.502
139.027
137.207
135.828
134.071
132.76
131.07
129.83
128.233
127.09
125.584
124.529
123.107
122.135
120.798
119.911
118.652
117.843
116.659
115.921
114.804
114.134
113.081
112.477
111.478
110.932
109.984
109.491
108.591
108.146
107.293
106.888
106.081
105.706
104.947
104.598
103.881
103.561
102.762
55.7173
53.2576
51.014
48.9446
47.0459
45.2788
43.6502
42.1233
40.7129
39.3746
38.1476
36.9623
35.882
34.8289
33.8547
32.8939
32.0079
31.1088
30.3541
29.502
29.001
28.7234
31.6489
34.9545
44.5373
59.7517
80.3462
100.735
118.306
130.804
137.937
141.175
142.047
141.76
141.068
139.804
138.808
137.413
136.289
134.802
133.69
132.197
131.065
129.543
128.412
126.858
125.73
124.195
123.101
121.622
120.571
119.125
118.118
116.717
115.773
114.439
113.562
112.287
111.469
110.249
109.492
108.33
107.64
106.534
105.909
104.853
104.284
103.272
102.755
101.792
101.324
100.409
99.9804
99.1161
98.7172
97.9007
97.5303
96.7587
96.4153
95.5568
55.7237
53.2512
51.023
48.9356
47.0572
45.2669
43.6646
42.1081
40.7301
39.3594
38.1667
36.9464
35.9071
34.8107
33.9002
32.9026
32.1033
31.1894
30.4781
29.6217
28.9575
28.1448
27.6746
26.8581
27.0993
27.4259
31.1163
35.8499
46.574
61.3665
78.9639
95.5323
109.108
118.615
123.944
126.484
127.116
126.936
126.414
125.41
124.637
123.518
122.703
121.472
120.638
119.408
118.581
117.32
116.481
115.214
114.352
113.066
112.211
110.936
110.117
108.874
108.083
106.862
106.1
104.905
104.187
103.032
102.368
101.251
100.636
99.5543
98.9862
97.9407
97.4201
96.4172
95.9396
94.9828
94.5371
93.6302
93.2132
92.3527
91.9635
91.1501
90.785
89.8741
55.7275
53.2507
51.0255
48.9364
47.0579
45.2692
43.6631
42.1125
40.7253
39.3666
38.1584
36.9564
35.8957
34.8242
33.8866
32.9241
32.0897
31.2189
30.4743
29.6793
29.0066
28.2826
27.6557
27.004
26.4061
25.8028
25.4126
24.7528
25.5748
26.2147
29.7665
34.9333
45.0652
58.0361
72.7852
86.6783
98.0151
106.134
110.982
113.435
114.299
114.198
113.948
113.152
112.582
111.653
111.053
110.076
109.449
108.419
107.804
106.77
106.151
105.086
104.466
103.383
102.748
101.656
101.026
99.938
99.3338
98.2596
97.6779
96.6112
96.053
95.0021
94.4744
93.4504
92.9556
91.9635
91.4934
90.5383
90.0907
89.1728
88.7502
87.8742
87.4758
86.6428
86.2644
85.3212
55.7226
53.2602
51.0174
48.9487
47.0464
45.2844
43.6483
42.1311
40.7071
39.3885
38.1368
36.9812
35.8719
34.8511
33.8603
32.954
32.0611
31.2541
30.4428
29.7215
28.9779
28.334
27.6442
27.0693
26.4261
25.9026
25.3007
24.8299
24.2671
23.8764
23.4268
23.2682
23.6907
24.405
27.4999
32.0349
40.854
51.4308
63.9049
75.7974
86.0931
93.7629
98.775
101.647
102.973
103.183
103.067
102.65
102.222
101.436
100.978
100.172
99.737
98.8629
98.4181
97.5305
97.0928
96.2055
95.7544
94.8448
94.3913
93.4662
93.003
92.063
91.601
90.6622
90.2115
89.2894
88.8478
87.936
87.502
86.6031
86.1813
85.3053
84.9008
84.0553
83.6666
82.85
82.4734
81.5351
55.7181
53.2677
51.013
48.9559
47.0424
45.291
43.6448
42.1368
40.7043
39.3936
38.1346
36.9857
35.8697
34.8555
33.8584
32.9578
32.06
31.2564
30.4428
29.7221
28.9805
28.3315
27.6517
27.0648
26.4396
25.9055
25.3283
24.8408
24.3045
23.8574
23.3626
22.9542
22.502
22.1484
21.7918
21.6256
21.7125
22.8444
24.6807
28.1559
34.929
43.2516
53.5114
63.8756
73.3884
81.2986
86.8248
90.497
92.5024
93.401
93.5307
93.376
93.1261
92.5436
92.21
91.5144
91.1765
90.4807
90.1416
89.4134
89.069
88.3331
87.9959
87.2576
86.9103
86.1499
85.8007
85.0302
84.6733
83.8882
83.5284
82.7403
82.3827
81.6067
81.2531
80.4886
80.137
79.3814
79.0323
78.1464
55.72
53.268
51.0154
48.9551
47.0455
45.289
43.6489
42.1335
40.7097
39.3886
38.1415
36.9791
35.8783
34.8469
33.8691
32.9466
32.0736
31.2422
30.4594
29.705
29.0003
28.3118
27.6748
27.0433
26.4657
25.8829
25.3589
24.817
24.3417
23.835
23.4022
22.9263
22.5345
22.082
21.7324
21.3024
20.9966
20.62
20.3463
20.0796
20.0667
20.8697
21.8938
24.3618
28.7932
34.5337
42.8417
51.3684
60.2304
68.0938
74.5579
79.1878
82.2579
83.9822
84.8987
85.027
84.9666
84.6862
84.4528
83.9163
83.6421
83.0491
82.7911
82.188
81.9353
81.3139
81.0586
80.4301
80.1799
79.5548
79.2971
78.6593
78.3927
77.7534
77.474
76.8268
76.537
75.8854
75.5967
74.8054
55.7265
53.2639
51.0232
48.9496
47.0545
45.2821
43.6592
42.1253
40.7211
39.3793
38.1539
36.9687
35.8918
34.8355
33.8834
32.9344
32.0885
31.2294
30.4748
29.6917
29.0161
28.2979
27.6911
27.0285
26.4826
25.8674
25.3759
24.8013
24.3588
23.819
23.4207
22.911
22.5531
22.0687
21.7482
21.2852
20.9994
20.5552
20.3001
19.8711
19.6447
19.2458
19.0736
18.7492
18.7193
18.816
19.4913
20.447
23.461
26.7555
32.7531
39.2099
46.914
54.2612
61.1832
66.9387
71.3003
74.2187
76.1664
77.0787
77.567
77.5141
77.4533
77.0864
76.9234
76.4514
76.2474
75.7374
75.5291
75.0275
74.8252
74.3183
74.1062
73.5952
73.3807
72.8797
72.6562
72.1485
71.9383
71.2685
55.7284
53.2652
51.0243
48.9512
47.0548
45.2843
43.6586
42.1282
40.7196
39.383
38.1512
36.9736
35.8877
34.8418
33.8777
32.9425
32.0808
31.2395
30.4649
29.7041
29.0039
28.3128
27.6764
27.0463
26.4648
25.8885
25.3547
24.8262
24.3337
23.8482
23.3912
22.945
22.5185
22.1084
21.7078
21.3315
20.9529
20.6079
20.2477
19.9323
19.5866
19.2995
18.9669
18.708
18.3897
18.1579
17.8659
17.681
17.4533
17.43
17.6223
17.9382
19.303
20.9223
24.6613
28.4955
34.5527
40.4552
47.2395
53.1127
58.8408
62.985
66.4883
68.4219
70.0054
70.5487
70.9431
70.8763
70.798
70.5226
70.3706
69.9889
69.8104
69.3903
69.1995
68.7905
68.5969
68.198
68.0428
67.4667
55.729
53.2687
51.0245
48.9549
47.0547
45.2881
43.6583
42.1322
40.719
39.3873
38.1506
36.978
35.887
34.8464
33.8771
32.947
32.0806
31.2439
30.4651
29.7081
29.0048
28.316
27.6782
27.0484
26.468
25.8893
25.3594
24.8252
24.3403
23.845
23.4003
22.9391
22.5306
22.0991
21.7237
21.3182
20.9733
20.5899
20.2737
19.9092
19.6199
19.2713
19.0077
18.6723
18.4326
18.109
17.892
17.5792
17.3842
17.082
16.9111
16.6273
16.4946
16.2713
16.2308
16.2859
16.6593
17.189
18.9125
20.7361
24.4277
28.3411
33.7681
38.9392
44.7687
49.6628
54.494
57.9606
60.957
62.6347
64.0708
64.5633
65.0076
64.966
64.945
64.712
64.5845
64.2849
64.1686
63.6754
55.7301
53.2703
51.0257
48.9562
47.056
45.2892
43.6598
42.133
40.7208
39.3878
38.1528
36.9782
35.8897
34.8462
33.8804
32.9464
32.0844
31.2429
30.4695
29.7067
29.0098
28.3144
27.6838
27.0467
26.474
25.8875
25.3659
24.8234
24.3471
23.8432
23.4073
22.9373
22.5377
22.0975
21.7306
21.317
20.9795
20.5897
20.2788
19.9103
19.6234
19.2743
19.0091
18.6775
18.4323
18.1163
17.8895
17.588
17.3776
17.0898
16.8945
16.6188
16.4389
16.1744
16.0089
15.7582
15.6106
15.3816
15.2768
15.0913
15.1398
15.2335
15.701
16.4573
17.6212
19.9619
22.6642
26.5783
30.8538
35.6102
40.4092
44.8485
49.0229
52.3119
55.125
56.9003
58.3478
59.0468
59.6008
59.6383
55.733
53.2737
51.0288
48.9596
47.0589
45.2925
43.6626
42.1363
40.7236
39.3911
38.1555
36.9816
35.8922
34.8498
33.8825
32.9504
32.0861
31.2473
30.4707
29.7116
29.0103
28.3198
27.6835
27.0526
26.4729
25.894
25.3639
24.8307
24.3442
23.8512
23.4034
22.9462
22.5328
22.1075
21.7246
21.3281
20.9724
20.602
20.2705
19.9239
19.6141
19.2893
18.9991
18.694
18.4215
18.1346
17.878
17.6079
17.3657
17.111
16.8822
16.6413
16.4248
16.197
15.9913
15.7763
15.5803
15.3769
15.1912
14.9985
14.8224
14.6438
14.4825
14.3256
14.2059
14.0782
14.1221
14.2179
14.6241
15.2644
16.2626
18.2524
20.1635
23.8258
26.4497
31.4628
34.4445
39.7666
42.0662
47.6323
55.734
53.2782
51.0304
48.9653
47.0604
45.2994
43.6641
42.1443
40.7251
39.4002
38.157
36.9917
35.8937
34.861
33.884
32.9626
32.0876
31.2605
30.4722
29.7258
29.0119
28.335
27.6852
27.0688
26.4748
25.9111
25.366
24.8487
24.3464
23.8701
23.4059
22.966
22.5354
22.1281
21.7276
21.3493
20.9758
20.6236
20.2746
19.9458
19.6189
19.3113
19.0045
18.716
18.4276
18.1564
17.8848
17.6294
17.3733
17.1322
16.8905
16.6622
16.4341
16.2174
16.0018
15.7958
15.5918
15.3956
15.2021
15.0153
14.8315
14.6535
14.4788
14.3091
14.1436
13.982
13.8248
13.6742
13.5311
13.3987
13.2882
13.1915
13.1816
13.2422
13.4678
13.8908
14.4233
15.8268
16.5353
22.0528
55.7302
53.2757
51.0262
48.9627
47.0558
45.2967
43.659
42.1415
40.7194
39.3973
38.1506
36.9889
35.8866
34.8581
33.8762
32.9597
32.0792
31.2575
30.4632
29.7226
29.0022
28.3314
27.6751
27.0648
26.4641
25.9068
25.3547
24.8439
24.3345
23.865
23.3933
22.9605
22.5222
22.1221
21.7138
21.3429
20.9614
20.6167
20.2594
19.9384
19.6031
19.3034
18.9879
18.7077
18.4102
18.1477
17.8667
17.6204
17.3543
17.1228
16.8705
16.6526
16.413
16.2076
15.9798
15.7857
15.569
15.3851
15.1788
15.0045
14.8076
14.6424
14.4539
14.2976
14.1162
13.9683
13.7941
13.654
13.4865
13.354
13.1929
13.0674
12.9147
12.7956
12.6561
12.5456
12.4094
12.3221
12.2194
12.3249
55.7297
53.2733
51.0252
48.9595
47.0546
45.2928
43.6575
42.137
40.7177
39.3923
38.1487
36.9833
35.8846
34.852
33.8741
32.953
32.077
31.2502
30.461
29.7148
29
28.3231
27.6728
27.0559
26.4619
25.8973
25.3526
24.8338
24.3326
23.8542
23.3916
22.949
22.5207
22.1098
21.7125
21.3298
20.9605
20.6029
20.2589
19.9238
19.6029
19.2879
18.9881
18.6913
18.4108
18.1305
17.8676
17.6022
17.3557
17.1038
16.8724
16.6327
16.4154
16.1868
15.9827
15.7639
15.5725
15.3624
15.183
14.9806
14.8125
14.6175
14.4597
14.2715
14.1233
13.9414
13.8025
13.6259
13.4961
13.3244
13.2029
13.0359
12.9226
12.7589
12.6549
12.4923
12.3941
12.2426
12.1435
11.9734
55.7311
53.2734
51.0263
48.9593
47.0557
45.2921
43.6587
42.136
40.719
39.391
38.1502
36.9816
35.8863
34.85
33.8761
32.9507
32.0791
31.2476
30.4633
29.7118
29.0025
28.3199
27.6755
27.0525
26.4647
25.8937
25.3555
24.83
24.3356
23.8503
23.3947
22.9449
22.524
22.1056
21.7159
21.3255
20.9639
20.5984
20.2624
19.9193
19.6064
19.2834
18.9917
18.6868
18.4144
18.126
17.8712
17.5979
17.3592
17.0997
16.8758
16.6288
16.4187
16.183
15.9859
15.7603
15.5755
15.359
15.1858
14.9775
14.8151
14.6146
14.462
14.269
14.1254
13.9392
13.8043
13.624
13.4975
13.323
13.2039
13.035
12.9231
12.7585
12.655
12.4921
12.3936
12.2435
12.1426
11.9714
55.7324
53.2741
51.0276
48.9598
47.057
45.2925
43.6599
42.1362
40.7203
39.3911
38.1515
36.9816
35.8877
34.8499
33.8775
32.9504
32.0807
31.2473
30.4649
29.7115
29.0042
28.3195
27.6772
27.0521
26.4664
25.8933
25.3572
24.8296
24.3373
23.8499
23.3963
22.9445
22.5255
22.1052
21.7174
21.3251
20.9653
20.5981
20.2637
19.919
19.6077
19.2831
18.9929
18.6866
18.4155
18.1259
17.8722
17.5978
17.3601
17.0996
16.8766
16.6287
16.4195
16.183
15.9866
15.7604
15.5761
15.3591
15.1863
14.9777
14.8156
14.6148
14.4624
14.2692
14.1257
13.9394
13.8046
13.6243
13.4978
13.3233
13.2041
13.0353
12.9233
12.7589
12.6551
12.4925
12.3938
12.244
12.1432
11.9717
55.7335
53.2751
51.0287
48.9606
47.0579
45.2932
43.6608
42.1369
40.7211
39.3916
38.1524
36.9821
35.8885
34.8503
33.8783
32.9508
32.0815
31.2477
30.4657
29.7118
29.005
28.3199
27.678
27.0524
26.4672
25.8936
25.3579
24.8299
24.338
23.8502
23.397
22.9448
22.5262
22.1055
21.718
21.3255
20.9659
20.5984
20.2643
19.9193
19.6082
19.2835
18.9934
18.6869
18.416
18.1262
17.8726
17.5981
17.3605
17.0999
16.877
16.6291
16.4198
16.1833
15.9869
15.7607
15.5764
15.3594
15.1866
14.978
14.8158
14.6152
14.4627
14.2696
14.126
13.9398
13.8049
13.6247
13.4981
13.3236
13.2044
13.0356
12.9236
12.7591
12.6554
12.4927
12.394
12.2442
12.1429
11.9717
55.7345
53.2761
51.0296
48.9615
47.0587
45.294
43.6616
42.1376
40.7218
39.3923
38.153
36.9828
35.8892
34.851
33.879
32.9515
32.0821
31.2482
30.4663
29.7124
29.0055
28.3204
27.6785
27.053
26.4677
25.8941
25.3584
24.8304
24.3385
23.8507
23.3975
22.9453
22.5266
22.106
21.7184
21.3259
20.9663
20.5989
20.2647
19.9197
19.6086
19.2839
18.9938
18.6874
18.4163
18.1266
17.873
17.5985
17.3609
17.1003
16.8774
16.6294
16.4202
16.1837
15.9872
15.761
15.5767
15.3598
15.1869
14.9783
14.8162
14.6155
14.463
14.2698
14.1263
13.94
13.8052
13.6249
13.4984
13.3239
13.2046
13.0359
12.9239
12.7594
12.6557
12.4929
12.3941
12.2443
12.1423
11.972
55.7355
53.2772
51.0306
48.9625
47.0596
45.2949
43.6623
42.1384
40.7225
39.393
38.1537
36.9835
35.8898
34.8516
33.8795
32.9521
32.0826
31.2489
30.4668
29.713
29.0061
28.321
27.679
27.0536
26.4682
25.8947
25.3589
24.831
24.3389
23.8512
23.3979
22.9458
22.5271
22.1065
21.7188
21.3264
20.9667
20.5993
20.2651
19.9202
19.609
19.2843
18.9941
18.6878
18.4167
18.127
17.8733
17.5989
17.3612
17.1007
16.8777
16.6298
16.4205
16.184
15.9876
15.7613
15.577
15.36
15.1872
14.9786
14.8165
14.6158
14.4633
14.2701
14.1265
13.9403
13.8054
13.6252
13.4986
13.3242
13.2049
13.0361
12.9241
12.7596
12.6559
12.4932
12.3944
12.2447
12.1431
11.9721
55.7365
53.2782
51.0315
48.9634
47.0604
45.2956
43.6631
42.1391
40.7233
39.3937
38.1544
36.984
35.8905
34.8521
33.8802
32.9525
32.0833
31.2493
30.4675
29.7134
29.0068
28.3213
27.6798
27.0538
26.4689
25.8949
25.3597
24.8311
24.3398
23.8512
23.3989
22.9456
22.5282
22.1062
21.72
21.326
20.968
20.5989
20.2663
19.9198
19.6102
19.2839
18.9953
18.6873
18.4179
18.1264
17.8747
17.5982
17.3627
17.0997
16.8794
16.6286
16.4224
16.1827
15.9895
15.7601
15.5788
15.359
15.1887
14.9778
14.8178
14.615
14.4647
14.269
14.1283
13.939
13.8072
13.624
13.5004
13.3226
13.2074
13.034
12.9266
12.7582
12.6566
12.4952
12.4018
12.2373
12.1662
11.9353
55.7375
53.2792
51.0325
48.9643
47.0613
45.2965
43.6639
42.1398
40.724
39.3944
38.1551
36.9847
35.8911
34.8527
33.8808
32.9531
32.0839
31.2498
30.4681
29.7139
29.0073
28.3218
27.6802
27.0543
26.4694
25.8954
25.3601
24.8316
24.3402
23.8517
23.3992
22.9462
22.5284
22.1068
21.7202
21.3266
20.968
20.5996
20.2664
19.9204
19.6102
19.2845
18.9953
18.688
18.4178
18.1272
17.8745
17.599
17.3624
17.1006
16.8789
16.6297
16.4217
16.1839
15.9887
15.7613
15.5781
15.3601
15.1882
14.9787
14.8174
14.6158
14.4642
14.2702
14.1275
13.9403
13.8063
13.6252
13.4995
13.3242
13.2058
13.0361
12.925
12.7597
12.6566
12.4935
12.3954
12.2448
12.144
11.9724
55.7385
53.2802
51.0335
48.9652
47.0622
45.2972
43.6646
42.1405
40.7246
39.395
38.1557
36.9853
35.8916
34.8533
33.8813
32.9537
32.0844
31.2504
30.4685
29.7145
29.0077
28.3224
27.6806
27.0549
26.4697
25.896
25.3604
24.8323
24.3404
23.8524
23.3993
22.9469
22.5284
22.1076
21.7201
21.3274
20.968
20.6004
20.2663
19.9211
19.6102
19.2852
18.9952
18.6887
18.4178
18.1279
17.8744
17.5997
17.3622
17.1015
16.8787
16.6305
16.4214
16.1848
15.9885
15.7621
15.5779
15.3608
15.188
14.9794
14.8172
14.6165
14.464
14.2708
14.1273
13.941
13.8061
13.6259
13.4993
13.3248
13.2056
13.0368
12.9247
12.7603
12.6565
12.4939
12.3951
12.2455
12.144
11.973
55.7395
53.2812
51.0345
48.9661
47.063
45.298
43.6654
42.1412
40.7253
39.3957
38.1563
36.9859
35.8922
34.8539
33.8819
32.9543
32.0849
31.251
30.469
29.715
29.0081
28.3229
27.681
27.0554
26.4701
25.8965
25.3607
24.8327
24.3407
23.8529
23.3996
22.9474
22.5287
22.1081
21.7204
21.3279
20.9682
20.6008
20.2665
19.9215
19.6104
19.2856
18.9955
18.689
18.418
18.1282
17.8746
17.6001
17.3624
17.1018
16.8788
16.6309
16.4216
16.1851
15.9886
15.7624
15.5781
15.3611
15.1882
14.9796
14.8174
14.6167
14.4642
14.2711
14.1275
13.9412
13.8063
13.6261
13.4995
13.3251
13.2057
13.037
12.9249
12.7605
12.6567
12.494
12.3952
12.2455
12.144
11.973
55.7405
53.2822
51.0354
48.967
47.0639
45.2988
43.6661
42.1419
40.726
39.3963
38.1569
36.9865
35.8928
34.8545
33.8824
32.9548
32.0854
31.2514
30.4694
29.7155
29.0086
28.3234
27.6814
27.0559
26.4705
25.8969
25.3611
24.8331
24.3411
23.8533
23.4
22.9478
22.529
22.1084
21.7207
21.3282
20.9686
20.6011
20.2669
19.9218
19.6107
19.2859
18.9958
18.6893
18.4182
18.1285
17.8748
17.6003
17.3627
17.102
16.8791
16.6311
16.4218
16.1853
15.9888
15.7626
15.5783
15.3613
15.1884
14.9798
14.8176
14.6169
14.4644
14.2713
14.1276
13.9414
13.8065
13.6263
13.4996
13.3253
13.2059
13.0372
12.9251
12.7606
12.6569
12.4943
12.3954
12.2458
12.1448
11.9734
55.7414
53.2832
51.0364
48.9679
47.0647
45.2996
43.6669
42.1426
40.7267
39.397
38.1575
36.9871
35.8933
34.855
33.8829
32.9553
32.0859
31.2519
30.4699
29.7159
29.009
28.3238
27.6819
27.0563
26.4709
25.8973
25.3615
24.8335
24.3414
23.8536
23.4003
22.9481
22.5294
22.1087
21.721
21.3285
20.9689
20.6014
20.2671
19.9221
19.611
19.2862
18.996
18.6896
18.4185
18.1287
17.8751
17.6006
17.3629
17.1023
16.8793
16.6313
16.422
16.1855
15.989
15.7628
15.5785
15.3615
15.1886
14.98
14.8178
14.6171
14.4646
14.2714
14.1278
13.9416
13.8066
13.6264
13.4998
13.3254
13.2061
13.0373
12.9253
12.7608
12.657
12.4943
12.3954
12.2457
12.1438
11.9734
55.7424
53.2842
51.0373
48.9688
47.0655
45.3004
43.6676
42.1433
40.7273
39.3976
38.1581
36.9877
35.8939
34.8555
33.8834
32.9558
32.0863
31.2524
30.4703
29.7164
29.0094
28.3242
27.6822
27.0566
26.4713
25.8976
25.3619
24.8338
24.3418
23.8539
23.4006
22.9484
22.5297
22.109
21.7213
21.3288
20.9691
20.6017
20.2674
19.9224
19.6112
19.2864
18.9963
18.6898
18.4187
18.129
17.8753
17.6008
17.3631
17.1025
16.8795
16.6315
16.4222
16.1857
15.9892
15.763
15.5787
15.3617
15.1888
14.9802
14.818
14.6173
14.4647
14.2716
14.128
13.9418
13.8068
13.6266
13.4999
13.3256
13.2062
13.0375
12.9254
12.7609
12.6571
12.4945
12.3956
12.2459
12.1442
11.9733
55.7433
53.2851
51.0383
48.9696
47.0664
45.3011
43.6683
42.144
40.728
39.3982
38.1587
36.9882
35.8944
34.856
33.8839
32.9563
32.0868
31.2528
30.4708
29.7168
29.0098
28.3246
27.6826
27.057
26.4716
25.898
25.3622
24.8342
24.3421
23.8543
23.4009
22.9487
22.53
22.1093
21.7216
21.3291
20.9694
20.6019
20.2677
19.9226
19.6115
19.2867
18.9965
18.69
18.4189
18.1292
17.8755
17.601
17.3633
17.1027
16.8797
16.6317
16.4224
16.1859
15.9894
15.7632
15.5788
15.3618
15.1889
14.9803
14.8181
14.6174
14.4649
14.2717
14.1281
13.9419
13.8069
13.6267
13.5001
13.3257
13.2063
13.0376
12.9255
12.761
12.6573
12.4946
12.3957
12.246
12.1443
11.9735
55.7442
53.286
51.0392
48.9705
47.0672
45.3019
43.6691
42.1446
40.7286
39.3988
38.1593
36.9887
35.895
34.8565
33.8844
32.9567
32.0872
31.2532
30.4712
29.7172
29.0102
28.325
27.683
27.0574
26.472
25.8983
25.3625
24.8345
24.3424
23.8546
23.4012
22.949
22.5302
22.1096
21.7219
21.3293
20.9696
20.6021
20.2679
19.9228
19.6117
19.2869
18.9967
18.6902
18.4191
18.1294
17.8757
17.6012
17.3635
17.1028
16.8798
16.6319
16.4226
16.186
15.9896
15.7633
15.579
15.3619
15.1891
14.9805
14.8183
14.6175
14.465
14.2718
14.1283
13.942
13.8071
13.6268
13.5002
13.3258
13.2064
13.0377
12.9256
12.7612
12.6574
12.4947
12.3959
12.2461
12.1447
11.9738
55.7451
53.287
51.0401
48.9714
47.068
45.3027
43.6698
42.1453
40.7293
39.3994
38.1598
36.9893
35.8955
34.857
33.8849
32.9572
32.0877
31.2536
30.4716
29.7175
29.0106
28.3253
27.6833
27.0577
26.4723
25.8986
25.3628
24.8348
24.3427
23.8548
23.4015
22.9492
22.5305
22.1098
21.7221
21.3295
20.9699
20.6024
20.2681
19.923
19.6119
19.2871
18.9969
18.6904
18.4193
18.1295
17.8759
17.6013
17.3636
17.103
16.88
16.632
16.4227
16.1862
15.9897
15.7635
15.5791
15.3621
15.1892
14.9806
14.8184
14.6177
14.4651
14.272
14.1283
13.9421
13.8072
13.6269
13.5003
13.3259
13.2065
13.0378
12.9257
12.7612
12.6575
12.4948
12.396
12.2462
12.1446
11.9736
55.746
53.2879
51.041
48.9723
47.0688
45.3034
43.6704
42.146
40.7298
39.4
38.1604
36.9898
35.8959
34.8575
33.8853
32.9576
32.088
31.2541
30.4719
29.7179
29.0109
28.3257
27.6836
27.058
26.4726
25.8989
25.3631
24.8351
24.3429
23.8551
23.4017
22.9495
22.5307
22.1101
21.7223
21.3298
20.9701
20.6026
20.2683
19.9232
19.6121
19.2872
18.997
18.6906
18.4195
18.1297
17.876
17.6015
17.3638
17.1031
16.8801
16.6322
16.4228
16.1863
15.9898
15.7636
15.5792
15.3622
15.1893
14.9807
14.8185
14.6178
14.4652
14.2721
14.1285
13.9422
13.8073
13.627
13.5004
13.326
13.2066
13.0379
12.9258
12.7613
12.6576
12.4949
12.396
12.2463
12.1447
11.9738
55.7469
53.2888
51.0419
48.9731
47.0696
45.3042
43.6712
42.1466
40.7305
39.4005
38.161
36.9903
35.8965
34.8579
33.8859
32.9579
32.0886
31.2543
30.4725
29.7181
29.0114
28.3258
27.6842
27.0581
26.4732
25.8989
25.3638
24.8349
24.3437
23.8547
23.4027
22.9489
22.5318
22.1094
21.7235
21.329
20.9713
20.6018
20.2694
19.9225
19.6131
19.2865
18.9981
18.6898
18.4206
18.1288
17.8773
17.6004
17.3653
17.1018
16.8819
16.6306
16.4247
16.1846
15.9917
15.7619
15.581
15.3608
15.1907
14.9797
14.8197
14.6167
14.4666
14.2708
14.1301
13.9407
13.8089
13.6256
13.5021
13.3242
13.209
13.0356
12.9281
12.7598
12.6579
12.4968
12.4033
12.2388
12.1676
11.9362
55.7478
53.2897
51.0428
48.9739
47.0705
45.3049
43.6719
42.1473
40.7312
39.4011
38.1615
36.9908
35.897
34.8584
33.8863
32.9584
32.0889
31.2547
30.4728
29.7185
29.0117
28.3262
27.6844
27.0585
26.4733
25.8993
25.3638
24.8354
24.3436
23.8553
23.4025
22.9496
22.5314
22.1101
21.723
21.3298
20.9708
20.6026
20.2689
19.9233
19.6127
19.2873
18.9976
18.6906
18.42
18.1297
17.8766
17.6014
17.3644
17.103
16.8807
16.632
16.4234
16.1861
15.9904
15.7634
15.5797
15.3621
15.1898
14.9807
14.8189
14.6177
14.4656
14.272
14.1289
13.9421
13.8077
13.627
13.5008
13.3259
13.207
13.0378
12.9262
12.7613
12.6578
12.4949
12.3964
12.2462
12.145
11.9738
55.7487
53.2906
51.0437
48.9748
47.0713
45.3056
43.6726
42.1479
40.7318
39.4016
38.1621
36.9913
35.8975
34.8588
33.8867
32.9588
32.0893
31.2551
30.4731
29.7189
29.0119
28.3266
27.6846
27.0589
26.4734
25.8997
25.3639
24.8358
24.3437
23.8558
23.4024
22.9501
22.5314
22.1106
21.7229
21.3303
20.9707
20.6031
20.2688
19.9237
19.6126
19.2877
18.9975
18.691
18.4199
18.1301
17.8764
17.6019
17.3642
17.1035
16.8805
16.6325
16.4232
16.1866
15.9901
15.7639
15.5795
15.3625
15.1896
14.981
14.8188
14.618
14.4655
14.2723
14.1287
13.9425
13.8075
13.6273
13.5006
13.3262
13.2068
13.0381
12.926
12.7615
12.6577
12.4951
12.3962
12.2465
12.1451
11.974
55.7496
53.2914
51.0446
48.9756
47.0721
45.3063
43.6733
42.1485
40.7324
39.4022
38.1626
36.9918
35.8979
34.8593
33.8871
32.9592
32.0897
31.2555
30.4734
29.7192
29.0122
28.3269
27.6848
27.0591
26.4737
25.9
25.3641
24.836
24.3439
23.856
23.4026
22.9503
22.5315
22.1108
21.7231
21.3305
20.9708
20.6032
20.2689
19.9239
19.6127
19.2878
18.9976
18.6911
18.42
18.1302
17.8765
17.602
17.3642
17.1036
16.8806
16.6326
16.4232
16.1867
15.9902
15.764
15.5796
15.3626
15.1897
14.9811
14.8188
14.6181
14.4655
14.2724
14.1287
13.9425
13.8075
13.6273
13.5007
13.3262
13.2069
13.0382
12.926
12.7616
12.6578
12.4951
12.3963
12.2465
12.145
11.9741
55.7504
53.2923
51.0455
48.9764
47.0729
45.3071
43.674
42.1492
40.733
39.4028
38.1632
36.9923
35.8984
34.8597
33.8875
32.9596
32.09
31.2558
30.4737
29.7195
29.0125
28.3272
27.6851
27.0594
26.4739
25.9002
25.3643
24.8362
24.3441
23.8562
23.4028
22.9505
22.5317
22.111
21.7232
21.3306
20.9709
20.6034
20.2691
19.924
19.6128
19.2879
18.9977
18.6912
18.4201
18.1303
17.8766
17.6021
17.3643
17.1037
16.8806
16.6327
16.4233
16.1868
15.9903
15.764
15.5797
15.3626
15.1897
14.9811
14.8189
14.6182
14.4656
14.2725
14.1288
13.9426
13.8076
13.6274
13.5007
13.3263
13.2069
13.0382
12.9261
12.7616
12.6578
12.4952
12.3963
12.2466
12.1453
11.9742
55.7513
53.2932
51.0464
48.9772
47.0737
45.3078
43.6747
42.1498
40.7336
39.4033
38.1637
36.9928
35.8989
34.8602
33.8879
32.96
32.0904
31.2562
30.474
29.7198
29.0128
28.3274
27.6854
27.0596
26.4742
25.9004
25.3645
24.8364
24.3443
23.8564
23.403
22.9507
22.5319
22.1111
21.7234
21.3308
20.971
20.6035
20.2692
19.9241
19.6129
19.288
18.9978
18.6913
18.4202
18.1304
17.8767
17.6022
17.3644
17.1038
16.8807
16.6327
16.4234
16.1868
15.9903
15.7641
15.5797
15.3627
15.1898
14.9812
14.8189
14.6182
14.4656
14.2725
14.1288
13.9426
13.8076
13.6274
13.5007
13.3263
13.2069
13.0382
12.9261
12.7616
12.6579
12.4952
12.3963
12.2466
12.145
11.9742
55.7521
53.294
51.0472
48.978
47.0744
45.3086
43.6754
42.1505
40.7342
39.4039
38.1642
36.9933
35.8993
34.8606
33.8883
32.9604
32.0907
31.2565
30.4743
29.7202
29.0131
28.3277
27.6856
27.0599
26.4744
25.9006
25.3647
24.8366
24.3444
23.8565
23.4031
22.9508
22.532
22.1113
21.7235
21.3309
20.9712
20.6036
20.2693
19.9242
19.613
19.2881
18.9979
18.6914
18.4203
18.1305
17.8768
17.6022
17.3645
17.1038
16.8808
16.6328
16.4234
16.1869
15.9904
15.7641
15.5798
15.3627
15.1898
14.9812
14.819
14.6182
14.4657
14.2725
14.1289
13.9426
13.8077
13.6274
13.5008
13.3264
13.207
13.0383
12.9261
12.7617
12.6579
12.4952
12.3963
12.2466
12.145
11.9741
55.7529
53.2949
51.0481
48.9788
47.0752
45.3093
43.6761
42.1511
40.7348
39.4044
38.1648
36.9937
35.8999
34.8609
33.8888
32.9606
32.0912
31.2567
30.4748
29.7202
29.0136
28.3277
27.6861
27.0598
26.4749
25.9005
25.3654
24.8363
24.3452
23.856
23.404
22.9501
22.5331
22.1104
21.7247
21.3299
20.9724
20.6027
20.2704
19.9233
19.6141
19.2873
18.9989
18.6905
18.4214
18.1295
17.878
17.601
17.366
17.1023
16.8825
16.6311
16.4254
16.185
15.9923
15.7624
15.5815
15.3613
15.1912
14.9801
14.8201
14.6171
14.467
14.2711
14.1305
13.941
13.8092
13.626
13.5024
13.3245
13.2093
13.0358
12.9284
12.7601
12.6582
12.4972
12.4035
12.239
12.1678
11.9363
55.7537
53.2957
51.0489
48.9796
47.076
45.31
43.6768
42.1517
40.7354
39.405
38.1653
36.9942
35.9003
34.8614
33.8891
32.961
32.0915
31.2571
30.475
29.7206
29.0137
28.3281
27.6862
27.0602
26.4749
25.9009
25.3652
24.8368
24.3449
23.8567
23.4036
22.9509
22.5325
22.1113
21.724
21.3309
20.9716
20.6036
20.2697
19.9242
19.6134
19.2881
18.9983
18.6914
18.4206
18.1304
17.8771
17.6021
17.3648
17.1037
16.8811
16.6326
16.4238
16.1867
15.9907
15.764
15.58
15.3626
15.1901
14.9811
14.8192
14.6181
14.4659
14.2724
14.1291
13.9425
13.8079
13.6273
13.5009
13.3262
13.2072
13.0381
12.9263
12.7616
12.658
12.4952
12.3965
12.2465
12.1451
11.974
55.7545
53.2965
51.0497
48.9804
47.0767
45.3107
43.6774
42.1524
40.736
39.4055
38.1657
36.9947
35.9007
34.8618
33.8895
32.9614
32.0918
31.2575
30.4752
29.721
29.0139
28.3284
27.6863
27.0605
26.475
25.9012
25.3653
24.8371
24.3449
23.857
23.4036
22.9512
22.5324
22.1116
21.7239
21.3312
20.9715
20.6039
20.2696
19.9245
19.6133
19.2884
18.9981
18.6916
18.4205
18.1307
17.8769
17.6024
17.3646
17.104
16.8809
16.6329
16.4236
16.187
15.9905
15.7642
15.5798
15.3628
15.1899
14.9813
14.819
14.6183
14.4657
14.2726
14.1289
13.9427
13.8077
13.6275
13.5008
13.3264
13.207
13.0383
12.9261
12.7617
12.6579
12.4952
12.3963
12.2466
12.145
11.9741
55.7553
53.2974
51.0505
48.9812
47.0775
45.3114
43.6781
42.153
40.7365
39.4061
38.1662
36.9952
35.9011
34.8622
33.8898
32.9618
32.0921
31.2578
30.4755
29.7212
29.0141
28.3287
27.6865
27.0607
26.4752
25.9014
25.3654
24.8373
24.3451
23.8571
23.4037
22.9513
22.5325
22.1117
21.7239
21.3313
20.9715
20.604
20.2696
19.9245
19.6133
19.2884
18.9982
18.6917
18.4205
18.1307
17.877
17.6024
17.3646
17.104
16.8809
16.6329
16.4236
16.187
15.9905
15.7642
15.5799
15.3628
15.1899
14.9813
14.819
14.6183
14.4657
14.2726
14.1289
13.9427
13.8077
13.6275
13.5008
13.3264
13.207
13.0383
12.9261
12.7617
12.6579
12.4952
12.3963
12.2466
12.145
11.9742
55.756
53.2982
51.0512
48.982
47.0781
45.3122
43.6787
42.1536
40.737
39.4067
38.1667
36.9957
35.9015
34.8627
33.8902
32.9621
32.0924
31.2581
30.4758
29.7215
29.0143
28.3289
27.6867
27.0609
26.4753
25.9015
25.3656
24.8374
24.3452
23.8572
23.4038
22.9514
22.5326
22.1118
21.724
21.3314
20.9716
20.604
20.2697
19.9246
19.6133
19.2885
18.9982
18.6917
18.4205
18.1307
17.877
17.6024
17.3646
17.104
16.8809
16.6329
16.4236
16.187
15.9905
15.7642
15.5799
15.3628
15.1899
14.9813
14.819
14.6183
14.4657
14.2726
14.1289
13.9427
13.8077
13.6274
13.5008
13.3264
13.2069
13.0382
12.9261
12.7616
12.6578
12.4952
12.3962
12.2466
12.1449
11.974
55.7568
53.299
51.052
48.9828
47.0789
45.3128
43.6793
42.1542
40.7376
39.4071
38.1672
36.9961
35.902
34.8629
33.8907
32.9623
32.0928
31.2582
30.4762
29.7215
29.0148
28.3289
27.6871
27.0608
26.4758
25.9013
25.3662
24.837
24.3459
23.8566
23.4047
22.9506
22.5336
22.1108
21.7252
21.3303
20.9728
20.603
20.2708
19.9236
19.6144
19.2875
18.9992
18.6907
18.4216
18.1296
17.8782
17.6011
17.3661
17.1024
16.8827
16.6311
16.4255
16.185
15.9924
15.7623
15.5816
15.3612
15.1913
14.98
14.8201
14.6171
14.467
14.2711
14.1305
13.941
13.8092
13.6259
13.5023
13.3244
13.2093
13.0358
12.9283
12.76
12.6581
12.4971
12.4034
12.2389
12.1676
11.936
55.7575
53.2997
51.0527
48.9835
47.0795
45.3135
43.6799
42.1548
40.7382
39.4076
38.1677
36.9965
35.9024
34.8633
33.891
32.9626
32.0931
31.2584
30.4765
29.7217
29.015
28.329
27.6874
27.0609
26.476
25.9014
25.3663
24.837
24.3461
23.8566
23.4049
22.9506
22.5338
22.1107
21.7254
21.3302
20.973
20.6029
20.271
19.9235
19.6145
19.2874
18.9993
18.6906
18.4217
18.1295
17.8783
17.6009
17.3663
17.1022
16.8828
16.6309
16.4256
16.1849
15.9925
15.7622
15.5816
15.3611
15.1913
14.98
14.8201
14.6171
14.467
14.271
14.1305
13.9409
13.8092
13.6259
13.5023
13.3244
13.2092
13.0357
12.9282
12.76
12.658
12.4971
12.4034
12.239
12.1676
11.9357
55.7582
53.3004
51.0534
48.9842
47.0802
45.3141
43.6805
42.1554
40.7387
39.4081
38.1682
36.9969
35.9028
34.8636
33.8914
32.9629
32.0934
31.2587
30.4767
29.7219
29.0152
28.3292
27.6875
27.061
26.4761
25.9015
25.3665
24.8371
24.3462
23.8567
23.405
22.9506
22.5339
22.1108
21.7254
21.3302
20.973
20.6029
20.271
19.9235
19.6145
19.2874
18.9993
18.6906
18.4217
18.1295
17.8783
17.6009
17.3662
17.1022
16.8828
16.6309
16.4256
16.1848
15.9925
15.7622
15.5816
15.3611
15.1912
14.9799
14.8201
14.617
14.4669
14.2709
14.1304
13.9409
13.8091
13.6258
13.5022
13.3243
13.2092
13.0356
12.9282
12.7599
12.6579
12.4971
12.4033
12.2389
12.1675
11.9357
55.7589
53.3012
51.0541
48.9849
47.0808
45.3148
43.6811
42.1559
40.7392
39.4086
38.1686
36.9973
35.9032
34.864
33.8917
32.9632
32.0937
31.2589
30.4769
29.7221
29.0154
28.3293
27.6877
27.0612
26.4763
25.9016
25.3665
24.8372
24.3463
23.8567
23.405
22.9507
22.5339
22.1108
21.7254
21.3302
20.973
20.6029
20.271
19.9235
19.6145
19.2874
18.9993
18.6906
18.4217
18.1295
17.8783
17.6009
17.3662
17.1022
16.8827
16.6309
16.4256
16.1848
15.9925
15.7621
15.5816
15.361
15.1912
14.9799
14.82
14.6169
14.4668
14.2709
14.1303
13.9408
13.8091
13.6257
13.5022
13.3242
13.2091
13.0356
12.9281
12.7598
12.6578
12.497
12.4032
12.2389
12.1674
11.9356
55.7596
53.3018
51.0548
48.9855
47.0815
45.3153
43.6817
42.1564
40.7397
39.409
38.169
36.9977
35.9035
34.8643
33.892
32.9635
32.0939
31.2591
30.4772
29.7223
29.0155
28.3295
27.6878
27.0613
26.4764
25.9017
25.3666
24.8373
24.3463
23.8568
23.405
22.9507
22.534
22.1108
21.7255
21.3302
20.973
20.6029
20.271
19.9235
19.6145
19.2874
18.9993
18.6905
18.4216
18.1294
17.8783
17.6008
17.3662
17.1021
16.8827
16.6308
16.4255
16.1847
15.9924
15.762
15.5815
15.361
15.1911
14.9798
14.8199
14.6169
14.4668
14.2708
14.1303
13.9407
13.809
13.6257
13.5021
13.3242
13.209
13.0355
12.928
12.7597
12.6578
12.4969
12.4032
12.2387
12.1673
11.9355
55.7602
53.3025
51.0554
48.9862
47.082
45.316
43.6822
42.157
40.7401
39.4095
38.1694
36.9981
35.9038
34.8647
33.8922
32.9638
32.0941
31.2594
30.4773
29.7225
29.0157
28.3296
27.6879
27.0614
26.4764
25.9018
25.3667
24.8373
24.3463
23.8568
23.4051
22.9507
22.534
22.1108
21.7254
21.3302
20.973
20.6029
20.2709
19.9234
19.6144
19.2873
18.9992
18.6905
18.4216
18.1293
17.8782
17.6008
17.3661
17.102
16.8826
16.6307
16.4254
16.1847
15.9923
15.762
15.5814
15.3609
15.191
14.9797
14.8198
14.6168
14.4667
14.2707
14.1302
13.9406
13.8089
13.6256
13.502
13.3241
13.2089
13.0354
12.9279
12.7596
12.6576
12.4968
12.4031
12.2386
12.1673
11.9354
55.7609
53.3031
51.056
48.9867
47.0826
45.3164
43.6827
42.1574
40.7406
39.4099
38.1698
36.9984
35.9042
34.8649
33.8925
32.964
32.0944
31.2595
30.4775
29.7226
29.0158
28.3297
27.688
27.0615
26.4765
25.9018
25.3667
24.8374
24.3464
23.8568
23.4051
22.9507
22.5339
22.1108
21.7254
21.3302
20.9729
20.6028
20.2709
19.9234
19.6144
19.2873
18.9992
18.6904
18.4215
18.1293
17.8781
17.6007
17.366
17.102
16.8825
16.6306
16.4253
16.1846
15.9922
15.7619
15.5813
15.3608
15.1909
14.9796
14.8197
14.6167
14.4666
14.2706
14.1301
13.9405
13.8088
13.6254
13.5019
13.3239
13.2088
13.0353
12.9278
12.7595
12.6575
12.4967
12.4029
12.2386
12.1671
11.9353
55.7614
53.3037
51.0566
48.9873
47.0831
45.317
43.6832
42.1579
40.741
39.4103
38.1701
36.9987
35.9044
34.8652
33.8927
32.9642
32.0946
31.2597
30.4776
29.7228
29.0159
28.3298
27.6881
27.0615
26.4766
25.9018
25.3667
24.8374
24.3464
23.8568
23.405
22.9507
22.5339
22.1108
21.7254
21.3301
20.9729
20.6028
20.2708
19.9233
19.6143
19.2872
18.9991
18.6903
18.4214
18.1292
17.878
17.6006
17.3659
17.1019
16.8824
16.6305
16.4252
16.1845
15.9921
15.7618
15.5812
15.3607
15.1908
14.9795
14.8196
14.6166
14.4664
14.2705
14.1299
13.9404
13.8087
13.6253
13.5017
13.3238
13.2087
13.0352
12.9277
12.7594
12.6574
12.4966
12.4028
12.2384
12.167
11.9352
55.762
53.3042
51.0571
48.9878
47.0836
45.3175
43.6836
42.1583
40.7414
39.4107
38.1704
36.9991
35.9046
34.8655
33.8928
32.9645
32.0945
31.26
30.4776
29.7231
29.0158
28.3301
27.6879
27.0619
26.4762
25.9022
25.3663
24.8379
24.3457
23.8575
23.4042
22.9515
22.5328
22.1118
21.7242
21.3312
20.9717
20.6038
20.2696
19.9243
19.6132
19.2881
18.998
18.6912
18.4202
18.1302
17.8766
17.6019
17.3643
17.1034
16.8805
16.6323
16.4231
16.1863
15.99
15.7635
15.5793
15.3621
15.1893
14.9805
14.8184
14.6175
14.4651
14.2718
14.1282
13.9418
13.807
13.6266
13.5001
13.3255
13.2063
13.0374
12.9254
12.7608
12.6571
12.4943
12.3955
12.2457
12.1441
11.9731
55.7625
53.3047
51.0576
48.9883
47.0841
45.3179
43.6841
42.1587
40.7418
39.4109
38.1708
36.9993
35.905
34.8656
33.8931
32.9645
32.0949
31.26
30.4779
29.723
29.0161
28.3299
27.6881
27.0616
26.4766
25.9019
25.3667
24.8374
24.3463
23.8568
23.4049
22.9506
22.5337
22.1107
21.7251
21.3301
20.9726
20.6026
20.2705
19.9232
19.614
19.287
18.9988
18.6902
18.4211
18.129
17.8777
17.6004
17.3656
17.1017
16.8821
16.6303
16.4249
16.1843
15.9918
15.7615
15.5808
15.3604
15.1905
14.9792
14.8193
14.6163
14.4661
14.2702
14.1296
13.9401
13.8083
13.625
13.5014
13.3235
13.2084
13.0349
12.9274
12.7591
12.6571
12.4962
12.4025
12.238
12.1667
11.935
55.763
53.3052
51.058
48.9888
47.0845
45.3183
43.6844
42.159
40.7421
39.4113
38.171
36.9995
35.9052
34.8658
33.8933
32.9647
32.095
31.2601
30.4779
29.723
29.0161
28.33
27.6882
27.0616
26.4766
25.9018
25.3667
24.8373
24.3462
23.8567
23.4049
22.9505
22.5337
22.1105
21.7251
21.3299
20.9726
20.6024
20.2705
19.923
19.614
19.2868
18.9987
18.69
18.421
18.1288
17.8776
17.6002
17.3655
17.1014
16.882
16.6301
16.4248
16.184
15.9917
15.7613
15.5807
15.3602
15.1903
14.979
14.8191
14.6161
14.466
14.27
14.1295
13.9399
13.8082
13.6249
13.5013
13.3233
13.2082
13.0347
12.9272
12.7589
12.6569
12.4961
12.4023
12.2379
12.1665
11.9347
55.7635
53.3055
51.0586
48.989
47.0851
45.3185
43.6849
42.1592
40.7425
39.4114
38.1714
36.9996
35.9054
34.8659
33.8935
32.9647
32.0951
31.2601
30.478
29.723
29.0162
28.3299
27.6882
27.0615
26.4765
25.9018
25.3666
24.8372
24.3462
23.8566
23.4048
22.9504
22.5336
22.1104
21.725
21.3297
20.9725
20.6023
20.2704
19.9228
19.6138
19.2867
18.9985
18.6898
18.4209
18.1286
17.8774
17.6
17.3653
17.1013
16.8818
16.6299
16.4246
16.1838
15.9915
15.7611
15.5805
15.36
15.1901
14.9789
14.819
14.6159
14.4658
14.2698
14.1293
13.9397
13.808
13.6247
13.5011
13.3232
13.208
13.0345
12.927
12.7587
12.6567
12.4959
12.4021
12.2377
12.1664
11.9345
55.7638
53.3059
51.0589
48.9894
47.0853
45.3189
43.6851
42.1596
40.7426
39.4117
38.1714
37
35.9054
34.8662
33.8934
32.965
32.095
31.2603
30.4778
29.7232
29.0159
28.3302
27.6879
27.0618
26.4761
25.9021
25.3661
24.8377
24.3454
23.8572
23.4038
22.9512
22.5324
22.1114
21.7237
21.3308
20.9711
20.6033
20.2691
19.9237
19.6126
19.2875
18.9974
18.6907
18.4196
18.1296
17.876
17.6012
17.3636
17.1027
16.8798
16.6316
16.4224
16.1856
15.9893
15.7628
15.5786
15.3614
15.1886
14.9798
14.8177
14.6168
14.4643
14.2711
14.1275
13.9411
13.8062
13.6259
13.4993
13.3248
13.2055
13.0367
12.9246
12.7601
12.6563
12.4936
12.3948
12.245
12.1434
11.9724
55.7642
53.3063
51.0592
48.9898
47.0856
45.3192
43.6853
42.1598
40.7428
39.4119
38.1716
37
35.9056
34.8662
33.8936
32.9649
32.0952
31.2602
30.478
29.723
29.0161
28.3299
27.6881
27.0614
26.4764
25.9016
25.3664
24.837
24.3459
23.8564
23.4045
22.9501
22.5332
22.1102
21.7246
21.3295
20.972
20.602
20.2699
19.9225
19.6134
19.2864
18.9981
18.6895
18.4204
18.1283
17.877
17.5997
17.3648
17.1009
16.8813
16.6296
16.4241
16.1835
15.991
15.7608
15.5801
15.3596
15.1897
14.9784
14.8185
14.6155
14.4653
14.2694
14.1288
13.9393
13.8075
13.6242
13.5006
13.3227
13.2076
13.0341
12.9266
12.7583
12.6563
12.4954
12.4017
12.2372
12.1659
11.9341
55.7645
53.3066
51.0595
48.99
47.0858
45.3194
43.6855
42.16
40.743
39.412
38.1718
37.0001
35.9057
34.8662
33.8937
32.9649
32.0952
31.2602
30.478
29.723
29.016
28.3298
27.688
27.0613
26.4763
25.9015
25.3663
24.8368
24.3458
23.8562
23.4043
22.9499
22.5331
22.1099
21.7245
21.3292
20.9719
20.6018
20.2698
19.9223
19.6132
19.2861
18.9979
18.6892
18.4203
18.128
17.8768
17.5994
17.3647
17.1006
16.8812
16.6293
16.4239
16.1832
15.9908
15.7605
15.5799
15.3594
15.1895
14.9782
14.8183
14.6152
14.4651
14.2691
14.1286
13.939
13.8073
13.624
13.5004
13.3225
13.2073
13.0338
12.9263
12.758
12.656
12.4952
12.4015
12.237
12.1657
11.9338
55.7648
53.3068
51.0598
48.9902
47.0861
45.3196
43.6858
42.1601
40.7432
39.4121
38.1719
37.0002
35.9058
34.8663
33.8937
32.9649
32.0952
31.2601
30.478
29.7229
29.016
28.3297
27.6879
27.0612
26.4762
25.9013
25.3662
24.8367
24.3456
23.856
23.4042
22.9497
22.5329
22.1097
21.7243
21.329
20.9717
20.6015
20.2696
19.922
19.613
19.2859
18.9977
18.6889
18.42
18.1277
17.8766
17.5991
17.3644
17.1004
16.8809
16.629
16.4237
16.1829
15.9906
15.7602
15.5796
15.3591
15.1892
14.9779
14.818
14.615
14.4649
14.2689
14.1283
13.9388
13.807
13.6237
13.5001
13.3222
13.2071
13.0335
12.9261
12.7578
12.6558
12.4949
12.4012
12.2368
12.1654
11.9335
55.765
53.307
51.0599
48.9904
47.0862
45.3197
43.6859
42.1602
40.7433
39.4122
38.1719
37.0002
35.9058
34.8663
33.8937
32.9649
32.0951
31.2601
30.4779
29.7228
29.0159
28.3296
27.6878
27.0611
26.476
25.9012
25.366
24.8365
24.3454
23.8558
23.404
22.9495
22.5327
22.1095
21.724
21.3288
20.9715
20.6013
20.2693
19.9218
19.6127
19.2856
18.9975
18.6887
18.4197
18.1275
17.8763
17.5989
17.3641
17.1001
16.8806
16.6287
16.4234
16.1826
15.9903
15.7599
15.5793
15.3588
15.1889
14.9776
14.8177
14.6147
14.4646
14.2686
14.1281
13.9385
13.8068
13.6234
13.4999
13.3219
13.2068
13.0333
12.9258
12.7575
12.6555
12.4947
12.4009
12.2365
12.1651
11.9333
55.7651
53.3072
51.06
48.9906
47.0863
45.3199
43.6859
42.1604
40.7433
39.4123
38.1719
37.0003
35.9058
34.8663
33.8936
32.9648
32.0951
31.26
30.4778
29.7227
29.0157
28.3295
27.6876
27.0609
26.4758
25.901
25.3658
24.8363
24.3452
23.8556
23.4037
22.9493
22.5325
22.1093
21.7238
21.3285
20.9712
20.601
20.2691
19.9215
19.6125
19.2853
18.9972
18.6884
18.4195
18.1272
17.876
17.5986
17.3639
17.0998
16.8804
16.6284
16.4231
16.1824
15.99
15.7596
15.579
15.3585
15.1886
14.9773
14.8175
14.6144
14.4643
14.2683
14.1278
13.9382
13.8065
13.6232
13.4996
13.3216
13.2065
13.033
12.9255
12.7572
12.6552
12.4944
12.4006
12.2362
12.1648
11.933
55.7652
53.3074
51.0601
48.9907
47.0864
45.32
43.686
42.1604
40.7433
39.4123
38.1719
37.0002
35.9058
34.8662
33.8936
32.9648
32.095
31.2599
30.4777
29.7226
29.0156
28.3293
27.6874
27.0607
26.4756
25.9008
25.3656
24.8361
24.345
23.8553
23.4035
22.949
22.5322
22.109
21.7235
21.3282
20.9709
20.6008
20.2688
19.9212
19.6122
19.285
18.9969
18.6881
18.4192
18.1269
17.8757
17.5983
17.3636
17.0995
16.8801
16.6281
16.4228
16.182
15.9897
15.7593
15.5787
15.3582
15.1883
14.977
14.8171
14.6141
14.464
14.268
14.1275
13.9379
13.8062
13.6228
13.4993
13.3213
13.2062
13.0327
12.9252
12.7569
12.6549
12.4941
12.4003
12.2359
12.1646
11.9327
55.7653
53.3074
51.0602
48.9908
47.0864
45.32
43.686
42.1604
40.7433
39.4123
38.1718
37.0003
35.9056
34.8663
33.8933
32.9648
32.0947
31.2599
30.4773
29.7226
29.0152
28.3294
27.6869
27.0608
26.4751
25.901
25.3649
24.8364
24.3441
23.8559
23.4024
22.9498
22.5309
22.1099
21.7221
21.3292
20.9694
20.6017
20.2673
19.922
19.6108
19.2858
18.9955
18.6889
18.4177
18.1278
17.8741
17.5994
17.3617
17.1009
16.8779
16.6298
16.4205
16.1838
15.9873
15.7609
15.5766
15.3595
15.1866
14.9779
14.8157
14.6149
14.4624
14.2692
14.1255
13.9392
13.8043
13.624
13.4974
13.3229
13.2036
13.0348
12.9227
12.7582
12.6544
12.4917
12.3928
12.2431
12.1415
11.9705
55.7653
53.3075
51.0602
48.9908
47.0865
45.32
43.686
42.1604
40.7433
39.4122
38.1718
37.0001
35.9056
34.866
33.8933
32.9645
32.0947
31.2596
30.4773
29.7222
29.0152
28.3289
27.687
27.0603
26.4752
25.9003
25.3651
24.8356
24.3445
23.8549
23.4029
22.9485
22.5316
22.1085
21.7229
21.3277
20.9703
20.6002
20.2681
19.9207
19.6115
19.2845
18.9962
18.6875
18.4185
18.1263
17.8751
17.5977
17.3629
17.0989
16.8794
16.6275
16.4221
16.1814
15.989
15.7587
15.5781
15.3576
15.1877
14.9764
14.8165
14.6134
14.4633
14.2674
14.1268
13.9373
13.8055
13.6222
13.4986
13.3207
13.2055
13.032
12.9246
12.7563
12.6543
12.4934
12.3997
12.2353
12.1639
11.9322
55.7654
53.3075
51.0603
48.9908
47.0865
45.32
43.686
42.1603
40.7432
39.4122
38.1717
37.0001
35.9054
34.866
33.8931
32.9645
32.0944
31.2596
30.4769
29.7223
29.0148
28.329
27.6865
27.0604
26.4746
25.9005
25.3644
24.8359
24.3435
23.8553
23.4018
22.9492
22.5303
22.1093
21.7215
21.3286
20.9688
20.601
20.2667
19.9214
19.6102
19.2851
18.9949
18.6882
18.4171
18.1272
17.8734
17.5988
17.361
17.1002
16.8772
16.6291
16.4198
16.1831
15.9867
15.7603
15.576
15.3588
15.186
14.9772
14.815
14.6142
14.4617
14.2685
14.1249
13.9386
13.8036
13.6233
13.4967
13.3222
13.2029
13.0341
12.922
12.7575
12.6537
12.491
12.3922
12.2424
12.1408
11.9699
55.7654
53.3075
51.0602
48.9908
47.0864
45.32
43.6859
42.1603
40.7431
39.4121
38.1716
36.9999
35.9053
34.8658
33.893
32.9642
32.0943
31.2592
30.4769
29.7218
29.0148
28.3285
27.6865
27.0598
26.4747
25.8998
25.3646
24.8351
24.3439
23.8543
23.4024
22.9479
22.531
22.1079
21.7223
21.3271
20.9697
20.5996
20.2675
19.92
19.6109
19.2838
18.9956
18.6869
18.4178
18.1256
17.8744
17.597
17.3622
17.0982
16.8787
16.6269
16.4214
16.1808
15.9883
15.758
15.5774
15.3569
15.187
14.9757
14.8158
14.6128
14.4626
14.2667
14.1261
13.9366
13.8048
13.6215
13.4979
13.32
13.2048
13.0313
12.9239
12.7556
12.6536
12.4927
12.399
12.2346
12.1632
11.9314
55.7653
53.3075
51.0602
48.9907
47.0863
45.3199
43.6858
42.1602
40.743
39.412
38.1715
36.9998
35.9052
34.8656
33.8929
32.964
32.0942
31.259
30.4767
29.7216
29.0146
28.3282
27.6863
27.0596
26.4744
25.8995
25.3643
24.8348
24.3437
23.854
23.4021
22.9476
22.5308
22.1075
21.722
21.3267
20.9694
20.5992
20.2672
19.9196
19.6106
19.2834
18.9953
18.6865
18.4175
18.1253
17.8741
17.5966
17.3619
17.0978
16.8784
16.6265
16.4211
16.1804
15.988
15.7576
15.577
15.3565
15.1866
14.9753
14.8154
14.6124
14.4623
14.2663
14.1258
13.9362
13.8045
13.6212
13.4976
13.3196
13.2045
13.031
12.9235
12.7552
12.6532
12.4924
12.3987
12.2342
12.1629
11.931
55.7653
53.3074
51.0601
48.9907
47.0862
45.3198
43.6857
42.1601
40.7429
39.4118
38.1713
36.9996
35.905
34.8654
33.8927
32.9638
32.0939
31.2588
30.4765
29.7214
29.0143
28.328
27.686
27.0593
26.4742
25.8993
25.364
24.8345
24.3434
23.8537
23.4018
22.9473
22.5304
22.1072
21.7217
21.3264
20.9691
20.5989
20.2669
19.9193
19.6102
19.2831
18.9949
18.6861
18.4172
18.1249
17.8737
17.5963
17.3615
17.0975
16.878
16.6261
16.4208
16.18
15.9876
15.7573
15.5767
15.3562
15.1863
14.975
14.8151
14.612
14.4619
14.266
14.1254
13.9359
13.8041
13.6208
13.4972
13.3193
13.2041
13.0306
12.9232
12.7549
12.6529
12.492
12.3983
12.2339
12.1625
11.9307
55.7652
53.3074
51.06
48.9906
47.0861
45.3197
43.6856
42.16
40.7428
39.4117
38.1712
36.9995
35.9049
34.8652
33.8925
32.9636
32.0937
31.2586
30.4763
29.7211
29.0141
28.3277
27.6858
27.059
26.4739
25.899
25.3637
24.8342
24.3431
23.8534
23.4015
22.947
22.5301
22.1069
21.7214
21.3261
20.9687
20.5985
20.2665
19.919
19.6099
19.2827
18.9946
18.6858
18.4168
18.1246
17.8734
17.5959
17.3612
17.0971
16.8777
16.6257
16.4204
16.1796
15.9873
15.7569
15.5763
15.3558
15.1859
14.9746
14.8147
14.6117
14.4615
14.2656
14.125
13.9355
13.8037
13.6204
13.4968
13.3189
13.2038
13.0303
12.9228
12.7545
12.6525
12.4917
12.3979
12.2335
12.1621
11.9303
55.7652
53.3072
51.06
48.9904
47.0861
45.3195
43.6855
42.1598
40.7427
39.4115
38.1711
36.9993
35.9047
34.865
33.8923
32.9634
32.0935
31.2584
30.476
29.7209
29.0138
28.3275
27.6855
27.0588
26.4736
25.8987
25.3634
24.8339
24.3428
23.8531
23.4012
22.9467
22.5298
22.1066
21.7211
21.3257
20.9684
20.5982
20.2662
19.9186
19.6095
19.2824
18.9942
18.6854
18.4165
18.1242
17.873
17.5956
17.3608
17.0968
16.8773
16.6254
16.42
16.1793
15.9869
15.7565
15.5759
15.3554
15.1855
14.9742
14.8143
14.6113
14.4612
14.2652
14.1247
13.9351
13.8034
13.6201
13.4965
13.3186
13.2034
13.0299
12.9224
12.7541
12.6521
12.4913
12.3976
12.2331
12.1618
11.93
55.7651
53.3071
51.0599
48.9903
47.086
45.3194
43.6854
42.1596
40.7425
39.4113
38.1709
36.9991
35.9045
34.8648
33.8921
32.9632
32.0933
31.2581
30.4758
29.7206
29.0136
28.3272
27.6853
27.0585
26.4733
25.8984
25.3631
24.8336
24.3425
23.8528
23.4009
22.9464
22.5295
22.1062
21.7207
21.3254
20.9681
20.5979
20.2658
19.9183
19.6092
19.282
18.9939
18.6851
18.4161
18.1238
17.8726
17.5952
17.3605
17.0964
16.8769
16.625
16.4197
16.1789
15.9865
15.7562
15.5756
15.3551
15.1852
14.9739
14.814
14.6109
14.4608
14.2648
14.1243
13.9348
13.803
13.6197
13.4961
13.3182
13.203
13.0295
12.9221
12.7538
12.6518
12.4909
12.3972
12.2328
12.1614
11.9296
55.7649
53.3071
51.0597
48.9902
47.0858
45.3193
43.6852
42.1595
40.7423
39.4112
38.1707
36.9989
35.9043
34.8647
33.8919
32.963
32.0931
31.2579
30.4756
29.7204
29.0133
28.327
27.685
27.0582
26.473
25.8981
25.3629
24.8333
24.3422
23.8525
23.4005
22.946
22.5292
22.1059
21.7204
21.3251
20.9677
20.5975
20.2655
19.9179
19.6089
19.2817
18.9935
18.6847
18.4158
18.1235
17.8723
17.5948
17.3601
17.096
16.8766
16.6247
16.4193
16.1785
15.9862
15.7558
15.5752
15.3547
15.1848
14.9735
14.8136
14.6106
14.4604
14.2645
14.1239
13.9344
13.8026
13.6193
13.4957
13.3178
13.2027
13.0292
12.9217
12.7534
12.6514
12.4906
12.3968
12.2324
12.161
11.9292
55.7648
53.307
51.0596
48.9901
47.0856
45.3192
43.685
42.1594
40.7421
39.411
38.1705
36.9987
35.9041
34.8645
33.8917
32.9628
32.0928
31.2577
30.4753
29.7202
29.013
28.3267
27.6847
27.058
26.4728
25.8979
25.3626
24.833
24.3419
23.8522
23.4002
22.9457
22.5288
22.1056
21.7201
21.3248
20.9674
20.5972
20.2652
19.9176
19.6085
19.2814
18.9932
18.6844
18.4154
18.1231
17.8719
17.5945
17.3597
17.0957
16.8762
16.6243
16.419
16.1782
15.9858
15.7555
15.5749
15.3543
15.1844
14.9732
14.8132
14.6102
14.4601
14.2641
14.1236
13.934
13.8023
13.619
13.4954
13.3175
13.2023
13.0288
12.9213
12.753
12.651
12.4902
12.3965
12.232
12.1607
11.9289
55.7647
53.3069
51.0595
48.99
47.0855
45.319
43.6848
42.1592
40.7419
39.4108
38.1703
36.9985
35.9039
34.8643
33.8914
32.9626
32.0926
31.2574
30.4751
29.7199
29.0128
28.3265
27.6845
27.0577
26.4725
25.8976
25.3623
24.8327
24.3416
23.8519
23.3999
22.9454
22.5285
22.1053
21.7198
21.3245
20.9671
20.5969
20.2649
19.9173
19.6082
19.281
18.9928
18.6841
18.4151
18.1228
17.8716
17.5942
17.3594
17.0953
16.8759
16.6239
16.4186
16.1778
15.9855
15.7551
15.5745
15.354
15.1841
14.9728
14.8129
14.6098
14.4597
14.2638
14.1232
13.9337
13.8019
13.6186
13.495
13.3171
13.2019
13.0284
12.921
12.7527
12.6507
12.4899
12.3961
12.2317
12.1603
11.9285
55.7647
53.3067
51.0594
48.9898
47.0854
45.3188
43.6847
42.159
40.7418
39.4106
38.1701
36.9983
35.9037
34.864
33.8913
32.9623
32.0924
31.2572
30.4749
29.7197
29.0126
28.3262
27.6842
27.0574
26.4722
25.8973
25.362
24.8325
24.3413
23.8516
23.3996
22.9451
22.5282
22.105
21.7195
21.3241
20.9668
20.5966
20.2645
19.917
19.6079
19.2807
18.9925
18.6837
18.4148
18.1225
17.8713
17.5938
17.3591
17.095
16.8755
16.6236
16.4183
16.1775
15.9851
15.7548
15.5742
15.3536
15.1837
14.9724
14.8125
14.6095
14.4594
14.2634
14.1229
13.9333
13.8016
13.6182
13.4947
13.3167
13.2016
13.0281
12.9206
12.7523
12.6503
12.4895
12.3958
12.2313
12.16
11.9282
55.7645
53.3066
51.0592
48.9897
47.0852
45.3187
43.6846
42.1589
40.7416
39.4105
38.17
36.9982
35.9035
34.8638
33.891
32.9621
32.0922
31.257
30.4746
29.7194
29.0123
28.326
27.684
27.0572
26.472
25.8971
25.3617
24.8322
24.341
23.8513
23.3994
22.9449
22.528
22.1047
21.7192
21.3238
20.9665
20.5963
20.2642
19.9167
19.6075
19.2804
18.9922
18.6834
18.4144
18.1222
17.8709
17.5935
17.3587
17.0947
16.8752
16.6233
16.4179
16.1772
15.9848
15.7544
15.5738
15.3533
15.1834
14.9721
14.8122
14.6091
14.459
14.2631
14.1225
13.933
13.8012
13.6179
13.4943
13.3164
13.2012
13.0277
12.9203
12.752
12.65
12.4891
12.3954
12.231
12.1596
11.9278
55.7646
53.3063
51.0593
48.9894
47.0853
45.3184
43.6846
42.1586
40.7416
39.4102
38.1699
36.9979
35.9034
34.8636
33.8909
32.9619
32.092
31.2567
30.4745
29.7192
29.0121
28.3257
27.6837
27.0569
26.4717
25.8968
25.3615
24.8319
24.3407
23.851
23.3991
22.9446
22.5277
22.1044
21.7189
21.3236
20.9662
20.596
20.2639
19.9164
19.6072
19.2801
18.9919
18.6831
18.4141
18.1218
17.8706
17.5932
17.3584
17.0943
16.8749
16.6229
16.4176
16.1768
15.9844
15.7541
15.5735
15.353
15.1831
14.9718
14.8119
14.6088
14.4587
14.2627
14.1222
13.9326
13.8009
13.6175
13.494
13.316
13.2009
13.0274
12.9199
12.7516
12.6496
12.4888
12.3951
12.2306
12.1593
11.9275
55.7645
53.3062
51.0592
48.9893
47.0851
45.3183
43.6844
42.1584
40.7415
39.41
38.1697
36.9977
35.9032
34.8634
33.8907
32.9617
32.0918
31.2565
30.4742
29.719
29.0119
28.3255
27.6835
27.0567
26.4715
25.8965
25.3612
24.8317
24.3405
23.8508
23.3988
22.9443
22.5274
22.1041
21.7186
21.3233
20.9659
20.5957
20.2636
19.9161
19.6069
19.2798
18.9916
18.6828
18.4138
18.1215
17.8703
17.5929
17.3581
17.094
16.8745
16.6226
16.4173
16.1765
15.9841
15.7538
15.5732
15.3526
15.1827
14.9714
14.8115
14.6085
14.4584
14.2624
14.1218
13.9323
13.8005
13.6172
13.4936
13.3157
13.2006
13.027
12.9196
12.7513
12.6493
12.4885
12.3947
12.2303
12.1589
11.9271
55.7644
53.3061
51.0591
48.9891
47.085
45.3181
43.6843
42.1583
40.7413
39.4099
38.1696
36.9975
35.9031
34.8632
33.8906
32.9615
32.0916
31.2563
30.474
29.7188
29.0117
28.3253
27.6833
27.0565
26.4713
25.8963
25.361
24.8314
24.3402
23.8505
23.3986
22.944
22.5271
22.1039
21.7183
21.323
20.9656
20.5954
20.2634
19.9158
19.6067
19.2795
18.9913
18.6825
18.4135
18.1212
17.87
17.5926
17.3578
17.0937
16.8742
16.6223
16.417
16.1762
15.9838
15.7534
15.5728
15.3523
15.1824
14.9711
14.8112
14.6081
14.458
14.2621
14.1215
13.932
13.8002
13.6169
13.4933
13.3154
13.2002
13.0267
12.9192
12.751
12.6489
12.4881
12.3944
12.23
12.1586
11.9268
55.7643
53.306
51.059
48.989
47.0849
45.318
43.6842
42.1581
40.7412
39.4097
38.1694
36.9974
35.9029
34.863
33.8904
32.9613
32.0914
31.2561
30.4738
29.7186
29.0115
28.325
27.6831
27.0562
26.471
25.8961
25.3608
24.8312
24.34
23.8503
23.3983
22.9438
22.5269
22.1036
21.7181
21.3227
20.9654
20.5951
20.2631
19.9155
19.6064
19.2792
18.991
18.6822
18.4132
18.1209
17.8697
17.5923
17.3575
17.0934
16.8739
16.622
16.4167
16.1759
15.9835
15.7531
15.5725
15.352
15.1821
14.9708
14.8109
14.6078
14.4577
14.2617
14.1212
13.9316
13.7999
13.6166
13.493
13.3151
13.1999
13.0264
12.9189
12.7506
12.6486
12.4878
12.394
12.2296
12.1583
11.9265
55.764
53.306
51.0587
48.9891
47.0846
45.318
43.6839
42.1581
40.7409
39.4097
38.1692
36.9973
35.9027
34.8629
33.8902
32.9612
32.0912
31.256
30.4736
29.7184
29.0113
28.3249
27.6829
27.056
26.4708
25.8959
25.3606
24.831
24.3398
23.85
23.3981
22.9436
22.5266
22.1034
21.7178
21.3225
20.9651
20.5949
20.2628
19.9152
19.6061
19.279
18.9907
18.682
18.413
18.1207
17.8694
17.592
17.3572
17.0931
16.8737
16.6217
16.4164
16.1756
15.9832
15.7528
15.5722
15.3517
15.1818
14.9705
14.8106
14.6075
14.4574
14.2614
14.1209
13.9313
13.7996
13.6162
13.4927
13.3147
13.1996
13.0261
12.9186
12.7503
12.6483
12.4875
12.3937
12.2293
12.1579
11.9261
55.7641
53.3058
51.0587
48.9888
47.0847
45.3178
43.6839
42.1579
40.7409
39.4094
38.1691
36.9971
35.9026
34.8627
33.89
32.961
32.0911
31.2558
30.4735
29.7182
29.0111
28.3247
27.6827
27.0558
26.4706
25.8957
25.3603
24.8308
24.3396
23.8498
23.3979
22.9433
22.5264
22.1031
21.7176
21.3222
20.9649
20.5946
20.2626
19.915
19.6059
19.2787
18.9905
18.6817
18.4127
18.1204
17.8692
17.5917
17.3569
17.0929
16.8734
16.6214
16.4161
16.1753
15.9829
15.7526
15.5719
15.3514
15.1815
14.9702
14.8103
14.6072
14.4571
14.2611
14.1206
13.931
13.7993
13.6159
13.4923
13.3144
13.1993
13.0258
12.9183
12.75
12.648
12.4872
12.3934
12.229
12.1576
11.9258
55.764
53.3057
51.0586
48.9888
47.0845
45.3177
43.6837
42.1578
40.7407
39.4094
38.1689
36.9971
35.9023
34.8627
33.8897
32.961
32.0907
31.2558
30.4731
29.7183
29.0106
28.3248
27.6822
27.056
26.47
25.8959
25.3596
24.8312
24.3386
23.8504
23.3967
22.9441
22.5251
22.1041
21.7161
21.3233
20.9634
20.5956
20.2611
19.9159
19.6045
19.2795
18.9892
18.6825
18.4113
18.1214
17.8675
17.5929
17.3551
17.0943
16.8712
16.6232
16.4137
16.1771
15.9806
15.7542
15.5698
15.3527
15.1798
14.9711
14.8089
14.6081
14.4555
14.2623
14.1186
13.9324
13.7974
13.6171
13.4904
13.316
13.1966
13.0279
12.9158
12.7513
12.6475
12.4848
12.3859
12.2362
12.1345
11.9637
55.7639
53.3056
51.0586
48.9886
47.0845
45.3175
43.6837
42.1576
40.7406
39.4092
38.1689
36.9968
35.9023
34.8624
33.8897
32.9606
32.0908
31.2554
30.4731
29.7178
29.0107
28.3243
27.6823
27.0554
26.4702
25.8953
25.3599
24.8304
24.3391
23.8494
23.3974
22.9429
22.526
22.1027
21.7171
21.3218
20.9644
20.5942
20.2621
19.9145
19.6054
19.2782
18.99
18.6812
18.4122
18.1199
17.8686
17.5912
17.3564
17.0923
16.8728
16.6209
16.4155
16.1748
15.9823
15.752
15.5714
15.3509
15.1809
14.9696
14.8097
14.6066
14.4565
14.2605
14.12
13.9304
13.7987
13.6153
13.4917
13.3138
13.1987
13.0251
12.9177
12.7494
12.6474
12.4865
12.3928
12.2284
12.157
11.9252
55.7638
53.3056
51.0584
48.9886
47.0843
45.3175
43.6835
42.1576
40.7405
39.4091
38.1687
36.9967
35.9021
34.8623
33.8896
32.9605
32.0906
31.2553
30.473
29.7177
29.0106
28.3241
27.6821
27.0553
26.47
25.8951
25.3597
24.8302
24.3389
23.8492
23.3972
22.9427
22.5258
22.1025
21.7169
21.3216
20.9642
20.5939
20.2619
19.9143
19.6051
19.278
18.9897
18.6809
18.4119
18.1196
17.8684
17.5909
17.3561
17.0921
16.8726
16.6206
16.4153
16.1745
15.9821
15.7517
15.5711
15.3506
15.1807
14.9694
14.8094
14.6064
14.4562
14.2603
14.1197
13.9301
13.7984
13.6151
13.4914
13.3135
13.1984
13.0249
12.9174
12.7491
12.6471
12.4862
12.3925
12.2281
12.1567
11.9249
55.7637
53.3055
51.0583
48.9885
47.0842
45.3174
43.6834
42.1575
40.7404
39.409
38.1686
36.9966
35.902
34.8622
33.8894
32.9604
32.0904
31.2552
30.4728
29.7175
29.0104
28.324
27.6819
27.0551
26.4699
25.8949
25.3596
24.83
24.3387
23.849
23.397
22.9425
22.5255
22.1023
21.7167
21.3214
20.9639
20.5937
20.2616
19.914
19.6049
19.2777
18.9895
18.6807
18.4117
18.1194
17.8681
17.5907
17.3559
17.0918
16.8723
16.6204
16.415
16.1742
15.9818
15.7515
15.5708
15.3503
15.1804
14.9691
14.8091
14.6061
14.4559
14.26
14.1194
13.9299
13.7981
13.6148
13.4912
13.3132
13.1981
13.0246
12.9171
12.7488
12.6468
12.4859
12.3922
12.2278
12.1564
11.9246
55.7637
53.3054
51.0583
48.9884
47.0841
45.3173
43.6833
42.1574
40.7402
39.4089
38.1684
36.9965
35.9018
34.8622
33.8891
32.9604
32.0901
31.2552
30.4724
29.7176
29.01
28.3241
27.6815
27.0553
26.4693
25.8952
25.3589
24.8304
24.3379
23.8496
23.3959
22.9433
22.5242
22.1033
21.7152
21.3224
20.9625
20.5947
20.2602
19.915
19.6036
19.2786
18.9882
18.6816
18.4103
18.1204
17.8665
17.5919
17.354
17.0933
16.8702
16.6221
16.4127
16.1761
15.9795
15.7532
15.5687
15.3517
15.1787
14.97
14.8077
14.607
14.4544
14.2612
14.1175
13.9312
13.7962
13.616
13.4893
13.3149
13.1954
13.0267
12.9146
12.7501
12.6463
12.4836
12.3847
12.235
12.1333
11.9624
55.7636
53.3053
51.0582
48.9883
47.084
45.3172
43.6832
42.1573
40.7401
39.4088
38.1682
36.9964
35.9016
34.8621
33.889
32.9603
32.09
31.2551
30.4723
29.7175
29.0098
28.3239
27.6813
27.0551
26.4691
25.895
25.3587
24.8302
24.3377
23.8494
23.3957
22.9431
22.524
22.1031
21.715
21.3222
20.9622
20.5945
20.26
19.9147
19.6033
19.2783
18.9879
18.6813
18.41
18.1201
17.8663
17.5917
17.3538
17.0931
16.8699
16.6219
16.4124
16.1758
15.9792
15.7529
15.5685
15.3514
15.1784
14.9697
14.8074
14.6067
14.4541
14.2609
14.1172
13.9309
13.7959
13.6157
13.489
13.3146
13.1951
13.0264
12.9142
12.7498
12.646
12.4833
12.3843
12.2347
12.133
11.9621
55.7634
53.3054
51.0579
48.9884
47.0838
45.3173
43.683
42.1573
40.7399
39.4088
38.1681
36.9963
35.9015
34.8619
33.889
32.96
32.09
31.2548
30.4723
29.7171
29.0099
28.3235
27.6814
27.0546
26.4693
25.8944
25.359
24.8294
24.3382
23.8484
23.3964
22.9419
22.5249
22.1017
21.7161
21.3207
20.9633
20.5931
20.261
19.9134
19.6042
19.277
18.9888
18.68
18.411
18.1187
17.8674
17.5899
17.3551
17.0911
16.8715
16.6196
16.4142
16.1734
15.981
15.7507
15.57
15.3495
15.1795
14.9682
14.8083
14.6052
14.4551
14.2591
14.1185
13.929
13.7972
13.6139
13.4903
13.3123
13.1972
13.0236
12.9162
12.7479
12.6458
12.485
12.3913
12.2268
12.1555
11.9236
)
;

boundaryField
{
    inlet
    {
        type            fixedValue;
        value           uniform 800;
    }
    outlet
    {
        type            zeroGradient;
    }
    top
    {
        type            freestream;
        freestreamValue uniform 0;
        value           nonuniform List<scalar> 
100
(
596.717
413.662
313.35
251.063
208.968
178.749
156.057
138.419
124.329
112.821
103.25
95.1671
88.2525
82.2693
77.0443
72.4397
68.3545
64.7023
61.4218
58.4548
55.7634
53.3054
51.0579
48.9884
47.0838
45.3173
43.683
42.1573
40.7399
39.4088
38.1681
36.9963
35.9015
34.8619
33.889
32.96
32.09
31.2548
30.4723
29.7171
29.0099
28.3235
27.6814
27.0546
26.4693
25.8944
25.359
24.8294
24.3382
23.8484
23.3964
22.9419
22.5249
22.1017
21.7161
21.3207
20.9633
20.5931
20.261
19.9134
19.6042
19.277
18.9888
18.68
18.411
18.1187
17.8674
17.5899
17.3551
17.0911
16.8715
16.6196
16.4142
16.1734
15.981
15.7507
15.57
15.3495
15.1795
14.9682
14.8083
14.6052
14.4551
14.2591
14.1185
13.929
13.7972
13.6139
13.4903
13.3123
13.1972
13.0236
12.9162
12.7479
12.6458
12.485
12.3913
12.2268
12.1555
11.9236
)
;
    }
    plate
    {
        blended         1;
        beta1           0.075;
        type            omegaWallFunction;
        value           nonuniform List<scalar> 
80
(
3488.32
3491.56
3262.13
3085.58
3020
2987.15
2974.8
2961
2949.35
2930.95
2914.19
2894.8
2878
2859.48
2844.48
2828
2815.27
2800.58
2789.47
2776.2
2766.37
2754.43
2745.79
2735
2727.28
2717.34
2710.35
2701.19
2694.88
2686.39
2680.71
2672.82
2667.63
2660.2
2655.42
2648.43
2644.05
2637.45
2633.43
2627.19
2623.5
2617.54
2614.12
2608.41
2605.25
2599.77
2596.85
2591.59
2588.9
2583.81
2581.33
2576.4
2574.09
2569.33
2567.18
2562.57
2560.57
2556.11
2554.25
2549.91
2548.17
2543.94
2542.32
2538.2
2536.7
2532.67
2531.28
2527.34
2526.06
2522.2
2521.01
2517.22
2516.12
2512.4
2511.39
2507.73
2506.82
2503.19
2502.41
2498.61
)
;
    }
    front
    {
        type            symmetryPlane;
    }
    defaultFaces
    {
        type            empty;
    }
}


// ************************************************************************* //
