/*--------------------------------*- C++ -*----------------------------------*\
| =========                 |                                                 |
| \\      /  F ield         | OpenFOAM: The Open Source CFD Toolbox           |
|  \\    /   O peration     | Version:  v1912                                 |
|   \\  /    A nd           | Website:  www.openfoam.com                      |
|    \\/     M anipulation  |                                                 |
\*---------------------------------------------------------------------------*/
FoamFile
{
    version     2.0;
    format      ascii;
    class       surfaceScalarField;
    location    "25";
    object      phi;
}
// * * * * * * * * * * * * * * * * * * * * * * * * * * * * * * * * * * * * * //

dimensions      [0 3 -1 0 0 0 0];
oriented        oriented;


internalField   nonuniform List<scalar> 
3895
(
0.000814737
0.000381439
0.000499337
0.000315401
0.000251532
0.000247805
6.48877e-05
0.000186644
-6.23723e-05
0.00012726
-0.000128528
6.61559e-05
-0.00013923
1.07015e-05
-0.000113077
-2.61526e-05
-8.13916e-05
-3.16855e-05
-7.23949e-05
-8.99667e-06
-5.95838e-05
-1.28111e-05
-4.51491e-05
-1.44347e-05
-3.92071e-05
-5.94207e-06
-3.27171e-05
-6.48994e-06
9.96798e-08
-3.28168e-05
6.34201e-05
-6.33204e-05
0.000142688
-7.92682e-05
0.000215136
-7.24481e-05
0.000259115
-4.3979e-05
0.000259948
-8.32791e-07
0.000177003
8.2945e-05
-3.98835e-05
0.000216887
-0.000420221
0.000380337
-0.000904711
0.00048449
-0.00138683
0.000482116
-0.00176942
0.000382592
-0.00199709
0.00022767
-0.00204969
5.26007e-05
-0.00198636
-6.33337e-05
-0.00183428
-0.000152081
-0.00160935
-0.000224924
-0.00132955
-0.000279802
-0.00101314
-0.000316412
-0.000680952
-0.000332186
-0.000353675
-0.000327277
-4.8594e-05
-0.000305081
0.000222763
-0.000271357
0.000448414
-0.000225651
0.000623525
-0.000175111
0.000747333
-0.000123807
0.000823224
-7.58916e-05
0.000858413
-3.51891e-05
0.000861931
-3.51787e-06
0.000848304
1.36273e-05
0.000824972
2.33316e-05
0.000798947
2.60259e-05
0.00077492
2.40263e-05
0.000755402
1.95184e-05
0.00074163
1.37714e-05
0.000733989
7.64133e-06
0.000732311
1.6777e-06
0.000735248
-2.937e-06
0.000742803
-7.55433e-06
0.000754171
-1.13679e-05
0.000768433
-1.42619e-05
0.000784691
-1.62585e-05
0.000802144
-1.74525e-05
0.000820121
-1.79777e-05
0.000838106
-1.79843e-05
0.000855721
-1.76158e-05
0.000872719
-1.6998e-05
0.000888954
-1.62341e-05
0.000904357
-1.54037e-05
0.000918922
-1.45644e-05
0.000932677
-1.37553e-05
0.000945677
-1.30002e-05
0.000957989
-1.23115e-05
0.000969682
-1.16937e-05
0.000980829
-1.11464e-05
0.000991495
-1.06665e-05
0.00100175
-1.02515e-05
0.00101165
-9.90224e-06
0.00102127
-9.62422e-06
0.00103072
-9.44267e-06
0.0010401
-9.38069e-06
0.00104968
-9.5883e-06
0.0010597
-1.00162e-05
0.00107148
-1.17809e-05
0.00108473
-1.32446e-05
-2.55416e-05
0.00108794
0.000349304
0.00104736
0.000355982
0.000933205
0.000361963
0.000775535
0.000344313
0.000598196
0.000304599
0.000410901
0.000253451
0.000222424
0.000199178
5.37023e-05
0.000142569
-6.6643e-05
8.86598e-05
-0.000119826
4.41868e-05
-0.000142167
9.5296e-06
-0.000146913
-9.68902e-06
-0.000160316
7.46156e-06
-0.000195606
2.88001e-05
-0.000220827
-7.59593e-06
-0.000223234
-6.09136e-05
-0.000181166
-0.000121337
-9.31011e-05
-0.000160513
-7.6892e-06
-0.000129391
1.04474e-05
-1.89694e-05
-8.02534e-05
0.000173646
-0.000296849
0.000433482
-0.000582839
0.000666328
-0.000859568
0.000761219
-0.00105083
0.00067338
-0.00111366
0.000445419
-0.00105889
0.000172901
-0.000959615
-4.66736e-05
-0.000822753
-0.000200196
-0.000650578
-0.000324257
-0.000445393
-0.000430109
-0.000207742
-0.000517453
5.04551e-05
-0.000574609
0.000311857
-0.000593587
0.000561744
-0.000577164
0.000790622
-0.000533958
0.000989265
-0.000470001
0.00115231
-0.0003887
0.00127215
-0.000294944
0.00134454
-0.000196198
0.00136996
-0.000101319
0.00135332
-1.85431e-05
0.00130705
4.27505e-05
0.00123834
8.23343e-05
0.00116011
0.000101562
0.00108179
0.000104351
0.00101029
9.55237e-05
0.000949995
7.98129e-05
0.000902764
6.10025e-05
0.000868632
4.17728e-05
0.000846373
2.39372e-05
0.000834804
8.63157e-06
0.000831038
-3.78851e-06
0.000832928
-1.32575e-05
0.000838753
-2.00866e-05
0.000847144
-2.46498e-05
0.000857043
-2.73518e-05
0.000867678
-2.86128e-05
0.00087851
-2.88162e-05
0.000889185
-2.82911e-05
0.000899493
-2.73059e-05
0.000909327
-2.6068e-05
0.000918652
-2.47289e-05
0.00092748
-2.33925e-05
0.000935849
-2.21245e-05
0.000943811
-2.09614e-05
0.000951418
-1.9919e-05
0.000958723
-1.89989e-05
0.000965772
-1.81946e-05
0.000972601
-1.7496e-05
0.000979243
-1.68938e-05
0.000985725
-1.63841e-05
0.000992073
-1.59718e-05
0.000998316
-1.56856e-05
0.0010045
-1.55677e-05
0.0010107
-1.57821e-05
0.00101705
-1.63745e-05
0.00102357
-1.83009e-05
0.00103046
-2.01309e-05
-2.82486e-05
0.000975284
0.000305935
0.00102604
0.000305227
0.00106095
0.000327053
0.00105856
0.000346707
0.00101215
0.000351007
0.000925131
0.000340467
0.000805605
0.000318705
0.000660942
0.000287232
0.000501458
0.000248143
0.000340426
0.00020522
0.00018742
0.000162535
5.66478e-05
0.000121083
-3.25232e-05
9.66326e-05
-8.96704e-05
8.59472e-05
-0.000157243
5.99763e-05
-0.000232072
1.39155e-05
-0.000289677
-6.37318e-05
-0.000280967
-0.000169222
-0.000211086
-0.000199273
-0.000131273
-9.87819e-05
-0.00010045
0.000142823
-0.000119549
0.000452581
-0.000149171
0.00069595
-0.000155281
0.000767328
-0.000118579
0.000636678
-4.73992e-05
0.000374239
3.6394e-05
8.91077e-05
0.000133323
-0.000143603
0.000256184
-0.000323057
0.000396621
-0.000464693
0.000553461
-0.00058695
0.000722512
-0.000686505
0.000894853
-0.000746949
0.00106328
-0.000762012
0.00122492
-0.000738811
0.00137642
-0.00068545
0.00151116
-0.000604743
0.00162047
-0.000498012
0.00169601
-0.000370487
0.00173268
-0.000232862
0.00173014
-9.87819e-05
0.00169253
1.9072e-05
0.00162453
0.000110749
0.00153469
0.000172167
0.00143243
0.000203825
0.00132693
0.000209853
0.00122604
0.000196416
0.00113556
0.00017029
0.0010589
0.000137662
0.00099723
0.000103443
0.000950061
7.11065e-05
0.000915947
4.27458e-05
0.000892967
1.91917e-05
0.000878607
1.10176e-06
0.000870737
-1.22163e-05
0.000867388
-2.13003e-05
0.000867005
-2.69688e-05
0.000868437
-3.00456e-05
0.00087088
-3.12589e-05
0.00087381
-3.12211e-05
0.000876916
-3.04117e-05
0.000880033
-2.91852e-05
0.000883094
-2.77896e-05
0.000886088
-2.63863e-05
0.000889035
-2.50714e-05
0.000891967
-2.38932e-05
0.000894916
-2.28683e-05
0.00089791
-2.19928e-05
0.000900967
-2.12516e-05
0.000904097
-2.06258e-05
0.0009073
-2.00971e-05
0.00091057
-1.96538e-05
0.000913892
-1.92943e-05
0.000917245
-1.90386e-05
0.000920603
-1.89259e-05
0.000923898
-1.90768e-05
0.000927095
-1.95719e-05
0.000929802
-2.10075e-05
0.000932451
-2.27801e-05
-2.94142e-05
0.000857111
0.000271382
0.000897363
0.000264975
0.000950183
0.000274233
0.00100474
0.000292151
0.00104643
0.000309316
0.00106532
0.000321576
0.00105639
0.000327633
0.00101724
0.000326384
0.000948271
0.000317113
0.000853484
0.000300007
0.000739629
0.00027639
0.000612178
0.000248535
0.000488064
0.000220746
0.00038215
0.000191861
0.000286235
0.000155892
0.00018066
0.00011949
5.77622e-05
5.91663e-05
-7.01634e-05
-4.12965e-05
-0.000137686
-0.00013175
-7.2019e-05
-0.000164449
6.29591e-05
7.8449e-06
0.000204846
0.000310693
0.000349026
0.000551771
0.00049235
0.000624004
0.000622506
0.000506522
0.000730389
0.000266357
0.000810176
9.32038e-06
0.000892222
-0.000225648
0.000976323
-0.000407158
0.00107174
-0.00056011
0.00117554
-0.000690749
0.00127657
-0.000787536
0.00136795
-0.000838327
0.00145381
-0.000847877
0.00154176
-0.000826762
0.00163234
-0.000776021
0.00171758
-0.00068999
0.0017859
-0.000566326
0.0018269
-0.000411486
0.00183459
-0.00024056
0.00180877
-7.29556e-05
0.00175386
7.39761e-05
0.00167705
0.000187559
0.00158592
0.000263304
0.00148731
0.00030243
0.00138733
0.000309832
0.00129118
0.000292568
0.00120292
0.000258551
0.00112525
0.000215334
0.00105945
0.000169246
0.00100558
0.000124972
0.00096281
8.55156e-05
0.000929586
5.24151e-05
0.000904576
2.61123e-05
0.000886134
6.22602e-06
0.000872838
-8.00461e-06
0.000863347
-1.74781e-05
0.00085657
-2.32684e-05
0.000851679
-2.63679e-05
0.000848075
-2.76173e-05
0.000845347
-2.76834e-05
0.000843226
-2.70649e-05
0.00084155
-2.61127e-05
0.000840221
-2.50577e-05
0.000839189
-2.40394e-05
0.000838427
-2.31315e-05
0.000837921
-2.23624e-05
0.000837661
-2.17324e-05
0.000837635
-2.12254e-05
0.000837827
-2.08182e-05
0.000838217
-2.04873e-05
0.000838777
-2.02137e-05
0.00083947
-1.99871e-05
0.000840244
-1.98125e-05
0.00084103
-1.97116e-05
0.000841708
-1.97552e-05
0.000842139
-2.00022e-05
0.000841934
-2.08029e-05
0.0008409
-2.17459e-05
-2.529e-05
0.000759398
0.000238017
0.000790542
0.000233831
0.000828371
0.000236404
0.000875028
0.000245494
0.000927075
0.000257268
0.000978959
0.000269693
0.00102446
0.000282135
0.00105751
0.000293336
0.00107321
0.000301405
0.00106842
0.000304798
0.0010422
0.000302613
0.000995959
0.000294775
0.000935184
0.00028152
0.000866616
0.00026043
0.000793519
0.000228988
0.000724574
0.000188435
0.000656675
0.000127066
0.000552391
6.2987e-05
0.0003975
2.31418e-05
0.000246161
-1.31101e-05
0.000240864
1.31419e-05
0.000409463
0.000142094
0.00063922
0.000322015
0.000857677
0.000405546
0.00103424
0.000329955
0.00115709
0.000143516
0.00123974
-7.33295e-05
0.00129733
-0.000283243
0.00135785
-0.00046768
0.00142291
-0.000625171
0.00147891
-0.000746743
0.00151309
-0.000821723
0.00153082
-0.000856049
0.00155111
-0.000868174
0.001586
-0.000861654
0.00163237
-0.00082239
0.00167924
-0.000736854
0.00171473
-0.000601814
0.00172946
-0.000426218
0.00171826
-0.000229367
0.00168065
-3.53415e-05
0.00162056
0.000134067
0.00154538
0.000262735
0.00146257
0.000346113
0.00137797
0.000387035
0.00129552
0.000392285
0.00121777
0.000370312
0.00114647
0.000329858
0.00108274
0.000279061
0.00102719
0.0002248
0.00097986
0.000172297
0.000940347
0.000125029
0.000907878
8.48838e-05
0.000881496
5.24945e-05
0.000860141
2.75813e-05
0.000842855
9.2812e-06
0.000828883
-3.50572e-06
0.000817557
-1.1943e-05
0.000808321
-1.71316e-05
0.00080072
-2.00166e-05
0.000794403
-2.13663e-05
0.000789102
-2.17634e-05
0.000784615
-2.1626e-05
0.000780794
-2.12365e-05
0.000777527
-2.0773e-05
0.000774733
-2.03365e-05
0.000772345
-1.99747e-05
0.000770312
-1.97e-05
0.000768591
-1.95043e-05
0.000767141
-1.93684e-05
0.000765924
-1.92696e-05
0.000764897
-1.91867e-05
0.000764013
-1.91031e-05
0.00076321
-1.901e-05
0.000762408
-1.89088e-05
0.000761471
-1.88184e-05
0.000760237
-1.87685e-05
0.000758299
-1.88648e-05
0.000755597
-1.90438e-05
-2.03034e-05
0.000672435
0.000206419
0.00070228
0.000203986
0.000733386
0.000205297
0.000767872
0.000211009
0.000806678
0.000218462
0.000850147
0.000226223
0.000897474
0.000234808
0.000946305
0.000244505
0.000993186
0.000254525
0.0010343
0.000263684
0.00106618
0.000270731
0.00108663
0.000274323
0.0010952
0.000272956
0.00109196
0.000263672
0.00107769
0.000243252
0.0010551
0.000211024
0.00102085
0.000161318
0.000970658
0.00011318
0.000910696
8.31045e-05
0.000816278
8.13072e-05
0.000717353
0.000112067
0.000699123
0.000160324
0.000802846
0.000218292
0.000972014
0.000236378
0.00113267
0.000169297
0.00125577
2.04168e-05
0.00134705
-0.000164605
0.00142545
-0.000361646
0.00149472
-0.000536953
0.00154083
-0.000671279
0.00154895
-0.000754857
0.00152197
-0.000794749
0.00148511
-0.000819191
0.00146297
-0.000846034
0.00145873
-0.000857405
0.00146449
-0.00082816
0.00147326
-0.000745616
0.00147797
-0.000606522
0.00147188
-0.000420136
0.00145088
-0.000208366
0.0014128
2.73667e-06
0.00136065
0.000186225
0.00129968
0.000323706
0.00123585
0.000409937
0.00117357
0.000449314
0.00111522
0.000450642
0.00106166
0.000423864
0.00101308
0.000378438
0.000969411
0.000322734
0.000930519
0.000263691
0.00089623
0.000206586
0.000866284
0.000154975
0.000840338
0.00011083
0.000817996
7.4837e-05
0.00079884
4.67371e-05
0.000782443
2.56781e-05
0.00076842
1.05173e-05
0.000756432
4.50884e-08
0.000746194
-6.89423e-06
0.000737447
-1.12693e-05
0.000729966
-1.38849e-05
0.000723554
-1.53522e-05
0.000718044
-1.61158e-05
0.000713291
-1.64829e-05
0.000709171
-1.66537e-05
0.000705584
-1.67486e-05
0.000702441
-1.68321e-05
0.000699672
-1.69306e-05
0.000697215
-1.70472e-05
0.000695017
-1.71712e-05
0.000693033
-1.72853e-05
0.000691216
-1.737e-05
0.000689519
-1.74059e-05
0.000687883
-1.73738e-05
0.000686231
-1.7257e-05
0.000684442
-1.70287e-05
0.000682359
-1.66858e-05
0.000679635
-1.61413e-05
0.000676139
-1.55475e-05
-1.45291e-05
0.000594387
0.000177669
0.000623174
0.000175199
0.000652336
0.000176136
0.000682142
0.000181202
0.000712978
0.000187625
0.000745713
0.000193489
0.000781357
0.000199164
0.00082051
0.000205353
0.000863013
0.000212022
0.000907895
0.000218801
0.000953465
0.000225161
0.000997672
0.000230116
0.00103853
0.000232095
0.00107379
0.000228414
0.00110109
0.000215957
0.00111848
0.000193633
0.00112279
0.000157003
0.00111349
0.000122484
0.0010931
0.000103487
0.0010651
0.000109311
0.00103688
0.000140284
0.00102086
0.000176347
0.00104642
0.000192729
0.00111918
0.000163624
0.00121558
7.28982e-05
0.00131236
-7.63627e-05
0.00140256
-0.00025481
0.00147317
-0.000432253
0.00151313
-0.00057692
0.0015119
-0.000670041
0.00146836
-0.00071132
0.00140015
-0.000726543
0.00133542
-0.00075446
0.00128334
-0.000793958
0.00123652
-0.000810583
0.00119719
-0.000788824
0.00116989
-0.000718315
0.00114992
-0.000586555
0.00113037
-0.000400591
0.00110702
-0.00018501
0.00107764
3.21122e-05
0.00104264
0.000221228
0.00100469
0.000361652
0.000967058
0.000447572
0.000932112
0.000484259
0.000900781
0.000481973
0.000872893
0.000451751
0.000847811
0.00040352
0.00082488
0.000345665
0.000803633
0.000284938
0.000783822
0.000226397
0.000765355
0.000173442
0.000748222
0.000127963
0.000732447
9.06125e-05
0.000718047
6.11366e-05
0.000705023
3.87018e-05
0.000693354
2.21872e-05
0.000682994
1.04046e-05
0.000673864
2.2355e-06
0.000665874
-3.27955e-06
0.000658914
-6.92454e-06
0.000652865
-9.30295e-06
0.000647606
-1.08569e-05
0.000643021
-1.18979e-05
0.000639002
-1.26349e-05
0.000635453
-1.31998e-05
0.000632291
-1.36693e-05
0.000629443
-1.40828e-05
0.00062685
-1.44541e-05
0.000624461
-1.47824e-05
0.000622233
-1.50572e-05
0.000620126
-1.5263e-05
0.0006181
-1.53801e-05
0.000616108
-1.53822e-05
0.000614089
-1.52382e-05
0.000611944
-1.48833e-05
0.000609542
-1.42835e-05
0.000606579
-1.31789e-05
0.000602947
-1.19156e-05
-8.98614e-06
0.000525112
0.000151819
0.000551941
0.00014837
0.000579158
0.000148919
0.000606492
0.000153868
0.000634054
0.000160063
0.000662041
0.000165502
0.000690785
0.00017042
0.000720891
0.000175247
0.000753065
0.000179847
0.000787849
0.000184018
0.000825404
0.000187607
0.00086537
0.000190149
0.000906839
0.000190627
0.000948057
0.000187196
0.000986388
0.000177625
0.001019
0.000161018
0.00104227
0.000133733
0.00105574
0.000109014
0.00106244
9.67956e-05
0.00106969
0.000102057
0.00108629
0.000123684
0.0011152
0.000147441
0.00115919
0.000148736
0.00121884
0.000103974
0.0012852
6.54023e-06
0.00134581
-0.000136976
0.00138913
-0.000298126
0.00140782
-0.000450943
0.00140125
-0.000570356
0.00136806
-0.000636846
0.00130832
-0.000651584
0.00123345
-0.000651666
0.00115434
-0.000675351
0.00106368
-0.000703304
0.000967104
-0.000714006
0.000891713
-0.000713433
0.000844008
-0.00067061
0.000811186
-0.000553733
0.000784948
-0.000374353
0.000763599
-0.000163662
0.000745236
5.04752e-05
0.000729061
0.000237404
0.000715176
0.000375537
0.000704068
0.00045868
0.000695872
0.000492455
0.000690025
0.00048782
0.000685566
0.000456211
0.000681473
0.000407612
0.000676924
0.000350214
0.000671424
0.000290439
0.00066481
0.000233011
0.000657178
0.000181074
0.000648784
0.000136357
0.000639956
9.94406e-05
0.000631031
7.00616e-05
0.000622307
4.74248e-05
0.000614023
3.04721e-05
0.000606339
1.80878e-05
0.000599348
9.22653e-06
0.000593081
2.98771e-06
0.000587517
-1.36077e-06
0.000582604
-4.38984e-06
0.000578271
-6.52318e-06
0.000574437
-8.06401e-06
0.000571022
-9.22035e-06
0.000567951
-1.0129e-05
0.000565156
-1.08746e-05
0.00056258
-1.15061e-05
0.000560172
-1.20466e-05
0.000557894
-1.25039e-05
0.000555711
-1.2874e-05
0.000553594
-1.3146e-05
0.000551515
-1.33012e-05
0.000549442
-1.33093e-05
0.000547332
-1.31286e-05
0.000545114
-1.26655e-05
0.000542687
-1.18561e-05
0.000539806
-1.02982e-05
0.000536354
-8.46332e-06
-3.8554e-06
0.00046394
0.000128553
0.000488643
0.000123667
0.00051349
0.000124072
0.000538181
0.000129177
0.000563165
0.00013508
0.000588522
0.000140145
0.000614106
0.000144835
0.000640007
0.000149345
0.000666523
0.000153331
0.000694023
0.000156518
0.000722892
0.000158738
0.000753407
0.000159634
0.000785538
0.000158495
0.000818593
0.000154142
0.000851012
0.000145206
0.000880762
0.000131268
0.000904912
0.000109583
0.000923379
9.05468e-05
0.00093913
8.10441e-05
0.000957617
8.35701e-05
0.000985703
9.55985e-05
0.00102694
0.000106207
0.00107886
9.68108e-05
0.00113343
4.94045e-05
0.001181
-4.10303e-05
0.00121152
-0.000167493
0.00122249
-0.000309094
0.00122097
-0.000449425
0.00121552
-0.000564903
0.00119754
-0.000618871
0.0011521
-0.000606139
0.00107583
-0.000575403
0.000966771
-0.00056629
0.000824537
-0.00056107
0.000691066
-0.000580535
0.000605722
-0.000628089
0.000554678
-0.000619565
0.000516422
-0.000515478
0.000486743
-0.000344673
0.000468039
-0.000144958
0.000458929
5.95858e-05
0.000458266
0.000238066
0.000464454
0.000369348
0.00047553
0.000447605
0.000489481
0.000478504
0.000504421
0.000472879
0.000518793
0.000441839
0.000531389
0.000395016
0.000541396
0.000340207
0.000548422
0.000283413
0.000552453
0.000228981
0.000553764
0.000179762
0.000552819
0.000137302
0.000550162
0.000102097
0.000546341
7.38828e-05
0.000541844
5.19219e-05
0.000537068
3.52484e-05
0.000532306
2.28492e-05
0.000527754
1.37783e-05
0.000523525
7.21758e-06
0.000519665
2.49882e-06
0.000516175
-8.99873e-07
0.000513024
-3.37224e-06
0.000510168
-5.20761e-06
0.000507555
-6.60817e-06
0.000505137
-7.71098e-06
0.000502868
-8.60485e-06
0.000500707
-9.34513e-06
0.000498621
-9.96123e-06
0.000496585
-1.04679e-05
0.000494577
-1.08661e-05
0.000492581
-1.11493e-05
0.000490579
-1.12999e-05
0.000488557
-1.12865e-05
0.000486488
-1.10604e-05
0.000484331
-1.05085e-05
0.000482014
-9.53905e-06
0.000479354
-7.63752e-06
0.000476222
-5.33197e-06
6.57752e-07
0.000410014
0.000107503
0.000432757
0.000100924
0.000455192
0.000101637
0.000477171
0.000107197
0.000499491
0.00011276
0.000522268
0.000117369
0.000545317
0.000121786
0.000568639
0.000126023
0.000592287
0.000129683
0.000616276
0.000132528
0.000640666
0.000134349
0.000665544
0.000134756
0.00069091
0.000133128
0.000716445
0.000128608
0.000741317
0.000120334
0.000764337
0.000108248
0.000783599
9.03214e-05
0.0007993
7.48459e-05
0.000813752
6.65915e-05
0.0008308
6.65219e-05
0.000854981
7.14176e-05
0.000888874
7.23143e-05
0.000929979
5.57056e-05
0.000970874
8.51013e-06
0.0010033
-7.3452e-05
0.00102096
-0.000185159
0.00102802
-0.000316151
0.00104101
-0.000462417
0.00106197
-0.000585866
0.00106342
-0.000620322
0.00101834
-0.000561055
0.000918946
-0.000476008
0.000765877
-0.000413221
0.000583365
-0.000378558
0.000446717
-0.000443887
0.000373683
-0.000555055
0.000324147
-0.000570029
0.00028222
-0.000473551
0.000251495
-0.000313948
0.000235292
-0.000128755
0.000233537
6.13414e-05
0.000244425
0.000227178
0.000265536
0.000348237
0.000292836
0.000420305
0.000322786
0.000448555
0.000352629
0.000443036
0.000380432
0.000414036
0.000404903
0.000370545
0.000425295
0.000319815
0.000441337
0.000267371
0.000453154
0.000217164
0.000461167
0.000171748
0.000465983
0.000132487
0.000468279
9.98011e-05
0.000468721
7.34413e-05
0.000467894
5.27482e-05
0.000466277
3.68653e-05
0.000464228
2.48984e-05
0.000461996
1.60108e-05
0.000459737
9.47644e-06
0.00045754
4.69581e-06
0.000455445
1.19544e-06
0.000453456
-1.38391e-06
0.000451562
-3.31379e-06
0.000449742
-4.78793e-06
0.000447972
-5.94062e-06
0.000446228
-6.86115e-06
0.000444491
-7.60812e-06
0.000442744
-8.21391e-06
0.000440974
-8.69808e-06
0.000439172
-9.06425e-06
0.000437333
-9.30975e-06
0.000435451
-9.41842e-06
0.000433524
-9.3595e-06
0.000431544
-9.08045e-06
0.000429495
-8.45925e-06
0.000427332
-7.37653e-06
0.00042494
-5.24478e-06
0.000422172
-2.56398e-06
4.54293e-06
0.000362528
8.8295e-05
0.000383499
7.99536e-05
0.000403604
8.15314e-05
0.00042308
8.77214e-05
0.00044291
9.29295e-05
0.000463132
9.71476e-05
0.000483617
0.000101301
0.000504454
0.000105185
0.000525684
0.000108454
0.000547233
0.000110979
0.000569015
0.000112566
0.000590937
0.000112834
0.000612836
0.000111229
0.000634374
0.000107069
0.000654944
9.97639e-05
0.000673759
8.9433e-05
0.000689522
7.45582e-05
0.000702519
6.1849e-05
0.000714447
5.46639e-05
0.000727994
5.2975e-05
0.000746163
5.32488e-05
0.000770619
4.78574e-05
0.000799847
2.64784e-05
0.000829069
-2.07124e-05
0.000852487
-9.68696e-05
0.000865649
-0.000198321
0.000879362
-0.000329863
0.000909112
-0.000492167
0.000939491
-0.000616245
0.000932629
-0.00061346
0.000866327
-0.000494753
0.000737725
-0.000347407
0.000554527
-0.000230022
0.00036656
-0.000190591
0.000257566
-0.000334893
0.000201326
-0.000498815
0.000151889
-0.000520593
0.000108656
-0.000430318
7.85465e-05
-0.000283839
6.43749e-05
-0.000114584
6.78791e-05
5.78372e-05
8.69548e-05
0.000208102
0.000118305
0.000316887
0.000155967
0.000382642
0.000195921
0.000408602
0.000235032
0.000403925
0.000271203
0.000377865
0.000303122
0.000338626
0.000330106
0.000292831
0.000351978
0.000245499
0.000368966
0.000200176
0.000381583
0.000159131
0.000390511
0.000123558
0.000396489
9.38238e-05
0.000400221
6.97092e-05
0.000402323
5.06464e-05
0.000403292
3.58964e-05
0.000403503
2.46866e-05
0.000403226
1.62883e-05
0.000402639
1.00634e-05
0.000401856
5.47845e-06
0.000400945
2.10654e-06
0.000399942
-3.81095e-07
0.000398864
-2.23502e-06
0.000397714
-3.63844e-06
0.000396493
-4.71966e-06
0.000395197
-5.56513e-06
0.000393823
-6.23379e-06
0.000392367
-6.75798e-06
0.000390829
-7.16018e-06
0.00038921
-7.44517e-06
0.000387514
-7.61365e-06
0.000385746
-7.6509e-06
0.000383916
-7.52887e-06
0.000382029
-7.19349e-06
0.000380093
-6.52358e-06
0.000378089
-5.37215e-06
0.000375969
-3.12514e-06
0.000373563
-1.5842e-07
7.79558e-06
0.000320758
7.057e-05
0.000340089
6.06224e-05
0.000357968
6.3652e-05
0.000375219
7.04704e-05
0.000392844
7.53043e-05
0.000410734
7.92584e-05
0.000428831
8.32037e-05
0.000447285
8.67317e-05
0.000466137
8.96026e-05
0.000485326
9.17899e-05
0.000504772
9.31202e-05
0.000524357
9.32495e-05
0.000543875
9.17107e-05
0.000562979
8.79656e-05
0.000581143
8.15996e-05
0.000597755
7.2821e-05
0.000611787
6.05267e-05
0.000623504
5.01316e-05
0.000634179
4.3989e-05
0.000645724
4.14296e-05
0.000660184
3.8789e-05
0.000678649
2.93929e-05
0.000700302
4.82558e-06
0.000722056
-4.24664e-05
0.000738317
-0.000113131
0.000748648
-0.000208653
0.000767196
-0.000348411
0.000794508
-0.000519479
0.000801701
-0.000623438
0.000763283
-0.000575042
0.00067468
-0.00040615
0.000535143
-0.00020787
0.000354193
-4.90723e-05
0.000197375
-3.37724e-05
0.000126055
-0.000263572
8.01461e-05
-0.000452906
3.04647e-05
-0.000470911
-1.11236e-05
-0.00038873
-3.91697e-05
-0.000255793
-5.12347e-05
-0.000102519
-4.38091e-05
5.04116e-05
-1.91664e-05
0.00018346
1.59866e-05
0.000281734
5.89632e-05
0.000339666
0.000103936
0.000363629
0.000147681
0.000360179
0.000188085
0.000337462
0.000223858
0.000302853
0.000254364
0.000262325
0.000279486
0.000220376
0.000299507
0.000180156
0.000314978
0.000143659
0.000326602
0.000111935
0.000335112
8.53139e-05
0.000341199
6.36221e-05
0.000345457
4.6388e-05
0.000348366
3.29872e-05
0.000350293
2.27604e-05
0.000351504
1.50767e-05
0.000352191
9.37675e-06
0.000352483
5.1862e-06
0.000352469
2.12069e-06
0.000352208
-1.19689e-07
0.000351739
-1.76624e-06
0.000351088
-2.98769e-06
0.000350273
-3.90427e-06
0.000349304
-4.59664e-06
0.000348192
-5.12203e-06
0.000346945
-5.51081e-06
0.000345572
-5.7874e-06
0.000344084
-5.95687e-06
0.000342493
-6.02304e-06
0.000340815
-5.97273e-06
0.000339068
-5.78172e-06
0.00033727
-5.39555e-06
0.000335449
-4.70258e-06
0.000333603
-3.52633e-06
0.000331759
-1.28027e-06
0.00032971
1.89003e-06
1.03994e-05
0.000284047
5.39963e-05
0.000301806
4.28634e-05
0.000317592
4.78657e-05
0.000332904
5.51588e-05
0.000348579
5.96289e-05
0.000364391
6.34467e-05
0.000380379
6.72156e-05
0.000396705
7.04054e-05
0.000413383
7.29251e-05
0.000430358
7.48146e-05
0.000447574
7.59048e-05
0.000464931
7.5892e-05
0.00048225
7.43921e-05
0.000499228
7.09874e-05
0.00051543
6.53976e-05
0.000530364
5.78872e-05
0.000543158
4.77328e-05
0.000554026
3.92634e-05
0.000563941
3.40739e-05
0.000574311
3.10597e-05
0.000586561
2.65383e-05
0.000601395
1.45589e-05
0.000618322
-1.21009e-05
0.000634506
-5.86509e-05
0.000645307
-0.000123931
0.000654909
-0.000218254
0.000668389
-0.000361891
0.000666032
-0.000517122
0.00062707
-0.000584476
0.000555891
-0.000503863
0.000461762
-0.000312021
0.000336404
-8.2512e-05
0.000188187
9.91454e-05
8.37625e-05
7.06518e-05
4.08555e-05
-0.000220665
-1.31818e-06
-0.000410733
-4.71992e-05
-0.00042503
-8.67539e-05
-0.000349175
-0.000113148
-0.000229399
-0.000122971
-9.26958e-05
-0.00011392
4.13604e-05
-8.84196e-05
0.00015796
-5.05084e-05
0.000243823
-6.26332e-06
0.000295421
4.00457e-05
0.00031732
8.50161e-05
0.000315209
0.000126608
0.00029587
0.00016358
0.00026588
0.000195334
0.000230572
0.00022178
0.00019393
0.000243216
0.000158719
0.000260189
0.000126686
0.000273369
9.87548e-05
0.000283447
7.52363e-05
0.00029106
5.60091e-05
0.000296755
4.06929e-05
0.000300975
2.87669e-05
0.000304065
1.96705e-05
0.000306285
1.28571e-05
0.000307827
7.83495e-06
0.000308832
4.18057e-06
0.000309405
1.54771e-06
0.000309621
-3.3535e-07
0.000309537
-1.68195e-06
0.000309192
-2.64281e-06
0.000308617
-3.32956e-06
0.000307836
-3.81559e-06
0.000306869
-4.15553e-06
0.000305736
-4.37703e-06
0.000304454
-4.5058e-06
0.000303044
-4.54651e-06
0.000301526
-4.50559e-06
0.000299924
-4.37063e-06
0.000298264
-4.12133e-06
0.000296571
-3.70275e-06
0.000294888
-3.01924e-06
0.000293224
-1.86224e-06
0.000291671
2.72451e-07
0.000289996
3.56487e-06
1.23332e-05
0.000251798
3.82844e-05
0.000267993
2.66688e-05
0.000281865
3.39931e-05
0.00029551
4.15139e-05
0.000309449
4.56897e-05
0.000323418
4.94775e-05
0.000337565
5.30692e-05
0.000352032
5.59383e-05
0.000366799
5.81579e-05
0.000381816
5.97977e-05
0.000397035
6.06861e-05
0.00041237
6.0557e-05
0.000427666
5.90955e-05
0.000442675
5.59783e-05
0.000457046
5.10268e-05
0.000470387
4.45466e-05
0.00048195
3.61695e-05
0.000491898
2.93153e-05
0.00050098
2.49919e-05
0.000510256
2.17842e-05
0.000520729
1.60652e-05
0.000532921
2.36686e-06
0.000546459
-2.56385e-05
0.000558623
-7.08152e-05
0.000567192
-0.0001325
0.000574
-0.000225062
0.000565082
-0.000352974
0.000516268
-0.000468308
0.000435892
-0.000504101
0.000351569
-0.00041954
0.000269655
-0.000230107
0.000174332
1.28107e-05
7.18589e-05
0.000201618
1.69506e-05
0.00012556
-1.14341e-05
-0.000192281
-5.01661e-05
-0.000372001
-9.2769e-05
-0.000382427
-0.000129601
-0.000312343
-0.00015391
-0.000205091
-0.000162049
-8.4556e-05
-0.000152481
3.17917e-05
-0.000127265
0.000132744
-9.06289e-05
0.000207186
-4.76671e-05
0.000252459
-2.50898e-06
0.000272162
4.14523e-05
0.000271248
8.21779e-05
0.000255145
0.000118547
0.000229511
0.000149987
0.000199133
0.000176415
0.000167502
0.000198114
0.000137021
0.000215589
0.000109211
0.00022945
8.48936e-05
0.000240316
6.43706e-05
0.000248755
4.75697e-05
0.000255256
3.41916e-05
0.000260221
2.38026e-05
0.000263967
1.59246e-05
0.000266743
1.00806e-05
0.000268742
5.83593e-06
0.000270113
2.81002e-06
0.000270968
6.92097e-07
0.000271397
-7.64494e-07
0.000271468
-1.75254e-06
0.000271232
-2.40662e-06
0.000270732
-2.82925e-06
0.000270002
-3.08611e-06
0.000269075
-3.22861e-06
0.000267979
-3.28086e-06
0.000266741
-3.26834e-06
0.000265389
-3.19412e-06
0.000263949
-3.06546e-06
0.000262448
-2.86944e-06
0.000260915
-2.5887e-06
0.000259379
-2.16692e-06
0.000257889
-1.52881e-06
0.00025646
-4.33107e-07
0.000255233
1.49912e-06
0.000253967
4.83101e-06
1.35806e-05
0.000223468
2.31985e-05
0.000238066
1.2071e-05
0.000250249
2.18098e-05
0.000262467
2.92958e-05
0.000274853
3.33046e-05
0.000287199
3.71307e-05
0.000299742
4.0526e-05
0.000312585
4.30953e-05
0.000325684
4.50589e-05
0.000338995
4.64868e-05
0.000352476
4.72057e-05
0.000366047
4.69859e-05
0.000379573
4.55693e-05
0.000392846
4.27057e-05
0.000405578
3.82938e-05
0.000417456
3.26689e-05
0.000427831
2.57947e-05
0.000436819
2.03271e-05
0.000445001
1.68101e-05
0.000453176
1.36092e-05
0.000462086
7.15489e-06
0.000472212
-7.75827e-06
0.000483202
-3.66286e-05
0.000493031
-8.06445e-05
0.000499595
-0.000139064
0.000494115
-0.000219582
0.000450846
-0.000309705
0.000364222
-0.000381684
0.000270293
-0.000410172
0.000194897
-0.000344143
0.000132076
-0.000167286
6.77945e-05
7.70921e-05
8.70024e-06
0.000260713
-1.41823e-05
0.000148443
-3.99248e-05
-0.000166538
-7.72331e-05
-0.000334692
-0.000115583
-0.000344078
-0.000149353
-0.000278572
-0.000171771
-0.000182672
-0.00017896
-7.73673e-05
-0.000169813
2.26446e-05
-0.000146192
0.000109123
-0.000112055
0.000173049
-7.19223e-05
0.000212327
-2.94914e-05
0.000229731
1.20949e-05
0.000229661
5.07194e-05
0.00021652
8.53616e-05
0.000194869
0.000115494
0.000169
0.000141026
0.00014197
0.000162201
0.000115845
0.000179465
9.19475e-05
0.000193348
7.10104e-05
0.000204388
5.33304e-05
0.00021308
3.88776e-05
0.000219853
2.74186e-05
0.000225066
1.85895e-05
0.000229013
1.19774e-05
0.000231933
7.16071e-06
0.000234017
3.75184e-06
0.000235424
1.40396e-06
0.000236272
-1.55979e-07
0.000236665
-1.15799e-06
0.000236681
-1.76874e-06
0.000236386
-2.11135e-06
0.000235834
-2.27683e-06
0.000235069
-2.32201e-06
0.000234134
-2.29279e-06
0.000233061
-2.20788e-06
0.000231882
-2.08994e-06
0.000230627
-1.9387e-06
0.000229322
-1.76017e-06
0.000227992
-1.53951e-06
0.000226664
-1.2614e-06
0.000225365
-8.67422e-07
0.000224142
-3.06357e-07
0.000223012
6.97429e-07
0.000222147
2.36417e-06
0.000221325
5.65247e-06
1.41496e-05
0.000198561
8.56749e-06
0.000211523
-8.91081e-07
0.000222271
1.10615e-05
0.000233257
1.83103e-05
0.000244247
2.2314e-05
0.000255175
2.62026e-05
0.000266321
2.93803e-05
0.000277738
3.16785e-05
0.000289371
3.34258e-05
0.000301185
3.46727e-05
0.000313142
3.52492e-05
0.000325167
3.49603e-05
0.000337142
3.35948e-05
0.000348886
3.09613e-05
0.00036016
2.70195e-05
0.000370702
2.21274e-05
0.000379942
1.65546e-05
0.000387962
1.23073e-05
0.000395211
9.56131e-06
0.000402288
6.53186e-06
0.00040978
-3.374e-07
0.00041807
-1.60484e-05
0.000426746
-4.53044e-05
0.000433661
-8.75596e-05
0.000432784
-0.000138187
0.000406528
-0.000193326
0.000334183
-0.000237359
0.000235617
-0.000283118
0.000153376
-0.000327931
9.43006e-05
-0.000285069
4.55433e-05
-0.000118529
5.97689e-06
0.000116659
-1.80789e-05
0.000284768
-2.10607e-05
0.000151424
-5.09484e-05
-0.00013665
-8.84412e-05
-0.000297199
-0.000123705
-0.000308814
-0.000154434
-0.000247843
-0.000174987
-0.00016212
-0.000181624
-7.07302e-05
-0.000173394
1.44152e-05
-0.00015199
8.77189e-05
-0.000120968
0.000142028
-8.43203e-05
0.000175679
-4.54135e-05
0.000190824
-6.98986e-06
0.000191238
2.88903e-05
0.00018064
6.11771e-05
0.000162582
8.9424e-05
0.000140753
0.000113519
0.000117875
0.000133656
9.57081e-05
0.000150208
7.53955e-05
0.000163621
5.75972e-05
0.000174349
4.26026e-05
0.000182814
3.04128e-05
0.000189391
2.0842e-05
0.000194404
1.35763e-05
0.000198132
8.24941e-06
0.000200812
4.48101e-06
0.000202642
1.92128e-06
0.000203793
2.52639e-07
0.000204398
-7.60422e-07
0.000204572
-1.33203e-06
0.000204406
-1.60281e-06
0.000203975
-1.68079e-06
0.000203341
-1.64209e-06
0.000202551
-1.53199e-06
0.000201646
-1.38775e-06
0.000200659
-1.22091e-06
0.000199618
-1.04896e-06
0.000198546
-8.6745e-07
0.000197466
-6.7993e-07
0.000196396
-4.69373e-07
0.000195357
-2.22349e-07
0.000194368
1.21188e-07
0.000193474
5.87561e-07
0.000192687
1.48453e-06
0.0001922
2.85197e-06
0.000191835
6.01744e-06
1.40842e-05
0.000176567
-5.65308e-06
0.000187956
-1.22802e-05
0.000197514
1.50328e-06
0.000207408
8.4159e-06
0.000217131
1.25911e-05
0.000226791
1.65423e-05
0.000236667
1.95044e-05
0.000246765
2.15807e-05
0.000257031
2.316e-05
0.000267439
2.42651e-05
0.000277952
2.47359e-05
0.000288502
2.44103e-05
0.000298977
2.31194e-05
0.000309216
2.07223e-05
0.000319005
1.72303e-05
0.000328115
1.30181e-05
0.000336052
8.6169e-06
0.000342884
5.47532e-06
0.000348957
3.48828e-06
0.000354723
7.66517e-07
0.000360529
-6.14373e-06
0.00036636
-2.18788e-05
0.000371185
-5.01296e-05
0.000371346
-8.77207e-05
0.000357575
-0.000124416
0.000312714
-0.000148465
0.000229893
-0.000154539
0.000141692
-0.000194917
7.75754e-05
-0.000263814
3.03578e-05
-0.000237851
-5.08357e-06
-8.30875e-05
-2.84477e-05
0.000140023
-2.1839e-05
0.00027816
-1.51551e-05
0.000144741
-4.78434e-05
-0.000103962
-8.86375e-05
-0.000256405
-0.000122731
-0.000274721
-0.000150763
-0.000219811
-0.000169526
-0.000143357
-0.000175744
-6.45126e-05
-0.000168605
7.27604e-06
-0.000149586
6.87004e-05
-0.000121837
0.000114278
-8.88612e-05
0.000142703
-5.37076e-05
0.00015567
-1.87701e-05
0.0001563
1.40684e-05
0.000147802
4.37178e-05
0.000132932
6.97827e-05
0.000114689
9.213e-05
9.55279e-05
0.000110895
7.69431e-05
0.00012637
5.99205e-05
0.000138914
4.50529e-05
0.000148903
3.26141e-05
0.000156698
2.26175e-05
0.00016264
1.49006e-05
0.000167039
9.17691e-06
0.000170178
5.10997e-06
0.000172308
2.3516e-06
0.000173644
5.84623e-07
0.000174364
-4.67236e-07
0.000174621
-1.01735e-06
0.000174532
-1.24281e-06
0.000174192
-1.26262e-06
0.000173673
-1.16162e-06
0.00017303
-9.98953e-07
0.000172304
-8.06692e-07
0.000171528
-6.11768e-07
0.000170726
-4.18675e-07
0.000169916
-2.39068e-07
0.000169114
-6.52017e-08
0.000168332
1.01845e-07
0.000167582
2.80398e-07
0.000166878
4.81532e-07
0.000166234
7.65785e-07
0.000165686
1.13565e-06
0.000165248
1.92209e-06
0.000165114
2.98639e-06
0.000165184
5.9469e-06
1.34591e-05
0.000157032
-1.93898e-05
0.000167043
-2.22913e-05
0.000175623
-7.07611e-06
0.000184414
-3.75404e-07
0.000192829
4.17646e-06
0.000201139
8.23199e-06
0.000209596
1.1047e-05
0.000218187
1.29902e-05
0.000226876
1.44706e-05
0.000235653
1.54887e-05
0.000244483
1.59052e-05
0.000253298
1.55954e-05
0.000261984
1.44338e-05
0.000270378
1.23284e-05
0.000278273
9.33508e-06
0.000285458
5.83249e-06
0.000291551
2.52474e-06
0.000296633
3.92565e-07
0.000300985
-8.63166e-07
0.00030485
-3.09847e-06
0.000308135
-9.42863e-06
0.000310112
-2.38564e-05
0.000308727
-4.87444e-05
0.000299456
-7.84496e-05
0.000274277
-9.92371e-05
0.000222655
-9.68432e-05
0.000148563
-8.04466e-05
7.97453e-05
-0.000126099
2.77649e-05
-0.000211833
-1.28807e-05
-0.000197205
-4.23214e-05
-5.36467e-05
-4.16767e-05
0.000139378
-1.46022e-05
0.000251085
-2.38285e-07
0.000130377
-3.40552e-05
-7.01451e-05
-8.04896e-05
-0.000209971
-0.000116053
-0.000239158
-0.000142207
-0.000193656
-0.0001593
-0.000126264
-0.00016513
-5.86829e-05
-0.000159062
1.20803e-06
-0.000142349
5.19877e-05
-0.000117763
8.96924e-05
-8.83702e-05
0.00011331
-5.68934e-05
0.000124193
-2.54619e-05
0.000124869
4.26657e-06
0.000118073
3.1211e-05
0.000105988
5.4964e-05
9.09355e-05
7.53735e-05
7.51185e-05
9.2507e-05
5.98096e-05
0.000106577
4.58509e-05
0.000117868
3.37617e-05
0.000126703
2.3779e-05
0.000133419
1.59014e-05
0.000138354
9.96513e-06
0.000141835
5.69635e-06
0.000144162
2.78262e-06
0.000145604
9.0981e-07
0.000146382
-1.93354e-07
0.000146681
-7.6562e-07
0.000146645
-9.818e-07
0.000146384
-9.81387e-07
0.000145977
-8.56351e-07
0.000145483
-6.67552e-07
0.000144942
-4.57349e-07
0.000144381
-2.45819e-07
0.000143819
-5.03341e-08
0.000143271
1.29835e-07
0.000142744
2.87998e-07
0.000142245
4.33335e-07
0.00014178
5.66928e-07
0.000141354
7.06049e-07
0.000140977
8.59452e-07
0.000140657
1.08579e-06
0.000140425
1.36694e-06
0.000140303
2.04454e-06
0.000140464
2.82565e-06
0.000140921
5.48905e-06
1.23608e-05
0.000139698
-3.26072e-05
0.000148438
-3.10312e-05
0.000155934
-1.45725e-05
0.00016313
-7.57176e-06
0.000169635
-2.32817e-06
0.000175929
1.93764e-06
0.000182285
4.69167e-06
0.000188717
6.55776e-06
0.00019523
7.95764e-06
0.000201824
8.89526e-06
0.000208457
9.27178e-06
0.000215043
9.00949e-06
0.000221446
8.03031e-06
0.000227487
6.28829e-06
0.000232951
3.87028e-06
0.000237653
1.1312e-06
0.000241357
-1.17969e-06
0.0002442
-2.45065e-06
0.000246401
-3.06432e-06
0.000247947
-4.64445e-06
0.000248289
-9.77065e-06
0.000245988
-2.15549e-05
0.000238405
-4.11614e-05
0.000221976
-6.20209e-05
0.000192797
-7.00576e-05
0.000147247
-5.12938e-05
9.30221e-05
-2.62213e-05
4.27671e-05
-7.58444e-05
-2.51149e-06
-0.000166555
-3.91687e-05
-0.000160548
-5.70399e-05
-3.57756e-05
-4.23862e-05
0.000124724
-1.80396e-06
0.000210503
1.7961e-05
0.000110612
-1.33839e-05
-3.88003e-05
-6.51947e-05
-0.00015816
-0.000105101
-0.000199252
-0.000131026
-0.000167731
-0.000146778
-0.000110512
-0.00015221
-5.32509e-05
-0.000147105
-3.89732e-06
-0.000132502
3.73852e-05
-0.000110838
6.80278e-05
-8.4788e-05
8.72603e-05
-5.67711e-05
9.61765e-05
-2.8692e-05
9.67898e-05
-2.00916e-06
9.13902e-05
2.22321e-05
8.17466e-05
4.35858e-05
6.95818e-05
6.18727e-05
5.68316e-05
7.7101e-05
4.45813e-05
8.94282e-05
3.35236e-05
9.9107e-05
2.40829e-05
0.000106454
1.64324e-05
0.000111819
1.05356e-05
0.000115566
6.2186e-06
0.000118039
3.22298e-06
0.000119552
1.27027e-06
0.000120368
9.3885e-08
0.000120696
-5.21789e-07
0.000120705
-7.74358e-07
0.000120515
-7.9156e-07
0.000120211
-6.77619e-07
0.000119852
-4.97597e-07
0.000119476
-2.91322e-07
0.000119106
-8.73429e-08
0.000118756
1.03524e-07
0.000118435
2.70977e-07
0.000118146
4.18611e-07
0.000117891
5.43061e-07
0.000117671
6.53427e-07
0.000117486
7.51801e-07
0.000117339
8.5343e-07
0.000117234
9.64443e-07
0.000117181
1.13902e-06
0.000117204
1.34392e-06
0.000117335
1.91311e-06
0.000117713
2.44795e-06
0.000118491
4.71121e-06
1.08715e-05
0.000124195
-4.51638e-05
0.000131114
-3.79505e-05
0.000136334
-1.9792e-05
0.000140505
-1.1743e-05
0.000143871
-5.6941e-06
0.000147183
-1.37478e-06
0.000150715
1.16023e-06
0.000154483
2.78932e-06
0.000158478
3.96237e-06
0.000162662
4.71184e-06
0.000166946
4.98785e-06
0.000171199
4.75612e-06
0.000175252
3.97753e-06
0.000178903
2.63744e-06
0.000181943
8.30159e-07
0.000184219
-1.14519e-06
0.000185672
-2.63254e-06
0.00018649
-3.26811e-06
0.000186843
-3.41725e-06
0.000186541
-4.34323e-06
0.000184727
-7.95593e-06
0.000179608
-1.64361e-05
0.000168672
-3.02257e-05
0.000150201
-4.35494e-05
0.000124215
-4.40722e-05
9.19797e-05
-1.90583e-05
5.97068e-05
6.05165e-06
2.37209e-05
-3.98586e-05
-1.64462e-05
-0.000126387
-5.0039e-05
-0.000126956
-6.00873e-05
-2.57272e-05
-3.68957e-05
0.000101533
9.43829e-06
0.000164169
3.37331e-05
8.63168e-05
9.49639e-06
-1.45636e-05
-4.36194e-05
-0.000105044
-8.95668e-05
-0.000153305
-0.000117856
-0.000139441
-0.000133302
-9.50666e-05
-0.00013847
-4.80823e-05
-0.000134216
-8.15177e-06
-0.000121497
2.46668e-05
-0.000102471
4.9001e-05
-7.94801e-05
6.42697e-05
-5.46723e-05
7.13687e-05
-2.9765e-05
7.18826e-05
-6.04737e-06
6.76725e-05
1.54719e-05
6.02274e-05
3.42997e-05
5.0754e-05
5.02521e-05
4.08791e-05
6.33157e-05
3.15177e-05
7.36431e-05
2.31962e-05
8.15021e-05
1.62239e-05
8.72359e-05
1.06987e-05
9.12218e-05
6.54973e-06
9.38362e-05
3.60415e-06
9.54241e-05
1.6351e-06
9.62822e-05
4.12179e-07
9.66421e-05
-2.6608e-07
9.66898e-05
-5.69484e-07
9.65551e-05
-6.39624e-07
9.63297e-05
-5.66145e-07
9.60723e-05
-4.20269e-07
9.58199e-05
-2.45131e-07
9.55923e-05
-6.37134e-08
9.54003e-05
1.04578e-07
9.52484e-05
2.5549e-07
9.5136e-05
3.83342e-07
9.50619e-05
4.92686e-07
9.50229e-05
5.82117e-07
9.50168e-05
6.59454e-07
9.50417e-05
7.2694e-07
9.50981e-05
7.9699e-07
9.51893e-05
8.73329e-07
9.53256e-05
1.0027e-06
9.55248e-05
1.14472e-06
9.58372e-05
1.60071e-06
9.63458e-05
1.93932e-06
9.73571e-05
3.69995e-06
9.06717e-06
0.000109445
-5.60712e-05
0.000112552
-4.10571e-05
0.000113316
-2.05563e-05
0.000113013
-1.14402e-05
0.000112694
-5.37428e-06
0.000113105
-1.78597e-06
0.000114236
2.91265e-08
0.000115904
1.12104e-06
0.000117975
1.89186e-06
0.000120323
2.36331e-06
0.000122807
2.50386e-06
0.000125265
2.29867e-06
0.000127514
1.7286e-06
0.000129359
7.92094e-07
0.000130621
-4.31545e-07
0.000131202
-1.72683e-06
0.000131168
-2.59872e-06
0.000130739
-2.83895e-06
0.000130051
-2.72895e-06
0.000128847
-3.13893e-06
0.000126205
-5.31422e-06
0.000120386
-1.0617e-05
0.000109379
-1.92186e-05
9.29793e-05
-2.71499e-05
7.36483e-05
-2.47413e-05
5.58036e-05
-1.21368e-06
4.19847e-05
1.98706e-05
1.73168e-05
-1.51907e-05
-2.03718e-05
-8.86988e-05
-5.12339e-05
-9.60934e-05
-5.63947e-05
-2.05665e-05
-2.93594e-05
7.44973e-05
1.73672e-05
0.000117442
4.3255e-05
6.0429e-05
2.88666e-05
-1.75164e-07
-1.82913e-05
-5.78864e-05
-6.83119e-05
-0.000103284
-0.00010141
-0.000106343
-0.000118711
-7.77647e-05
-0.00012446
-4.23338e-05
-0.000121196
-1.14154e-05
-0.000110253
1.37239e-05
-9.36466e-05
3.23944e-05
-7.34799e-05
4.4103e-05
-5.16822e-05
4.95711e-05
-2.98222e-05
5.00226e-05
-9.09652e-06
4.69468e-05
9.70076e-06
4.14301e-05
2.58801e-05
3.45747e-05
3.93542e-05
2.7405e-05
5.01343e-05
2.07377e-05
5.8407e-05
1.49234e-05
6.44755e-05
1.01554e-05
6.87078e-05
6.46631e-06
7.14886e-05
3.76893e-06
7.31814e-05
1.91137e-06
7.41024e-05
7.14158e-07
7.45072e-05
7.29443e-09
7.45892e-05
-3.48011e-07
7.4494e-05
-4.74299e-07
7.4316e-05
-4.61644e-07
7.41185e-05
-3.68627e-07
7.39379e-05
-2.39674e-07
7.37937e-05
-1.00966e-07
7.36947e-05
3.53386e-08
7.36425e-05
1.56729e-07
7.36354e-05
2.62604e-07
7.36687e-05
3.50092e-07
7.3738e-05
4.23297e-07
7.38384e-05
4.81787e-07
7.39664e-05
5.31466e-07
7.41191e-05
5.74237e-07
7.42969e-05
6.19192e-07
7.45018e-05
6.68345e-07
7.47469e-05
7.5764e-07
7.50415e-05
8.5012e-07
7.54587e-05
1.1835e-06
7.6011e-05
1.387e-06
7.7142e-05
2.56896e-06
7.03106e-06
9.33264e-05
-6.24226e-05
8.97532e-05
-3.74839e-05
8.49978e-05
-1.58009e-05
8.09965e-05
-7.43885e-06
7.86216e-05
-2.99938e-06
7.7783e-05
-9.47361e-07
7.78953e-05
-8.31633e-08
7.85676e-05
4.48701e-07
7.96094e-05
8.50019e-07
8.08857e-05
1.08702e-06
8.22586e-05
1.13102e-06
8.35805e-05
9.76686e-07
8.46939e-05
6.15281e-07
8.54381e-05
4.78261e-08
8.56801e-05
-6.7352e-07
8.53701e-05
-1.41685e-06
8.46341e-05
-1.86273e-06
8.3699e-05
-1.90384e-06
8.26867e-05
-1.71668e-06
8.13612e-05
-1.81339e-06
7.89271e-05
-2.88012e-06
7.39531e-05
-5.64298e-06
6.49732e-05
-1.02387e-05
5.24714e-05
-1.46481e-05
4.0092e-05
-1.23619e-05
3.39658e-05
4.91253e-06
3.31156e-05
2.07208e-05
1.80628e-05
-1.37914e-07
-1.68056e-05
-5.38304e-05
-4.63511e-05
-6.65479e-05
-4.93657e-05
-1.75519e-05
-2.19881e-05
4.71197e-05
2.09145e-05
7.45398e-05
4.48814e-05
3.64621e-05
3.96003e-05
5.10601e-06
5.33116e-06
-2.36173e-05
-4.16349e-05
-5.63181e-05
-7.90865e-05
-6.88919e-05
-0.000100521
-5.63304e-05
-0.000108789
-3.40655e-05
-0.000107434
-1.27701e-05
-9.86383e-05
4.92775e-06
-8.45403e-05
1.82965e-05
-6.71724e-05
2.67351e-05
-4.83396e-05
3.07383e-05
-2.95012e-05
3.11842e-05
-1.17098e-05
2.91554e-05
4.1819e-06
2.55384e-05
1.76728e-05
2.10838e-05
2.86512e-05
1.64267e-05
3.71975e-05
1.21914e-05
4.35427e-05
8.57822e-06
4.80156e-05
5.68248e-06
5.09865e-05
3.49545e-06
5.28184e-05
1.93702e-06
5.38357e-05
8.9404e-07
5.43063e-05
2.43587e-07
5.44338e-05
-1.20223e-07
5.43708e-05
-2.84974e-07
5.42211e-05
-3.24636e-07
5.40502e-05
-2.90745e-07
5.38981e-05
-2.16549e-07
5.37853e-05
-1.2688e-07
5.37201e-05
-3.57186e-08
5.37045e-05
5.09076e-08
5.37352e-05
1.26062e-07
5.38075e-05
1.90287e-07
5.39152e-05
2.42362e-07
5.40533e-05
2.85278e-07
5.42161e-05
3.18904e-07
5.44005e-05
3.47148e-07
5.46034e-05
3.71269e-07
5.48257e-05
3.96916e-07
5.50686e-05
4.25462e-07
5.53472e-05
4.79064e-07
5.5662e-05
5.35307e-07
5.61066e-05
7.38912e-07
5.66214e-05
8.72158e-07
5.77238e-05
1.4666e-06
4.87615e-06
7.347e-05
-5.91239e-05
6.21402e-05
-2.61542e-05
5.4245e-05
-7.90574e-06
4.97554e-05
-2.94925e-06
4.7749e-05
-9.92931e-07
4.71063e-05
-3.0468e-07
4.70673e-05
-4.41192e-08
4.73596e-05
1.56409e-07
4.78886e-05
3.20965e-07
4.85656e-05
4.09997e-07
4.92856e-05
4.11109e-07
4.99373e-05
3.24903e-07
5.04055e-05
1.47079e-07
5.05758e-05
-1.22418e-07
5.03605e-05
-4.58199e-07
4.97403e-05
-7.96647e-07
4.88559e-05
-9.78422e-07
4.79096e-05
-9.57469e-07
4.70088e-05
-8.15861e-07
4.59824e-05
-7.87083e-07
4.42611e-05
-1.1588e-06
4.08457e-05
-2.22753e-06
3.47263e-05
-4.11928e-06
2.6328e-05
-6.24988e-06
1.92907e-05
-5.32455e-06
2.01658e-05
4.03738e-06
2.68927e-05
1.3994e-05
2.08051e-05
5.94971e-06
-8.29619e-06
-2.47292e-05
-3.71535e-05
-3.76906e-05
-4.09486e-05
-1.37568e-05
-1.66271e-05
2.27982e-05
1.94718e-05
3.8441e-05
3.86047e-05
1.73291e-05
3.90294e-05
4.68126e-06
2.02742e-05
-4.862e-06
-1.42852e-05
-2.17587e-05
-5.01579e-05
-3.30192e-05
-7.49332e-05
-3.15552e-05
-8.71866e-05
-2.18121e-05
-8.93482e-05
-1.06085e-05
-8.38863e-05
-5.34069e-07
-7.30715e-05
7.48165e-06
-5.90293e-05
1.26928e-05
-4.35519e-05
1.5261e-05
-2.80605e-05
1.56928e-05
-1.35528e-05
1.46477e-05
-7.44217e-07
1.27298e-05
9.92943e-06
1.04101e-05
1.83831e-05
7.97299e-06
2.47708e-05
5.8037e-06
2.93522e-05
3.99679e-06
3.2453e-05
2.58172e-06
3.44111e-05
1.53734e-06
3.55376e-05
8.10476e-07
3.60959e-05
3.3579e-07
3.62908e-05
4.86582e-08
3.62749e-05
-1.04301e-07
3.61562e-05
-1.6632e-07
3.60044e-05
-1.72821e-07
3.58614e-05
-1.47702e-07
3.57508e-05
-1.05958e-07
3.56827e-05
-5.8858e-08
3.56597e-05
-1.26588e-08
3.56802e-05
3.03732e-08
3.57393e-05
6.69915e-08
3.58318e-05
9.77976e-08
3.59518e-05
1.22379e-07
3.60946e-05
1.42435e-07
3.62556e-05
1.57882e-07
3.6432e-05
1.70758e-07
3.66215e-05
1.81739e-07
3.68251e-05
1.93345e-07
3.70435e-05
2.07073e-07
3.72914e-05
2.31142e-07
3.75642e-05
2.62574e-07
3.79561e-05
3.46962e-07
3.83744e-05
4.53846e-07
3.92677e-05
5.73333e-07
2.76891e-06
4.88072e-05
-4.01709e-05
3.32738e-05
-1.06208e-05
2.70703e-05
-1.70226e-06
2.46436e-05
-5.22573e-07
2.37976e-05
-1.46947e-07
2.35454e-05
-5.24309e-08
2.35143e-05
-1.30763e-08
2.36376e-05
3.31717e-08
2.38868e-05
7.17049e-08
2.42076e-05
8.92059e-08
2.45344e-05
8.42809e-08
2.48015e-05
5.78433e-08
2.49404e-05
8.16243e-09
2.48834e-05
-6.5403e-08
2.45811e-05
-1.55875e-07
2.40305e-05
-2.46058e-07
2.33421e-05
-2.9006e-07
2.26602e-05
-2.75533e-07
2.20665e-05
-2.22148e-07
2.14695e-05
-1.90146e-07
2.0556e-05
-2.45273e-07
1.87822e-05
-4.53761e-07
1.55358e-05
-8.72848e-07
1.08042e-05
-1.51828e-06
7.01634e-06
-1.53668e-06
9.8554e-06
1.19832e-06
1.87777e-05
5.07163e-06
2.05037e-05
4.2237e-06
1.54958e-06
-5.77499e-06
-2.36108e-05
-1.25302e-05
-3.04434e-05
-6.92424e-06
-1.33722e-05
5.72703e-06
1.30116e-05
1.20572e-05
2.55008e-05
4.83993e-06
2.82544e-05
1.92765e-06
2.25717e-05
8.20728e-07
4.54409e-06
-3.73109e-06
-2.0155e-05
-8.32009e-06
-4.19616e-05
-9.74853e-06
-5.57989e-05
-7.97493e-06
-6.1531e-05
-4.87638e-06
-6.04605e-05
-1.6046e-06
-5.42728e-05
1.29391e-06
-4.48952e-05
3.31524e-06
-3.40169e-05
4.38273e-06
-2.2972e-05
4.6479e-06
-1.2684e-05
4.35967e-06
-3.719e-06
3.76474e-06
3.64395e-06
3.04716e-06
9.31094e-06
2.30601e-06
1.34692e-05
1.64547e-06
1.63562e-05
1.1097e-06
1.82383e-05
6.99696e-07
1.93719e-05
4.03741e-07
1.99801e-05
2.023e-07
2.02423e-05
7.35085e-08
2.02932e-05
-2.23023e-09
2.02298e-05
-4.08477e-08
2.01181e-05
-5.46649e-08
1.99991e-05
-5.381e-08
1.98963e-05
-4.48754e-08
1.98221e-05
-3.17704e-08
1.97808e-05
-1.76148e-08
1.97723e-05
-4.12135e-09
1.97943e-05
8.34291e-09
1.98426e-05
1.87315e-08
1.9913e-05
2.7362e-08
2.00013e-05
3.41267e-08
2.01041e-05
3.96078e-08
2.02182e-05
4.37457e-08
2.03418e-05
4.71748e-08
2.04735e-05
5.0114e-08
2.06137e-05
5.3084e-08
2.07636e-05
5.71532e-08
2.09322e-05
6.25551e-08
2.112e-05
7.47858e-08
2.13799e-05
8.70261e-08
2.16847e-05
1.4913e-07
2.21759e-05
8.2095e-08
9.44689e-07
1.9638e-05
9.01719e-06
7.31494e-06
6.79236e-06
6.64542e-06
6.59299e-06
6.57991e-06
6.61308e-06
6.68479e-06
6.77399e-06
6.85827e-06
6.91612e-06
6.92428e-06
6.85888e-06
6.703e-06
6.45694e-06
6.16688e-06
5.89135e-06
5.6692e-06
5.47906e-06
5.23378e-06
4.78002e-06
3.90717e-06
2.38889e-06
8.52217e-07
2.05054e-06
7.12217e-06
1.13459e-05
5.57088e-06
-6.9593e-06
-1.38835e-05
-8.15651e-06
3.90069e-06
8.74063e-06
1.06683e-05
1.1489e-05
7.75791e-06
-5.62179e-07
-1.03107e-05
-1.82856e-05
-2.3162e-05
-2.47666e-05
-2.34727e-05
-2.01575e-05
-1.57747e-05
-1.11268e-05
-6.76716e-06
-3.00241e-06
4.47451e-08
2.35075e-06
3.99622e-06
5.10593e-06
5.80562e-06
6.20936e-06
6.41166e-06
6.48517e-06
6.48294e-06
6.44209e-06
6.38743e-06
6.33362e-06
6.28874e-06
6.25697e-06
6.23936e-06
6.23524e-06
6.24358e-06
6.26231e-06
6.28967e-06
6.3238e-06
6.36341e-06
6.40715e-06
6.45433e-06
6.50444e-06
6.55753e-06
6.61468e-06
6.67723e-06
6.75202e-06
6.83905e-06
6.98818e-06
7.07027e-06
)
;

boundaryField
{
    inlet
    {
        type            calculated;
        value           nonuniform List<scalar> 
25
(
-0.00119618
-0.00105581
-0.000931914
-0.000822558
-0.000726034
-0.000640837
-0.000565637
-0.000499262
-0.000440675
-0.000388964
-0.00034332
-0.000303033
-0.000267473
-0.000236086
-0.000208382
-0.00018393
-0.000162346
-0.000143295
-0.00012648
-0.000111638
-9.8538e-05
-8.69749e-05
-7.67687e-05
-6.77602e-05
-5.98088e-05
)
;
    }
    outlet
    {
        type            calculated;
        value           nonuniform List<scalar> 
25
(
0.00111027
0.00103317
0.000933617
0.000836775
0.00075061
0.000670365
0.000597405
0.000531223
0.000471709
0.000418286
0.000370311
0.000327106
0.000288062
0.000252719
0.000220756
0.0001919
0.000165809
0.00014202
0.00011998
9.91614e-05
7.91781e-05
5.98787e-05
4.13749e-05
2.40001e-05
8.01496e-06
)
;
    }
    fixedWalls
    {
        type            calculated;
        value           uniform 0;
    }
    frontAndBack
    {
        type            empty;
        value           nonuniform 0();
    }
}


// ************************************************************************* //
