/*--------------------------------*- C++ -*----------------------------------*\
| =========                 |                                                 |
| \\      /  F ield         | OpenFOAM: The Open Source CFD Toolbox           |
|  \\    /   O peration     | Version:  v1912                                 |
|   \\  /    A nd           | Website:  www.openfoam.com                      |
|    \\/     M anipulation  |                                                 |
\*---------------------------------------------------------------------------*/
FoamFile
{
    version     2.0;
    format      ascii;
    class       volVectorField;
    location    "25";
    object      U;
}
// * * * * * * * * * * * * * * * * * * * * * * * * * * * * * * * * * * * * * //

dimensions      [0 1 -1 0 0 0 0];


internalField   nonuniform List<vector> 
2000
(
(0.846159 0.187397 0)
(0.515122 0.124097 0)
(0.223412 0.0684484 0)
(0.0598056 0.0174107 6.15091e-20)
(-0.00439475 -0.0227603 2.34145e-17)
(-0.0650203 -0.0371385 2.08727e-17)
(-0.0785068 -0.0379736 0)
(-0.0715708 -0.0222831 0)
(-0.0576584 0.000870206 0)
(-0.035492 0.017514 4.74289e-17)
(-0.0351502 0.00956304 -2.91819e-17)
(-0.0264648 -0.00153122 -2.7083e-17)
(-0.0186583 -0.00266105 0)
(-0.0165084 0.000405416 0)
(-0.00967498 -0.00341723 -2.1348e-17)
(0.00985011 -0.0126165 0)
(0.0395832 -0.0220564 1.80493e-17)
(0.0738389 -0.0269731 7.57584e-20)
(0.0993055 -0.0244391 1.66763e-17)
(0.109456 -0.0193886 -8.35674e-18)
(0.097599 -0.0108458 1.64489e-17)
(0.0474942 0.0336752 0)
(-0.0702361 0.0999821 0)
(-0.237391 0.146311 -5.37845e-19)
(-0.412689 0.152962 0)
(-0.559786 0.123916 1.00677e-18)
(-0.655523 0.0768722 0)
(-0.692926 0.0286734 -9.00747e-19)
(-0.678609 -0.012025 0)
(-0.636223 -0.0429478 0)
(-0.568412 -0.0662829 0)
(-0.481286 -0.0827239 9.4772e-19)
(-0.380749 -0.0923962 0)
(-0.273765 -0.0953259 -1.20118e-18)
(-0.166617 -0.0923759 5.58561e-14)
(-0.0638351 -0.0842098 6.98095e-14)
(0.0287865 -0.0722956 2.32432e-18)
(0.108637 -0.0572349 -2.19191e-18)
(0.176122 -0.0421098 0)
(0.227262 -0.0281893 8.17644e-18)
(0.261631 -0.016305 0)
(0.281245 -0.00669763 -7.82543e-18)
(0.289114 0.000907033 0)
(0.288634 0.00734587 -1.53008e-17)
(0.283881 0.0122926 7.68115e-18)
(0.277503 0.0156249 0)
(0.271224 0.0176338 0)
(0.26622 0.0186544 -7.89684e-18)
(0.26319 0.0190218 0)
(0.262443 0.019046 8.10053e-18)
(0.263996 0.0189133 0)
(0.267706 0.0187494 1.67166e-17)
(0.273419 0.0188598 -1.69192e-17)
(0.281047 0.0193968 1.71092e-17)
(0.290364 0.0204006 -8.62289e-18)
(0.301091 0.0218723 0)
(0.31297 0.0237799 8.76684e-18)
(0.325778 0.0260741 -8.82049e-18)
(0.339335 0.0287017 -1.77753e-17)
(0.353513 0.0316136 1.77753e-17)
(0.368231 0.0347687 -1.77991e-17)
(0.383453 0.0381356 1.77912e-17)
(0.39918 0.0416932 -1.77488e-17)
(0.415445 0.0454301 1.77828e-17)
(0.432308 0.0493435 -1.30178e-19)
(0.449849 0.0534383 1.73744e-17)
(0.468167 0.057726 0)
(0.487375 0.0622234 0)
(0.507601 0.0669522 2.06592e-19)
(0.528991 0.071938 0)
(0.551706 0.0772099 1.57726e-17)
(0.575931 0.0827998 0)
(0.601871 0.0887414 1.43881e-17)
(0.629815 0.0950686 -3.52348e-19)
(0.659957 0.101811 1.23699e-17)
(0.693101 0.108988 2.16479e-17)
(0.72848 0.116583 4.71696e-19)
(0.771276 0.12452 -7.47036e-18)
(0.808048 0.13236 -4.95184e-18)
(0.887373 0.139524 0)
(1.0153 0.210392 0)
(0.944627 0.194236 0)
(0.804437 0.180021 -6.32637e-18)
(0.65433 0.152339 1.32615e-17)
(0.509174 0.111271 0)
(0.359725 0.0686829 -1.46058e-17)
(0.216799 0.0298295 0)
(0.0829436 -0.00427468 0)
(-0.0278365 -0.0188297 0)
(-0.0634453 -0.0160735 -3.44598e-17)
(-0.0725689 -0.014685 3.11745e-17)
(-0.0787773 -0.00466618 2.85532e-17)
(-0.0816771 0.00986635 0)
(-0.0916545 0.00983094 1.17088e-17)
(-0.105151 -0.00658385 0)
(-0.110906 -0.0274073 0)
(-0.100247 -0.0424203 0)
(-0.0644656 -0.0453251 9.65895e-18)
(-0.0205162 -0.0342645 -2.00091e-17)
(0.00909999 -0.00492473 -1.03836e-17)
(0.0074009 0.0613437 0)
(-0.0535465 0.170346 0)
(-0.175275 0.276773 0)
(-0.308252 0.330116 -5.11705e-18)
(-0.405734 0.309561 0)
(-0.441796 0.230688 -1.18205e-18)
(-0.421891 0.126532 -2.66896e-18)
(-0.376357 0.0240231 0)
(-0.33632 -0.0616882 0)
(-0.275055 -0.130021 0)
(-0.201626 -0.186131 0)
(-0.117377 -0.230768 -8.71898e-19)
(-0.0257848 -0.26062 0)
(0.0685768 -0.271875 8.10955e-19)
(0.161719 -0.265703 4.00984e-19)
(0.250207 -0.245884 0)
(0.330109 -0.215771 0)
(0.398329 -0.176713 1.75295e-18)
(0.452535 -0.131836 0)
(0.490555 -0.0847722 -3.50307e-18)
(0.511198 -0.0397828 0)
(0.515052 -0.0015796 -3.37148e-18)
(0.505364 0.0262819 0)
(0.486296 0.0432388 3.66871e-18)
(0.461053 0.0507624 3.49819e-18)
(0.433776 0.0514499 0)
(0.407946 0.0480394 0)
(0.385747 0.0426936 -7.71651e-18)
(0.368366 0.0368168 0)
(0.356228 0.0312047 -5.43811e-20)
(0.349253 0.0262481 0)
(0.347049 0.0221258 0)
(0.348867 0.0190048 0)
(0.353777 0.0169843 0)
(0.36107 0.0160498 1.79964e-17)
(0.370201 0.0161444 0)
(0.380733 0.0171826 -1.8346e-17)
(0.392333 0.0190439 9.2516e-18)
(0.404771 0.0215877 -9.2859e-18)
(0.417898 0.0246766 -1.8711e-17)
(0.431634 0.028189 1.87701e-17)
(0.445955 0.0320255 -1.87946e-17)
(0.460876 0.036112 1.87809e-17)
(0.476448 0.0403986 0)
(0.492744 0.0448572 -2.78495e-17)
(0.509856 0.0494788 -1.84614e-17)
(0.527891 0.0542696 0)
(0.546969 0.0592478 8.86023e-18)
(0.567221 0.064441 1.75839e-17)
(0.588793 0.0698833 0)
(0.611845 0.0756132 0)
(0.63656 0.0816706 0)
(0.663134 0.0880939 0)
(0.691837 0.0949134 -1.40205e-17)
(0.722842 0.102142 6.16437e-18)
(0.756865 0.10975 -1.13438e-17)
(0.793052 0.117632 9.57073e-18)
(0.836123 0.125479 -3.4475e-18)
(0.871436 0.132598 0)
(0.945279 0.137743 0)
(0.97849 0.201547 0)
(0.978856 0.193041 -5.70153e-18)
(0.969151 0.205174 6.24091e-18)
(0.939048 0.208622 -5.72489e-18)
(0.877999 0.194747 5.53215e-18)
(0.785535 0.168856 5.53996e-18)
(0.669376 0.138066 0)
(0.54074 0.105952 0)
(0.407695 0.074884 0)
(0.282724 0.0461748 1.38533e-17)
(0.169305 0.0200803 0)
(0.0725307 -3.93075e-05 0)
(-0.00993878 0.00783296 0)
(-0.0366421 0.0221513 -1.37741e-17)
(-0.0674582 0.00535552 0)
(-0.107095 -0.0245665 -1.03431e-17)
(-0.140827 -0.0567846 0)
(-0.153558 -0.0790242 9.49678e-18)
(-0.124936 -0.0639409 5.1365e-18)
(-0.0709121 -0.00125071 0)
(-0.0334713 0.103988 -5.95484e-18)
(-0.0366388 0.238945 0)
(-0.068271 0.355735 0)
(-0.0931075 0.396983 3.30298e-18)
(-0.0880277 0.33909 0)
(-0.047186 0.205553 -1.63279e-18)
(0.00658162 0.0513633 6.9894e-18)
(0.0455947 -0.0640831 0)
(0.0884051 -0.148558 0)
(0.140902 -0.218663 3.85002e-19)
(0.203338 -0.282197 0)
(0.27188 -0.337365 -9.47281e-20)
(0.341986 -0.374756 0)
(0.411167 -0.388419 9.21287e-19)
(0.478899 -0.379789 1.28823e-19)
(0.544431 -0.353288 0)
(0.605497 -0.311908 3.04615e-19)
(0.658623 -0.257348 -6.31621e-19)
(0.700045 -0.192493 -6.48171e-19)
(0.72672 -0.122318 -1.33163e-18)
(0.7373 -0.053182 1.37938e-18)
(0.732562 0.00852105 1.78286e-18)
(0.713811 0.0579054 0)
(0.683838 0.091741 3.21161e-18)
(0.64632 0.109813 -6.40983e-18)
(0.605246 0.114154 0)
(0.564358 0.108051 -3.48781e-18)
(0.5267 0.0951721 7.49948e-18)
(0.494361 0.0788471 0)
(0.468428 0.0616987 -4.13552e-18)
(0.449141 0.0456068 4.30358e-18)
(0.43617 0.0317758 -4.47727e-18)
(0.428874 0.0207335 -4.60875e-18)
(0.426436 0.0125761 0)
(0.427858 0.00708919 -9.52916e-18)
(0.432242 0.00385809 -4.84094e-18)
(0.438874 0.00243515 4.87679e-18)
(0.447176 0.00240326 4.94226e-18)
(0.45673 0.00340455 9.95631e-18)
(0.467266 0.00513973 0)
(0.478628 0.00737076 0)
(0.49075 0.00991856 0)
(0.503627 0.0126564 -5.03923e-18)
(0.517301 0.0155013 0)
(0.531842 0.0184055 1.00377e-17)
(0.547343 0.0213479 0)
(0.563911 0.0243269 -4.89104e-18)
(0.581663 0.0273548 -9.68456e-18)
(0.600729 0.0304524 0)
(0.621248 0.0336457 -4.57032e-18)
(0.643373 0.0369621 4.40689e-18)
(0.667276 0.0404268 0)
(0.693137 0.0440587 0)
(0.721203 0.0478638 0)
(0.751612 0.0518226 -6.78964e-18)
(0.784993 0.0558731 0)
(0.820401 0.0598568 -2.41905e-18)
(0.862236 0.0635123 3.80998e-18)
(0.89599 0.066176 0)
(0.967758 0.0675531 4.80554e-19)
(0.970611 0.209125 0)
(0.96392 0.194799 3.18816e-18)
(0.966443 0.198579 0)
(0.977177 0.20651 3.15489e-18)
(0.982074 0.209038 -5.75987e-18)
(0.968327 0.204423 -2.65971e-18)
(0.930705 0.193771 0)
(0.870423 0.177818 0)
(0.790449 0.156788 0)
(0.694353 0.132259 2.65607e-18)
(0.587981 0.107273 2.71467e-18)
(0.47987 0.0835379 0)
(0.371574 0.0642712 0)
(0.278301 0.0504217 0)
(0.208577 0.0373885 0)
(0.144044 0.0268517 1.11195e-17)
(0.0717169 -0.0085522 -5.71441e-18)
(-0.00729489 -0.0793273 0)
(-0.058431 -0.109442 -6.02037e-18)
(-0.069426 -0.0715589 3.65806e-18)
(0.00678072 0.0688176 7.07382e-18)
(0.0759381 0.219693 0)
(0.133853 0.335107 0)
(0.196519 0.368723 -1.55751e-18)
(0.267379 0.303543 0)
(0.338023 0.170787 1.43518e-18)
(0.391341 0.0274586 -1.97825e-18)
(0.42483 -0.0941529 0)
(0.45411 -0.193011 0)
(0.492441 -0.275619 -3.11679e-19)
(0.539865 -0.348553 0)
(0.588396 -0.408089 -2.78527e-19)
(0.631318 -0.444869 0)
(0.66966 -0.456256 -2.12203e-19)
(0.70882 -0.446545 -1.19798e-19)
(0.751257 -0.418992 -2.90166e-20)
(0.79461 -0.373158 -4.15157e-19)
(0.833773 -0.308359 6.19402e-19)
(0.863182 -0.227289 6.47178e-19)
(0.878649 -0.136903 1.88432e-18)
(0.878427 -0.0467048 -8.61888e-19)
(0.863244 0.0340067 8.53914e-19)
(0.835738 0.0984917 0)
(0.79953 0.143454 1.3336e-18)
(0.75804 0.1686 1.68177e-18)
(0.714288 0.17582 0)
(0.671008 0.168613 3.49108e-18)
(0.630529 0.151309 1.83389e-18)
(0.594586 0.128235 0)
(0.564241 0.10309 -6.27119e-18)
(0.53991 0.0786511 -4.40385e-18)
(0.521499 0.056721 2.28943e-18)
(0.50852 0.0382435 4.82339e-18)
(0.500266 0.0234967 0)
(0.496135 0.0124777 2.57411e-18)
(0.495492 0.00490983 7.79797e-18)
(0.497634 0.000251515 5.25879e-18)
(0.501987 -0.00212125 -5.32197e-18)
(0.508106 -0.00279726 -2.69545e-18)
(0.515662 -0.0022853 0)
(0.524434 -0.000994163 0)
(0.53429 0.000768101 0)
(0.545171 0.00278357 8.2222e-18)
(0.55707 0.00490946 2.73346e-18)
(0.570018 0.00706198 0)
(0.584076 0.00920085 -5.3957e-18)
(0.599326 0.0113163 5.35257e-18)
(0.615865 0.0134185 -5.24321e-18)
(0.633805 0.01553 -5.12934e-18)
(0.653272 0.0176793 3.30131e-20)
(0.674407 0.0198962 -4.8441e-18)
(0.697367 0.022208 0)
(0.722318 0.0246348 0)
(0.74948 0.0271838 0)
(0.778963 0.0298396 0)
(0.811311 0.0325516 0)
(0.845598 0.0351991 5.29817e-18)
(0.885719 0.0375765 -1.98944e-18)
(0.918232 0.0393317 0)
(0.984396 0.0396579 -5.3616e-19)
(0.972989 0.216088 0)
(0.965835 0.201837 3.75336e-18)
(0.959219 0.195653 4.7234e-19)
(0.961521 0.195628 3.58415e-18)
(0.972728 0.197654 0)
(0.985609 0.199382 -3.07998e-18)
(0.992581 0.199469 0)
(0.988482 0.196516 -6.92301e-19)
(0.970181 0.189611 0)
(0.935838 0.178782 -3.14274e-18)
(0.885545 0.164659 -2.44009e-18)
(0.821929 0.14813 -6.05084e-19)
(0.748538 0.12985 5.93153e-19)
(0.670473 0.109842 0)
(0.596509 0.0879561 5.6342e-19)
(0.525022 0.065217 0)
(0.462042 0.0400776 4.53597e-18)
(0.405148 0.0143568 -6.48119e-19)
(0.326631 -0.0166731 0)
(0.203519 -0.0627363 -4.57417e-18)
(0.117901 -0.0388895 0)
(0.180552 0.0971186 0)
(0.299544 0.224929 0)
(0.425182 0.273781 0)
(0.5375 0.229092 -4.46915e-20)
(0.624482 0.122016 0)
(0.679249 -0.00522805 0)
(0.707136 -0.124369 -4.5054e-20)
(0.729131 -0.226281 0)
(0.759235 -0.314628 0)
(0.791685 -0.389598 0)
(0.813705 -0.44369 -2.23598e-20)
(0.821847 -0.472701 0)
(0.826699 -0.482306 -1.99961e-19)
(0.839657 -0.477957 0)
(0.862081 -0.456777 2.96951e-20)
(0.88902 -0.412302 1.51071e-19)
(0.914141 -0.341559 2.43458e-20)
(0.931439 -0.247971 -4.77788e-20)
(0.936794 -0.141002 -5.76627e-19)
(0.928373 -0.0332791 -6.24671e-19)
(0.906242 0.0630984 6.3561e-19)
(0.873359 0.139248 -1.34671e-19)
(0.834441 0.191407 -1.41547e-18)
(0.79323 0.219916 1.52624e-18)
(0.752257 0.227528 -1.96461e-19)
(0.71322 0.218369 0)
(0.67729 0.197217 -1.92394e-18)
(0.645282 0.168836 0)
(0.617726 0.137439 2.20387e-18)
(0.59487 0.10635 0)
(0.576686 0.0778865 2.46812e-18)
(0.562917 0.0534111 0)
(0.553155 0.0335131 -6.82894e-19)
(0.546904 0.01813 -2.78615e-18)
(0.543625 0.00682106 -2.84769e-18)
(0.542919 -0.00100246 7.28719e-19)
(0.544439 -0.00601774 0)
(0.547882 -0.00890743 2.95443e-18)
(0.553006 -0.010276 -7.4768e-19)
(0.559628 -0.0106195 0)
(0.567621 -0.010321 7.54044e-19)
(0.576904 -0.00965976 -3.01519e-18)
(0.58744 -0.00882707 -3.01187e-18)
(0.599222 -0.00794426 0)
(0.612274 -0.00707976 5.95367e-18)
(0.626643 -0.00626419 0)
(0.642396 -0.00550273 5.79223e-18)
(0.659619 -0.00478479 5.6696e-18)
(0.678415 -0.00409129 5.51367e-18)
(0.698908 -0.00340006 6.62979e-19)
(0.721238 -0.0026901 0)
(0.745557 -0.00194521 0)
(0.772067 -0.00115776 0)
(0.800861 -0.000334361 -4.99368e-19)
(0.832439 0.000496998 0)
(0.865865 0.00127328 -2.55326e-18)
(0.904853 0.0018702 2.48997e-18)
(0.93633 0.00216785 1.68208e-19)
(1.00057 0.00155181 7.11507e-20)
(0.974195 0.218519 -2.34308e-18)
(0.970939 0.206388 2.25492e-18)
(0.96513 0.198215 -5.34497e-19)
(0.961166 0.194174 0)
(0.962252 0.19203 0)
(0.96836 0.190665 0)
(0.97793 0.190061 0)
(0.988744 0.18977 2.37168e-18)
(0.997822 0.188806 0)
(1.00174 0.186178 -2.11045e-18)
(0.997484 0.181047 -2.644e-18)
(0.983257 0.173025 6.14742e-19)
(0.95917 0.162088 1.80224e-18)
(0.926133 0.147195 0)
(0.886366 0.127397 -2.70372e-18)
(0.841267 0.10363 0)
(0.794211 0.0769928 -2.20208e-18)
(0.743317 0.0491355 5.68971e-19)
(0.684249 0.030518 -2.72224e-18)
(0.621709 0.0309552 -2.31458e-18)
(0.53523 0.0348704 0)
(0.457955 0.0526662 0)
(0.474729 0.104586 -1.26533e-18)
(0.570248 0.139991 0)
(0.681179 0.115731 -3.39025e-19)
(0.769362 0.0388285 0)
(0.828563 -0.06243 0)
(0.872327 -0.166292 4.46274e-20)
(0.911684 -0.262191 0)
(0.944185 -0.344422 0)
(0.957995 -0.405829 0)
(0.94571 -0.442529 2.32016e-20)
(0.917458 -0.462506 1.65203e-19)
(0.894758 -0.477551 1.2177e-19)
(0.886194 -0.485305 0)
(0.886684 -0.472919 0)
(0.892097 -0.430766 -2.76242e-20)
(0.898902 -0.356321 -1.03672e-19)
(0.902303 -0.254249 5.40942e-20)
(0.89886 -0.135609 0)
(0.886162 -0.01489 0)
(0.862866 0.0929398 -1.8819e-19)
(0.831393 0.176649 1.50034e-19)
(0.796604 0.232147 -5.88846e-19)
(0.76192 0.260722 7.09096e-19)
(0.729323 0.266365 2.1519e-19)
(0.699732 0.254155 0)
(0.673413 0.229374 1.04579e-18)
(0.650352 0.197033 0)
(0.630492 0.161515 0)
(0.61376 0.126307 0)
(0.600052 0.0938765 0)
(0.589219 0.0656987 0)
(0.581076 0.0424098 7.43648e-19)
(0.57542 0.0240115 0)
(0.572047 0.0100882 3.2063e-18)
(0.570749 -1.85275e-05 -8.07856e-19)
(0.571351 -0.00704256 0)
(0.573714 -0.0116997 3.32406e-18)
(0.57772 -0.0146344 8.31383e-19)
(0.583271 -0.0163853 3.35689e-18)
(0.59029 -0.0173729 -8.38487e-19)
(0.598719 -0.0179084 0)
(0.608524 -0.0182098 -3.35829e-18)
(0.619689 -0.0184205 0)
(0.632218 -0.0186275 0)
(0.646138 -0.0188762 -3.27317e-18)
(0.661492 -0.0191841 0)
(0.678348 -0.0195507 0)
(0.696792 -0.0199652 -3.06073e-18)
(0.716931 -0.0204121 -7.38002e-19)
(0.738894 -0.0208752 0)
(0.762823 -0.0213395 0)
(0.78891 -0.0217937 0)
(0.817241 -0.0222306 5.56771e-19)
(0.848295 -0.0226495 -1.94419e-18)
(0.881158 -0.0230541 -4.03448e-19)
(0.919403 -0.0234832 -3.06673e-19)
(0.950343 -0.0238622 -1.88341e-19)
(1.01285 -0.0248457 -3.97613e-19)
(0.974501 0.219014 8.13184e-18)
(0.973761 0.208057 -7.78632e-18)
(0.971726 0.20046 0)
(0.969186 0.196261 -4.69626e-18)
(0.967107 0.193005 0)
(0.966263 0.189403 -4.16538e-18)
(0.967589 0.185944 0)
(0.971959 0.183192 5.54976e-18)
(0.979485 0.181004 -6.92098e-18)
(0.989216 0.178847 3.20101e-18)
(0.999426 0.176065 2.99324e-18)
(1.00802 0.171911 0)
(1.0132 0.165593 -7.97e-18)
(1.01347 0.155751 -5.04173e-18)
(1.0074 0.141155 7.08705e-18)
(0.993881 0.12199 0)
(0.972649 0.0995849 2.23262e-18)
(0.943553 0.0783502 0)
(0.906948 0.0654777 2.63355e-18)
(0.867214 0.0650314 2.89198e-18)
(0.826517 0.07814 0)
(0.785929 0.0954792 0)
(0.766838 0.105936 -1.20017e-18)
(0.79249 0.09724 0)
(0.850267 0.0569953 4.14e-19)
(0.915701 -0.0131897 0)
(0.977057 -0.103251 0)
(1.02748 -0.199756 0)
(1.05974 -0.286967 0)
(1.06747 -0.352224 0)
(1.04587 -0.390603 0)
(0.998111 -0.40991 0)
(0.944473 -0.429402 2.37396e-19)
(0.902992 -0.455748 -1.09024e-19)
(0.86745 -0.472447 6.17313e-20)
(0.834264 -0.464269 0)
(0.811297 -0.425008 0)
(0.797975 -0.351441 8.9401e-20)
(0.788073 -0.247181 -1.76877e-19)
(0.778333 -0.123961 1.53491e-19)
(0.766042 0.00319081 0)
(0.747825 0.117041 8.14694e-19)
(0.725052 0.204299 -8.78882e-19)
(0.701806 0.260418 -5.24004e-19)
(0.680297 0.287391 -8.04655e-19)
(0.661591 0.290308 0)
(0.645908 0.275125 0)
(0.632862 0.247554 -3.52771e-18)
(0.621902 0.212701 0)
(0.612581 0.174893 0)
(0.604623 0.137533 0)
(0.597897 0.103035 3.13522e-18)
(0.592376 0.0728574 6.55535e-18)
(0.58809 0.0476453 0)
(0.585096 0.0274107 0)
(0.583449 0.0117362 -3.55425e-18)
(0.583198 -3.10024e-05 0)
(0.584379 -0.00863163 7.45852e-18)
(0.587012 -0.0147918 3.78782e-18)
(0.591098 -0.0191538 0)
(0.596626 -0.0222559 3.8052e-18)
(0.603578 -0.0245234 7.57893e-18)
(0.611931 -0.0262739 7.57119e-18)
(0.621666 -0.027733 3.76144e-18)
(0.632772 -0.0290544 -7.50197e-18)
(0.645251 -0.0303366 7.43447e-18)
(0.65912 -0.0316379 1.10026e-17)
(0.674417 -0.0329887 0)
(0.691197 -0.0344008 0)
(0.70954 -0.0358752 3.42259e-18)
(0.729544 -0.0374065 0)
(0.751337 -0.0389866 6.3148e-18)
(0.775056 -0.0406055 5.95218e-18)
(0.800893 -0.0422515 0)
(0.828937 -0.043908 4.99151e-18)
(0.85967 -0.0455513 -2.19028e-18)
(0.892196 -0.0471313 0)
(0.930054 -0.0486174 0)
(0.960702 -0.0497655 0)
(1.02265 -0.0511656 -3.61412e-19)
(0.974733 0.218941 -6.21049e-18)
(0.975462 0.208219 5.93646e-18)
(0.97607 0.201087 -1.14059e-17)
(0.975965 0.197406 5.31153e-18)
(0.97493 0.19451 0)
(0.973298 0.190847 4.71108e-18)
(0.971656 0.186658 -8.9692e-18)
(0.970764 0.182428 -8.39144e-18)
(0.971506 0.17823 -7.86311e-20)
(0.974609 0.174008 0)
(0.98036 0.16967 0)
(0.98843 0.164875 6.65627e-18)
(0.997919 0.158933 6.13543e-18)
(1.00738 0.150721 -6.03286e-18)
(1.01466 0.139126 -1.65823e-17)
(1.01728 0.123952 0)
(1.01323 0.106735 0)
(1.00204 0.0913527 0)
(0.985176 0.0821412 0)
(0.967011 0.0822626 0)
(0.95554 0.0937372 0)
(0.955485 0.109099 0)
(0.967584 0.113479 2.5005e-18)
(0.99518 0.0940338 -4.1895e-18)
(1.03753 0.0458763 0)
(1.08249 -0.0291249 0)
(1.1167 -0.121065 0)
(1.13159 -0.212924 0)
(1.12614 -0.287348 0)
(1.10363 -0.33404 -4.97298e-19)
(1.06179 -0.354255 0)
(1.00194 -0.365311 0)
(0.93894 -0.388761 6.61004e-20)
(0.872472 -0.417786 0)
(0.79036 -0.432182 -7.1691e-20)
(0.71576 -0.428445 0)
(0.669894 -0.399899 2.00581e-19)
(0.642589 -0.334038 0)
(0.622549 -0.232828 3.33649e-19)
(0.608886 -0.1106 -1.95424e-19)
(0.599918 0.0172399 -2.25293e-19)
(0.589831 0.131935 -7.19823e-19)
(0.579691 0.219104 1.04542e-18)
(0.572384 0.273912 1.40485e-18)
(0.568182 0.298695 3.42339e-18)
(0.56682 0.299228 4.17518e-18)
(0.567684 0.28198 0)
(0.569864 0.252873 -2.76052e-18)
(0.572498 0.216987 0)
(0.574975 0.178499 0)
(0.576967 0.140638 -6.82511e-18)
(0.578403 0.105677 -3.52147e-18)
(0.5794 0.0749867 1.25785e-19)
(0.580196 0.0491608 0)
(0.581086 0.0281935 0)
(0.582369 0.0116752 0)
(0.584317 -0.00102723 8.3015e-18)
(0.587155 -0.0106272 -8.35602e-18)
(0.591049 -0.0178222 -8.46355e-18)
(0.596118 -0.0232338 0)
(0.60243 -0.0273775 -8.54956e-18)
(0.610019 -0.0306608 3.92645e-20)
(0.6189 -0.0333937 -8.52592e-18)
(0.629078 -0.0358014 8.52125e-18)
(0.640555 -0.0380403 -2.89078e-20)
(0.653343 -0.0402146 -8.35129e-18)
(0.667462 -0.0423906 -8.24138e-18)
(0.682951 -0.0446077 0)
(0.699867 -0.0468872 0)
(0.718288 -0.0492393 0)
(0.738316 -0.051667 0)
(0.760076 -0.0541694 -7.08089e-18)
(0.783711 -0.0567411 -6.67435e-18)
(0.809418 -0.0593718 0)
(0.837297 -0.0620374 -5.59874e-18)
(0.867844 -0.0646978 9.82937e-18)
(0.900192 -0.067255 0)
(0.937891 -0.0696208 0)
(0.968479 -0.0713761 0)
(1.03029 -0.0731046 1.62977e-18)
(0.975035 0.218505 1.4819e-17)
(0.977132 0.207491 0)
(0.979637 0.200831 2.60016e-17)
(0.980972 0.197749 0)
(0.980803 0.195212 1.14336e-17)
(0.979936 0.191855 0)
(0.978822 0.187935 1.01364e-17)
(0.977465 0.183675 0)
(0.97609 0.178962 -9.20952e-18)
(0.975273 0.173734 0)
(0.975643 0.168028 1.6333e-17)
(0.977655 0.161745 -7.61515e-18)
(0.981419 0.15454 0)
(0.986497 0.145772 1.35461e-17)
(0.991602 0.134739 -3.14531e-19)
(0.994721 0.121338 -1.27065e-17)
(0.993887 0.10695 1.27546e-17)
(0.988529 0.09435 0)
(0.980392 0.086643 0)
(0.973635 0.086052 1.37487e-17)
(0.974636 0.0921459 0)
(0.989173 0.0990443 -6.46204e-18)
(1.01735 0.0962027 0)
(1.0541 0.0722985 4.70448e-18)
(1.09095 0.0218026 0)
(1.11755 -0.0506551 3.61612e-18)
(1.12547 -0.133057 0)
(1.11543 -0.212137 0)
(1.10133 -0.276022 1.3408e-18)
(1.08797 -0.312692 5.57697e-19)
(1.05849 -0.321372 0)
(1.00137 -0.323477 0)
(0.919879 -0.338452 -2.01417e-18)
(0.801632 -0.352971 0)
(0.65873 -0.363487 0)
(0.557278 -0.37797 0)
(0.504742 -0.369556 -2.43805e-19)
(0.468723 -0.312788 0)
(0.440185 -0.215771 -3.2759e-19)
(0.424085 -0.0976055 -1.09635e-20)
(0.418831 0.0267339 2.87302e-19)
(0.41662 0.138002 0)
(0.419806 0.221949 0)
(0.429614 0.273884 3.03842e-18)
(0.443859 0.296267 -4.03704e-18)
(0.460724 0.295099 -4.87756e-18)
(0.478667 0.27692 0)
(0.496307 0.247597 -9.60535e-20)
(0.512602 0.212059 6.95935e-18)
(0.526898 0.174267 0)
(0.538914 0.13723 7.76625e-18)
(0.548693 0.103039 8.27036e-18)
(0.556523 0.0729364 -8.46462e-18)
(0.562848 0.0474445 0)
(0.56818 0.0265359 0)
(0.573029 0.00981546 0)
(0.577852 -0.00331343 -9.34966e-18)
(0.583026 -0.0135159 0)
(0.588841 -0.0214376 0)
(0.5955 -0.0276506 0)
(0.603144 -0.0326324 1.95225e-17)
(0.611859 -0.0367627 -9.70455e-18)
(0.621692 -0.0403308 0)
(0.632671 -0.0435527 -9.6081e-18)
(0.64482 -0.0465825 -9.60288e-18)
(0.658164 -0.0495263 1.89283e-17)
(0.672736 -0.0524557 -1.86644e-17)
(0.688583 -0.055418 -1.83319e-17)
(0.70577 -0.0584426 0)
(0.72438 -0.0615492 -1.74101e-17)
(0.744522 -0.0647487 0)
(0.766326 -0.0680484 0)
(0.789941 -0.0714487 0)
(0.815574 -0.0749435 1.40392e-17)
(0.843341 -0.078506 -1.27293e-17)
(0.873761 -0.0820884 -1.67019e-17)
(0.905999 -0.0855518 0)
(0.943663 -0.0887732 7.09417e-18)
(0.974286 -0.0911355 0)
(1.03637 -0.0932748 -2.80086e-18)
(0.975435 0.217692 -1.68093e-17)
(0.979148 0.206102 -1.624e-17)
(0.983437 0.200262 -2.97494e-17)
(0.98561 0.198016 0)
(0.985541 0.195698 -2.595e-17)
(0.984882 0.192426 -1.23125e-17)
(0.98436 0.188719 0)
(0.983718 0.184671 2.19699e-17)
(0.982795 0.180055 2.06301e-17)
(0.981762 0.174758 0)
(0.980861 0.168746 -1.84821e-17)
(0.980308 0.16191 0)
(0.98025 0.154014 0)
(0.980605 0.144695 1.60016e-17)
(0.980764 0.133594 1.50429e-17)
(0.979541 0.120804 -3.14726e-19)
(0.975742 0.107553 3.18063e-19)
(0.969199 0.0959712 0)
(0.961513 0.0882384 0)
(0.956205 0.0854648 -1.57513e-17)
(0.958054 0.0863971 -1.5723e-17)
(0.971337 0.0863238 2.26175e-17)
(0.996532 0.0774345 7.10521e-18)
(1.02756 0.0515243 6.60577e-18)
(1.05519 0.00527446 0)
(1.07138 -0.0581151 -4.09321e-18)
(1.07042 -0.130904 0)
(1.06463 -0.207669 0)
(1.07543 -0.274675 -3.27269e-18)
(1.0893 -0.306084 0)
(1.06869 -0.29705 0)
(0.995402 -0.276264 0)
(0.868748 -0.265509 1.67129e-18)
(0.679543 -0.259178 -1.11184e-18)
(0.490616 -0.282232 5.61261e-19)
(0.39393 -0.331128 0)
(0.342914 -0.341022 0)
(0.296717 -0.28865 0)
(0.260856 -0.195861 2.34279e-19)
(0.244304 -0.0845487 1.46366e-20)
(0.242476 0.0326005 -3.52088e-19)
(0.247216 0.137152 0)
(0.263199 0.215408 0)
(0.289335 0.263291 -7.36537e-18)
(0.320994 0.283241 -4.83886e-18)
(0.354971 0.281058 0)
(0.388856 0.262955 0)
(0.420865 0.234521 7.40444e-18)
(0.449826 0.200418 1.1822e-19)
(0.47509 0.164343 0)
(0.496463 0.129063 0)
(0.514129 0.0964771 -9.44704e-18)
(0.528551 0.0676933 0)
(0.540364 0.0431647 0)
(0.550267 0.0228477 0)
(0.558938 0.0063743 0)
(0.566974 -0.00679862 0)
(0.574865 -0.0172707 -2.1738e-17)
(0.582986 -0.025622 0)
(0.591608 -0.0323679 0)
(0.600918 -0.0379414 1.06553e-19)
(0.611043 -0.0426901 0)
(0.622065 -0.0468839 0)
(0.634041 -0.0507264 0)
(0.647016 -0.0543674 4.32101e-17)
(0.661037 -0.0579138 -2.13142e-17)
(0.676152 -0.0614406 2.10029e-17)
(0.692426 -0.0650006 -8.04451e-20)
(0.709933 -0.0686289 0)
(0.728768 -0.0723523 1.95669e-17)
(0.749045 -0.0761877 -1.89559e-17)
(0.770905 -0.0801492 0)
(0.794503 -0.0842428 0)
(0.820059 -0.0884677 1.07403e-19)
(0.847703 -0.0927977 1.43017e-17)
(0.877989 -0.0971869 1.25459e-17)
(0.910109 -0.10146 0)
(0.947775 -0.105489 -7.97817e-18)
(0.97846 -0.108413 0)
(1.04103 -0.111037 2.10312e-18)
(0.975987 0.216476 0)
(0.981697 0.204225 3.72034e-17)
(0.987783 0.19966 3.39235e-17)
(0.990471 0.198424 0)
(0.990176 0.196244 1.47207e-17)
(0.989362 0.192968 -1.40881e-17)
(0.988922 0.189353 0)
(0.988524 0.185365 -2.48454e-17)
(0.988001 0.180778 0)
(0.987465 0.17553 0)
(0.986965 0.169566 0)
(0.986433 0.162736 0)
(0.985759 0.154811 0)
(0.984728 0.145518 2.53635e-19)
(0.982851 0.134653 -1.76531e-17)
(0.979315 0.1224 -2.95598e-19)
(0.973462 0.109883 2.95684e-19)
(0.965493 0.0988467 0)
(0.956843 0.090772 0)
(0.950336 0.0860775 0)
(0.949617 0.083333 -1.46688e-19)
(0.957819 0.0786404 2.54753e-19)
(0.975256 0.0660747 -8.2738e-18)
(0.997431 0.0398758 -7.60579e-18)
(1.01831 -0.00295409 0)
(1.02951 -0.0607315 -6.35515e-18)
(1.02868 -0.131834 5.78248e-18)
(1.0411 -0.216266 0)
(1.07537 -0.288445 1.94133e-18)
(1.09166 -0.306329 1.91648e-18)
(1.05044 -0.268296 0)
(0.941182 -0.213913 0)
(0.761987 -0.170749 2.34102e-18)
(0.512227 -0.152211 -4.68359e-20)
(0.319034 -0.210618 -1.45133e-18)
(0.249265 -0.295729 0)
(0.194539 -0.312404 0)
(0.137946 -0.261919 -9.88711e-19)
(0.0972589 -0.174724 0)
(0.081073 -0.0715893 -1.73852e-19)
(0.0814588 0.0360079 -2.77381e-19)
(0.0927247 0.131351 0)
(0.120785 0.202019 3.23337e-18)
(0.161383 0.245336 9.10602e-18)
(0.208137 0.263044 5.79232e-18)
(0.256914 0.260414 0)
(0.304605 0.243117 -1.60807e-17)
(0.349101 0.216331 0)
(0.389115 0.184382 -9.47637e-18)
(0.424009 0.150674 0)
(0.453675 0.117728 0)
(0.478435 0.0872483 0)
(0.498911 0.0602167 0)
(0.515899 0.0370243 0)
(0.53024 0.0176234 -2.38866e-17)
(0.542731 0.00168532 2.42506e-17)
(0.554063 -0.0112696 0)
(0.564798 -0.0217687 2.46066e-17)
(0.575364 -0.0303239 -2.49076e-17)
(0.586078 -0.0373927 0)
(0.597167 -0.043364 -2.4953e-17)
(0.608789 -0.0485529 0)
(0.621063 -0.0532074 0)
(0.634075 -0.0575189 0)
(0.647898 -0.061631 -2.43857e-17)
(0.662602 -0.0656493 2.41724e-17)
(0.678256 -0.0696494 -2.38083e-17)
(0.694938 -0.0736877 4.6644e-17)
(0.712738 -0.0778026 -2.28334e-17)
(0.73176 -0.0820263 0)
(0.752127 -0.0863805 2.13017e-17)
(0.773986 -0.0908857 -2.04651e-17)
(0.797505 -0.0955534 0)
(0.822915 -0.100391 1.27433e-19)
(0.850364 -0.105374 -1.63347e-17)
(0.880445 -0.110471 0)
(0.912378 -0.115472 0)
(0.950021 -0.120287 -9.22635e-18)
(0.980723 -0.123747 0)
(1.04394 -0.126963 -2.44796e-18)
(0.976761 0.214806 0)
(0.984941 0.202018 -2.13177e-17)
(0.992785 0.199214 -1.92678e-17)
(0.995678 0.198998 0)
(0.995034 0.196869 3.35657e-17)
(0.994043 0.193614 3.16894e-17)
(0.993528 0.190079 0)
(0.993047 0.186068 2.84242e-17)
(0.992501 0.181405 -2.69483e-17)
(0.992068 0.17611 0)
(0.991793 0.170145 0)
(0.991544 0.163361 0)
(0.991108 0.15555 0)
(0.990158 0.146487 -2.07558e-17)
(0.988167 0.136037 -2.04906e-17)
(0.984415 0.1244 1.93565e-17)
(0.978443 0.112589 -5.88718e-17)
(0.970593 0.102045 0)
(0.962179 0.0937894 0)
(0.955517 0.0878533 2.07695e-17)
(0.953467 0.0827034 4.1411e-17)
(0.958387 0.0749458 -2.02562e-17)
(0.970376 0.0599038 0)
(0.986809 0.0328504 0)
(1.0025 -0.00811009 -8.50738e-18)
(1.00733 -0.0626098 1.48651e-17)
(1.01043 -0.136934 -1.35009e-17)
(1.0366 -0.230562 0)
(1.05844 -0.300308 0)
(1.03307 -0.296794 -2.17064e-18)
(0.950158 -0.228362 0)
(0.811331 -0.14166 3.70475e-18)
(0.601526 -0.0704766 -3.26644e-18)
(0.326498 -0.0548139 7.81371e-21)
(0.174661 -0.161517 -4.9902e-21)
(0.128267 -0.268417 0)
(0.0649109 -0.28299 0)
(0.00144215 -0.235313 -1.63114e-19)
(-0.0424608 -0.154657 7.38804e-19)
(-0.0608979 -0.0602685 1.1676e-18)
(-0.0592028 0.0361458 2.22141e-18)
(-0.0408538 0.121251 2.60202e-18)
(-0.00209765 0.184709 -3.98778e-18)
(0.050585 0.223077 -5.6121e-18)
(0.109525 0.238739 7.23726e-18)
(0.1703 0.236052 0)
(0.229275 0.219991 1.89414e-17)
(0.284079 0.195279 -2.10046e-17)
(0.333309 0.165871 0)
(0.37632 0.134867 0)
(0.413078 0.104537 0)
(0.444018 0.0763991 0)
(0.469888 0.0513189 0)
(0.491598 0.0296399 0)
(0.510082 0.0113234 2.72303e-17)
(0.526208 -0.0039106 -5.53335e-17)
(0.540717 -0.0164737 -2.80053e-17)
(0.55421 -0.0268206 2.81888e-17)
(0.567149 -0.0353975 2.81822e-17)
(0.579884 -0.0426075 -2.83769e-17)
(0.592676 -0.0487979 2.83935e-17)
(0.605715 -0.0542555 0)
(0.619152 -0.0592086 2.82321e-17)
(0.633107 -0.0638379 -2.7954e-17)
(0.647681 -0.0682793 0)
(0.662965 -0.072636 -5.44865e-17)
(0.67905 -0.0769827 2.67754e-17)
(0.696027 -0.081377 -5.26431e-17)
(0.713999 -0.0858586 2.56666e-17)
(0.733081 -0.090464 0)
(0.753405 -0.0952182 2.41753e-17)
(0.775132 -0.100149 2.30015e-17)
(0.798439 -0.105272 -2.18633e-17)
(0.823578 -0.110605 -2.02005e-17)
(0.850713 -0.11613 1.83622e-17)
(0.880485 -0.121835 0)
(0.912133 -0.12748 0)
(0.949708 -0.133062 1.03744e-17)
(0.98037 -0.137029 0)
(1.04442 -0.14097 2.71946e-18)
(0.977833 0.212619 2.69312e-17)
(0.989 0.199656 0)
(0.998485 0.199065 -4.35011e-17)
(1.00128 0.199735 3.99956e-17)
(1.00023 0.19758 -3.7923e-17)
(0.999109 0.1944 3.61081e-17)
(0.998525 0.190952 0)
(0.997918 0.186892 1.63536e-19)
(0.997237 0.182132 3.04305e-17)
(0.996695 0.176758 0)
(0.99634 0.170736 0)
(0.996052 0.163935 0)
(0.995622 0.156181 5.00883e-17)
(0.994722 0.147301 0)
(0.992843 0.137211 4.56784e-17)
(0.989326 0.126109 0)
(0.98379 0.114896 8.95216e-17)
(0.976608 0.104769 0)
(0.968968 0.096432 0)
(0.962832 0.0896532 -4.70765e-17)
(0.960537 0.0828299 -2.35455e-17)
(0.963833 0.0729402 0)
(0.972673 0.05601 0)
(0.985409 0.0283349 0)
(0.995097 -0.0105299 9.43996e-18)
(0.99536 -0.0637033 -8.59442e-18)
(1.00582 -0.143077 -8.11572e-19)
(1.01635 -0.237738 0)
(0.972765 -0.293869 6.58871e-18)
(0.875093 -0.269429 0)
(0.75701 -0.180959 0)
(0.617409 -0.0713075 -5.17057e-18)
(0.409458 0.0180071 4.17605e-18)
(0.157754 0.0165533 7.40068e-20)
(0.0699959 -0.133513 1.15179e-18)
(0.0280859 -0.24429 0)
(-0.0412363 -0.255202 0)
(-0.108731 -0.210404 1.44516e-18)
(-0.155563 -0.136557 -7.45628e-19)
(-0.176826 -0.0515171 -9.50054e-19)
(-0.173896 0.033918 -1.35894e-18)
(-0.149298 0.108833 -2.66202e-18)
(-0.103037 0.164937 0)
(-0.0420225 0.198794 0)
(0.0262691 0.212775 -8.67538e-18)
(0.0963244 0.210194 -2.04459e-17)
(0.164112 0.195561 0)
(0.227092 0.173083 4.93995e-17)
(0.283749 0.146344 0)
(0.333414 0.118136 0)
(0.376097 0.0904818 -2.88961e-17)
(0.412311 0.0647265 2.97768e-17)
(0.442887 0.0416341 3.04749e-17)
(0.468797 0.0215167 0)
(0.491021 0.00435495 3.14325e-17)
(0.510453 -0.0100779 6.3321e-17)
(0.527852 -0.0221274 -1.4289e-19)
(0.543839 -0.0321812 -3.19572e-17)
(0.558899 -0.0406275 0)
(0.57341 -0.0478222 3.20706e-17)
(0.587663 -0.054078 1.07924e-19)
(0.601883 -0.0596547 0)
(0.616252 -0.0647666 -6.36837e-17)
(0.630922 -0.069582 -9.74167e-20)
(0.64602 -0.0742275 0)
(0.661658 -0.0788017 3.06926e-17)
(0.677944 -0.083376 0)
(0.694986 -0.0880087 2.96525e-17)
(0.712902 -0.0927402 -2.90879e-17)
(0.731822 -0.0976115 -2.8283e-17)
(0.751896 -0.102651 -2.71879e-17)
(0.773299 -0.107894 2.61458e-17)
(0.796227 -0.113364 2.45918e-17)
(0.820953 -0.119088 0)
(0.847659 -0.125055 0)
(0.87704 -0.131283 0)
(0.908333 -0.137497 0)
(0.945842 -0.143839 0)
(0.976427 -0.148287 0)
(1.04158 -0.153137 0)
(0.979275 0.209854 3.20471e-17)
(0.993936 0.197338 0)
(1.00487 0.199297 4.91895e-17)
(1.00731 0.200613 -2.14119e-20)
(1.00586 0.198396 0)
(1.00466 0.195349 -8.15484e-17)
(1.00403 0.191972 0)
(1.00332 0.187846 -3.63576e-17)
(1.00254 0.182998 3.46903e-17)
(1.00189 0.177554 -3.29638e-17)
(1.00141 0.171473 6.26798e-17)
(1.00097 0.164635 -5.96818e-17)
(1.00039 0.156902 -5.65201e-17)
(0.999348 0.148144 0)
(0.997397 0.138316 5.26616e-17)
(0.99395 0.127618 0)
(0.988694 0.116855 -1.02077e-16)
(0.982001 0.107033 5.20893e-17)
(0.974934 0.0986244 0)
(0.969181 0.0911997 2.6668e-17)
(0.966705 0.0831355 0)
(0.968757 0.0716777 0)
(0.975484 0.0533206 -2.64564e-17)
(0.985197 0.0256366 0)
(0.98999 -0.0113205 0)
(0.992403 -0.0647929 0)
(0.996377 -0.143356 9.51954e-18)
(0.942607 -0.225061 0)
(0.802768 -0.263119 5.49022e-19)
(0.643689 -0.228579 6.7809e-18)
(0.520049 -0.134782 0)
(0.404536 -0.0128963 0)
(0.222018 0.0855756 -4.74929e-18)
(0.0356054 0.0576252 3.90841e-18)
(-0.000776275 -0.117019 0)
(-0.0528642 -0.221492 9.30728e-19)
(-0.123723 -0.22925 1.3669e-18)
(-0.194254 -0.18805 0)
(-0.244858 -0.121751 0)
(-0.268204 -0.0456738 2.1931e-18)
(-0.264396 0.0297623 0)
(-0.235672 0.095577 -3.65727e-18)
(-0.184206 0.144638 5.53414e-18)
(-0.117255 0.174336 0)
(-0.0423233 0.186685 0)
(0.0346016 0.184407 -2.5968e-19)
(0.109037 0.171214 0)
(0.17831 0.150943 -2.90343e-17)
(0.240813 0.126819 3.09698e-17)
(0.295835 0.101329 0)
(0.343397 0.0762635 3.33772e-17)
(0.38405 0.0528079 1.57026e-19)
(0.418656 0.031644 -3.49599e-17)
(0.448205 0.0130651 0)
(0.473677 -0.00292293 -3.58582e-17)
(0.495963 -0.0164955 -3.61203e-17)
(0.515824 -0.0279389 7.27066e-17)
(0.533887 -0.0375834 0)
(0.550656 -0.0457682 3.65179e-17)
(0.566535 -0.0528094 3.64819e-17)
(0.581846 -0.0589908 1.0488e-19)
(0.59685 -0.0645464 0)
(0.611762 -0.0696833 1.07834e-16)
(0.626762 -0.0745512 3.5499e-17)
(0.642003 -0.0792688 -7.03849e-17)
(0.657623 -0.0839303 0)
(0.673752 -0.0886053 -6.8435e-17)
(0.690525 -0.0933536 -6.71977e-17)
(0.708082 -0.0982175 3.27421e-17)
(0.726575 -0.103244 3.18417e-17)
(0.746176 -0.108465 -6.1776e-17)
(0.767081 -0.113925 2.97297e-17)
(0.789506 -0.119652 0)
(0.813742 -0.125685 0)
(0.839988 -0.132019 4.76384e-17)
(0.868988 -0.138707 0)
(0.899955 -0.145435 0)
(0.937495 -0.152545 0)
(0.968034 -0.157463 0)
(1.03469 -0.163444 0)
(0.981152 0.206469 -7.10432e-17)
(0.99975 0.19526 -6.44632e-17)
(1.01187 0.199926 -5.4733e-17)
(1.01379 0.201599 -5.08638e-21)
(1.01199 0.199347 0)
(1.01078 0.196479 4.59277e-17)
(1.01012 0.193139 0)
(1.00935 0.188933 0)
(1.00852 0.184011 -3.90197e-17)
(1.00783 0.178511 3.70871e-17)
(1.00727 0.172378 -1.41488e-16)
(1.00672 0.165508 6.71888e-17)
(1.006 0.157788 6.46178e-17)
(1.00482 0.149122 6.19996e-17)
(1.00276 0.139494 5.05613e-19)
(0.999294 0.129101 0)
(0.994175 0.118674 1.16028e-16)
(0.987758 0.109072 -5.8629e-17)
(0.980989 0.100591 0)
(0.975347 0.0926579 -6.1068e-17)
(0.972456 0.0836537 0)
(0.973354 0.0709891 -3.11291e-17)
(0.978542 0.0515935 2.9222e-17)
(0.98565 0.0241565 2.80453e-17)
(0.989082 -0.0117123 2.63594e-17)
(0.989629 -0.063185 2.52422e-17)
(0.9519 -0.129755 0)
(0.803183 -0.191016 0)
(0.588956 -0.218866 -1.05271e-17)
(0.41442 -0.188084 -8.76102e-18)
(0.309535 -0.0978035 0)
(0.226495 0.0295859 0)
(0.0730623 0.129238 -4.81223e-18)
(-0.0237572 0.0746294 0)
(-0.0474148 -0.102602 -1.37615e-18)
(-0.113446 -0.199718 -9.97449e-19)
(-0.18557 -0.205826 5.42317e-20)
(-0.258025 -0.16698 0)
(-0.311741 -0.107256 -3.18293e-18)
(-0.337187 -0.0398994 5.53322e-19)
(-0.333348 0.0256198 3.1936e-18)
(-0.302455 0.0828111 3.94928e-18)
(-0.24794 0.125293 -6.01098e-18)
(-0.1772 0.151066 0)
(-0.0978571 0.161644 0)
(-0.0160892 0.159622 2.85277e-17)
(0.0632654 0.147833 0)
(0.137277 0.129632 0)
(0.204317 0.107952 -7.22199e-17)
(0.263607 0.0850029 0)
(0.315147 0.0623541 0)
(0.359481 0.0410528 -3.95946e-17)
(0.397458 0.0217139 0)
(0.430043 0.00462082 -4.08632e-17)
(0.458188 -0.0101946 0)
(0.482758 -0.0228619 0)
(0.504503 -0.0336171 -8.28002e-17)
(0.524054 -0.0427429 -8.29459e-17)
(0.541933 -0.0505383 4.15334e-17)
(0.558574 -0.0572873 -4.12203e-17)
(0.57434 -0.0632488 -4.10817e-17)
(0.589534 -0.0686423 0)
(0.604408 -0.0736578 -1.62091e-16)
(0.619183 -0.0784347 0)
(0.63405 -0.0830868 1.58696e-16)
(0.649185 -0.0877068 -7.84701e-17)
(0.664753 -0.0923642 7.71187e-17)
(0.680922 -0.0971217 7.57494e-17)
(0.697858 -0.102024 0)
(0.715739 -0.107124 -7.235e-17)
(0.734755 -0.112458 6.96595e-17)
(0.755118 -0.118073 -6.67093e-17)
(0.777055 -0.124006 0)
(0.800872 -0.130304 0)
(0.826767 -0.136964 3.90964e-19)
(0.855527 -0.144076 0)
(0.886317 -0.151284 0)
(0.924074 -0.159173 0)
(0.954662 -0.164569 0)
(1.02329 -0.171904 0)
(0.983507 0.202469 0)
(1.00638 0.193569 1.97991e-19)
(1.01939 0.200874 6.15091e-17)
(1.0207 0.202644 -1.13953e-16)
(1.01868 0.200446 0)
(1.01751 0.197785 0)
(1.01684 0.194447 0)
(1.01604 0.190157 4.64197e-17)
(1.0152 0.185172 0)
(1.01449 0.17962 0)
(1.01387 0.173438 7.96289e-17)
(1.01324 0.166536 -7.63535e-17)
(1.01241 0.158823 4.53626e-19)
(1.01109 0.150226 -6.96649e-17)
(1.00889 0.14075 -6.72373e-17)
(1.00533 0.130589 0)
(1.0002 0.120415 4.96299e-19)
(0.993837 0.110969 0)
(0.987086 0.102418 0)
(0.981243 0.0940868 -4.83172e-19)
(0.977636 0.0843551 0)
(0.977326 0.0707362 3.44221e-17)
(0.980636 0.0505636 0)
(0.984691 0.0232397 -3.09102e-17)
(0.983002 -0.0110394 8.43499e-19)
(0.95954 -0.0546391 -2.88249e-17)
(0.852561 -0.101469 -1.57415e-17)
(0.624254 -0.146175 0)
(0.391209 -0.176992 0)
(0.237326 -0.156948 1.19194e-17)
(0.152476 -0.0706536 0)
(0.0853485 0.0564002 0)
(-0.0282767 0.151751 1.01168e-17)
(-0.0381508 0.0787856 0)
(-0.0685993 -0.0866702 2.99331e-18)
(-0.153482 -0.178864 0)
(-0.230708 -0.18462 -1.65479e-18)
(-0.304664 -0.147822 -2.57837e-18)
(-0.360825 -0.0938834 3.43821e-18)
(-0.388221 -0.0345272 -3.04154e-18)
(-0.384994 0.0219843 -3.46907e-18)
(-0.353283 0.0711259 0)
(-0.297261 0.107539 0)
(-0.22433 0.12958 0)
(-0.142213 0.138414 2.62176e-17)
(-0.0572349 0.136392 0)
(0.0256988 0.125908 0)
(0.103242 0.109594 0)
(0.173773 0.090133 -1.01817e-19)
(0.236441 0.0694987 0)
(0.291184 0.0490626 -4.48673e-17)
(0.338498 0.0297511 -4.57386e-17)
(0.379177 0.0121262 -4.63563e-17)
(0.414124 -0.00353277 4.66504e-17)
(0.444234 -0.0171688 0)
(0.470334 -0.0288724 0)
(0.493157 -0.0388393 4.70242e-17)
(0.513349 -0.0473159 9.39326e-17)
(0.531472 -0.0545719 -9.37059e-17)
(0.548015 -0.0608689 0)
(0.563409 -0.066442 0)
(0.578021 -0.0715276 0)
(0.59216 -0.0762763 9.14035e-17)
(0.606109 -0.0808287 -9.07415e-17)
(0.620112 -0.0853007 -8.96298e-17)
(0.634387 -0.0897835 8.85758e-17)
(0.649132 -0.0943462 -8.75389e-17)
(0.664539 -0.0990525 0)
(0.680792 -0.103949 8.4199e-17)
(0.698079 -0.109088 8.16911e-17)
(0.716596 -0.114508 7.92176e-17)
(0.736555 -0.120261 0)
(0.758182 -0.126383 0)
(0.781781 -0.132929 6.69952e-17)
(0.80754 -0.139897 4.05792e-19)
(0.836282 -0.147414 5.39891e-17)
(0.867089 -0.155076 0)
(0.905269 -0.16374 0)
(0.935993 -0.169625 0)
(1.00702 -0.178502 0)
(0.986341 0.197925 -9.67398e-17)
(1.01372 0.192422 5.31419e-19)
(1.02735 0.20208 -6.7615e-17)
(1.02806 0.203745 6.36866e-17)
(1.02587 0.201705 0)
(1.02467 0.199229 0)
(1.02386 0.195833 0)
(1.02286 0.191431 -5.18553e-17)
(1.02177 0.186358 0)
(1.02075 0.18072 0)
(1.01978 0.174452 8.99849e-17)
(1.01874 0.16748 -4.28593e-19)
(1.01743 0.159732 -8.18524e-17)
(1.01556 0.151149 0)
(1.01274 0.141753 0)
(1.00849 0.131732 0)
(1.00263 0.12171 -1.48582e-16)
(0.995507 0.112339 0)
(0.987938 0.103703 0)
(0.981005 0.0950428 7.78716e-17)
(0.975842 0.0847599 0)
(0.972863 0.0704324 0)
(0.97118 0.0497143 0)
(0.965617 0.0228003 -3.59086e-17)
(0.943163 -0.00774811 -6.92197e-17)
(0.875824 -0.0387822 3.64314e-17)
(0.706591 -0.0657226 -2.0776e-17)
(0.448083 -0.102994 0)
(0.236884 -0.144303 1.85555e-17)
(0.103315 -0.133824 -1.49622e-17)
(0.0272839 -0.0518987 0)
(-0.0261936 0.0730003 0)
(-0.0806022 0.155314 -1.56912e-17)
(-0.0231492 0.0786997 -8.61919e-18)
(-0.0594697 -0.0693281 -3.3096e-18)
(-0.17216 -0.157053 0)
(-0.262115 -0.164756 0)
(-0.338348 -0.130379 2.82619e-18)
(-0.396485 -0.0816637 4.60844e-18)
(-0.425659 -0.029674 -4.23847e-18)
(-0.423367 0.018824 4.69337e-18)
(-0.391658 0.0606415 0)
(-0.335115 0.0914975 0)
(-0.26108 0.110064 0)
(-0.177302 0.117252 -2.92338e-17)
(-0.0902711 0.115076 3.75714e-17)
(-0.0048297 0.105662 0)
(0.0753596 0.091049 0)
(0.148557 0.0735663 -7.34421e-20)
(0.213864 0.0550139 0)
(0.271108 0.0365898 5.16131e-17)
(0.320685 0.0191195 -8.85528e-20)
(0.363283 0.00312614 1.06045e-16)
(0.399708 -0.0111103 0)
(0.430783 -0.0235117 0)
(0.457312 -0.0341415 0)
(0.480054 -0.0431715 1.07045e-16)
(0.499722 -0.0508298 0)
(0.516976 -0.0573744 -1.06429e-16)
(0.532414 -0.0630498 0)
(0.546564 -0.0681009 -1.05363e-16)
(0.559872 -0.0727451 0)
(0.572735 -0.0771254 0)
(0.585487 -0.0813815 1.02539e-16)
(0.598404 -0.0856238 0)
(0.611727 -0.0899378 0)
(0.625664 -0.0943887 9.90004e-17)
(0.640406 -0.0990366 0)
(0.656132 -0.103925 -1.90535e-16)
(0.673019 -0.109105 9.28009e-17)
(0.691253 -0.114614 -8.93501e-17)
(0.711032 -0.1205 8.57643e-17)
(0.732568 -0.126802 -8.10953e-17)
(0.756155 -0.13358 3.7698e-19)
(0.78196 -0.140829 4.12529e-19)
(0.810837 -0.148713 -6.01491e-17)
(0.841767 -0.15678 -5.07214e-17)
(0.880463 -0.166177 0)
(0.911289 -0.172543 2.41396e-17)
(0.98496 -0.183075 -1.10102e-17)
(0.989625 0.192956 1.02067e-16)
(1.02178 0.191898 8.59576e-19)
(1.03582 0.203479 6.19935e-19)
(1.03564 0.204903 -7.08491e-17)
(1.03263 0.203001 0)
(1.03034 0.200501 6.43833e-17)
(1.02808 0.196813 0)
(1.02545 0.192092 0)
(1.02265 0.186728 0)
(1.01987 0.180812 0)
(1.01712 0.174288 4.0033e-19)
(1.01426 0.167097 9.62743e-17)
(1.01106 0.159177 0)
(1.00716 0.15048 0)
(1.0021 0.141033 0)
(0.995378 0.131016 -8.42216e-17)
(0.986873 0.121013 -4.56929e-19)
(0.977099 0.111628 0)
(0.966876 0.102843 0)
(0.957121 0.0939761 0)
(0.948151 0.0833793 -8.94223e-17)
(0.938863 0.0687219 -4.41822e-17)
(0.925679 0.0480173 0)
(0.899438 0.0225965 4.12304e-17)
(0.84403 -0.00225855 8.34592e-17)
(0.737571 -0.0199736 -4.57213e-17)
(0.543533 -0.0318132 -3.54421e-19)
(0.306107 -0.0680386 0)
(0.122289 -0.118837 -4.60058e-17)
(-0.00646411 -0.114292 1.90116e-17)
(-0.0772838 -0.0350992 0)
(-0.105325 0.0775452 0)
(-0.0961539 0.145739 1.13445e-17)
(0.0137141 0.0757874 1.86393e-19)
(-0.0181929 -0.0503337 1.92531e-18)
(-0.165518 -0.132566 0)
(-0.28031 -0.14499 -4.36452e-18)
(-0.362302 -0.114396 0)
(-0.422233 -0.0705368 3.45532e-19)
(-0.452991 -0.0251936 4.59458e-18)
(-0.451754 0.0161049 -5.18547e-18)
(-0.420489 0.0513284 -1.36881e-17)
(-0.364002 0.0771609 0)
(-0.28955 0.0925308 -2.53002e-17)
(-0.204861 0.0981645 3.32094e-17)
(-0.116533 0.0957509 -4.21512e-17)
(-0.0293927 0.0871666 0)
(0.0527775 0.0740661 -5.45253e-17)
(0.127964 0.0583415 5.66247e-17)
(0.195206 0.0416653 0)
(0.254153 0.025098 0)
(0.305041 0.00938548 6.00633e-17)
(0.348416 -0.00497763 -6.05198e-17)
(0.384995 -0.0177158 0)
(0.41559 -0.0287472 0)
(0.44107 -0.0381334 0)
(0.462319 -0.0460481 -2.42784e-16)
(0.480209 -0.0527225 0)
(0.495553 -0.058415 1.20482e-16)
(0.509084 -0.0633707 0)
(0.521418 -0.067837 1.18954e-16)
(0.533084 -0.0719873 1.18238e-16)
(0.544515 -0.0759791 0)
(0.556054 -0.079939 1.1645e-16)
(0.567975 -0.0839606 1.15365e-16)
(0.580502 -0.0881192 0)
(0.593823 -0.0924711 -1.12412e-16)
(0.608106 -0.0970701 0)
(0.623508 -0.101953 -2.42646e-19)
(0.64018 -0.107168 2.62754e-19)
(0.658287 -0.112748 0)
(0.678006 -0.118739 3.12059e-19)
(0.699527 -0.125179 9.06641e-17)
(0.723136 -0.132132 -8.41639e-17)
(0.748974 -0.139591 -7.64131e-17)
(0.777931 -0.147757 0)
(0.808874 -0.156132 5.61335e-17)
(0.847956 -0.166149 0)
(0.878616 -0.172943 -2.65725e-17)
(0.954947 -0.185151 1.20695e-17)
(0.993547 0.187732 0)
(1.03076 0.19195 8.31355e-17)
(1.04376 0.204763 7.63252e-17)
(1.03993 0.20555 -1.02698e-19)
(1.03198 0.203179 0)
(1.02394 0.199851 -1.42747e-16)
(1.01576 0.195141 0)
(1.00744 0.189482 1.30041e-16)
(0.999364 0.183313 0)
(0.991774 0.17672 0)
(0.984603 0.169647 3.71728e-19)
(0.977586 0.162031 0)
(0.97032 0.153803 -1.05431e-16)
(0.962282 0.144906 1.01796e-16)
(0.952856 0.135354 9.87656e-17)
(0.941459 0.125311 1.92343e-16)
(0.928179 0.115305 9.64587e-17)
(0.913813 0.105981 0)
(0.899307 0.0972455 0)
(0.885151 0.0884407 1.02064e-16)
(0.87054 0.0779806 1.02531e-16)
(0.852244 0.0637395 5.10177e-17)
(0.823572 0.0442025 0)
(0.773056 0.0216874 0)
(0.690315 0.00314646 -5.18526e-17)
(0.570669 -0.00347293 0)
(0.395794 -0.00573016 7.18588e-17)
(0.211262 -0.0419211 0)
(0.0416872 -0.0973142 5.51375e-17)
(-0.0915989 -0.0959964 -2.11874e-17)
(-0.155079 -0.0249499 2.51937e-17)
(-0.153855 0.071595 0)
(-0.0860957 0.127394 0)
(0.061635 0.0687505 9.7217e-18)
(0.0495524 -0.0303477 0)
(-0.12766 -0.104661 -1.5816e-18)
(-0.28136 -0.123656 4.89912e-18)
(-0.37776 -0.0992264 0)
(-0.440726 -0.0604262 -5.93427e-18)
(-0.472872 -0.0210777 0)
(-0.472666 0.0138046 6.39622e-18)
(-0.442047 0.0431197 1.52963e-17)
(-0.385917 0.064432 0)
(-0.311452 0.076879 5.71812e-17)
(-0.226337 0.0810558 -3.74425e-17)
(-0.137211 0.0783613 0)
(-0.0489801 0.0704327 0)
(0.0345311 0.058648 6.31623e-17)
(0.110948 0.0445223 0)
(0.179165 0.0295986 0)
(0.238606 0.0148382 -6.79885e-17)
(0.289335 0.000917872 1.37313e-16)
(0.331818 -0.0117063 0)
(0.366803 -0.0227892 0)
(0.395233 -0.0322779 -1.38389e-16)
(0.418173 -0.0402628 0)
(0.436724 -0.0469391 -1.5671e-19)
(0.451949 -0.0525499 -1.37346e-16)
(0.464806 -0.0573361 -1.36791e-16)
(0.47611 -0.0615809 0)
(0.486525 -0.0654684 -1.34869e-16)
(0.496593 -0.0691579 -1.33808e-16)
(0.506721 -0.0727951 0)
(0.517221 -0.0764834 -2.63751e-16)
(0.528328 -0.0803005 -1.30487e-16)
(0.540225 -0.0843096 1.29026e-16)
(0.553064 -0.0885554 1.2677e-16)
(0.566977 -0.0930813 -1.24425e-16)
(0.58209 -0.0979197 2.42398e-16)
(0.598529 -0.103112 -1.17341e-16)
(0.616434 -0.10869 -1.13158e-16)
(0.635962 -0.114699 -1.07583e-16)
(0.657284 -0.121173 0)
(0.680673 -0.128179 0)
(0.706247 -0.135711 0)
(0.734938 -0.144 0)
(0.765481 -0.152512 0)
(0.804522 -0.162946 -4.87653e-17)
(0.834415 -0.170042 0)
(0.913095 -0.18384 0)
(0.998801 0.182496 0)
(1.03779 0.192018 0)
(1.04102 0.204226 7.82806e-17)
(1.02211 0.202574 8.05164e-17)
(0.998553 0.197885 0)
(0.976499 0.192216 7.91756e-17)
(0.956456 0.185456 0)
(0.93841 0.178224 -1.46769e-16)
(0.92248 0.170913 0)
(0.908497 0.163531 0)
(0.895968 0.155965 -2.61667e-16)
(0.884229 0.148097 -1.26139e-16)
(0.872535 0.139814 1.21388e-16)
(0.860087 0.131025 -1.17494e-16)
(0.846093 0.121721 -1.14244e-16)
(0.829935 0.112034 -2.23382e-16)
(0.811975 0.102473 0)
(0.793425 0.0936421 1.14472e-16)
(0.775314 0.0854705 0)
(0.757742 0.0772732 -2.39119e-16)
(0.738812 0.0677062 1.21684e-16)
(0.713468 0.0549785 0)
(0.672952 0.0380302 -6.12467e-17)
(0.606442 0.0194623 0)
(0.514195 0.0066084 0)
(0.408651 0.00775439 0)
(0.283759 0.0111395 0)
(0.161629 -0.0224199 0)
(-0.00608985 -0.077351 -3.16718e-17)
(-0.148552 -0.0798521 0)
(-0.20547 -0.0197397 -5.28817e-17)
(-0.176749 0.0595365 -1.20136e-17)
(-0.061649 0.10369 0)
(0.111055 0.057963 0)
(0.128109 -0.012873 -2.60045e-18)
(-0.0555078 -0.074556 1.92259e-18)
(-0.255691 -0.099238 0)
(-0.381049 -0.0836308 -4.51976e-18)
(-0.452802 -0.0509835 0)
(-0.487164 -0.0173085 0)
(-0.487997 0.0118643 -1.44029e-17)
(-0.458124 0.0359074 0)
(-0.402504 0.0531689 2.41439e-17)
(-0.328283 0.0629632 -3.23714e-17)
(-0.243116 0.065792 0)
(-0.153694 0.0628091 0)
(-0.0650716 0.0554324 0)
(0.0189145 0.0448566 0)
(0.0953709 0.0322867 -7.51475e-17)
(0.163057 0.0191238 0)
(0.221222 0.00624871 7.76027e-17)
(0.269877 -0.00574651 -1.56325e-16)
(0.309582 -0.0164757 1.56966e-16)
(0.341282 -0.0257586 1.57124e-16)
(0.366179 -0.0335981 1.56869e-16)
(0.385593 -0.0401246 0)
(0.400829 -0.0455528 1.5605e-16)
(0.413083 -0.0501198 3.11066e-16)
(0.423373 -0.0540669 3.09416e-16)
(0.432516 -0.0576434 -1.53631e-16)
(0.441165 -0.0609926 3.05102e-16)
(0.449802 -0.0642577 1.51621e-16)
(0.458778 -0.0675551 0)
(0.468343 -0.0709657 2.98218e-16)
(0.478679 -0.0745577 0)
(0.489922 -0.078372 -2.90602e-16)
(0.502185 -0.0824441 1.42782e-16)
(0.515565 -0.0868099 -2.06234e-19)
(0.530158 -0.0914983 -1.3573e-16)
(0.546067 -0.0965452 0)
(0.563406 -0.101979 1.26096e-16)
(0.582316 -0.107843 1.20248e-16)
(0.602948 -0.11417 0)
(0.625565 -0.121029 -1.04658e-16)
(0.65026 -0.128412 9.47789e-17)
(0.67801 -0.136578 0)
(0.707396 -0.14497 0)
(0.745632 -0.15551 5.33866e-17)
(0.773743 -0.162669 0)
(0.853942 -0.177831 0)
(1.00403 0.17724 1.12629e-16)
(1.02677 0.189398 0)
(0.997032 0.19678 -1.64845e-16)
(0.944533 0.18937 0)
(0.895476 0.180247 -8.92023e-17)
(0.856597 0.171415 0)
(0.825886 0.162691 0)
(0.801 0.154427 0)
(0.780573 0.146697 0)
(0.763485 0.139311 -1.57676e-16)
(0.748614 0.13204 1.51967e-16)
(0.734883 0.124689 -2.25966e-19)
(0.721277 0.117099 0)
(0.706832 0.109151 0)
(0.690701 0.100818 0)
(0.672351 0.0922044 2.60904e-16)
(0.652452 0.0838009 0)
(0.632488 0.0760696 -1.34402e-16)
(0.613545 0.0690086 0)
(0.595466 0.0620535 -2.16446e-19)
(0.575743 0.0541436 2.41063e-19)
(0.5485 0.0438807 1.47894e-16)
(0.504426 0.0304962 7.47715e-17)
(0.434853 0.0161536 0)
(0.34965 0.00767734 -8.2867e-17)
(0.273564 0.0130579 0)
(0.210388 0.0194356 0)
(0.147201 -0.00738314 0)
(-0.0207364 -0.057384 3.63767e-17)
(-0.179383 -0.0646218 -2.7036e-17)
(-0.231004 -0.0176084 2.86909e-17)
(-0.180939 0.0448364 1.37404e-17)
(-0.0320107 0.0779159 0)
(0.151535 0.044128 0)
(0.194864 -0.00141419 2.91378e-18)
(0.0410138 -0.045285 0)
(-0.191893 -0.0718488 0)
(-0.359738 -0.0661126 1.03696e-17)
(-0.453185 -0.0413328 8.10152e-18)
(-0.495081 -0.013655 -7.2053e-18)
(-0.498482 0.0102805 -1.80897e-19)
(-0.469972 0.0296019 0)
(-0.415246 0.0432474 1.67432e-19)
(-0.341684 0.0506651 0)
(-0.257027 0.0522917 0)
(-0.168094 0.0490869 -6.06983e-17)
(-0.0801677 0.04228 0)
(0.00292473 0.032892 0)
(0.0777075 0.0219745 8.60989e-17)
(0.142934 0.0106869 0)
(0.197848 -0.000165275 0)
(0.242599 -0.0101031 1.77649e-16)
(0.278 -0.0188391 6.97435e-20)
(0.305293 -0.0262753 -1.77867e-16)
(0.325952 -0.0324717 -1.77651e-16)
(0.341496 -0.0375878 -1.77161e-16)
(0.353342 -0.0418379 -1.76532e-16)
(0.362719 -0.0454332 -1.75635e-16)
(0.370609 -0.0486323 -3.48957e-16)
(0.377784 -0.0515773 3.46589e-16)
(0.384814 -0.0544102 -1.72092e-16)
(0.3921 -0.0572456 -1.70873e-16)
(0.399917 -0.0601702 1.69606e-16)
(0.408452 -0.0632453 1.46127e-19)
(0.417833 -0.0665302 -1.65694e-16)
(0.428155 -0.0700402 1.62858e-16)
(0.439494 -0.0738076 1.77276e-19)
(0.451916 -0.0778627 1.55914e-16)
(0.465492 -0.0822296 0)
(0.480301 -0.0869387 0)
(0.496439 -0.0920157 0)
(0.514027 -0.0975001 -1.33106e-16)
(0.533196 -0.103423 0)
(0.554201 -0.109854 -3.3148e-19)
(0.577097 -0.116786 -1.04091e-16)
(0.602918 -0.124492 0)
(0.63004 -0.13241 7.63193e-17)
(0.666348 -0.14263 0)
(0.691201 -0.14947 0)
(0.771206 -0.165556 1.77097e-17)
(0.997057 0.17083 2.35236e-18)
(0.960102 0.177926 0)
(0.870023 0.174905 8.97168e-17)
(0.779093 0.159994 0)
(0.7137 0.147273 1.00863e-16)
(0.670592 0.137177 0)
(0.640072 0.128481 0)
(0.616636 0.120879 0)
(0.597906 0.114097 1.88128e-16)
(0.582469 0.107818 3.64298e-16)
(0.569083 0.101767 1.76251e-16)
(0.556617 0.095733 3.40772e-16)
(0.544057 0.0895519 0)
(0.53048 0.0831164 1.60102e-16)
(0.515136 0.0763608 1.5551e-16)
(0.49768 0.0694012 -3.02538e-16)
(0.478909 0.06263 0)
(0.460436 0.0564465 0)
(0.443399 0.0508947 0)
(0.427581 0.045574 3.35855e-16)
(0.410424 0.0397179 -1.72741e-16)
(0.386285 0.0323187 -1.76982e-16)
(0.346583 0.0227509 -9.06191e-17)
(0.284666 0.0123573 9.35854e-17)
(0.215325 0.00675208 1.00594e-16)
(0.172263 0.0130707 0)
(0.166813 0.0207874 -1.16784e-16)
(0.154201 0.0038093 0)
(-0.00384473 -0.0373743 -4.1997e-17)
(-0.183898 -0.0493387 3.02694e-17)
(-0.236863 -0.0166585 -3.24164e-17)
(-0.173146 0.0294134 0)
(-0.00515763 0.0527817 2.01455e-17)
(0.174037 0.029453 0)
(0.232073 0.00368411 0)
(0.13133 -0.0218011 0)
(-0.0894734 -0.0444615 0)
(-0.295076 -0.0463483 -6.16189e-18)
(-0.423883 -0.0304558 -9.12986e-18)
(-0.485668 -0.00956347 7.87625e-18)
(-0.498483 0.00917752 -1.3352e-19)
(-0.474671 0.0241492 0)
(-0.422897 0.0345515 -3.05934e-17)
(-0.35151 0.0398747 -4.13496e-17)
(-0.268773 0.0404938 0)
(-0.181863 0.0372128 6.79345e-17)
(-0.0963964 0.0310835 0)
(-0.0162962 0.0229908 0)
(0.054806 0.0138892 9.81107e-17)
(0.115503 0.00462209 1.98869e-16)
(0.165337 -0.00409396 0)
(0.204742 -0.0119104 -2.00833e-16)
(0.234856 -0.0186476 -2.0085e-16)
(0.257204 -0.0242842 0)
(0.273451 -0.0289204 1.99952e-16)
(0.285204 -0.032724 1.99224e-16)
(0.293879 -0.0358806 1.98367e-16)
(0.300628 -0.0386008 1.97346e-16)
(0.306343 -0.0410837 3.9173e-16)
(0.311696 -0.0434157 1.11534e-19)
(0.317149 -0.0457167 -1.93198e-16)
(0.323013 -0.0480701 0)
(0.329493 -0.0505403 -1.89718e-16)
(0.336716 -0.0531742 -3.75093e-16)
(0.344765 -0.0560118 3.69561e-16)
(0.353701 -0.0590605 -1.816e-16)
(0.363568 -0.0623452 -1.7762e-16)
(0.374408 -0.0658887 0)
(0.38627 -0.0697111 -1.68095e-16)
(0.399213 -0.0738376 0)
(0.413312 -0.0782906 0)
(0.428669 -0.0831049 -1.46874e-16)
(0.445391 -0.0883089 0)
(0.463718 -0.0939676 1.26384e-16)
(0.483659 -0.100075 -1.1422e-16)
(0.506295 -0.106907 0)
(0.529764 -0.113914 -8.26959e-17)
(0.562589 -0.123263 0)
(0.582417 -0.129258 0)
(0.659028 -0.145499 -1.9067e-17)
(0.943677 0.159905 -1.16831e-16)
(0.792328 0.149733 0)
(0.646335 0.134626 1.00669e-16)
(0.546459 0.116126 0)
(0.491655 0.104331 1.14086e-16)
(0.460508 0.0962331 0)
(0.438714 0.0896223 0)
(0.42158 0.0839476 0)
(0.407843 0.0789646 4.87461e-20)
(0.396572 0.0744198 5.03523e-20)
(0.386729 0.0700807 -1.99513e-16)
(0.377359 0.0657691 -1.93199e-16)
(0.367632 0.0613554 0)
(0.35681 0.0567393 -3.63214e-16)
(0.344336 0.051854 -1.76227e-16)
(0.329999 0.0468148 3.43572e-16)
(0.314625 0.0419127 0)
(0.299753 0.0374713 1.80517e-16)
(0.286474 0.0335645 1.87047e-16)
(0.274631 0.0299543 -1.93711e-16)
(0.262073 0.0261488 0)
(0.244264 0.021493 -2.06467e-16)
(0.214368 0.0154706 1.06271e-16)
(0.166867 0.00856723 -1.09826e-16)
(0.115567 0.00456794 1.16425e-16)
(0.0985627 0.0093881 0)
(0.133793 0.0171856 2.39969e-20)
(0.162542 0.0103209 0)
(0.0376705 -0.0184555 0)
(-0.156574 -0.0332913 0)
(-0.225055 -0.0154495 -2.85269e-19)
(-0.159715 0.0146885 0)
(0.00998629 0.0302602 -2.38238e-17)
(0.168596 0.016286 1.30508e-17)
(0.226681 0.00418385 0)
(0.178806 -0.00715903 0)
(0.023186 -0.0215866 -1.08591e-17)
(-0.180348 -0.026615 0)
(-0.338355 -0.0186813 0)
(-0.429692 -0.00494639 9.1175e-18)
(-0.463555 0.00839034 -8.47824e-20)
(-0.453523 0.0192009 -2.55429e-17)
(-0.411246 0.0266131 -3.45236e-17)
(-0.347092 0.0301145 4.64363e-17)
(-0.270539 0.0299839 0)
(-0.189571 0.0268779 0)
(-0.110321 0.0216649 0)
(-0.0369477 0.0151317 0)
(0.0272214 0.00802887 -1.10642e-16)
(0.0806011 0.000963228 -4.31963e-20)
(0.123194 -0.00551896 0)
(0.155783 -0.0111941 0)
(0.179787 -0.0159824 2.24827e-16)
(0.19689 -0.019917 0)
(0.208787 -0.0231106 0)
(0.217009 -0.0257099 -2.22279e-16)
(0.222831 -0.0278743 0)
(0.227245 -0.0297864 -2.19493e-16)
(0.230997 -0.0315563 -4.35869e-16)
(0.234618 -0.0332581 -2.16253e-16)
(0.238456 -0.0349752 2.14478e-16)
(0.242739 -0.0367639 0)
(0.247605 -0.038669 2.10238e-16)
(0.253134 -0.0407196 4.14704e-16)
(0.259377 -0.0429397 -2.03927e-16)
(0.266364 -0.0453393 2.00007e-16)
(0.274117 -0.0479313 1.95596e-16)
(0.282659 -0.0507322 0)
(0.292018 -0.0537575 -1.76758e-19)
(0.302237 -0.0570269 0)
(0.313365 -0.0605577 0)
(0.325487 -0.0643787 1.59643e-16)
(0.338678 -0.0685126 0)
(0.353149 -0.0730161 0)
(0.368864 -0.0778823 1.2306e-16)
(0.386876 -0.0833667 -1.07667e-16)
(0.405193 -0.0889682 0)
(0.432427 -0.0967469 -6.92338e-17)
(0.445777 -0.101322 0)
(0.51343 -0.116376 0)
(0.781195 0.136258 0)
(0.508926 0.10028 1.04401e-16)
(0.371079 0.0813051 -1.13931e-16)
(0.305363 0.0671885 1.22754e-16)
(0.276628 0.0600966 -1.20566e-20)
(0.260703 0.05543 1.2303e-16)
(0.248473 0.0515266 0)
(0.238484 0.0481535 2.36401e-16)
(0.230532 0.0452173 -2.30648e-16)
(0.22404 0.0425634 -2.24428e-16)
(0.218279 0.0400355 0)
(0.212617 0.0375159 0)
(0.206521 0.0349224 0)
(0.199511 0.0321782 1.98971e-16)
(0.191229 0.0292572 0)
(0.181583 0.0262301 -1.88739e-16)
(0.171234 0.023274 0)
(0.161374 0.0206078 4.459e-20)
(0.152866 0.0183107 -2.07618e-16)
(0.145666 0.0162842 0)
(0.138387 0.0142723 0)
(0.128208 0.0119111 2.31352e-16)
(0.110778 0.00885433 0)
(0.0813796 0.00501541 1.22981e-16)
(0.0478314 0.00218237 -1.28121e-16)
(0.0431897 0.00444205 0)
(0.0914001 0.0103729 1.35175e-16)
(0.144521 0.0106367 0)
(0.0780418 -0.00411361 0)
(-0.0914482 -0.0170877 0)
(-0.181728 -0.0120402 3.77464e-17)
(-0.138767 0.00319193 0)
(0.00480392 0.0124797 0)
(0.12539 0.00652545 -1.47242e-17)
(0.170706 0.00264907 0)
(0.162673 -0.000542278 0)
(0.090242 -0.00692472 9.38623e-21)
(-0.0490061 -0.0108476 0)
(-0.191899 -0.00827612 0)
(-0.295593 -0.00118178 4.36911e-20)
(-0.351006 0.00670913 1.12629e-17)
(-0.363463 0.0134942 2.90987e-17)
(-0.341579 0.0180042 3.9399e-17)
(-0.29574 0.0199913 5.27486e-17)
(-0.236027 0.0195398 0)
(-0.171006 0.0171095 8.36117e-17)
(-0.107168 0.0133384 0)
(-0.0487646 0.00884064 0)
(0.00158768 0.00410769 1.21488e-16)
(0.0424057 -0.000477454 -3.85302e-20)
(0.0740451 -0.00458688 0)
(0.097482 -0.00809896 -2.48481e-16)
(0.114137 -0.0110007 -4.96051e-16)
(0.125531 -0.0133478 0)
(0.133094 -0.0152324 2.45936e-16)
(0.138045 -0.0167475 2.44457e-16)
(0.141353 -0.0180173 0)
(0.143747 -0.0191455 0)
(0.145758 -0.0202001 2.39018e-16)
(0.147749 -0.0212369 0)
(0.149952 -0.0223023 0)
(0.15251 -0.0234288 0)
(0.155507 -0.0246421 -2.29021e-16)
(0.158986 -0.025956 -2.25535e-16)
(0.162973 -0.0273849 0)
(0.167477 -0.0289367 -2.16969e-16)
(0.172506 -0.0306193 -2.11491e-16)
(0.178065 -0.0324411 2.05499e-16)
(0.184169 -0.0344125 3.96799e-16)
(0.190843 -0.0365452 0)
(0.198113 -0.0388506 0)
(0.206036 -0.0413479 0)
(0.214657 -0.044052 0)
(0.224131 -0.0470039 -1.45928e-16)
(0.234395 -0.0501964 1.30852e-16)
(0.246306 -0.0538244 1.13527e-16)
(0.25812 -0.0575056 -9.43219e-17)
(0.277028 -0.0628525 -4.42316e-19)
(0.283714 -0.0655951 0)
(0.333726 -0.0771371 2.31242e-17)
(0.40858 0.0780679 1.16897e-16)
(0.16385 0.0347337 -1.77302e-16)
(0.114649 0.0266894 0)
(0.0942973 0.0215907 5.59819e-21)
(0.0870612 0.0193526 -9.56476e-17)
(0.0826869 0.0178745 -9.47696e-17)
(0.0788107 0.0165997 0)
(0.0755903 0.0154929 -1.8469e-16)
(0.0730801 0.0145362 0)
(0.0710373 0.0136762 0)
(0.0691757 0.0128573 0)
(0.0672679 0.0120384 0)
(0.0651214 0.0111898 0)
(0.0625517 0.010287 1.63483e-16)
(0.0594212 0.00932227 0)
(0.0557049 0.00831689 1.57351e-16)
(0.0516908 0.00732896 1.6204e-16)
(0.0478997 0.00643703 -3.38904e-16)
(0.044737 0.00567845 0)
(0.0422484 0.00503688 1.8558e-16)
(0.0399866 0.00444271 -1.93611e-16)
(0.037054 0.00378626 0)
(0.0319778 0.00295851 -1.03985e-16)
(0.0221456 0.00178229 -1.06819e-16)
(0.00830892 0.000549747 0)
(0.00556798 0.000726591 -1.15496e-16)
(0.0322553 0.00284239 1.21246e-16)
(0.0728876 0.00472174 0)
(0.0654256 0.0016381 0)
(-0.01071 -0.00346581 3.86469e-17)
(-0.0806797 -0.00477254 -3.46942e-17)
(-0.0793715 -0.00158942 0)
(-0.0102936 0.00158713 0)
(0.0471286 0.000827226 -1.37504e-17)
(0.0679535 0.000599361 6.82761e-18)
(0.0775685 0.000568214 0)
(0.0677055 -0.000456947 1.18308e-17)
(0.0241387 -0.00124239 0)
(-0.0386391 -0.000892076 0)
(-0.0981912 0.000793634 7.90953e-21)
(-0.140746 0.0029973 2.2961e-17)
(-0.162138 0.00507792 0)
(-0.16308 0.00637836 0)
(-0.147684 0.00688732 -5.16432e-17)
(-0.12195 0.00657115 6.47635e-17)
(-0.0915998 0.00558205 -7.73029e-17)
(-0.0610875 0.00415909 0)
(-0.0332577 0.0025373 9.72576e-17)
(-0.00958701 0.000897671 -1.03639e-16)
(0.00929742 -0.000641022 -1.3213e-20)
(0.0235444 -0.00199826 0)
(0.0337881 -0.00313898 -6.46322e-21)
(0.0408264 -0.00407053 4.3384e-16)
(0.0454521 -0.00481939 0)
(0.0483688 -0.00542238 2.35435e-20)
(0.05015 -0.00590503 0)
(0.0512348 -0.00631507 0)
(0.0519448 -0.00668226 0)
(0.0525098 -0.00703094 2.04476e-16)
(0.0530811 -0.00738079 0)
(0.0537524 -0.00774582 1.98491e-16)
(0.0545801 -0.00813597 0)
(0.0555959 -0.00855863 0)
(0.0568127 -0.00901843 0)
(0.0582385 -0.0095195 0)
(0.0598715 -0.0100649 -4.50242e-20)
(0.0617124 -0.0106573 0)
(0.0637591 -0.0112996 -3.32669e-16)
(0.0660147 -0.0119946 -1.59521e-16)
(0.0684862 -0.012747 1.52056e-16)
(0.0711818 -0.01356 0)
(0.0741231 -0.0144412 0)
(0.0773235 -0.0153956 0)
(0.0808502 -0.0164386 1.12927e-16)
(0.0846604 -0.0175688 1.00998e-19)
(0.0891493 -0.0188567 0)
(0.093463 -0.0201716 7.12215e-17)
(0.100994 -0.0221001 5.46337e-17)
(0.102482 -0.0230555 0)
(0.123745 -0.0276242 -1.71985e-17)
)
;

boundaryField
{
    inlet
    {
        type            fixedValue;
        value           uniform (0.97437 0.22495 0);
    }
    outlet
    {
        type            zeroGradient;
    }
    fixedWalls
    {
        type            noSlip;
    }
    frontAndBack
    {
        type            empty;
    }
}


// ************************************************************************* //
