/*--------------------------------*- C++ -*----------------------------------*\
| =========                 |                                                 |
| \\      /  F ield         | OpenFOAM: The Open Source CFD Toolbox           |
|  \\    /   O peration     | Version:  v1912                                 |
|   \\  /    A nd           | Website:  www.openfoam.com                      |
|    \\/     M anipulation  |                                                 |
\*---------------------------------------------------------------------------*/
FoamFile
{
    version     2.0;
    format      ascii;
    class       surfaceScalarField;
    location    "750";
    object      phi;
}
// * * * * * * * * * * * * * * * * * * * * * * * * * * * * * * * * * * * * * //

dimensions      [0 3 -1 0 0 0 0];
oriented        oriented;


internalField   nonuniform List<scalar> 
3895
(
0.000814746
0.00038143
0.000499361
0.000315385
0.000251565
0.000247796
6.4863e-05
0.000186702
-6.21962e-05
0.000127059
-0.000127327
6.51304e-05
-0.000137639
1.03119e-05
-0.000113632
-2.40064e-05
-9.03514e-05
-2.32808e-05
-8.49476e-05
-5.40383e-06
-6.61301e-05
-1.88174e-05
-4.47468e-05
-2.13833e-05
-4.04668e-05
-4.28006e-06
-4.86736e-05
8.20678e-06
-4.57166e-05
-2.95691e-06
-3.20581e-05
-1.36586e-05
-2.51455e-05
-6.91258e-06
-2.59271e-05
7.81627e-07
-2.8948e-05
3.02089e-06
-3.04908e-05
1.54279e-06
-2.91882e-05
-1.30265e-06
-2.49007e-05
-4.2875e-06
-1.85785e-05
-6.32214e-06
-1.19731e-05
-6.60542e-06
-6.19833e-06
-5.77476e-06
-1.89643e-06
-4.3019e-06
8.45129e-07
-2.74156e-06
2.45185e-06
-1.60672e-06
3.50417e-06
-1.05233e-06
4.4105e-06
-9.06327e-07
5.30127e-06
-8.90765e-07
6.15183e-06
-8.50564e-07
6.94268e-06
-7.90852e-07
7.63648e-06
-6.93796e-07
8.16015e-06
-5.23672e-07
8.44488e-06
-2.84728e-07
8.43818e-06
6.70008e-09
8.04329e-06
3.94888e-07
7.27272e-06
7.70571e-07
6.08419e-06
1.18854e-06
4.39854e-06
1.68565e-06
2.10896e-06
2.28958e-06
-9.05645e-07
3.0146e-06
-4.76599e-06
3.86035e-06
-9.58317e-06
4.81718e-06
-1.55003e-05
5.91717e-06
-2.28408e-05
7.34042e-06
-3.23033e-05
9.46258e-06
-4.52127e-05
1.29094e-05
-6.37231e-05
1.85104e-05
-9.07412e-05
2.70181e-05
-0.000129309
3.85674e-05
-0.000181771
5.24622e-05
-0.000249081
6.73102e-05
-0.000329898
8.08165e-05
-0.000419749
8.98516e-05
-0.000511266
9.15169e-05
-0.000595532
8.42656e-05
-0.000663664
6.81323e-05
-0.0007069
4.32364e-05
-0.000714308
7.40763e-06
-0.000696428
-1.78796e-05
-0.000657549
-3.88798e-05
-0.000601253
-5.62962e-05
-0.000531453
-6.97999e-05
-0.000451209
-8.02437e-05
-0.000362525
-8.86839e-05
-0.000266965
-9.55601e-05
-0.000166151
-0.000100814
-6.17865e-05
-0.000104364
4.4157e-05
-0.000105944
0.000149721
-0.000105564
0.000253339
-0.000103617
0.000353667
-0.000100328
0.000449833
-9.61656e-05
0.000541768
-9.19351e-05
0.000629728
-8.79599e-05
0.000716846
-8.71186e-05
0.000803462
-8.66162e-05
-0.00010741
0.00108795
0.000349294
0.00104738
0.000355946
0.000933278
0.000361903
0.000775747
0.000344233
0.000598431
0.000304375
0.000410383
0.000253178
0.000221248
0.000199447
5.3877e-05
0.000143365
-6.04246e-05
9.10208e-05
-0.000110188
4.43597e-05
-0.000131882
2.87613e-06
-0.000123966
-2.92985e-05
-0.000105669
-2.2578e-05
-0.000107781
1.03191e-05
-0.000103372
-7.36565e-06
-9.07467e-05
-2.6284e-05
-7.67553e-05
-2.09039e-05
-7.8868e-05
2.8943e-06
-8.7135e-05
1.12879e-05
-9.26354e-05
7.04318e-06
-9.45903e-05
6.52206e-07
-9.0963e-05
-7.91477e-06
-8.48084e-05
-1.24767e-05
-7.80695e-05
-1.33444e-05
-7.15058e-05
-1.23384e-05
-6.58483e-05
-9.95944e-06
-6.17153e-05
-6.8745e-06
-5.95659e-05
-3.75617e-06
-5.92754e-05
-1.34279e-06
-6.03433e-05
1.61608e-07
-6.25703e-05
1.33617e-06
-6.52728e-05
1.85196e-06
-6.81423e-05
2.07869e-06
-7.10985e-05
2.26233e-06
-7.42729e-05
2.65076e-06
-7.78181e-05
3.26047e-06
-8.18571e-05
4.04576e-06
-8.64283e-05
4.96605e-06
-9.16476e-05
5.98985e-06
-9.7559e-05
7.09999e-06
-0.000104168
8.29418e-06
-0.000111461
9.58289e-06
-0.000119418
1.09713e-05
-0.000127994
1.24368e-05
-0.000137104
1.39269e-05
-0.000146615
1.54285e-05
-0.000156423
1.71486e-05
-0.000166538
1.95768e-05
-0.000177093
2.34645e-05
-0.000188245
2.96626e-05
-0.000200229
3.90024e-05
-0.000213388
5.17262e-05
-0.000227761
6.68351e-05
-0.000242496
8.20453e-05
-0.000255406
9.37263e-05
-0.000262619
9.70646e-05
-0.000259311
8.82088e-05
-0.000241335
6.62903e-05
-0.000207443
3.42398e-05
-0.000166575
2.36811e-06
-0.000120039
-3.91276e-05
-6.80951e-05
-6.98239e-05
-1.35329e-05
-9.34419e-05
4.27266e-05
-0.000112556
0.000102283
-0.000129356
0.000166327
-0.000144289
0.000234732
-0.000157088
0.000306443
-0.000167271
0.000379918
-0.00017429
0.000453382
-0.000177828
0.00052531
-0.000177871
0.00059447
-0.000174724
0.000659803
-0.000168951
0.000720746
-0.000161271
0.000777141
-0.000152561
0.0008291
-0.000143894
0.000877488
-0.000136348
0.000922333
-0.000131964
0.000966354
-0.000130637
-0.000141995
0.000975282
0.000305926
0.00102604
0.000305187
0.00106097
0.000326974
0.00105862
0.000346584
0.00101217
0.00035082
0.000925048
0.000340304
0.000805752
0.000318743
0.000661765
0.000287352
0.000504928
0.000247857
0.000345844
0.000203445
0.000190168
0.000158552
4.70569e-05
0.000113812
-4.98372e-05
7.43162e-05
-8.59833e-05
4.64651e-05
-0.000105867
1.25181e-05
-0.000113871
-1.82804e-05
-0.000101867
-3.29075e-05
-9.1547e-05
-7.42567e-06
-9.89995e-05
1.87404e-05
-0.000108456
1.65e-05
-0.000114961
7.15714e-06
-0.000119599
-3.27721e-06
-0.000121678
-1.03974e-05
-0.000120585
-1.44372e-05
-0.000118966
-1.39579e-05
-0.000118707
-1.02185e-05
-0.000120407
-5.17389e-06
-0.000124237
7.31404e-08
-0.000128326
2.74633e-06
-0.000132843
4.67912e-06
-0.000137377
5.87018e-06
-0.000141964
6.43858e-06
-0.000146481
6.59577e-06
-0.000150838
6.61938e-06
-0.000155099
6.91147e-06
-0.000159428
7.59004e-06
-0.000163934
8.55103e-06
-0.000168601
9.63297e-06
-0.000173356
1.07453e-05
-0.000178116
1.18598e-05
-0.000182785
1.29634e-05
-0.000187258
1.40556e-05
-0.000191408
1.51221e-05
-0.000195033
1.60615e-05
-0.000197765
1.66584e-05
-0.000198939
1.66032e-05
-0.000197523
1.57324e-05
-0.000192543
1.4597e-05
-0.000183019
1.39398e-05
-0.00016789
1.45341e-05
-0.000145788
1.69007e-05
-0.000116017
2.1955e-05
-7.77407e-05
2.85587e-05
-3.03515e-05
3.46561e-05
2.58523e-05
3.75225e-05
8.83004e-05
3.46165e-05
0.000152473
2.40362e-05
0.000212168
6.59571e-06
0.000266703
-2.0296e-05
0.000318602
-4.95308e-05
0.000360987
-8.15122e-05
0.000402168
-0.000111005
0.000445595
-0.000136869
0.000492801
-0.000159762
0.000543263
-0.000179818
0.000595596
-0.000196622
0.000648086
-0.000209578
0.000699027
-0.000218212
0.000747018
-0.000222281
0.000791041
-0.000221851
0.00083048
-0.00021731
0.000865072
-0.000209317
0.000894856
-0.000198734
0.00092013
-0.000186545
0.00094137
-0.000173801
0.000959078
-0.000161602
0.000973853
-0.000151123
0.000985567
-0.000143678
0.000995287
-0.000140356
-0.000144845
0.000857109
0.000271374
0.000897355
0.000264941
0.000950164
0.000274165
0.00100471
0.000292042
0.00104637
0.000309153
0.00106531
0.000321372
0.00105664
0.000327411
0.00101794
0.000326054
0.000949552
0.000316241
0.00085508
0.000297917
0.000740895
0.000272737
0.000611932
0.000242776
0.000476494
0.000209754
0.000348327
0.000174632
0.000223535
0.00013731
0.000102248
0.000103007
-1.40961e-07
6.94812e-05
-5.16299e-05
4.40633e-05
-6.28791e-05
2.99896e-05
-6.47427e-05
1.83636e-05
-6.70919e-05
9.50634e-06
-7.29958e-05
2.62675e-06
-8.04559e-05
-2.93737e-06
-8.89772e-05
-5.91591e-06
-9.63238e-05
-6.61129e-06
-0.000101824
-4.71875e-06
-0.000106784
-2.13333e-07
-0.000112158
5.44652e-06
-0.000117755
8.34394e-06
-0.000122911
9.8354e-06
-0.000127293
1.02518e-05
-0.000130827
9.97269e-06
-0.000133578
9.34649e-06
-0.00013538
8.42126e-06
-0.000136557
8.08827e-06
-0.00013721
8.24383e-06
-0.000137422
8.7626e-06
-0.000136895
9.10575e-06
-0.000135464
9.31509e-06
-0.000133014
9.4092e-06
-0.000129402
9.3514e-06
-0.000124459
9.11268e-06
-0.000118034
8.69748e-06
-0.000109933
7.96044e-06
-9.98977e-05
6.62282e-06
-8.76986e-05
4.40408e-06
-7.23245e-05
3.58328e-07
-5.41219e-05
-3.60565e-06
-3.18188e-05
-8.3633e-06
-3.94369e-06
-1.3341e-05
3.07581e-05
-1.78011e-05
7.42864e-05
-2.15733e-05
0.000127419
-2.45741e-05
0.000189514
-2.74384e-05
0.000258483
-3.14463e-05
0.000331327
-3.82276e-05
0.000404673
-4.93099e-05
0.000476889
-6.562e-05
0.000543776
-8.71836e-05
0.000606015
-0.000111769
0.000662115
-0.000137613
0.000713762
-0.000162652
0.000762233
-0.00018534
0.000807415
-0.000204944
0.000848542
-0.000220944
0.000884746
-0.000232826
0.00091535
-0.000240182
0.000939984
-0.000242846
0.000958646
-0.000240942
0.00097167
-0.000234876
0.00097965
-0.00022529
0.000983335
-0.000213002
0.000983535
-0.000198934
0.000981033
-0.000184043
0.000976513
-0.000169281
0.000970482
-0.000155571
0.000963231
-0.000143871
0.000954589
-0.000135037
0.000944416
-0.000130183
-0.000130305
0.000759397
0.000238011
0.000790536
0.000233802
0.000828351
0.000236349
0.000874985
0.000245408
0.000927002
0.000257137
0.000978871
0.000269503
0.00102441
0.000281869
0.00105755
0.000292918
0.00107319
0.000300602
0.00106786
0.000303244
0.00104042
0.000300179
0.000991565
0.00029163
0.000923239
0.00027808
0.00083886
0.000259011
0.000741525
0.000234645
0.000636635
0.000207896
0.000532151
0.000173965
0.000433902
0.000142313
0.000348946
0.000114945
0.000276031
9.12788e-05
0.000213747
7.17909e-05
0.000160426
5.59471e-05
0.000114127
4.33618e-05
7.45235e-05
3.36878e-05
4.17049e-05
2.62073e-05
1.65824e-05
2.04038e-05
3.30451e-07
1.60386e-05
-7.29162e-06
1.30686e-05
-9.53429e-06
1.05866e-05
-8.32447e-06
8.62558e-06
-5.02499e-06
6.9523e-06
-4.77141e-07
5.42484e-06
4.90521e-06
3.96414e-06
1.07979e-05
2.52852e-06
1.72009e-05
1.68531e-06
2.47718e-05
6.72923e-07
3.40077e-05
-4.73261e-07
4.48673e-05
-1.75389e-06
5.76322e-05
-3.44982e-06
7.25774e-05
-5.53598e-06
8.99832e-05
-8.05441e-06
0.000110145
-1.10491e-05
0.000133395
-1.45523e-05
0.000159975
-1.86201e-05
0.000189943
-2.3345e-05
0.00022318
-2.88329e-05
0.000258643
-3.51046e-05
0.000296855
-4.18174e-05
0.000337346
-4.88542e-05
0.000379958
-5.59531e-05
0.000424923
-6.2766e-05
0.000472451
-6.91022e-05
0.000522932
-7.50549e-05
0.000576538
-8.10441e-05
0.000632932
-8.78399e-05
0.000691101
-9.63971e-05
0.000749368
-0.000107576
0.000805546
-0.000121798
0.000857213
-0.000138851
0.000903178
-0.000157734
0.000942649
-0.000177084
0.000975466
-0.000195468
0.00100171
-0.000211585
0.00102132
-0.000224552
0.00103422
-0.000233844
0.00104054
-0.000239149
0.0010407
-0.00024034
0.00103537
-0.000237521
0.00102545
-0.000231022
0.00101195
-0.000221371
0.000995889
-0.000209231
0.000978239
-0.000195352
0.000959819
-0.000180514
0.000941262
-0.000165486
0.000922989
-0.000151008
0.000905186
-0.000137768
0.000887783
-0.000126468
0.000870404
-0.000117658
0.000852409
-0.000112188
-0.000110204
0.000672433
0.000206414
0.000702275
0.000203961
0.000733372
0.000205252
0.000767839
0.00021094
0.000806614
0.000218362
0.000850036
0.000226081
0.000897301
0.000234604
0.000946031
0.000244187
0.000992641
0.000253992
0.00103305
0.000262834
0.00106349
0.000269743
0.00108117
0.000273948
0.00108444
0.000274805
0.00107207
0.000271382
0.0010437
0.000263018
0.00100103
0.000250564
0.000949034
0.000225964
0.000891658
0.000199688
0.000831903
0.000174701
0.000772159
0.000151023
0.000714625
0.000129325
0.000660587
0.000109985
0.000610848
9.31003e-05
0.000565998
7.85375e-05
0.000526242
6.59641e-05
0.00049156
5.50855e-05
0.000461928
4.56702e-05
0.000437564
3.74331e-05
0.000418124
3.00268e-05
0.000403378
2.33709e-05
0.000393001
1.733e-05
0.000386639
1.17867e-05
0.000384017
6.58612e-06
0.000385343
1.20187e-06
0.000390277
-3.24862e-06
0.00039888
-7.93024e-06
0.000411048
-1.2641e-05
0.000426663
-1.73684e-05
0.000445463
-2.22502e-05
0.000467257
-2.73296e-05
0.000491836
-3.26336e-05
0.000518978
-3.81914e-05
0.000548452
-4.40265e-05
0.000579992
-5.016e-05
0.00061326
-5.66125e-05
0.000647812
-6.3385e-05
0.000683133
-7.0426e-05
0.000718891
-7.75748e-05
0.00075469
-8.46531e-05
0.000790218
-9.14818e-05
0.000825341
-9.78888e-05
0.000860046
-0.000103807
0.000894353
-0.000109362
0.000928203
-0.000114894
0.000961296
-0.000120933
0.00099299
-0.000128091
0.0010223
-0.000136883
0.00104802
-0.000147523
0.00106897
-0.000159805
0.00108429
-0.000173051
0.00109346
-0.000186251
0.00109632
-0.000198333
0.00109308
-0.000208343
0.00108414
-0.000215609
0.00107005
-0.000219759
0.00105155
-0.000220649
0.00102952
-0.000218307
0.00100493
-0.000212927
0.000978759
-0.000204855
0.000951941
-0.000194552
0.00092527
-0.00018256
0.000899376
-0.000169457
0.000874695
-0.000155832
0.00085147
-0.000142261
0.00082976
-0.000129298
0.000809443
-0.000117451
0.00079022
-0.000107245
0.000771575
-9.90129e-05
0.000752872
-9.34851e-05
-9.02209e-05
0.000594386
0.000177665
0.00062317
0.000175177
0.000652323
0.000176099
0.000682115
0.000181149
0.000712924
0.000187552
0.000745613
0.000193392
0.000781181
0.000199036
0.000820193
0.000205175
0.000862411
0.000211774
0.000906707
0.000218538
0.000951215
0.000225234
0.000993659
0.000231504
0.00103171
0.000236754
0.00106298
0.000240113
0.0010853
0.000240697
0.00109753
0.000238336
0.00109977
0.000223725
0.00109369
0.000205768
0.00108083
0.000187562
0.00106268
0.000169173
0.00104092
0.00015108
0.00101711
0.000133796
0.000992584
0.000117628
0.00096843
0.000102691
0.000945438
8.89562e-05
0.000924187
7.63371e-05
0.000905128
6.47291e-05
0.000888583
5.39776e-05
0.00087469
4.39201e-05
0.000863586
3.44751e-05
0.000855344
2.5572e-05
0.000850003
1.71274e-05
0.00084755
9.03937e-06
0.000847388
1.36335e-06
0.000850282
-6.14216e-06
0.000855675
-1.33239e-05
0.000863419
-2.03846e-05
0.000873368
-2.73175e-05
0.000885275
-3.41573e-05
0.000898886
-4.09405e-05
0.000913938
-4.76856e-05
0.00093015
-5.44035e-05
0.000947223
-6.10993e-05
0.000964837
-6.77739e-05
0.000982645
-7.44208e-05
0.00100028
-8.10167e-05
0.00101736
-8.7506e-05
0.00103357
-9.37846e-05
0.00104864
-9.97285e-05
0.00106239
-0.000105233
0.00107474
-0.000110231
0.00108567
-0.000114738
0.00109521
-0.000118901
0.00110332
-0.000123005
0.00110983
-0.000127445
0.00111438
-0.000132641
0.00111642
-0.000138924
0.0011153
-0.000146407
0.0011104
-0.000154904
0.00110127
-0.000163921
0.00108777
-0.000172744
0.00107004
-0.000180607
0.00104853
-0.000186834
0.00102386
-0.000190937
0.000996745
-0.000192644
0.000967955
-0.00019186
0.000938273
-0.000188625
0.000908442
-0.000183096
0.000879119
-0.000175532
0.000850835
-0.000166268
0.000823977
-0.000155702
0.000798782
-0.000144263
0.000775351
-0.000132401
0.000753659
-0.00012057
0.000733575
-0.000109214
0.000714861
-9.87363e-05
0.000697184
-8.95679e-05
0.00068004
-8.18699e-05
0.000662964
-7.64083e-05
-7.20196e-05
0.000525111
0.000151816
0.000551936
0.000148352
0.000579146
0.000148889
0.000606467
0.000153827
0.000634006
0.000160013
0.000661953
0.000165445
0.000690628
0.000170361
0.000720605
0.000175198
0.000752535
0.000179845
0.000786873
0.000184199
0.000823722
0.000188386
0.00086273
0.000192496
0.00090308
0.000196403
0.000943486
0.000199707
0.000982309
0.000201875
0.00101803
0.000202617
0.00104832
0.000193431
0.00107278
0.000181312
0.00109162
0.000168722
0.00110524
0.000155554
0.00111427
0.000142044
0.00111951
0.000128559
0.00112176
0.000115379
0.00112179
0.000102658
0.00112029
9.04599e-05
0.00111783
7.87902e-05
0.00111493
6.76314e-05
0.00111197
5.69393e-05
0.00110923
4.66567e-05
0.00110696
3.67515e-05
0.00110532
2.72088e-05
0.00110444
1.80075e-05
0.00110434
9.139e-06
0.00110495
7.53947e-07
0.00110638
-7.5694e-06
0.00110844
-1.53854e-05
0.00111102
-2.29668e-05
0.00111402
-3.03213e-05
0.00111732
-3.74514e-05
0.00112075
-4.43733e-05
0.00112416
-5.10967e-05
0.00112738
-5.76231e-05
0.00113023
-6.39501e-05
0.00113253
-7.0072e-05
0.00113409
-7.59784e-05
0.00113472
-8.16475e-05
0.00113425
-8.70397e-05
0.00113256
-9.20931e-05
0.00112957
-9.67393e-05
0.00112527
-0.00010093
0.00111969
-0.000104657
0.00111293
-0.000107976
0.00110506
-0.000111032
0.00109612
-0.000114061
0.00108603
-0.000117359
0.00107462
-0.000121227
0.00106158
-0.000125887
0.00104658
-0.000131404
0.00102931
-0.000137634
0.00100961
-0.000144223
0.000987529
-0.000150662
0.000963313
-0.00015639
0.000937379
-0.0001609
0.000910245
-0.000163803
0.000882456
-0.000164855
0.000854541
-0.000163944
0.000826981
-0.000161065
0.000800187
-0.000156302
0.000774475
-0.00014982
0.000750064
-0.000141857
0.000727077
-0.000132715
0.000705553
-0.000122738
0.000685459
-0.000112307
0.000666705
-0.000101816
0.000649152
-9.1661e-05
0.000632602
-8.21863e-05
0.0006168
-7.37653e-05
0.00060135
-6.64204e-05
0.000585927
-6.0985e-05
-5.55463e-05
0.00046394
0.000128551
0.000488639
0.000123652
0.00051348
0.000124049
0.000538159
0.000129148
0.000563122
0.00013505
0.000588445
0.000140122
0.00061397
0.000144837
0.000639764
0.000149404
0.000666083
0.000153526
0.000693245
0.000157037
0.00072161
0.00016002
0.00075152
0.000162587
0.00078317
0.000164753
0.000816474
0.000166403
0.000850999
0.00016735
0.000886112
0.000167504
0.000919682
0.000159861
0.000950826
0.000150169
0.00097917
0.000140377
0.00100445
0.000130273
0.00102659
0.000119902
0.0010457
0.000109453
0.00106199
9.90886e-05
0.00107574
8.89027e-05
0.00108727
7.89371e-05
0.00109685
6.92043e-05
0.00110478
5.97048e-05
0.00111129
5.04288e-05
0.00111659
4.13602e-05
0.00112084
3.24968e-05
0.0011242
2.3853e-05
0.00112676
1.54459e-05
0.0011286
7.29708e-06
0.0011298
-4.40048e-07
0.00113029
-8.06362e-06
0.00113015
-1.52429e-05
0.00112934
-2.21605e-05
0.00112785
-2.88322e-05
0.00112566
-3.52555e-05
0.00112272
-4.14341e-05
0.00111899
-4.73719e-05
0.00111444
-5.30687e-05
0.00110901
-5.85217e-05
0.00110266
-6.37263e-05
0.00109536
-6.8675e-05
0.00108707
-7.33538e-05
0.00107777
-7.7739e-05
0.00106747
-8.17971e-05
0.00105622
-8.54941e-05
0.00104411
-8.88138e-05
0.00103123
-9.17737e-05
0.00101769
-9.44403e-05
0.0010036
-9.69414e-05
0.000989002
-9.94642e-05
0.000973876
-0.000102233
0.000958115
-0.000105467
0.000941551
-0.000109323
0.00092399
-0.000113843
0.000905271
-0.000118916
0.000885326
-0.000124278
0.000864208
-0.000129543
0.000842096
-0.000134278
0.000819263
-0.000138068
0.000796031
-0.000140572
0.000772727
-0.000141551
0.000749649
-0.000140866
0.000727049
-0.000138465
0.000705126
-0.000134379
0.000684021
-0.000128715
0.000663822
-0.000121658
0.000644567
-0.00011346
0.00062626
-0.000104431
0.000608876
-9.49239e-05
0.000592369
-8.53093e-05
0.000576667
-7.59594e-05
0.000561666
-6.71843e-05
0.000547203
-5.93029e-05
0.000533015
-5.2232e-05
0.000518818
-4.67879e-05
-4.04925e-05
0.000410014
0.000107501
0.000432754
0.000100912
0.000455183
0.00010162
0.000477152
0.000107179
0.000499455
0.000112747
0.000522203
0.000117374
0.000545203
0.000121836
0.00056844
0.000126167
0.00059194
0.000130026
0.000615686
0.00013329
0.000639722
0.000135985
0.000664189
0.000138119
0.000689281
0.000139662
0.000715152
0.000140532
0.000741864
0.000140638
0.000769388
0.00013998
0.000796434
0.000132814
0.000822522
0.000124081
0.000847429
0.000115471
0.000870887
0.000106815
0.000892681
9.81079e-05
0.000912686
8.94479e-05
0.000930852
8.09228e-05
0.000947182
7.25728e-05
0.000961715
6.44045e-05
0.00097451
5.64094e-05
0.000985639
4.8576e-05
0.000995176
4.08913e-05
0.00100319
3.33436e-05
0.00100976
2.59336e-05
0.00101493
1.86776e-05
0.00101878
1.15993e-05
0.00102135
4.72903e-06
0.00102277
-1.867e-06
0.001023
-8.29462e-06
0.00102219
-1.44317e-05
0.00102036
-2.03235e-05
0.00101752
-2.59967e-05
0.00101372
-3.14529e-05
0.00100897
-3.66909e-05
0.00100331
-4.17121e-05
0.000996763
-4.65169e-05
0.000989345
-5.11036e-05
0.000981087
-5.5469e-05
0.00097202
-5.96078e-05
0.000962177
-6.35105e-05
0.0009516
-6.7162e-05
0.000940345
-7.05429e-05
0.000928487
-7.36359e-05
0.000916112
-7.64384e-05
0.000903313
-7.89753e-05
0.000890182
-8.13089e-05
0.000876787
-8.35462e-05
0.000863158
-8.58357e-05
0.000849275
-8.835e-05
0.000835063
-9.12543e-05
0.000820405
-9.46646e-05
0.000805171
-9.86084e-05
0.000789251
-0.000102996
0.00077259
-0.000107617
0.000755209
-0.000112163
0.000737207
-0.000116276
0.000718739
-0.000119599
0.000699988
-0.000121821
0.000681141
-0.000122705
0.000662367
-0.000122091
0.000643805
-0.000119903
0.000625567
-0.000116141
0.000607736
-0.000110884
0.000590373
-0.000104295
0.000573522
-9.66089e-05
0.000557217
-8.81262e-05
0.000541485
-7.9192e-05
0.000526345
-7.01694e-05
0.000511799
-6.14137e-05
0.000497824
-5.32092e-05
0.000484333
-4.58116e-05
0.000471172
-3.90709e-05
0.000458024
-3.36403e-05
-2.68056e-05
0.000362528
8.82933e-05
0.000383496
7.99438e-05
0.000403597
8.15192e-05
0.000423064
8.77118e-05
0.00044288
9.29311e-05
0.000463078
9.71768e-05
0.000483524
0.00010139
0.000504297
0.000105394
0.00052542
0.000108903
0.000546805
0.000111905
0.000568367
0.000114423
0.000590058
0.000116428
0.000611865
0.000117854
0.000633785
0.000118612
0.000655815
0.000118608
0.000677971
0.000117824
0.000699348
0.000111438
0.00071975
0.000103679
0.000739189
9.6032e-05
0.000757602
8.84023e-05
0.00077491
8.08003e-05
0.000791051
7.33071e-05
0.000805982
6.59915e-05
0.000819675
5.88801e-05
0.00083211
5.19688e-05
0.000843279
4.52406e-05
0.000853179
3.86764e-05
0.000861812
3.22578e-05
0.000869186
2.59692e-05
0.000875314
1.98061e-05
0.000880214
1.37777e-05
0.000883913
7.9001e-06
0.000886456
2.18627e-06
0.000887914
-3.32535e-06
0.000888308
-8.6887e-06
0.000887727
-1.38501e-05
0.00088621
-1.88064e-05
0.000883791
-2.35785e-05
0.000880511
-2.81725e-05
0.000876407
-3.2587e-05
0.000871517
-3.6822e-05
0.000865878
-4.08778e-05
0.000859527
-4.47526e-05
0.000852501
-4.84433e-05
0.000844838
-5.19447e-05
0.000836576
-5.52489e-05
0.000827759
-5.83444e-05
0.000818434
-6.12181e-05
0.000808659
-6.38604e-05
0.000798495
-6.62745e-05
0.000788005
-6.8486e-05
0.000777247
-7.05511e-05
0.000766261
-7.25599e-05
0.000755059
-7.4634e-05
0.000743621
-7.69114e-05
0.000731889
-7.95222e-05
0.00071978
-8.2556e-05
0.000707202
-8.60304e-05
0.000694075
-8.98685e-05
0.000680351
-9.38934e-05
0.000666032
-9.78442e-05
0.000651166
-0.00010141
0.000635838
-0.000104271
0.000620154
-0.000106137
0.000604223
-0.000106774
0.000588148
-0.000106016
0.000572021
-0.000103776
0.000555924
-0.000100044
0.000539937
-9.48969e-05
0.000524137
-8.84949e-05
0.000508604
-8.10766e-05
0.000493423
-7.29448e-05
0.000478675
-6.4444e-05
0.000464436
-5.59302e-05
0.000450761
-4.77388e-05
0.000437681
-4.01287e-05
0.00042515
-3.3281e-05
0.0004131
-2.70213e-05
0.00040114
-2.16794e-05
-1.46828e-05
0.000320758
7.05686e-05
0.000340087
6.06147e-05
0.000357962
6.3644e-05
0.000375206
7.04679e-05
0.000392819
7.53176e-05
0.00041069
7.93065e-05
0.000428757
8.33231e-05
0.000447162
8.69891e-05
0.000465939
9.01263e-05
0.000485023
9.28205e-05
0.000504347
9.50997e-05
0.000523846
9.69281e-05
0.000543446
9.82545e-05
0.000563056
9.90021e-05
0.000582581
9.90828e-05
0.000601945
9.846e-05
0.000620301
9.30822e-05
0.000637492
8.6487e-05
0.000653584
7.99402e-05
0.000668602
7.33845e-05
0.000682559
6.6843e-05
0.000695473
6.03932e-05
0.000707362
5.41022e-05
0.000718244
4.79989e-05
0.000728129
4.20831e-05
0.000737029
3.63413e-05
0.000744949
3.07563e-05
0.000751895
2.53111e-05
0.000757874
1.99903e-05
0.000762893
1.47875e-05
0.000766963
9.70801e-06
0.000770099
4.76319e-06
0.000772339
-5.34299e-08
0.000773714
-4.70053e-06
0.000774248
-9.22271e-06
0.000773983
-1.35846e-05
0.000772954
-1.77772e-05
0.000771189
-2.18134e-05
0.000768716
-2.57004e-05
0.000765567
-2.9438e-05
0.000761771
-3.30253e-05
0.000757355
-3.64616e-05
0.000752347
-3.97452e-05
0.000746776
-4.28725e-05
0.00074067
-4.58384e-05
0.000734057
-4.86356e-05
0.000726967
-5.12548e-05
0.000719436
-5.36868e-05
0.000711501
-5.59261e-05
0.000703206
-5.79789e-05
0.00069459
-5.98705e-05
0.000685691
-6.16515e-05
0.000676531
-6.34002e-05
0.000667116
-6.52189e-05
0.000657427
-6.72223e-05
0.000647421
-6.95162e-05
0.000637036
-7.21715e-05
0.000626204
-7.51977e-05
0.000614859
-7.85236e-05
0.000602957
-8.1992e-05
0.000590484
-8.53705e-05
0.000577453
-8.83788e-05
0.000563905
-9.07231e-05
0.000549898
-9.21308e-05
0.000535503
-9.23781e-05
0.000520793
-9.13071e-05
0.000505855
-8.88372e-05
0.000490782
-8.49708e-05
0.000475682
-7.97968e-05
0.000460675
-7.34883e-05
0.000445892
-6.62934e-05
0.000431464
-5.85173e-05
0.000417518
-5.04972e-05
0.00040416
-4.25722e-05
0.000391467
-3.50464e-05
0.000379489
-2.81505e-05
0.00036819
-2.19818e-05
0.000357557
-1.63887e-05
0.000347118
-1.124e-05
-4.44902e-06
0.000284047
5.3995e-05
0.000301804
4.28575e-05
0.000317587
4.78611e-05
0.000332893
5.51619e-05
0.000348559
5.96515e-05
0.000364356
6.35097e-05
0.00038032
6.73584e-05
0.000396611
7.06988e-05
0.000413236
7.35008e-05
0.000430146
7.59107e-05
0.000447302
7.79438e-05
0.000464664
7.95663e-05
0.000482171
8.07472e-05
0.000499741
8.14325e-05
0.000517271
8.1552e-05
0.000534662
8.10697e-05
0.000551105
7.66392e-05
0.000566422
7.11702e-05
0.000580652
6.57097e-05
0.000593821
6.02156e-05
0.000605953
5.47111e-05
0.00061708
4.92656e-05
0.000627241
4.39414e-05
0.000636472
3.87682e-05
0.000644805
3.37496e-05
0.00065227
2.88766e-05
0.00065889
2.41368e-05
0.000664684
1.9517e-05
0.00066967
1.50036e-05
0.000673866
1.05921e-05
0.000677286
6.28775e-06
0.000679952
2.09721e-06
0.000681878
-1.97941e-06
0.000683096
-5.91873e-06
0.000683616
-9.74231e-06
0.000683466
-1.34343e-05
0.000682673
-1.69849e-05
0.000681261
-2.04013e-05
0.000679251
-2.36903e-05
0.000676665
-2.68524e-05
0.000673526
-2.98862e-05
0.000669855
-3.27906e-05
0.000665673
-3.55631e-05
0.000661001
-3.82002e-05
0.000655859
-4.06965e-05
0.000650269
-4.30452e-05
0.000644252
-4.5238e-05
0.000637833
-4.72676e-05
0.000631037
-4.91306e-05
0.000623893
-5.08343e-05
0.000616425
-5.24026e-05
0.000608654
-5.38808e-05
0.000600592
-5.53377e-05
0.000592234
-5.68615e-05
0.000583561
-5.85493e-05
0.000574534
-6.0489e-05
0.000565099
-6.27367e-05
0.000555196
-6.52942e-05
0.000544764
-6.8092e-05
0.000533757
-7.09845e-05
0.000522145
-7.37591e-05
0.000509926
-7.61592e-05
0.000497119
-7.79159e-05
0.000483768
-7.87801e-05
0.00046994
-7.85504e-05
0.000455725
-7.70917e-05
0.000441234
-7.43467e-05
0.000426605
-7.03412e-05
0.000411992
-6.51837e-05
0.000397563
-5.90599e-05
0.00038349
-5.222e-05
0.000369931
-4.4959e-05
0.000357026
-3.75916e-05
0.000344879
-3.04249e-05
0.000333553
-2.37209e-05
0.000323083
-1.76799e-05
0.000313415
-1.2314e-05
0.000304573
-7.54663e-06
0.000296026
-2.69329e-06
3.61211e-06
0.000251798
3.82832e-05
0.000267991
2.66645e-05
0.000281861
3.39914e-05
0.000295501
4.15218e-05
0.000309433
4.57198e-05
0.00032339
4.95522e-05
0.000337519
5.32297e-05
0.00035196
5.62579e-05
0.000366692
5.87689e-05
0.00038167
6.09326e-05
0.000396868
6.27456e-05
0.000412256
6.41785e-05
0.000427787
6.52162e-05
0.000443398
6.5821e-05
0.000459011
6.59389e-05
0.00047454
6.55413e-05
0.000489254
6.19245e-05
0.00050298
5.74449e-05
0.000515738
5.29514e-05
0.000527542
4.84112e-05
0.000538408
4.38456e-05
0.000548358
3.9315e-05
0.000557425
3.48752e-05
0.000565639
3.05538e-05
0.000573033
2.63554e-05
0.000579636
2.22734e-05
0.000585475
1.82986e-05
0.000590571
1.44206e-05
0.000594947
1.06272e-05
0.000598623
6.9163e-06
0.000601617
3.29442e-06
0.000603947
-2.32916e-07
0.00060563
-3.66312e-06
0.000606693
-6.98175e-06
0.000607149
-1.01976e-05
0.000607019
-1.33041e-05
0.000606326
-1.62927e-05
0.000605092
-1.91665e-05
0.000603332
-2.19309e-05
0.000601067
-2.45866e-05
0.000598312
-2.71314e-05
0.000595084
-2.95629e-05
0.000591399
-3.18779e-05
0.00058727
-3.40717e-05
0.000582712
-3.61382e-05
0.000577737
-3.807e-05
0.000572358
-3.98589e-05
0.000566588
-4.14978e-05
0.000560442
-4.29844e-05
0.000553933
-4.43256e-05
0.000547074
-4.55438e-05
0.000539874
-4.66801e-05
0.000532332
-4.77959e-05
0.000524439
-4.89688e-05
0.000516172
-5.02827e-05
0.000507495
-5.18117e-05
0.000498359
-5.36004e-05
0.000488709
-5.56441e-05
0.000478491
-5.78745e-05
0.000467663
-6.01561e-05
0.000456199
-6.2295e-05
0.0004441
-6.40602e-05
0.000431396
-6.52124e-05
0.000418151
-6.55349e-05
0.000404459
-6.48588e-05
0.000390449
-6.30809e-05
0.000376275
-6.01729e-05
0.000362117
-5.61833e-05
0.000348167
-5.12341e-05
0.000334619
-4.55118e-05
0.000321653
-3.92532e-05
0.00030942
-3.27269e-05
0.000298039
-2.62102e-05
0.000287582
-1.99676e-05
0.000278074
-1.42127e-05
0.000269514
-9.12026e-06
0.000261819
-4.61937e-06
0.000255039
-7.66205e-07
0.000248635
3.71032e-06
9.39369e-06
0.000223468
2.31975e-05
0.000238065
1.2068e-05
0.000250245
2.18105e-05
0.00026246
2.93075e-05
0.000274839
3.33406e-05
0.000287177
3.72144e-05
0.000299706
4.07001e-05
0.00031253
4.34339e-05
0.000325606
4.56933e-05
0.000338896
4.76424e-05
0.00035238
4.92613e-05
0.000366029
5.05294e-05
0.000379802
5.14436e-05
0.000393646
5.1977e-05
0.000407498
5.20872e-05
0.000421286
5.17526e-05
0.000434366
4.88446e-05
0.00044658
4.52312e-05
0.000457947
4.15848e-05
0.000468477
3.78809e-05
0.000478182
3.41402e-05
0.00048708
3.04173e-05
0.000495193
2.67623e-05
0.000502546
2.32009e-05
0.000509164
1.97376e-05
0.00051507
1.63667e-05
0.000520288
1.30814e-05
0.000524835
9.87323e-06
0.000528733
6.72936e-06
0.000531998
3.65083e-06
0.000534649
6.43664e-07
0.000536705
-2.28846e-06
0.000538182
-5.14042e-06
0.000539101
-7.901e-06
0.000539476
-1.05725e-05
0.000539323
-1.31511e-05
0.00053866
-1.56294e-05
0.000537501
-1.80074e-05
0.000535858
-2.02885e-05
0.000533744
-2.24723e-05
0.000531168
-2.45556e-05
0.00052814
-2.65346e-05
0.000524666
-2.84045e-05
0.000520754
-3.01597e-05
0.000516409
-3.17932e-05
0.000511636
-3.32973e-05
0.000506442
-3.46642e-05
0.000500832
-3.58878e-05
0.000494814
-3.69667e-05
0.000488397
-3.7909e-05
0.00048159
-3.87364e-05
0.000474398
-3.94877e-05
0.000466821
-4.02191e-05
0.000458852
-4.10002e-05
0.000450474
-4.19045e-05
0.000441658
-4.2995e-05
0.000432364
-4.43072e-05
0.000422552
-4.58317e-05
0.000412181
-4.75035e-05
0.000401224
-4.9199e-05
0.000389674
-5.07454e-05
0.000377555
-5.19408e-05
0.000364923
-5.25803e-05
0.000351871
-5.24836e-05
0.00033853
-5.15171e-05
0.000325057
-4.96088e-05
0.000311638
-4.67539e-05
0.00029847
-4.30145e-05
0.000285749
-3.85133e-05
0.000273661
-3.34234e-05
0.000262362
-2.79549e-05
0.000251974
-2.23386e-05
0.000242571
-1.68069e-05
0.000234182
-1.15793e-05
0.000226791
-6.821e-06
0.000220361
-2.69124e-06
0.000214781
9.61464e-07
0.000210111
3.90357e-06
0.00020589
7.93148e-06
1.29784e-05
0.00019856
8.56662e-06
0.000211521
-8.92927e-07
0.000222268
1.1064e-05
0.00023325
1.8325e-05
0.000244236
2.23547e-05
0.000255157
2.62934e-05
0.000266293
2.95644e-05
0.000277696
3.20306e-05
0.000289315
3.40749e-05
0.000301121
3.58362e-05
0.000313097
3.7285e-05
0.000325215
3.84111e-05
0.000337438
3.92212e-05
0.000349718
3.96968e-05
0.000362001
3.98044e-05
0.000374225
3.95287e-05
0.000385817
3.72525e-05
0.000396638
3.44103e-05
0.000406705
3.15171e-05
0.000416031
2.85551e-05
0.000424626
2.55456e-05
0.000432504
2.25394e-05
0.000439683
1.95832e-05
0.000446183
1.67008e-05
0.000452024
1.38968e-05
0.000457224
1.11665e-05
0.0004618
8.50508e-06
0.000465768
5.90553e-06
0.000469143
3.35406e-06
0.000471942
8.5203e-07
0.00047418
-1.59454e-06
0.000475871
-3.97893e-06
0.000477024
-6.29395e-06
0.000477653
-8.52983e-06
0.000477766
-1.06856e-05
0.000477373
-1.2758e-05
0.000476483
-1.47398e-05
0.000475105
-1.66294e-05
0.000473245
-1.84283e-05
0.000470908
-2.01356e-05
0.0004681
-2.17474e-05
0.000464825
-2.32594e-05
0.000461087
-2.46666e-05
0.000456891
-2.59637e-05
0.000452242
-2.71443e-05
0.000447147
-2.82022e-05
0.000441614
-2.91313e-05
0.000435655
-2.9928e-05
0.000429281
-3.05936e-05
0.00042251
-3.11376e-05
0.000415356
-3.15824e-05
0.000407833
-3.1965e-05
0.000399951
-3.23366e-05
0.00039171
-3.27592e-05
0.000383102
-3.32964e-05
0.000374108
-3.40012e-05
0.000364702
-3.49009e-05
0.000354853
-3.59836e-05
0.000344539
-3.71889e-05
0.000333747
-3.84073e-05
0.000322491
-3.94894e-05
0.000310814
-4.02638e-05
0.000298794
-4.05603e-05
0.000286544
-4.02334e-05
0.000274208
-3.91809e-05
0.000261954
-3.73551e-05
0.000249966
-3.47661e-05
0.000238431
-3.14789e-05
0.000227524
-2.76065e-05
0.000217401
-2.33e-05
0.000208182
-1.87363e-05
0.000199949
-1.41052e-05
0.000192736
-9.59384e-06
0.000186536
-5.37931e-06
0.000181298
-1.58306e-06
0.000176963
1.64299e-06
0.000173404
4.52142e-06
0.00017068
6.62756e-06
0.000168458
1.01528e-05
1.4612e-05
0.000176567
-5.65381e-06
0.000187955
-1.2281e-05
0.000197511
1.50734e-06
0.000207403
8.4332e-06
0.000217122
1.26356e-05
0.000226777
1.66384e-05
0.000236646
1.96957e-05
0.000246735
2.1941e-05
0.000256996
2.38147e-05
0.00026741
2.54222e-05
0.000277964
2.67308e-05
0.000288633
2.77418e-05
0.000299384
2.84701e-05
0.000310177
2.89047e-05
0.00032096
2.90209e-05
0.000331679
2.88101e-05
0.000341828
2.71036e-05
0.000351282
2.49555e-05
0.000360058
2.27418e-05
0.000368163
2.045e-05
0.000375606
1.81023e-05
0.000382399
1.57469e-05
0.000388554
1.34277e-05
0.000394088
1.11673e-05
0.000399014
8.97003e-06
0.000403349
6.83226e-06
0.000407103
4.75118e-06
0.000410286
2.72173e-06
0.000412916
7.24738e-07
0.000415001
-1.23354e-06
0.000416547
-3.14063e-06
0.000417559
-4.99083e-06
0.000418043
-6.77787e-06
0.000418007
-8.49341e-06
0.000417456
-1.01353e-05
0.000416399
-1.17006e-05
0.000414843
-1.31832e-05
0.000412794
-1.45812e-05
0.000410262
-1.58955e-05
0.000407252
-1.71259e-05
0.000403774
-1.82691e-05
0.000399836
-1.93217e-05
0.000395449
-2.02799e-05
0.000390625
-2.11399e-05
0.000385378
-2.18975e-05
0.000379725
-2.25486e-05
0.000373684
-2.309e-05
0.000367276
-2.35206e-05
0.000360526
-2.38439e-05
0.00035346
-2.4071e-05
0.000346101
-2.42234e-05
0.000338471
-2.43347e-05
0.000330584
-2.44502e-05
0.000322448
-2.46227e-05
0.000314057
-2.49055e-05
0.000305397
-2.53411e-05
0.000296446
-2.59498e-05
0.00028718
-2.67179e-05
0.000277582
-2.75913e-05
0.000267651
-2.84758e-05
0.000257407
-2.92454e-05
0.000246901
-2.97583e-05
0.000236217
-2.98763e-05
0.000225469
-2.94847e-05
0.000214794
-2.85067e-05
0.000204352
-2.69124e-05
0.000194305
-2.47198e-05
0.000184818
-2.1991e-05
0.000176036
-1.88247e-05
0.000168082
-1.53468e-05
0.000161046
-1.17003e-05
0.000154976
-8.03521e-06
0.000149879
-4.49664e-06
0.000145724
-1.22436e-06
0.000142442
1.69933e-06
0.000139962
4.12249e-06
0.000138154
6.32965e-06
0.000137064
7.718e-06
0.000136508
1.07086e-05
1.46553e-05
0.000157032
-1.93904e-05
0.000167042
-2.22914e-05
0.00017562
-7.07066e-06
0.00018441
-3.56018e-07
0.000192821
4.22365e-06
0.000201129
8.33093e-06
0.000209584
1.12402e-05
0.000218177
1.33486e-05
0.000226879
1.51121e-05
0.000235695
1.66066e-05
0.00024462
1.78056e-05
0.000253637
1.87245e-05
0.000262719
1.93882e-05
0.000271829
1.9795e-05
0.00028092
1.99303e-05
0.000289937
1.9793e-05
0.000298448
1.8592e-05
0.000306344
1.706e-05
0.00031363
1.54555e-05
0.00032031
1.37699e-05
0.000326387
1.20257e-05
0.000331865
1.02683e-05
0.000336755
8.53809e-06
0.000341067
6.85575e-06
0.000344811
5.22511e-06
0.000348001
3.64274e-06
0.000350644
2.10793e-06
0.000352749
6.17031e-07
0.000354328
-8.5405e-07
0.000355379
-2.28435e-06
0.000355907
-3.66899e-06
0.000355921
-5.00474e-06
0.000355429
-6.28574e-06
0.000354441
-7.50554e-06
0.000352968
-8.66211e-06
0.00035102
-9.75333e-06
0.000348612
-1.07748e-05
0.000345756
-1.1725e-05
0.000342466
-1.26055e-05
0.000338756
-1.34166e-05
0.000334644
-1.41566e-05
0.000330145
-1.48231e-05
0.000325279
-1.5414e-05
0.000320066
-1.5927e-05
0.000314529
-1.63598e-05
0.00030869
-1.67103e-05
0.000302578
-1.69772e-05
0.000296218
-1.7161e-05
0.00028964
-1.72663e-05
0.000282873
-1.73037e-05
0.000275942
-1.72921e-05
0.000268867
-1.72602e-05
0.000261663
-1.72455e-05
0.000254331
-1.72909e-05
0.000246864
-1.74388e-05
0.000239245
-1.7722e-05
0.000231449
-1.81541e-05
0.000223452
-1.8721e-05
0.000215237
-1.93757e-05
0.000206801
-2.00396e-05
0.000198164
-2.06092e-05
0.000189376
-2.09701e-05
0.000180513
-2.1013e-05
0.000171678
-2.06501e-05
0.000162998
-1.98261e-05
0.00015461
-1.85251e-05
0.00014666
-1.67697e-05
0.000139286
-1.46166e-05
0.00013261
-1.21486e-05
0.000126729
-9.46644e-06
0.000121709
-6.68012e-06
0.000117577
-3.90269e-06
0.000114321
-1.24123e-06
0.000111901
1.19614e-06
0.000110238
3.3621e-06
0.000109257
5.1034e-06
0.000108839
6.74782e-06
0.000108996
7.5608e-06
0.000109709
9.9955e-06
1.35125e-05
0.000139698
-3.26077e-05
0.000148437
-3.10306e-05
0.000155932
-1.45659e-05
0.000163127
-7.55111e-06
0.000169631
-2.28071e-06
0.000175929
2.03355e-06
0.000182294
4.87468e-06
0.000188751
6.89167e-06
0.000195317
8.54615e-06
0.000202017
9.90681e-06
0.000208853
1.09692e-05
0.000215809
1.17692e-05
0.000222852
1.23445e-05
0.000229943
1.27043e-05
0.000237029
1.28448e-05
0.00024405
1.27717e-05
0.000250656
1.19861e-05
0.000256748
1.09677e-05
0.000262322
9.88168e-06
0.00026737
8.72169e-06
0.000271887
7.50867e-06
0.000275873
6.28259e-06
0.000279332
5.07851e-06
0.000282275
3.91363e-06
0.000284709
2.79034e-06
0.000286647
1.70491e-06
0.000288096
6.58842e-07
0.000289066
-3.5229e-07
0.000289562
-1.35001e-06
0.00028959
-2.3125e-06
0.000289162
-3.24166e-06
0.000288291
-4.13308e-06
0.000286987
-4.98241e-06
0.000285267
-5.78494e-06
0.000283144
-6.5391e-06
0.000280634
-7.2437e-06
0.000277755
-7.89574e-06
0.000274525
-8.49442e-06
0.000270961
-9.04148e-06
0.000267082
-9.53791e-06
0.000262908
-9.98281e-06
0.00025846
-1.03748e-05
0.000253759
-1.07126e-05
0.000248827
-1.09951e-05
0.000243688
-1.12211e-05
0.000238367
-1.13895e-05
0.00023289
-1.14998e-05
0.000227282
-1.15532e-05
0.000221569
-1.1554e-05
0.000215777
-1.15109e-05
0.000209924
-1.14396e-05
0.000204027
-1.13626e-05
0.000198091
-1.13093e-05
0.000192112
-1.13128e-05
0.000186078
-1.14049e-05
0.000179966
-1.16096e-05
0.000173747
-1.19352e-05
0.000167394
-1.2368e-05
0.000160887
-1.28685e-05
0.000154221
-1.3373e-05
0.000147411
-1.37996e-05
0.0001405
-1.40594e-05
0.000133557
-1.40698e-05
0.000126674
-1.37673e-05
0.000119964
-1.3116e-05
0.000113551
-1.21117e-05
0.00010756
-1.07794e-05
0.000102112
-9.1684e-06
9.7308e-05
-7.34437e-06
9.32243e-05
-5.38272e-06
8.99067e-05
-3.36253e-06
8.73675e-05
-1.36348e-06
8.55869e-05
5.39375e-07
8.45158e-05
2.26724e-06
8.40792e-05
3.79865e-06
8.41984e-05
4.98421e-06
8.47788e-05
6.16739e-06
8.57824e-05
6.55726e-06
8.73529e-05
8.42496e-06
1.15803e-05
0.000124195
-4.51641e-05
0.000131113
-3.79493e-05
0.000136333
-1.97851e-05
0.000140505
-1.17237e-05
0.000143877
-5.65199e-06
0.000147202
-1.29208e-06
0.000150762
1.31452e-06
0.000154587
3.06665e-06
0.000158689
4.44484e-06
0.000163063
5.53289e-06
0.000167678
6.35334e-06
0.000172491
6.9571e-06
0.000177448
7.38741e-06
0.000182493
7.65848e-06
0.000187566
7.77203e-06
0.000192601
7.73683e-06
0.000197328
7.2589e-06
0.000201664
6.63171e-06
0.000205594
5.95203e-06
0.000209102
5.21389e-06
0.000212176
4.4342e-06
0.000214813
3.64521e-06
0.000217018
2.8744e-06
0.000218797
2.13438e-06
0.000220162
1.42563e-06
0.000221123
7.43715e-07
0.00022169
9.14487e-08
0.000221875
-5.37302e-07
0.000221684
-1.15937e-06
0.00022113
-1.75809e-06
0.000220223
-2.33463e-06
0.000218976
-2.88556e-06
0.000217401
-3.40783e-06
0.000215514
-3.89811e-06
0.00021333
-4.3554e-06
0.000210866
-4.77916e-06
0.000208138
-5.16746e-06
0.000205163
-5.5199e-06
0.00020196
-5.83819e-06
0.000198545
-6.12342e-06
0.000194938
-6.37515e-06
0.000191155
-6.5925e-06
0.000187218
-6.77476e-06
0.000183144
-6.9213e-06
0.000178954
-7.03139e-06
0.000174669
-7.10438e-06
0.000170309
-7.14017e-06
0.000165896
-7.13984e-06
0.000161449
-7.10668e-06
0.000156985
-7.04754e-06
0.00015252
-6.974e-06
0.00014806
-6.90292e-06
0.000143606
-6.85577e-06
0.00013915
-6.85646e-06
0.000134673
-6.92755e-06
0.000130148
-7.08515e-06
0.000125546
-7.33333e-06
0.000120838
-7.65945e-06
0.000116001
-8.0319e-06
0.00011103
-8.40144e-06
0.000105937
-8.7067e-06
0.00010076
-8.88304e-06
9.55633e-05
-8.87284e-06
9.04309e-05
-8.63483e-06
8.54646e-05
-8.14978e-06
8.07747e-05
-7.42173e-06
7.64702e-05
-6.47491e-06
7.26501e-05
-5.34829e-06
6.93951e-05
-4.08938e-06
6.67618e-05
-2.74948e-06
6.47796e-05
-1.38028e-06
6.34502e-05
-3.4081e-08
6.27481e-05
1.24141e-06
6.26243e-05
2.39108e-06
6.30131e-05
3.40987e-06
6.38338e-05
4.16351e-06
6.50279e-05
4.97325e-06
6.64933e-05
5.09186e-06
6.85197e-05
6.39859e-06
9.21646e-06
0.000109445
-5.60713e-05
0.000112551
-4.10557e-05
0.000113317
-2.05505e-05
0.000113019
-1.14254e-05
0.00011271
-5.34338e-06
0.000113144
-1.72611e-06
0.000114319
1.39719e-07
0.000116067
1.31855e-06
0.000118278
2.23334e-06
0.000120869
2.94241e-06
0.000123758
3.46422e-06
0.000126873
3.84191e-06
0.000130151
4.10996e-06
0.00013353
4.27916e-06
0.000136951
4.3512e-06
0.000140354
4.33373e-06
0.000143546
4.06685e-06
0.000146463
3.7149e-06
0.000149087
3.32814e-06
0.0001514
2.90093e-06
0.000153388
2.44539e-06
0.000155049
1.98496e-06
0.000156384
1.5389e-06
0.000157404
1.11494e-06
0.000158117
7.12063e-07
0.000158535
3.2602e-07
0.000158669
-4.29656e-08
0.000158528
-3.96356e-07
0.000158119
-7.50517e-07
0.000157452
-1.09044e-06
0.000156534
-1.41728e-06
0.000155378
-1.72877e-06
0.000153993
-2.02292e-06
0.000152392
-2.29751e-06
0.000150589
-2.55202e-06
0.000148596
-2.78634e-06
0.000146428
-2.99922e-06
0.000144098
-3.19055e-06
0.000141622
-3.36172e-06
0.000139012
-3.51368e-06
0.000136283
-3.64619e-06
0.000133449
-3.75865e-06
0.000130525
-3.8506e-06
0.000127526
-3.92167e-06
0.000124466
-3.97136e-06
0.00012136
-3.99925e-06
0.000118226
-4.00529e-06
0.000115076
-3.99027e-06
0.000111926
-3.9565e-06
0.000108787
-3.90874e-06
0.000105668
-3.85497e-06
0.000102572
-3.8067e-06
9.94943e-05
-3.77835e-06
9.64236e-05
-3.78575e-06
9.33394e-05
-3.84336e-06
9.0215e-05
-3.96078e-06
8.70207e-05
-4.13898e-06
8.37285e-05
-4.36727e-06
8.03188e-05
-4.62217e-06
7.67862e-05
-4.86887e-06
7.31451e-05
-5.06557e-06
6.94321e-05
-5.17008e-06
6.57062e-05
-5.14691e-06
6.20446e-05
-4.97323e-06
5.85365e-05
-4.64166e-06
5.52746e-05
-4.15988e-06
5.2347e-05
-3.54734e-06
4.98296e-05
-2.83089e-06
4.77809e-05
-2.04063e-06
4.62388e-05
-1.20735e-06
4.52197e-05
-3.61202e-07
4.4719e-05
4.66606e-07
4.4711e-05
1.24939e-06
4.51521e-05
1.95e-06
4.59901e-05
2.57189e-06
4.71442e-05
3.00937e-06
4.85981e-05
3.5194e-06
5.01828e-05
3.50718e-06
5.22946e-05
4.2867e-06
6.72359e-06
9.33263e-05
-6.24226e-05
8.97535e-05
-3.74829e-05
8.50002e-05
-1.57972e-05
8.10048e-05
-7.43e-06
7.86425e-05
-2.9811e-06
7.78286e-05
-9.12214e-07
7.79866e-05
-1.82257e-08
7.874e-05
5.65167e-07
7.99219e-05
1.05145e-06
8.14348e-05
1.42949e-06
8.31984e-05
1.70057e-06
8.51466e-05
1.89374e-06
8.72255e-05
2.03106e-06
8.93869e-05
2.11779e-06
9.1584e-05
2.15412e-06
9.37725e-05
2.14523e-06
9.58248e-05
2.0145e-06
9.76976e-05
1.84212e-06
9.93759e-05
1.64982e-06
0.000100843
1.43335e-06
0.000102088
1.20055e-06
0.000103107
9.66367e-07
0.000103903
7.42353e-07
0.000104486
5.3212e-07
0.000104864
3.33929e-07
0.000105046
1.4408e-07
0.000105041
-3.74737e-08
0.000104855
-2.10951e-07
0.000104493
-3.8781e-07
0.000103959
-5.5709e-07
0.000103262
-7.19592e-07
0.000102407
-8.74153e-07
0.000101404
-1.01963e-06
0.000100261
-1.15472e-06
9.89882e-05
-1.27921e-06
9.75951e-05
-1.39321e-06
9.60919e-05
-1.49599e-06
9.44889e-05
-1.58753e-06
9.2796e-05
-1.66885e-06
9.10229e-05
-1.74063e-06
8.91794e-05
-1.80267e-06
8.72753e-05
-1.85457e-06
8.53208e-05
-1.89603e-06
8.33259e-05
-1.92684e-06
8.13013e-05
-1.94667e-06
7.92572e-05
-1.95524e-06
7.72045e-05
-1.95252e-06
7.51532e-05
-1.93898e-06
7.31127e-05
-1.91605e-06
7.10906e-05
-1.88663e-06
6.90912e-05
-1.85556e-06
6.71142e-05
-1.8297e-06
6.51534e-05
-1.81753e-06
6.31957e-05
-1.82809e-06
6.12217e-05
-1.86934e-06
5.92069e-05
-1.94601e-06
5.71253e-05
-2.05739e-06
5.49539e-05
-2.1958e-06
5.26778e-05
-2.34611e-06
5.0296e-05
-2.48711e-06
4.78249e-05
-2.59447e-06
4.52997e-05
-2.64482e-06
4.27727e-05
-2.61995e-06
4.03092e-05
-2.50969e-06
3.79805e-05
-2.31299e-06
3.58574e-05
-2.03675e-06
3.40035e-05
-1.69346e-06
3.24711e-05
-1.29849e-06
3.12983e-05
-8.6786e-07
3.05081e-05
-4.17203e-07
3.01087e-05
3.82374e-08
3.00926e-05
4.82668e-07
3.04396e-05
9.02425e-07
3.11135e-05
1.27611e-06
3.20776e-05
1.60779e-06
3.32554e-05
1.83161e-06
3.4668e-05
2.10675e-06
3.60994e-05
2.07578e-06
3.79823e-05
2.40375e-06
4.34765e-06
7.347e-05
-5.91239e-05
6.21408e-05
-2.61537e-05
5.42477e-05
-7.90413e-06
4.97631e-05
-2.94539e-06
4.77669e-05
-9.84874e-07
4.71438e-05
-2.89167e-07
4.71411e-05
-1.54645e-08
4.7498e-05
2.08219e-07
4.81382e-05
4.11244e-07
4.90029e-05
5.64781e-07
5.0033e-05
6.70523e-07
5.11815e-05
7.45233e-07
5.24135e-05
7.99051e-07
5.36982e-05
8.33027e-07
5.50057e-05
8.46648e-07
5.63082e-05
8.4272e-07
5.75304e-05
7.9235e-07
5.86465e-05
7.25958e-07
5.9646e-05
6.50382e-07
6.05159e-05
5.63408e-07
6.12471e-05
4.69312e-07
6.18379e-05
3.75608e-07
6.22927e-05
2.87569e-07
6.26187e-05
2.06147e-07
6.28229e-05
1.29732e-07
6.29104e-05
5.65171e-08
6.28867e-05
-1.37561e-08
6.27568e-05
-8.10891e-08
6.25201e-05
-1.5111e-07
6.21808e-05
-2.17797e-07
6.17429e-05
-2.81628e-07
6.1211e-05
-3.42247e-07
6.05905e-05
-3.9914e-07
5.98874e-05
-4.51647e-07
5.9108e-05
-4.99776e-07
5.82584e-05
-5.43637e-07
5.73453e-05
-5.82889e-07
5.63753e-05
-6.17534e-07
5.53546e-05
-6.48163e-07
5.42891e-05
-6.75135e-07
5.31848e-05
-6.98306e-07
5.20476e-05
-7.17432e-07
5.0884e-05
-7.32385e-07
4.97002e-05
-7.43046e-07
4.85028e-05
-7.49248e-07
4.72984e-05
-7.50833e-07
4.60936e-05
-7.4778e-07
4.48949e-05
-7.40312e-07
4.3708e-05
-7.29134e-07
4.25371e-05
-7.1565e-07
4.13837e-05
-7.02163e-07
4.02459e-05
-6.91894e-07
3.91171e-05
-6.88734e-07
3.79857e-05
-6.96711e-07
3.68355e-05
-7.19187e-07
3.56474e-05
-7.57859e-07
3.44018e-05
-8.1179e-07
3.30828e-05
-8.76769e-07
3.16819e-05
-9.45301e-07
3.02022e-05
-1.00741e-06
2.866e-05
-1.05221e-06
2.7085e-05
-1.0698e-06
2.55181e-05
-1.05311e-06
2.40074e-05
-9.98944e-07
2.26025e-05
-9.08112e-07
2.13503e-05
-7.84595e-07
2.02912e-05
-6.34339e-07
1.94567e-05
-4.64026e-07
1.8869e-05
-2.80125e-07
1.85406e-05
-8.8792e-08
1.84749e-05
1.0394e-07
1.86657e-05
2.91854e-07
1.9099e-05
4.69118e-07
1.97485e-05
6.26642e-07
2.05911e-05
7.65143e-07
2.15639e-05
8.58823e-07
2.2705e-05
9.65692e-07
2.38074e-05
9.7335e-07
2.52219e-05
9.89259e-07
2.29028e-06
4.88072e-05
-4.01709e-05
3.32742e-05
-1.06207e-05
2.70719e-05
-1.7019e-06
2.46482e-05
-5.21688e-07
2.38084e-05
-1.45052e-07
2.3568e-05
-4.87498e-08
2.35588e-05
-6.23709e-09
2.37212e-05
4.57518e-08
2.40385e-05
9.39961e-08
2.44752e-05
1.28043e-07
2.49954e-05
1.50334e-07
2.55744e-05
1.66209e-07
2.61955e-05
1.77966e-07
2.68432e-05
1.85341e-07
2.75018e-05
1.88059e-07
2.81575e-05
1.87029e-07
2.87736e-05
1.76221e-07
2.93376e-05
1.6192e-07
2.98429e-05
1.45112e-07
3.02811e-05
1.25215e-07
3.06468e-05
1.03654e-07
3.09398e-05
8.25603e-08
3.11641e-05
6.32438e-08
3.13246e-05
4.56779e-08
3.14251e-05
2.9253e-08
3.14682e-05
1.34075e-08
3.14563e-05
-1.90377e-09
3.13918e-05
-1.6513e-08
3.1273e-05
-3.23452e-08
3.11024e-05
-4.71643e-08
3.0882e-05
-6.1274e-08
3.06144e-05
-7.46755e-08
3.03025e-05
-8.72308e-08
2.99496e-05
-9.8676e-08
2.95589e-05
-1.09129e-07
2.91339e-05
-1.18607e-07
2.8678e-05
-1.27006e-07
2.81948e-05
-1.3434e-07
2.76875e-05
-1.40807e-07
2.71588e-05
-1.46509e-07
2.66119e-05
-1.5138e-07
2.60498e-05
-1.55345e-07
2.54758e-05
-1.58368e-07
2.48932e-05
-1.60415e-07
2.43054e-05
-1.61431e-07
2.37159e-05
-1.61367e-07
2.31283e-05
-1.60211e-07
2.2546e-05
-1.58029e-07
2.19719e-05
-1.55016e-07
2.14078e-05
-1.51565e-07
2.0854e-05
-1.48305e-07
2.03082e-05
-1.46097e-07
1.97654e-05
-1.45955e-07
1.92176e-05
-1.4889e-07
1.86541e-05
-1.55697e-07
1.80629e-05
-1.66678e-07
1.74325e-05
-1.81414e-07
1.67544e-05
-1.98625e-07
1.60253e-05
-2.16222e-07
1.52495e-05
-2.31567e-07
1.44392e-05
-2.41927e-07
1.36144e-05
-2.44979e-07
1.28005e-05
-2.39234e-07
1.20258e-05
-2.24239e-07
1.13182e-05
-2.00508e-07
1.07028e-05
-1.69245e-07
1.02005e-05
-1.32016e-07
9.82691e-06
-9.04402e-08
9.59269e-06
-4.59066e-08
9.50375e-06
1.53839e-10
9.56124e-06
4.64498e-08
9.76148e-06
9.16067e-08
1.00965e-05
1.34112e-07
1.05511e-05
1.72066e-07
1.11118e-05
2.04385e-07
1.17421e-05
2.28499e-07
1.24615e-05
2.46301e-07
1.31651e-05
2.69757e-07
1.39542e-05
2.00195e-07
7.23575e-07
1.96379e-05
9.01726e-06
7.31536e-06
6.79367e-06
6.64862e-06
6.59987e-06
6.59364e-06
6.63939e-06
6.73338e-06
6.86143e-06
7.01176e-06
7.17797e-06
7.35593e-06
7.54128e-06
7.72933e-06
7.91636e-06
8.09259e-06
8.25451e-06
8.39962e-06
8.52483e-06
8.62849e-06
8.71105e-06
8.77429e-06
8.81997e-06
8.84922e-06
8.86263e-06
8.86073e-06
8.84421e-06
8.81187e-06
8.7647e-06
8.70343e-06
8.62875e-06
8.54152e-06
8.44285e-06
8.33372e-06
8.21511e-06
8.0881e-06
7.95377e-06
7.81296e-06
7.66645e-06
7.51507e-06
7.35972e-06
7.20136e-06
7.04094e-06
6.87951e-06
6.71814e-06
6.55793e-06
6.3999e-06
6.24489e-06
6.09332e-06
5.94502e-06
5.79892e-06
5.65296e-06
5.50407e-06
5.34838e-06
5.1817e-06
5.00029e-06
4.80166e-06
4.58544e-06
4.35387e-06
4.11194e-06
3.86697e-06
3.62773e-06
3.40349e-06
3.20298e-06
3.03374e-06
2.90172e-06
2.81128e-06
2.76538e-06
2.76553e-06
2.81198e-06
2.90359e-06
3.0377e-06
3.20976e-06
3.41415e-06
3.64265e-06
3.88895e-06
4.15871e-06
4.3589e-06
)
;

boundaryField
{
    inlet
    {
        type            calculated;
        value           nonuniform List<scalar> 
25
(
-0.00119618
-0.00105581
-0.000931914
-0.000822558
-0.000726034
-0.000640837
-0.000565637
-0.000499262
-0.000440675
-0.000388964
-0.00034332
-0.000303033
-0.000267473
-0.000236086
-0.000208382
-0.00018393
-0.000162346
-0.000143295
-0.00012648
-0.000111638
-9.8538e-05
-8.69749e-05
-7.67687e-05
-6.77602e-05
-5.98088e-05
)
;
    }
    outlet
    {
        type            calculated;
        value           nonuniform List<scalar> 
25
(
0.000910873
0.00100094
0.000998138
0.000929876
0.000832307
0.000732888
0.000644762
0.000569454
0.000503764
0.000444337
0.000389017
0.000336884
0.000287965
0.000242854
0.000202305
0.000166825
0.000136465
0.000110852
8.92851e-05
7.08835e-05
5.47875e-05
4.03583e-05
2.72793e-05
1.55209e-05
5.08248e-06
)
;
    }
    fixedWalls
    {
        type            calculated;
        value           uniform 0;
    }
    frontAndBack
    {
        type            empty;
        value           nonuniform 0();
    }
}


// ************************************************************************* //
