/*--------------------------------*- C++ -*----------------------------------*\
| =========                 |                                                 |
| \\      /  F ield         | OpenFOAM: The Open Source CFD Toolbox           |
|  \\    /   O peration     | Version:  v1912                                 |
|   \\  /    A nd           | Website:  www.openfoam.com                      |
|    \\/     M anipulation  |                                                 |
\*---------------------------------------------------------------------------*/
FoamFile
{
    version     2.0;
    format      ascii;
    class       volVectorField;
    location    "750";
    object      U;
}
// * * * * * * * * * * * * * * * * * * * * * * * * * * * * * * * * * * * * * //

dimensions      [0 1 -1 0 0 0 0];


internalField   nonuniform List<vector> 
2000
(
(0.84616 0.187394 0)
(0.515133 0.124089 0)
(0.223448 0.0684415 0)
(0.0598068 0.0174443 6.19506e-20)
(-0.00455616 -0.0232232 1.20747e-17)
(-0.0642033 -0.0384872 1.04293e-17)
(-0.0776008 -0.0372471 0)
(-0.0715948 -0.0166589 0)
(-0.0590606 0.011712 0)
(-0.0421583 0.0254669 2.36827e-17)
(-0.0415844 0.0109783 -1.45095e-17)
(-0.0273672 -0.000620816 -1.36271e-17)
(-0.0163182 -0.00266675 0)
(-0.0200729 -0.0026404 0)
(-0.021908 -0.00227047 -1.08256e-17)
(-0.0168749 0.000848138 0)
(-0.010576 0.00349377 9.74508e-18)
(-0.00962398 0.00623738 3.09812e-21)
(-0.0106317 0.00612802 9.42056e-18)
(-0.0113976 0.00488858 -4.64967e-18)
(-0.0112587 0.00278212 9.19262e-18)
(-0.0100662 0.000804304 0)
(-0.00791398 -0.000199562 0)
(-0.0053949 -0.000629987 -6.65393e-23)
(-0.00310045 -0.000794867 0)
(-0.00127384 -0.000813454 -4.51963e-18)
(-5.17486e-05 -0.000750033 0)
(0.000644293 -0.000669122 4.52883e-18)
(0.00104113 -0.000654526 0)
(0.00132935 -0.000660403 0)
(0.00160366 -0.000586348 0)
(0.00187995 -0.000475765 1.15014e-18)
(0.00214238 -0.000386674 0)
(0.00237995 -0.000348158 -5.83756e-19)
(0.00257953 -0.000347783 1.94826e-14)
(0.00271605 -0.00036391 1.94692e-14)
(0.00278253 -0.000398967 6.02045e-19)
(0.0027223 -0.000491994 -6.0955e-19)
(0.00253626 -0.000632589 0)
(0.00222387 -0.000788953 2.50742e-18)
(0.00176476 -0.000937973 0)
(0.00112467 -0.00106715 -2.58998e-18)
(0.000261991 -0.00116375 0)
(-0.000879503 -0.00121164 -5.36113e-18)
(-0.00234993 -0.00123134 2.72387e-18)
(-0.00418754 -0.0013116 0)
(-0.00647814 -0.00149885 0)
(-0.0093793 -0.00170322 -2.85842e-18)
(-0.0132133 -0.00161539 0)
(-0.0185951 -0.00064366 2.93599e-18)
(-0.0265051 0.00191056 0)
(-0.0382295 0.0063391 5.918e-18)
(-0.0551563 0.0120955 -5.86669e-18)
(-0.0784294 0.0177901 5.74443e-18)
(-0.108403 0.0215227 -2.7429e-18)
(-0.144169 0.0214248 0)
(-0.183617 0.0162883 2.33025e-18)
(-0.223816 0.00597475 -2.07313e-18)
(-0.261019 -0.00846901 -4.07859e-18)
(-0.290388 -0.0248139 3.30129e-18)
(-0.307051 -0.0398219 -3.25699e-18)
(-0.309481 -0.0502953 3.48424e-18)
(-0.303045 -0.0563088 -3.97683e-18)
(-0.28798 -0.0592093 4.78509e-18)
(-0.265408 -0.0600293 -1.1674e-20)
(-0.236173 -0.0595011 7.1824e-18)
(-0.200704 -0.0578263 0)
(-0.159182 -0.0549946 0)
(-0.111878 -0.0509971 7.55731e-20)
(-0.0595419 -0.0458761 0)
(-0.003441 -0.0395682 1.99193e-17)
(0.056238 -0.0317383 0)
(0.119755 -0.0222433 1.98858e-17)
(0.186635 -0.011242 -4.87514e-19)
(0.256141 0.00102432 1.7164e-17)
(0.32959 0.0142551 2.98591e-17)
(0.403495 0.0280775 7.33758e-19)
(0.491053 0.0420376 -1.01453e-17)
(0.5569 0.05449 -6.52824e-18)
(0.713391 0.0651855 0)
(1.0153 0.210384 0)
(0.944633 0.194211 0)
(0.804475 0.179983 -3.53042e-18)
(0.654422 0.152313 7.29144e-18)
(0.509224 0.111169 0)
(0.360042 0.0683704 -7.29307e-18)
(0.216493 0.0293252 0)
(0.0821323 -0.00530897 0)
(-0.0282879 -0.01804 0)
(-0.0562032 -0.0189157 -1.73194e-17)
(-0.0667322 -0.0249884 1.57561e-17)
(-0.071883 -0.0159766 1.44524e-17)
(-0.0637607 0.00640421 0)
(-0.0508827 0.0207213 6.32671e-18)
(-0.0545086 0.00999079 0)
(-0.0483032 -0.00293824 0)
(-0.0376346 -0.00402648 0)
(-0.0329326 -0.00109682 5.27313e-18)
(-0.0367039 0.000899514 -1.03425e-17)
(-0.0388908 0.000900943 -5.09444e-18)
(-0.0395848 7.03342e-05 0)
(-0.0384926 -0.00112746 0)
(-0.0357738 -0.0023528 0)
(-0.0325285 -0.0029424 -7.41772e-18)
(-0.0293663 -0.00274185 0)
(-0.0265532 -0.00194202 4.95393e-18)
(-0.0243336 -0.000878821 2.48444e-18)
(-0.022875 2.23099e-06 0)
(-0.0222424 0.000374719 0)
(-0.0223019 0.000406392 0)
(-0.0228739 0.000230023 0)
(-0.0237286 3.85111e-05 -6.33093e-19)
(-0.0246951 -0.000120092 0)
(-0.0257135 -0.000213654 3.20452e-19)
(-0.026803 -0.000204215 1.61444e-19)
(-0.0280331 -7.39186e-05 0)
(-0.0294476 0.000160176 0)
(-0.0310726 0.000466059 6.63212e-19)
(-0.0329701 0.000824628 0)
(-0.0351591 0.00123278 -1.35343e-18)
(-0.0376551 0.00169644 0)
(-0.0404639 0.00222691 -1.38323e-18)
(-0.0435922 0.00283177 0)
(-0.0470437 0.00350349 1.41431e-18)
(-0.0508084 0.00422919 1.4316e-18)
(-0.0548575 0.00504741 0)
(-0.0591637 0.00614329 0)
(-0.0637248 0.00789317 -2.97352e-18)
(-0.0685344 0.0108164 0)
(-0.0735602 0.0155133 1.44797e-20)
(-0.0788272 0.0225105 0)
(-0.0845405 0.031935 0)
(-0.0910603 0.0430839 0)
(-0.0987001 0.0543091 0)
(-0.107194 0.0632666 6.03233e-18)
(-0.11501 0.0674874 0)
(-0.119714 0.064992 -5.48339e-18)
(-0.119377 0.0549038 2.65239e-18)
(-0.112545 0.0382107 -2.30804e-18)
(-0.0952999 0.0177142 -4.87646e-18)
(-0.0635113 -0.00483395 5.02288e-18)
(-0.0455211 -0.0308221 -5.54144e-18)
(-0.0202463 -0.0514602 6.48937e-18)
(0.00765485 -0.0661466 0)
(0.0386166 -0.0764738 -1.29497e-17)
(0.0731092 -0.083894 -9.66726e-18)
(0.1119 -0.0891185 0)
(0.155167 -0.0921444 5.74466e-18)
(0.202535 -0.0926802 1.25721e-17)
(0.253413 -0.090523 0)
(0.307143 -0.0855868 0)
(0.363148 -0.0778591 0)
(0.420957 -0.0674839 0)
(0.480314 -0.0548004 -1.36207e-17)
(0.540975 -0.0403455 5.937e-18)
(0.603798 -0.0247808 -1.17678e-17)
(0.667209 -0.00903916 1.01586e-17)
(0.738994 0.00584703 -3.46722e-18)
(0.795909 0.0174493 0)
(0.911611 0.0229116 0)
(0.978489 0.201538 0)
(0.978854 0.193006 -2.78727e-18)
(0.969154 0.205111 3.48287e-18)
(0.939083 0.208532 -3.06184e-18)
(0.878034 0.194606 2.88643e-18)
(0.785605 0.168719 2.84451e-18)
(0.669349 0.138081 0)
(0.541012 0.106021 0)
(0.40822 0.0750633 0)
(0.285943 0.0459344 6.87009e-18)
(0.173879 0.018021 0)
(0.0721776 -0.00640561 0)
(-0.021475 -0.0141539 0)
(-0.0469104 -0.00385613 -7.1881e-18)
(-0.0508312 -0.0116807 0)
(-0.0586929 -0.0181535 -6.05419e-18)
(-0.0592939 -0.0112542 0)
(-0.0481116 0.00906333 5.87913e-18)
(-0.0464816 0.0164834 2.87423e-18)
(-0.0509053 0.0125876 0)
(-0.0532632 0.0061486 -2.79119e-18)
(-0.0550514 -0.000293521 0)
(-0.0556684 -0.00469952 0)
(-0.0547678 -0.00653375 5.4387e-18)
(-0.0532171 -0.00661014 0)
(-0.0520386 -0.00572872 1.35885e-18)
(-0.0518388 -0.00422088 -4.07923e-18)
(-0.0526345 -0.00222877 0)
(-0.0539958 -0.000214475 0)
(-0.0554731 0.00124951 -6.81873e-19)
(-0.0570768 0.00219666 0)
(-0.0587877 0.00271532 1.21915e-22)
(-0.0605275 0.00295035 0)
(-0.0622514 0.00306658 6.91133e-19)
(-0.063966 0.00322755 8.69404e-20)
(-0.0657456 0.00349032 0)
(-0.067651 0.00384369 1.76461e-19)
(-0.0696991 0.00424975 -3.55855e-19)
(-0.0718739 0.00470031 -3.59043e-19)
(-0.0741451 0.0051966 -7.25003e-19)
(-0.0764756 0.00574223 7.32504e-19)
(-0.078827 0.00634312 7.40042e-19)
(-0.0811677 0.00699908 0)
(-0.0834563 0.00768844 1.51735e-18)
(-0.0855821 0.00837952 -3.07753e-18)
(-0.0872859 0.00909196 0)
(-0.0881529 0.010005 -1.59239e-18)
(-0.0877102 0.0115147 3.24793e-18)
(-0.0854284 0.0141026 0)
(-0.0806552 0.0183534 -1.69919e-18)
(-0.0726894 0.0247576 1.78354e-18)
(-0.0610299 0.0335743 -1.85025e-18)
(-0.0453192 0.0439019 -1.91855e-18)
(-0.0255212 0.0541908 0)
(-0.00184768 0.0622128 -3.94481e-18)
(0.0257491 0.0654284 -1.88594e-18)
(0.0571759 0.0615434 1.63608e-18)
(0.0906191 0.0497173 1.53038e-18)
(0.12451 0.0289824 2.56609e-18)
(0.156265 0.00214541 0)
(0.186349 -0.0242651 0)
(0.214012 -0.0462906 0)
(0.242209 -0.064626 -1.31275e-18)
(0.273879 -0.0803786 0)
(0.309946 -0.0940779 3.22354e-18)
(0.349845 -0.105674 0)
(0.392636 -0.114813 -1.99058e-18)
(0.437435 -0.121032 -4.47076e-18)
(0.483448 -0.123923 0)
(0.530006 -0.123254 -2.47845e-18)
(0.576631 -0.119041 2.58233e-18)
(0.623067 -0.111557 0)
(0.669266 -0.101324 0)
(0.715419 -0.0890367 0)
(0.761767 -0.0755286 -5.41143e-18)
(0.809187 -0.0617137 0)
(0.856972 -0.0487708 -1.88545e-18)
(0.910069 -0.0377998 3.36872e-18)
(0.952969 -0.03117 0)
(1.03533 -0.030274 3.93273e-19)
(0.970611 0.209117 0)
(0.963917 0.194765 1.52596e-18)
(0.96643 0.198514 0)
(0.977152 0.206407 1.69512e-18)
(0.982034 0.208884 -3.00537e-18)
(0.968293 0.204266 -1.34159e-18)
(0.930748 0.193726 0)
(0.870757 0.177878 0)
(0.79113 0.156581 0)
(0.695411 0.131331 1.35157e-18)
(0.58948 0.10541 1.38337e-18)
(0.48005 0.0806999 0)
(0.369264 0.0579964 0)
(0.266647 0.0376064 0)
(0.17965 0.0185394 0)
(0.100392 0.00267257 6.4034e-18)
(0.0300564 -0.00993235 -3.38866e-18)
(-0.0310541 -0.00937936 0)
(-0.0328186 0.00101117 -3.28412e-18)
(-0.0347006 0.0024603 1.6191e-18)
(-0.0346401 0.00136294 3.21234e-18)
(-0.0358961 -0.0012979 0)
(-0.0391041 -0.00397882 0)
(-0.0434859 -0.00523704 -3.12138e-18)
(-0.0471984 -0.00435804 0)
(-0.0494933 -0.00166112 -1.54452e-18)
(-0.0511726 0.00173114 1.54407e-18)
(-0.0536812 0.00424846 0)
(-0.0558244 0.00542554 0)
(-0.0580814 0.005975 7.67227e-19)
(-0.0600376 0.00604326 0)
(-0.0616755 0.00577112 -7.70256e-19)
(-0.062944 0.00532424 0)
(-0.0638262 0.00487762 -1.94854e-19)
(-0.0644492 0.00466801 -9.81634e-20)
(-0.0649021 0.00478082 -2.47649e-20)
(-0.0652049 0.00517009 -3.00081e-19)
(-0.0652598 0.00576201 4.04468e-19)
(-0.0649848 0.00644904 4.09486e-19)
(-0.0643094 0.00716688 1.24571e-18)
(-0.06315 0.00789204 -4.21398e-19)
(-0.0614188 0.0086099 4.28682e-19)
(-0.0590539 0.00929103 0)
(-0.0560023 0.0098602 8.9258e-19)
(-0.0521524 0.0101426 9.14025e-19)
(-0.0471985 0.00984018 0)
(-0.0406689 0.00858238 1.93744e-18)
(-0.0326689 0.00631878 1.00094e-18)
(-0.022467 0.0037908 0)
(-0.00984838 0.00161062 -3.26761e-18)
(0.00665028 0.000352165 -2.23598e-18)
(0.0280722 0.000608318 1.10874e-18)
(0.0543227 0.00219929 2.17162e-18)
(0.086004 0.00423592 0)
(0.123133 0.00517596 9.8242e-19)
(0.164857 0.00320926 2.68455e-18)
(0.209885 -0.0032302 1.58649e-18)
(0.256124 -0.0146502 -1.38977e-18)
(0.30305 -0.0299071 -6.42101e-19)
(0.348949 -0.0473796 0)
(0.39331 -0.0662774 0)
(0.436124 -0.0852981 0)
(0.478251 -0.103362 1.7139e-18)
(0.52048 -0.119824 6.46455e-19)
(0.562737 -0.134193 0)
(0.604359 -0.145918 -1.56761e-18)
(0.644639 -0.15444 1.74411e-18)
(0.683087 -0.159328 -1.8781e-18)
(0.719458 -0.160378 -2.02601e-18)
(0.753747 -0.157647 1.2733e-19)
(0.786173 -0.151446 -2.4242e-18)
(0.817156 -0.142309 0)
(0.847253 -0.130928 0)
(0.877135 -0.118093 0)
(0.907405 -0.104656 0)
(0.938971 -0.0914938 0)
(0.971496 -0.0796501 3.67818e-18)
(1.00831 -0.0699649 -1.34598e-18)
(1.03857 -0.0643578 0)
(1.09581 -0.0626649 -4.23991e-19)
(0.972988 0.216082 0)
(0.965831 0.201808 1.87183e-18)
(0.959206 0.1956 2.49358e-19)
(0.961489 0.195546 1.90817e-18)
(0.972668 0.197536 0)
(0.985519 0.199235 -1.60829e-18)
(0.992497 0.199295 0)
(0.988452 0.196253 -3.6272e-19)
(0.970218 0.189033 0)
(0.935631 0.177562 -1.60664e-18)
(0.884731 0.162749 -1.24364e-18)
(0.819618 0.145667 -3.15605e-19)
(0.743324 0.126729 3.13293e-19)
(0.658087 0.106111 0)
(0.569157 0.0852835 3.13352e-19)
(0.47934 0.0662431 0)
(0.393491 0.050268 2.65578e-18)
(0.3141 0.0363415 -3.51511e-19)
(0.247074 0.0242761 0)
(0.192399 0.0147268 -1.90051e-18)
(0.147778 0.00792464 0)
(0.110715 0.0034098 0)
(0.0798823 0.000821967 0)
(0.0539913 -0.00061887 0)
(0.0324768 -0.00158755 -2.21809e-19)
(0.0157033 -0.00203114 0)
(0.0028165 -0.00138916 0)
(-0.0026362 0.000686534 1.15659e-19)
(-0.00511998 0.00211081 0)
(-0.00516991 0.00310329 0)
(-0.00384395 0.00366552 0)
(-0.00159276 0.00391687 -5.8773e-20)
(0.000992791 0.00397841 0)
(0.00445282 0.00377229 -2.68053e-19)
(0.00748285 0.00425595 0)
(0.0111515 0.00510772 3.01317e-20)
(0.015565 0.00564689 1.51435e-19)
(0.0208933 0.00562437 3.04074e-20)
(0.0273133 0.00529693 -6.1021e-20)
(0.0348996 0.00478338 -4.89457e-19)
(0.0438207 0.00406618 -4.90024e-19)
(0.0542956 0.00311278 4.8986e-19)
(0.0665228 0.00189925 -1.2218e-19)
(0.0806939 0.000394087 -9.73455e-19)
(0.0970157 -0.0014584 9.67202e-19)
(0.11547 -0.00371695 -1.19931e-19)
(0.136273 -0.00647099 0)
(0.158889 -0.0097827 -9.40543e-19)
(0.183471 -0.0135987 0)
(0.210097 -0.0177612 9.20351e-19)
(0.238777 -0.0219289 0)
(0.269729 -0.0259793 8.98303e-19)
(0.303276 -0.0298888 0)
(0.339782 -0.0338759 -2.1234e-19)
(0.37947 -0.0384644 -8.06342e-19)
(0.422222 -0.0444008 -7.47751e-19)
(0.467445 -0.0524467 1.73643e-19)
(0.514068 -0.0631413 0)
(0.560675 -0.0767757 5.43144e-19)
(0.605842 -0.0928112 -1.3714e-19)
(0.648699 -0.110247 0)
(0.688841 -0.127715 1.36979e-19)
(0.726138 -0.14395 -5.34109e-19)
(0.760519 -0.158091 -5.90143e-19)
(0.791805 -0.169563 0)
(0.819782 -0.177918 1.48028e-18)
(0.844385 -0.182829 0)
(0.8658 -0.18416 1.8365e-18)
(0.884451 -0.181996 2.0147e-18)
(0.90096 -0.176634 2.17939e-18)
(0.916077 -0.168544 2.71216e-19)
(0.930624 -0.158328 0)
(0.945419 -0.146666 0)
(0.96125 -0.134276 0)
(0.978723 -0.121893 -2.6988e-19)
(0.998582 -0.110239 0)
(1.02045 -0.100114 -1.6755e-18)
(1.04682 -0.0921652 1.64988e-18)
(1.06884 -0.0876093 1.04008e-19)
(1.11249 -0.0863858 4.51e-20)
(0.974194 0.218514 -1.233e-18)
(0.970935 0.206364 1.19338e-18)
(0.965119 0.198172 -2.8217e-19)
(0.961139 0.194112 0)
(0.962197 0.191942 0)
(0.96826 0.190544 0)
(0.977772 0.189885 0)
(0.988502 0.189481 1.25304e-18)
(0.997432 0.188308 0)
(1.00093 0.185358 -1.12026e-18)
(0.995773 0.179955 -1.3965e-18)
(0.979839 0.171905 3.20197e-19)
(0.952675 0.161434 9.67345e-19)
(0.914336 0.148646 0)
(0.865647 0.133742 -1.47637e-18)
(0.80825 0.117845 0)
(0.746068 0.102471 -1.18025e-18)
(0.683645 0.087975 2.95202e-19)
(0.622836 0.0743865 -1.23482e-18)
(0.565749 0.0621129 -9.5089e-19)
(0.513198 0.0513537 0)
(0.465537 0.0420951 0)
(0.42294 0.0342184 -6.83526e-19)
(0.385362 0.0276162 0)
(0.352667 0.0221541 -5.42727e-19)
(0.324645 0.0176544 0)
(0.300892 0.0138504 0)
(0.281184 0.0104772 -9.56503e-20)
(0.265379 0.00756929 0)
(0.253138 0.00512917 0)
(0.244111 0.00308597 0)
(0.238015 0.00135839 5.05526e-20)
(0.234529 -0.000128101 2.04913e-19)
(0.233695 -0.00136184 1.29114e-19)
(0.235283 -0.00280239 0)
(0.239391 -0.00441399 0)
(0.245955 -0.00606855 -2.59789e-20)
(0.25486 -0.00779698 -1.30143e-19)
(0.266069 -0.0096888 5.17094e-20)
(0.27949 -0.0118127 0)
(0.295032 -0.0142167 0)
(0.312619 -0.0169379 -2.04097e-19)
(0.332178 -0.0200081 1.00479e-19)
(0.353625 -0.0234641 -4.0087e-19)
(0.376855 -0.0273506 3.96721e-19)
(0.401717 -0.0317138 9.70842e-20)
(0.428008 -0.0365668 0)
(0.45549 -0.0417871 3.84958e-19)
(0.483994 -0.0472398 0)
(0.51338 -0.0527738 0)
(0.543551 -0.058225 0)
(0.574507 -0.0634956 0)
(0.606334 -0.0686229 0)
(0.639125 -0.0738414 1.7839e-19)
(0.672878 -0.0795929 0)
(0.707387 -0.0864482 6.70269e-19)
(0.742161 -0.0949543 -1.52628e-19)
(0.776431 -0.105442 0)
(0.809255 -0.117845 5.79909e-19)
(0.839703 -0.131564 1.27638e-19)
(0.867048 -0.145683 5.66616e-19)
(0.890827 -0.159202 -1.32249e-19)
(0.910843 -0.171236 0)
(0.927123 -0.181136 -6.62452e-19)
(0.939855 -0.188473 0)
(0.949353 -0.192977 0)
(0.956093 -0.194528 -8.54533e-19)
(0.960714 -0.193169 0)
(0.96399 -0.189106 0)
(0.966758 -0.182689 -1.06521e-18)
(0.96986 -0.17437 -2.9605e-19)
(0.974084 -0.164674 0)
(0.980117 -0.154159 0)
(0.988549 -0.143394 0)
(0.999758 -0.132947 3.01541e-19)
(1.01422 -0.123365 -1.03083e-18)
(1.0314 -0.115225 -2.40191e-19)
(1.05334 -0.108999 -1.88569e-19)
(1.07191 -0.105404 -1.17797e-19)
(1.11034 -0.104553 -2.40723e-19)
(0.974501 0.21901 4.35686e-18)
(0.973757 0.208036 -4.18348e-18)
(0.971714 0.200425 0)
(0.969159 0.196211 -2.53815e-18)
(0.967053 0.192937 0)
(0.966166 0.189312 -2.23804e-18)
(0.967419 0.185818 0)
(0.971669 0.183008 2.98036e-18)
(0.978978 0.18073 -3.70055e-18)
(0.988283 0.178484 1.68971e-18)
(0.99769 0.175773 1.57971e-18)
(1.00497 0.172151 0)
(1.00811 0.167266 -4.2731e-18)
(1.00544 0.1607 -2.72168e-18)
(0.995587 0.152111 3.82554e-18)
(0.977795 0.141797 0)
(0.953045 0.130626 1.17179e-18)
(0.923753 0.119347 0)
(0.891694 0.108146 1.16828e-18)
(0.858158 0.0970049 1.16799e-18)
(0.824183 0.0861313 0)
(0.790761 0.0758039 0)
(0.75877 0.0662275 -6.39652e-19)
(0.728885 0.0575077 0)
(0.701549 0.0496278 6.21235e-19)
(0.676996 0.0425026 0)
(0.655347 0.0360369 0)
(0.636636 0.0301429 0)
(0.620893 0.02473 0)
(0.608055 0.019714 0)
(0.598045 0.0150159 0)
(0.590792 0.0105672 0)
(0.586219 0.00629829 1.77088e-19)
(0.584201 0.00214725 -8.59329e-20)
(0.584507 -0.00202944 4.40028e-20)
(0.587242 -0.00626392 0)
(0.592311 -0.0105341 0)
(0.59952 -0.0148513 8.6255e-20)
(0.60872 -0.0192647 -3.52096e-19)
(0.619778 -0.0238152 3.5161e-19)
(0.632547 -0.0285287 0)
(0.646871 -0.0334246 8.71606e-19)
(0.662586 -0.038519 -6.99156e-19)
(0.679515 -0.0438258 -3.578e-19)
(0.697467 -0.0493541 -3.38979e-19)
(0.716233 -0.0550997 0)
(0.735583 -0.0610261 0)
(0.75529 -0.0670477 -1.03485e-18)
(0.77516 -0.0730656 0)
(0.795044 -0.0789813 0)
(0.814853 -0.0847106 0)
(0.834564 -0.0902275 7.04952e-19)
(0.854204 -0.0956134 1.40776e-18)
(0.873796 -0.101079 0)
(0.893293 -0.106946 0)
(0.912506 -0.113582 -6.49015e-19)
(0.931064 -0.121294 0)
(0.948424 -0.130205 1.2928e-18)
(0.963946 -0.14017 6.86132e-19)
(0.977011 -0.150761 0)
(0.98716 -0.161353 6.9949e-19)
(0.994184 -0.171261 1.3343e-18)
(0.99815 -0.179854 1.406e-18)
(0.999361 -0.186639 7.14242e-19)
(0.99829 -0.191304 -1.61685e-18)
(0.995512 -0.193691 1.74791e-18)
(0.991685 -0.193776 2.83551e-18)
(0.987519 -0.191656 0)
(0.98374 -0.187539 0)
(0.98104 -0.18172 1.19697e-18)
(0.98004 -0.174563 0)
(0.981267 -0.16647 2.50211e-18)
(0.985133 -0.157871 2.5346e-18)
(0.991971 -0.149204 0)
(1.00194 -0.140911 2.40398e-18)
(1.01533 -0.133419 -1.04169e-18)
(1.03149 -0.127164 0)
(1.05234 -0.12249 0)
(1.07001 -0.119838 0)
(1.10691 -0.119403 -1.9312e-19)
(0.974733 0.218938 -3.35621e-18)
(0.975458 0.208201 3.21286e-18)
(0.976056 0.201058 -6.23977e-18)
(0.975936 0.197366 2.87066e-18)
(0.974875 0.19446 0)
(0.9732 0.190786 2.53115e-18)
(0.971487 0.186584 -4.8453e-18)
(0.970472 0.182339 -4.49232e-18)
(0.970994 0.17813 -7.9248e-20)
(0.973704 0.17395 0)
(0.978806 0.169868 0)
(0.985964 0.165856 3.59827e-18)
(0.994363 0.161685 3.29338e-18)
(1.00283 0.15694 -3.27911e-18)
(1.00995 0.151228 -8.90233e-18)
(1.01427 0.144451 0)
(1.01489 0.136908 0)
(1.01186 0.128902 0)
(1.00564 0.120422 0)
(0.996716 0.11145 0)
(0.985583 0.102193 0)
(0.972869 0.0929285 0)
(0.959259 0.0838676 1.24076e-18)
(0.945383 0.0751249 -2.58788e-18)
(0.931765 0.0667347 0)
(0.918813 0.058697 0)
(0.906844 0.0510038 0)
(0.896102 0.0436254 0)
(0.886751 0.0365021 0)
(0.878893 0.0295908 -6.62561e-19)
(0.87259 0.0228639 0)
(0.86788 0.0162927 0)
(0.864766 0.00984256 1.26094e-20)
(0.863191 0.00344955 0)
(0.86306 -0.00275179 -4.10489e-20)
(0.864325 -0.00882152 0)
(0.866896 -0.0148443 1.70795e-19)
(0.870649 -0.0208512 0)
(0.875468 -0.0268587 6.7269e-19)
(0.881242 -0.0328822 -3.30674e-19)
(0.887853 -0.0389326 -6.8895e-19)
(0.895169 -0.0450156 -6.65107e-19)
(0.903053 -0.0511322 6.67603e-19)
(0.911365 -0.0572799 6.70596e-19)
(0.919957 -0.0634505 1.40234e-18)
(0.928677 -0.0696251 1.4115e-18)
(0.937374 -0.075767 0)
(0.945913 -0.0818171 -7.44539e-19)
(0.954192 -0.0877065 0)
(0.962154 -0.093374 0)
(0.969792 -0.0987839 -1.48132e-18)
(0.977141 -0.103952 -7.2378e-19)
(0.98426 -0.10897 4.77657e-20)
(0.991191 -0.114014 0)
(0.997913 -0.119324 0)
(1.0043 -0.125155 0)
(1.01009 -0.131707 1.4925e-18)
(1.01493 -0.13905 -1.39841e-18)
(1.01841 -0.147071 -1.38797e-18)
(1.02018 -0.155466 0)
(1.02002 -0.163787 -1.42723e-18)
(1.01794 -0.171527 9.50033e-20)
(1.01415 -0.178218 -1.57606e-18)
(1.00903 -0.183497 1.75771e-18)
(1.00307 -0.187135 -4.73108e-20)
(0.996802 -0.189026 -1.98057e-18)
(0.990788 -0.189157 -2.14485e-18)
(0.98556 -0.187598 0)
(0.981615 -0.184494 0)
(0.979389 -0.180054 0)
(0.979247 -0.174543 0)
(0.981482 -0.168269 -2.83947e-18)
(0.986317 -0.161573 -2.87452e-18)
(0.993941 -0.154821 0)
(1.00443 -0.148387 -2.72421e-18)
(1.01802 -0.142634 4.9101e-18)
(1.03411 -0.137918 0)
(1.05456 -0.134479 0)
(1.07185 -0.132633 0)
(1.10773 -0.132408 9.13636e-19)
(0.975035 0.218502 8.34392e-18)
(0.977127 0.207476 0)
(0.979623 0.200809 1.42818e-17)
(0.980942 0.19772 0)
(0.980747 0.195178 6.2166e-18)
(0.979838 0.19182 0)
(0.978655 0.187904 5.47547e-18)
(0.977181 0.183662 0)
(0.975604 0.178993 -5.03889e-18)
(0.974439 0.173897 0)
(0.97427 0.168549 8.88499e-18)
(0.975577 0.163112 -4.11303e-18)
(0.978659 0.157621 0)
(0.983537 0.151978 7.31101e-18)
(0.989866 0.146033 -1.87028e-19)
(0.996991 0.139703 -6.68499e-18)
(1.00405 0.133126 6.47906e-18)
(1.01036 0.12639 0)
(1.01554 0.119354 0)
(1.01936 0.111922 6.08922e-18)
(1.02166 0.104162 0)
(1.02251 0.0962145 -2.96234e-18)
(1.02211 0.0881965 0)
(1.02073 0.0801833 2.80587e-18)
(1.01864 0.0722193 0)
(1.01612 0.0643324 2.89779e-18)
(1.01338 0.0565386 0)
(1.01062 0.0488368 0)
(1.008 0.0412164 1.44791e-18)
(1.00562 0.0336774 6.95924e-19)
(1.00358 0.0262274 0)
(1.00194 0.0188697 0)
(1.00073 0.0116059 -1.0878e-18)
(0.999982 0.00443795 0)
(0.999651 -0.00254233 0)
(0.999708 -0.00939019 0)
(1.00014 -0.0161677 -1.78079e-19)
(1.0009 -0.0228865 0)
(1.00194 -0.0295411 -1.10573e-18)
(1.00321 -0.03613 -7.50679e-19)
(1.00464 -0.0426533 7.24751e-19)
(1.00618 -0.0491081 0)
(1.00777 -0.0554886 0)
(1.00933 -0.0617868 1.54389e-18)
(1.01081 -0.0679917 -1.49846e-18)
(1.01214 -0.074086 -1.51515e-18)
(1.01328 -0.080043 0)
(1.01419 -0.0858256 -5.80673e-20)
(1.01486 -0.0913941 1.63531e-18)
(1.01533 -0.096721 0)
(1.01564 -0.101805 1.628e-18)
(1.01589 -0.106684 1.70305e-18)
(1.01615 -0.111453 -1.66929e-18)
(1.01649 -0.116259 0)
(1.0169 -0.121286 0)
(1.01731 -0.126721 0)
(1.01755 -0.132704 -1.67997e-18)
(1.01738 -0.139275 0)
(1.01654 -0.146344 0)
(1.01481 -0.153684 0)
(1.01211 -0.160962 3.65979e-18)
(1.00846 -0.167805 -1.80318e-18)
(1.00407 -0.173857 0)
(0.999226 -0.178833 -2.00476e-18)
(0.9943 -0.182531 -2.2273e-18)
(0.989673 -0.184832 4.623e-18)
(0.985715 -0.185691 -4.899e-18)
(0.982767 -0.185123 -5.181e-18)
(0.98113 -0.183214 0)
(0.981065 -0.180108 -5.70397e-18)
(0.982791 -0.176014 0)
(0.986499 -0.171192 0)
(0.99235 -0.165947 0)
(1.00052 -0.160616 5.99343e-18)
(1.0111 -0.155549 -5.73909e-18)
(1.0244 -0.15108 -8.0014e-18)
(1.03989 -0.147508 0)
(1.05947 -0.144999 3.60808e-18)
(1.07602 -0.143763 0)
(1.11034 -0.14361 -1.50417e-18)
(0.975434 0.21769 -9.46457e-18)
(0.979143 0.20609 -9.2129e-18)
(0.983423 0.200245 -1.64487e-17)
(0.98558 0.197996 0)
(0.985486 0.195678 -1.4135e-17)
(0.984786 0.192413 -6.73374e-18)
(0.9842 0.188726 0)
(0.983452 0.184719 1.20013e-17)
(0.982353 0.180193 1.12032e-17)
(0.981033 0.175095 0)
(0.979702 0.169516 -1.00484e-17)
(0.978603 0.163553 0)
(0.97805 0.15727 0)
(0.978376 0.150691 8.71275e-18)
(0.979804 0.14382 8.0754e-18)
(0.982396 0.13669 -1.82318e-19)
(0.986006 0.129512 1.84344e-19)
(0.990362 0.12244 0)
(0.995174 0.115375 0)
(1.0001 0.108199 -6.97736e-18)
(1.00479 0.100887 -7.06816e-18)
(1.00904 0.0934781 1.03593e-17)
(1.01274 0.0860177 3.45278e-18)
(1.01588 0.0785361 3.42453e-18)
(1.01848 0.0710508 0)
(1.02058 0.0635713 -3.27338e-18)
(1.02225 0.0561022 0)
(1.02353 0.0486441 0)
(1.02448 0.0411973 -3.30711e-18)
(1.02515 0.0337686 0)
(1.02555 0.0263713 0)
(1.02574 0.0190198 0)
(1.02573 0.0117304 8.20556e-19)
(1.02556 0.00453635 -4.27842e-19)
(1.02528 -0.00254679 2.13782e-19)
(1.02489 -0.00951985 0)
(1.02442 -0.0163974 0)
(1.02388 -0.0231829 0)
(1.02326 -0.0298717 8.3425e-19)
(1.02257 -0.0364606 8.39118e-19)
(1.02178 -0.0429482 -1.75073e-18)
(1.02089 -0.0493315 0)
(1.0199 -0.0556059 0)
(1.0188 -0.0617658 -3.53237e-18)
(1.01759 -0.0678036 -1.81521e-18)
(1.01626 -0.0737082 0)
(1.01483 -0.0794636 0)
(1.01331 -0.0850493 1.82613e-18)
(1.01175 -0.090446 5.63751e-20)
(1.01019 -0.0956458 0)
(1.00872 -0.100662 0)
(1.00741 -0.10554 -1.93712e-18)
(1.00634 -0.11036 0)
(1.00555 -0.115243 0)
(1.00505 -0.12033 0)
(1.00477 -0.125759 0)
(1.00457 -0.131632 0)
(1.00429 -0.137974 -4.16288e-18)
(1.00373 -0.144716 0)
(1.00274 -0.151685 0)
(1.00123 -0.158625 1.67185e-19)
(0.999222 -0.165239 0)
(0.996835 -0.171231 0)
(0.994265 -0.176343 0)
(0.99175 -0.180374 9.99245e-18)
(0.989536 -0.183185 -5.23722e-18)
(0.98786 -0.1847 5.54213e-18)
(0.98694 -0.184904 1.46774e-20)
(0.986972 -0.183844 0)
(0.988137 -0.181638 6.43468e-18)
(0.990609 -0.178469 -6.55323e-18)
(0.994568 -0.174581 0)
(1.0002 -0.170272 0)
(1.00773 -0.165876 -1.45742e-19)
(1.01734 -0.161737 6.48845e-18)
(1.0294 -0.158177 5.97896e-18)
(1.04355 -0.155449 0)
(1.06168 -0.153676 -4.09555e-18)
(1.0771 -0.152884 0)
(1.10959 -0.15281 1.13372e-18)
(0.975986 0.216474 0)
(0.981692 0.204215 2.12228e-17)
(0.987769 0.199647 1.88293e-17)
(0.990441 0.198411 0)
(0.990122 0.196236 8.03289e-18)
(0.989271 0.192974 -7.77333e-18)
(0.988772 0.189389 0)
(0.988281 0.185463 -1.35703e-17)
(0.987611 0.180999 0)
(0.986852 0.175995 0)
(0.98604 0.170512 0)
(0.985145 0.164577 0)
(0.984206 0.1582 0)
(0.983343 0.151386 1.82805e-19)
(0.982702 0.144142 -9.53245e-18)
(0.982426 0.13652 -1.82177e-19)
(0.98266 0.128776 1.8359e-19)
(0.9835 0.121146 0)
(0.984945 0.113609 0)
(0.986874 0.106091 0)
(0.989102 0.0985719 -2.02552e-19)
(0.991462 0.0910731 2.0647e-19)
(0.993841 0.0836203 -3.9539e-18)
(0.996165 0.0762236 -3.92274e-18)
(0.99838 0.06888 0)
(1.00044 0.0615803 -3.98718e-18)
(1.00231 0.054315 3.97464e-18)
(1.00397 0.0470759 0)
(1.00538 0.0398572 1.92596e-18)
(1.00655 0.0326597 1.9841e-18)
(1.00745 0.0254918 0)
(1.00808 0.0183677 0)
(1.00846 0.0113017 1.00259e-18)
(1.0086 0.004331 -1.48602e-20)
(1.00855 -0.002577 -4.94973e-19)
(1.00834 -0.0093935 0)
(1.00799 -0.0161117 0)
(1.00753 -0.0227386 -1.01166e-18)
(1.00696 -0.0292761 0)
(1.00629 -0.0357226 -1.0217e-18)
(1.00553 -0.0420763 -5.89919e-20)
(1.0047 -0.0483348 0)
(1.00381 -0.0544948 2.08924e-18)
(1.00286 -0.060552 4.15869e-18)
(1.00188 -0.0665008 2.07176e-18)
(1.00087 -0.0723332 0)
(0.999863 -0.0780385 -4.3569e-18)
(0.998878 -0.0836042 0)
(0.997955 -0.0890202 -2.17855e-18)
(0.997142 -0.0942861 0)
(0.996496 -0.0994187 0)
(0.996075 -0.104459 0)
(0.99593 -0.109478 0)
(0.996087 -0.11457 0)
(0.996533 -0.119848 -4.77765e-18)
(0.99721 -0.12542 4.80964e-18)
(0.998009 -0.131362 0)
(0.99879 -0.137693 4.72403e-18)
(0.999398 -0.144355 -4.91602e-18)
(0.999702 -0.151205 0)
(0.999621 -0.158032 -4.91256e-18)
(0.999142 -0.16458 0)
(0.998322 -0.170585 0)
(0.997271 -0.175803 0)
(0.99613 -0.180032 -5.68721e-18)
(0.995051 -0.183122 6.02937e-18)
(0.994183 -0.184978 -6.29929e-18)
(0.993675 -0.185567 1.31578e-17)
(0.99368 -0.184921 -6.84939e-18)
(0.994366 -0.183149 0)
(0.99593 -0.180433 7.39998e-18)
(0.998602 -0.177023 -7.45194e-18)
(1.00265 -0.17323 0)
(1.00838 -0.169398 -1.16902e-19)
(1.01609 -0.165873 -7.10988e-18)
(1.02626 -0.162978 0)
(1.03861 -0.160915 0)
(1.05513 -0.159809 -4.57073e-18)
(1.06934 -0.159372 0)
(1.10045 -0.159563 -1.28596e-18)
(0.976761 0.214804 0)
(0.984936 0.20201 -1.2227e-17)
(0.992771 0.199204 -1.07079e-17)
(0.995649 0.198991 0)
(0.994983 0.196871 1.84339e-17)
(0.993957 0.193635 1.74074e-17)
(0.993389 0.19014 0)
(0.992829 0.186205 1.56715e-17)
(0.992161 0.181685 -1.48818e-17)
(0.99156 0.176662 0)
(0.991075 0.171202 0)
(0.990636 0.165313 0)
(0.990183 0.158988 0)
(0.989696 0.15221 -1.13268e-17)
(0.989165 0.144966 -1.11308e-17)
(0.988598 0.137281 1.02314e-17)
(0.988069 0.129389 -3.02867e-17)
(0.9877 0.12154 0)
(0.987572 0.113753 0)
(0.98769 0.10599 9.70563e-18)
(0.988003 0.0982516 1.89823e-17)
(0.988459 0.0905691 -9.29429e-18)
(0.989024 0.0829719 0)
(0.989681 0.0754707 0)
(0.990407 0.0680617 -4.66077e-18)
(0.991175 0.0607341 9.18207e-18)
(0.991954 0.0534763 -9.1593e-18)
(0.992715 0.0462772 0)
(0.99343 0.0391277 0)
(0.994074 0.0320239 -2.26111e-18)
(0.994624 0.0249694 0)
(0.995066 0.0179717 2.33143e-18)
(0.995394 0.0110442 -1.1425e-18)
(0.995628 0.00418532 -1.4496e-20)
(0.995778 -0.00261544 -7.26893e-21)
(0.995847 -0.00933419 0)
(0.995851 -0.0159637 0)
(0.995804 -0.0225114 -2.9005e-20)
(0.995715 -0.0289808 1.18385e-18)
(0.995589 -0.03537 3.54093e-18)
(0.995433 -0.0416767 4.73099e-18)
(0.995257 -0.047899 2.41119e-18)
(0.99507 -0.0540342 -2.37228e-18)
(0.994881 -0.0600786 -2.39343e-18)
(0.994699 -0.0660276 2.47412e-18)
(0.994535 -0.0718748 0)
(0.994404 -0.0776122 4.93963e-18)
(0.994324 -0.0832311 -5.11089e-18)
(0.994323 -0.0887259 0)
(0.994434 -0.0940993 0)
(0.994698 -0.0993688 0)
(0.995152 -0.104572 0)
(0.995827 -0.109768 0)
(0.996735 -0.115037 0)
(0.997856 -0.120472 5.39494e-18)
(0.999133 -0.126158 -1.09851e-17)
(1.00047 -0.132156 -5.59628e-18)
(1.00175 -0.138476 5.64013e-18)
(1.00282 -0.145064 5.54317e-18)
(1.00357 -0.151795 -5.76909e-18)
(1.00389 -0.158479 5.86935e-18)
(1.00373 -0.164885 0)
(1.0031 -0.170765 6.16818e-18)
(1.00201 -0.175883 -6.36977e-18)
(1.00054 -0.180036 0)
(0.998779 -0.183065 -1.36654e-17)
(0.996823 -0.184869 7.11146e-18)
(0.994813 -0.185415 -1.48739e-17)
(0.992928 -0.184742 7.75506e-18)
(0.991397 -0.182974 0)
(0.990505 -0.180314 8.23798e-18)
(0.990594 -0.177038 8.49106e-18)
(0.992046 -0.173474 -8.46463e-18)
(0.995291 -0.169983 -8.46494e-18)
(1.0007 -0.166914 8.15294e-18)
(1.00886 -0.164591 0)
(1.01953 -0.163156 0)
(1.03486 -0.162785 5.26093e-18)
(1.04826 -0.162715 0)
(1.07927 -0.163534 1.48381e-18)
(0.977833 0.212617 1.62124e-17)
(0.988995 0.19965 0)
(0.998472 0.199058 -2.41059e-17)
(1.00125 0.199733 2.18395e-17)
(1.00018 0.19759 -2.08264e-17)
(0.99903 0.194434 1.99751e-17)
(0.998399 0.191033 0)
(0.997724 0.187058 1.60212e-19)
(0.996946 0.182455 1.68015e-17)
(0.996278 0.177367 0)
(0.995792 0.171857 0)
(0.995442 0.165931 0)
(0.995188 0.159586 2.77201e-17)
(0.995003 0.152813 0)
(0.994848 0.145595 2.4702e-17)
(0.994672 0.13794 0)
(0.994465 0.130056 4.62022e-17)
(0.994268 0.122182 0)
(0.994123 0.114345 0)
(0.994032 0.10652 -2.20916e-17)
(0.993975 0.0987122 -1.08197e-17)
(0.993934 0.090955 0)
(0.993915 0.0832783 0)
(0.993934 0.0756966 0)
(0.994 0.0682108 5.26268e-18)
(0.994118 0.0608149 -5.24554e-18)
(0.994283 0.0535004 -1.07971e-19)
(0.994486 0.0462585 0)
(0.994716 0.0390803 5.34134e-18)
(0.994959 0.0319616 0)
(0.995204 0.0249042 0)
(0.995439 0.0179118 -2.63526e-18)
(0.995661 0.0109913 1.35052e-18)
(0.995865 0.00413599 -1.44103e-20)
(0.996051 -0.0026531 3.30014e-19)
(0.996218 -0.00936326 0)
(0.996371 -0.0159896 0)
(0.996518 -0.022537 1.32899e-18)
(0.996664 -0.0290086 -1.33461e-18)
(0.996811 -0.0354039 -2.68295e-18)
(0.996962 -0.0417211 -2.69917e-18)
(0.997121 -0.0479589 -2.71778e-18)
(0.997293 -0.0541156 0)
(0.997483 -0.0601879 0)
(0.997696 -0.0661718 -2.78766e-18)
(0.997937 -0.0720618 -5.74535e-18)
(0.998215 -0.0778514 0)
(0.998541 -0.083534 1.16241e-17)
(0.998932 -0.0891061 0)
(0.999407 -0.0945717 0)
(0.99999 -0.0999471 -6.07364e-18)
(1.0007 -0.105265 6.14226e-18)
(1.00155 -0.110578 6.20809e-18)
(1.00252 -0.115951 0)
(1.00359 -0.121462 6.32694e-18)
(1.00469 -0.127178 1.26334e-17)
(1.00572 -0.133144 -1.35773e-19)
(1.00654 -0.139363 -6.34956e-18)
(1.00702 -0.145776 0)
(1.00699 -0.152264 6.50028e-18)
(1.00634 -0.158646 1.50278e-19)
(1.00496 -0.164702 0)
(1.0028 -0.170193 -1.40657e-17)
(0.999843 -0.174891 -1.13928e-19)
(0.996116 -0.178595 0)
(0.991704 -0.181158 7.79193e-18)
(0.986746 -0.182496 0)
(0.98145 -0.182596 8.48464e-18)
(0.976101 -0.181533 -8.82697e-18)
(0.971059 -0.179464 -9.14237e-18)
(0.966751 -0.176624 -9.47519e-18)
(0.963656 -0.173319 9.62409e-18)
(0.962269 -0.169895 9.78584e-18)
(0.96311 -0.166719 0)
(0.9666 -0.164127 0)
(0.973361 -0.162442 0)
(0.983143 -0.161728 0)
(0.998257 -0.162271 0)
(1.01171 -0.16268 0)
(1.04452 -0.164607 0)
(0.979275 0.209853 1.98862e-17)
(0.993932 0.197332 0)
(1.00486 0.199293 2.72579e-17)
(1.00729 0.200615 -2.19074e-20)
(1.00581 0.198412 0)
(1.00459 0.195393 -4.51717e-17)
(1.00391 0.192068 0)
(1.00315 0.188034 -2.01197e-17)
(1.00229 0.183353 1.93096e-17)
(1.00156 0.178202 -1.83781e-17)
(1.001 0.17263 3.49587e-17)
(1.0006 0.166637 -3.32494e-17)
(1.00031 0.16023 -3.12563e-17)
(1.00015 0.153407 0)
(1.00008 0.146158 2.86502e-17)
(1.00007 0.138485 0)
(1.0001 0.130587 -5.28854e-17)
(1.00016 0.122697 2.62118e-17)
(1.00027 0.114844 0)
(1.0004 0.107005 1.25583e-17)
(1.00052 0.0991851 0)
(1.00062 0.0914105 0)
(1.00069 0.0837083 -1.24228e-17)
(1.00075 0.0760929 0)
(1.00082 0.0685667 0)
(1.0009 0.0611263 0)
(1.001 0.0537656 6.01554e-18)
(1.00112 0.046478 0)
(1.00126 0.0392558 1.11111e-19)
(1.00141 0.0320961 6.13478e-18)
(1.00158 0.025001 0)
(1.00174 0.0179734 0)
(1.00191 0.0110125 -1.51451e-18)
(1.00208 0.00412658 7.56561e-19)
(1.00225 -0.00268726 0)
(1.00241 -0.0094248 3.86076e-19)
(1.00258 -0.0160821 7.73978e-19)
(1.00275 -0.0226614 0)
(1.00294 -0.0291658 0)
(1.00313 -0.0355953 3.13502e-18)
(1.00334 -0.0419486 0)
(1.00356 -0.0482242 -3.17457e-18)
(1.00379 -0.0544199 3.19822e-18)
(1.00403 -0.0605324 0)
(1.00427 -0.0665569 0)
(1.00452 -0.0724877 -1.14828e-19)
(1.00476 -0.078318 0)
(1.00501 -0.084041 -6.59327e-18)
(1.00525 -0.0896528 6.78209e-18)
(1.00548 -0.0951559 0)
(1.00572 -0.100563 6.82834e-18)
(1.00595 -0.105902 1.12413e-19)
(1.00615 -0.111215 -6.98488e-18)
(1.00631 -0.116557 0)
(1.00635 -0.121988 -7.12699e-18)
(1.0062 -0.127561 -7.19322e-18)
(1.00574 -0.133306 1.46551e-17)
(1.00482 -0.139213 0)
(1.00327 -0.145219 7.56857e-18)
(1.00093 -0.151202 7.68261e-18)
(0.997644 -0.156987 1.45443e-19)
(0.993288 -0.162364 0)
(0.987796 -0.167108 2.45186e-17)
(0.981165 -0.171008 8.35959e-18)
(0.973468 -0.173889 -1.75305e-17)
(0.964862 -0.175635 0)
(0.955598 -0.1762 -1.89198e-17)
(0.946022 -0.175615 -1.96882e-17)
(0.93657 -0.173999 1.02414e-17)
(0.927755 -0.171547 1.06403e-17)
(0.920137 -0.168527 -2.19042e-17)
(0.914299 -0.165259 1.11611e-17)
(0.910803 -0.162091 0)
(0.910196 -0.159377 0)
(0.912883 -0.157428 2.18424e-17)
(0.919473 -0.156555 0)
(0.929611 -0.156733 0)
(0.945854 -0.158419 0)
(0.960401 -0.159478 0)
(0.997117 -0.162989 0)
(0.981152 0.206468 -4.34417e-17)
(0.999746 0.195256 -3.77066e-17)
(1.01186 0.199924 -2.99984e-17)
(1.01376 0.201604 -5.62861e-21)
(1.01195 0.199368 0)
(1.01072 0.196531 2.54736e-17)
(1.01001 0.193247 0)
(1.0092 0.189139 0)
(1.00831 0.184389 -2.17155e-17)
(1.00756 0.179184 2.06711e-17)
(1.00697 0.173552 -7.90259e-17)
(1.00653 0.167494 3.74112e-17)
(1.0062 0.161021 3.59742e-17)
(1.00599 0.154136 3.42549e-17)
(1.00589 0.146829 3.77495e-19)
(1.00587 0.139105 0)
(1.00591 0.131158 6.03421e-17)
(1.00603 0.12322 -2.95093e-17)
(1.00621 0.115326 0)
(1.00644 0.107456 -2.91259e-17)
(1.00668 0.099611 0)
(1.0069 0.0918144 -1.4288e-17)
(1.0071 0.084089 1.39796e-17)
(1.00728 0.0764473 1.41132e-17)
(1.00745 0.0688912 1.40563e-17)
(1.00762 0.0614175 1.40171e-17)
(1.00779 0.0540214 0)
(1.00795 0.0466971 0)
(1.00812 0.0394372 -6.8864e-18)
(1.00828 0.0322404 -6.8971e-18)
(1.00843 0.0251091 0)
(1.00858 0.0180454 0)
(1.00872 0.0110505 -1.75637e-18)
(1.00884 0.00413154 0)
(1.00896 -0.00271437 -4.39068e-19)
(1.00907 -0.00948528 -4.32523e-19)
(1.00916 -0.0161769 1.44658e-20)
(1.00923 -0.0227895 0)
(1.00928 -0.0293248 -3.555e-18)
(1.00931 -0.0357823 5.79979e-20)
(1.0093 -0.0421596 3.59532e-18)
(1.00925 -0.0484536 3.56203e-18)
(1.00913 -0.05466 -3.58978e-18)
(1.00894 -0.0607734 0)
(1.00865 -0.0667868 0)
(1.00825 -0.072692 7.38239e-18)
(1.00771 -0.0784797 0)
(1.00703 -0.084141 0)
(1.00617 -0.0896693 -1.53893e-17)
(1.00513 -0.0950641 0)
(1.00389 -0.100334 0)
(1.00243 -0.105501 -7.93057e-18)
(1.00072 -0.110599 0)
(0.998721 -0.115673 -8.24327e-18)
(0.996368 -0.12077 0)
(0.993564 -0.125931 0)
(0.990182 -0.131173 -1.69686e-17)
(0.98607 -0.136475 -1.7327e-17)
(0.981056 -0.14177 8.93195e-18)
(0.974972 -0.146939 -8.80621e-18)
(0.967674 -0.151816 -8.99274e-18)
(0.959066 -0.15621 0)
(0.949124 -0.159922 -3.82289e-17)
(0.937917 -0.162775 0)
(0.925613 -0.164636 4.09726e-17)
(0.912492 -0.165434 -2.13743e-17)
(0.898943 -0.16517 2.21668e-17)
(0.885452 -0.163926 2.31405e-17)
(0.872589 -0.161856 0)
(0.860973 -0.159185 -2.50547e-17)
(0.851242 -0.156194 2.5931e-17)
(0.844019 -0.153199 -2.65736e-17)
(0.839866 -0.150531 0)
(0.839298 -0.148518 0)
(0.842654 -0.14743 1.18338e-20)
(0.850499 -0.147566 0)
(0.862316 -0.148802 0)
(0.880967 -0.151824 0)
(0.897552 -0.153712 0)
(0.939986 -0.159187 0)
(0.983507 0.202468 0)
(1.00638 0.193566 1.98096e-19)
(1.01938 0.200873 3.37121e-17)
(1.02068 0.202652 -6.21988e-17)
(1.01864 0.200472 0)
(1.01744 0.197843 0)
(1.01675 0.194564 0)
(1.01591 0.190375 2.59273e-17)
(1.01503 0.185566 0)
(1.01427 0.180309 0)
(1.01368 0.174617 4.45391e-17)
(1.01321 0.168495 -4.27841e-17)
(1.01284 0.161957 3.79898e-19)
(1.01258 0.155007 -3.84611e-17)
(1.01241 0.147637 -3.6642e-17)
(1.01232 0.13985 0)
(1.0123 0.131839 3.80896e-19)
(1.01235 0.123838 0)
(1.01247 0.115884 0)
(1.01263 0.107961 -4.03134e-19)
(1.01281 0.100071 0)
(1.01297 0.0922338 1.60581e-17)
(1.01312 0.0844702 0)
(1.01324 0.0767907 -1.58613e-17)
(1.01334 0.069197 2.14606e-19)
(1.01342 0.0616857 -1.57521e-17)
(1.01348 0.054253 -7.97235e-18)
(1.01352 0.0468937 0)
(1.01352 0.0396 0)
(1.01349 0.0323719 7.98957e-18)
(1.01342 0.0252121 0)
(1.0133 0.0181221 0)
(1.01314 0.011105 3.95913e-18)
(1.0129 0.00416673 0)
(1.01259 -0.00269264 9.90786e-19)
(1.0122 -0.00947022 0)
(1.0117 -0.0161606 -9.88807e-19)
(1.01108 -0.0227613 -2.0146e-18)
(1.01033 -0.0292717 3.99185e-18)
(1.00942 -0.0356886 -4.01582e-18)
(1.00834 -0.042007 -4.04356e-18)
(1.00705 -0.0482205 0)
(1.00554 -0.0543216 0)
(1.00378 -0.0603017 0)
(1.00173 -0.066151 8.49893e-18)
(0.99939 -0.0718584 0)
(0.99672 -0.0774125 0)
(0.993706 -0.0828028 0)
(0.990334 -0.0880217 -1.09825e-19)
(0.986594 -0.0930674 0)
(0.982478 -0.0979475 -9.1689e-18)
(0.977977 -0.10268 -9.30134e-18)
(0.973071 -0.107296 -9.43692e-18)
(0.967727 -0.111833 9.46406e-18)
(0.961886 -0.116331 0)
(0.955456 -0.12082 0)
(0.948317 -0.12531 9.88734e-18)
(0.940322 -0.129774 2.00911e-17)
(0.93131 -0.134146 -2.04474e-17)
(0.921133 -0.138315 0)
(0.909681 -0.142133 0)
(0.896908 -0.145435 0)
(0.882859 -0.148059 2.26278e-17)
(0.867687 -0.14987 -2.36165e-17)
(0.851665 -0.15078 -2.43479e-17)
(0.835179 -0.150766 2.53692e-17)
(0.818722 -0.149872 -2.65576e-17)
(0.802875 -0.148214 0)
(0.788278 -0.145971 2.88392e-17)
(0.775597 -0.143377 2.99575e-17)
(0.765487 -0.140709 3.09276e-17)
(0.758556 -0.138265 0)
(0.755328 -0.136346 0)
(0.756259 -0.135247 3.17982e-17)
(0.761608 -0.135194 5.78542e-20)
(0.771883 -0.136476 2.85863e-17)
(0.78639 -0.13887 0)
(0.808406 -0.143334 0)
(0.827633 -0.146188 0)
(0.876942 -0.15385 0)
(0.98634 0.197925 -6.18312e-17)
(1.01372 0.19242 5.31524e-19)
(1.02734 0.202081 -3.65178e-17)
(1.02804 0.203755 3.4767e-17)
(1.02583 0.201734 0)
(1.02461 0.199292 0)
(1.02378 0.195957 0)
(1.02275 0.19166 -2.89597e-17)
(1.02163 0.186764 0)
(1.02061 0.181421 0)
(1.01973 0.175635 5.06201e-17)
(1.01894 0.169417 -3.78602e-19)
(1.01825 0.162786 -4.56486e-17)
(1.01766 0.155746 0)
(1.01715 0.148292 0)
(1.0167 0.140423 0)
(1.01631 0.132333 -7.77573e-17)
(1.01598 0.124256 0)
(1.01571 0.116233 0)
(1.01547 0.108249 3.72126e-17)
(1.01522 0.100306 0)
(1.01493 0.0924226 0)
(1.0146 0.0846181 0)
(1.0142 0.0769022 -1.82833e-17)
(1.01374 0.0692765 -3.62266e-17)
(1.0132 0.0617384 1.81785e-17)
(1.01259 0.0542848 -9.18753e-18)
(1.01189 0.0469135 0)
(1.01108 0.0396104 9.09008e-18)
(1.01018 0.0323865 -8.98441e-18)
(1.00914 0.0252432 0)
(1.00795 0.0181811 0)
(1.00658 0.0112059 -6.77637e-18)
(1.00501 0.00432515 -2.27069e-18)
(1.00322 -0.00245742 -1.1309e-18)
(1.00119 -0.00913667 0)
(0.998905 -0.0157053 0)
(0.996336 -0.0221579 2.27821e-18)
(0.993466 -0.0284907 4.64195e-18)
(0.990273 -0.0346979 -4.67647e-18)
(0.986735 -0.040772 4.71575e-18)
(0.982832 -0.0467043 0)
(0.978546 -0.0524858 0)
(0.973858 -0.0581065 0)
(0.968757 -0.0635562 -9.73541e-18)
(0.963234 -0.068824 9.97034e-18)
(0.957284 -0.0739 0)
(0.95091 -0.0787756 0)
(0.944122 -0.0834459 -1.02039e-19)
(0.936935 -0.0879119 0)
(0.929363 -0.0921833 1.06523e-17)
(0.921419 -0.0962793 -9.9053e-20)
(0.913102 -0.100229 2.21347e-17)
(0.904392 -0.104066 0)
(0.895236 -0.107826 0)
(0.885549 -0.111532 0)
(0.875214 -0.115188 2.38112e-17)
(0.864087 -0.118766 0)
(0.852018 -0.122204 -2.47393e-17)
(0.838879 -0.125403 0)
(0.824588 -0.128238 -2.59124e-17)
(0.809144 -0.130573 0)
(0.792645 -0.132281 0)
(0.775309 -0.133269 2.82793e-17)
(0.757472 -0.133489 0)
(0.739586 -0.132954 0)
(0.722197 -0.131738 3.19395e-17)
(0.705929 -0.129978 0)
(0.691445 -0.127863 -6.94222e-17)
(0.679419 -0.125626 3.60101e-17)
(0.670493 -0.123527 -3.71252e-17)
(0.665245 -0.121841 3.79225e-17)
(0.664151 -0.120835 -3.82331e-17)
(0.667611 -0.120771 5.00096e-20)
(0.675801 -0.12183 9.48002e-20)
(0.689215 -0.124304 -3.30926e-17)
(0.706975 -0.127871 -2.86372e-17)
(0.732822 -0.133777 0)
(0.754828 -0.137651 1.40971e-17)
(0.811404 -0.147559 -6.92838e-18)
(0.989625 0.192955 6.52365e-17)
(1.02178 0.191897 8.5968e-19)
(1.03581 0.203482 6.20228e-19)
(1.03562 0.204915 -3.87466e-17)
(1.0326 0.203033 0)
(1.03029 0.200568 3.59532e-17)
(1.02802 0.196945 0)
(1.02539 0.192332 0)
(1.02262 0.18715 0)
(1.01995 0.181534 0)
(1.01745 0.175495 3.68103e-19)
(1.01514 0.169052 5.40327e-17)
(1.01301 0.162227 0)
(1.01105 0.155025 0)
(1.00923 0.147438 0)
(1.00751 0.139465 -4.52719e-17)
(1.0059 0.131293 -3.69076e-19)
(1.00439 0.123157 0)
(1.00295 0.115094 0)
(1.00154 0.10709 0)
(1.00009 0.0991447 -4.24717e-17)
(0.998566 0.0912747 -2.10924e-17)
(0.996931 0.0834968 0)
(0.995167 0.0758202 2.06981e-17)
(0.993263 0.068247 4.14904e-17)
(0.991206 0.0607749 -2.06137e-17)
(0.988982 0.0534033 -2.06963e-19)
(0.986569 0.046121 0)
(0.983954 0.0389369 -2.07496e-17)
(0.981109 0.0318625 1.04194e-17)
(0.977995 0.0248899 0)
(0.974587 0.0180222 0)
(0.970867 0.0112684 5.1676e-18)
(0.966818 0.00463764 -2.60718e-20)
(0.962426 -0.00186385 6.50756e-19)
(0.957677 -0.00822953 0)
(0.95256 -0.0144512 -2.66019e-18)
(0.947065 -0.0205223 0)
(0.941185 -0.0264377 5.07227e-20)
(0.93491 -0.0321917 5.40813e-18)
(0.928237 -0.0377769 -5.46636e-18)
(0.921161 -0.0431856 -1.11599e-17)
(0.913684 -0.0484102 0)
(0.90581 -0.0534431 -1.14508e-17)
(0.897548 -0.0582768 1.16146e-17)
(0.888913 -0.0629046 -1.1697e-17)
(0.879925 -0.0673206 0)
(0.870612 -0.0715214 -1.21788e-17)
(0.861005 -0.075507 1.23016e-17)
(0.851139 -0.0792832 0)
(0.841049 -0.0828627 0)
(0.830758 -0.0862666 1.29967e-17)
(0.820275 -0.0895224 -1.32417e-17)
(0.809578 -0.0926616 0)
(0.798614 -0.0957127 0)
(0.78729 -0.098694 0)
(0.77548 -0.101604 -5.72655e-17)
(0.763032 -0.104416 0)
(0.749798 -0.10707 2.97323e-17)
(0.735651 -0.109482 0)
(0.720524 -0.111546 3.12108e-17)
(0.704437 -0.113153 3.22741e-17)
(0.687516 -0.114209 0)
(0.670009 -0.114652 3.44522e-17)
(0.652285 -0.114466 3.57475e-17)
(0.634826 -0.113689 0)
(0.618206 -0.112418 -3.86824e-17)
(0.603067 -0.1108 0)
(0.590082 -0.109028 -2.56297e-20)
(0.57992 -0.107327 1.69576e-20)
(0.573206 -0.105938 0)
(0.570485 -0.105108 2.51331e-20)
(0.572189 -0.105073 4.52636e-17)
(0.578667 -0.106062 -4.43244e-17)
(0.590043 -0.108217 -4.18036e-17)
(0.606807 -0.111837 0)
(0.627855 -0.1165 3.25025e-17)
(0.657496 -0.123734 0)
(0.681967 -0.128589 -1.58342e-17)
(0.745444 -0.140634 7.72866e-18)
(0.993547 0.187731 0)
(1.03075 0.19195 4.79288e-17)
(1.04375 0.204766 4.09258e-17)
(1.03991 0.205563 -1.02122e-19)
(1.03195 0.203214 0)
(1.02391 0.199924 -7.97543e-17)
(1.01577 0.195283 0)
(1.00753 0.189741 7.30932e-17)
(0.999638 0.183769 0)
(0.992407 0.177496 0)
(0.98591 0.170933 3.43021e-19)
(0.980097 0.164095 0)
(0.974888 0.156993 -5.90851e-17)
(0.970194 0.149617 5.65375e-17)
(0.965904 0.141948 5.4091e-17)
(0.961897 0.133971 1.03169e-16)
(0.958154 0.12586 5.04352e-17)
(0.954668 0.117836 0)
(0.951353 0.109928 0)
(0.948105 0.102114 4.93514e-17)
(0.944828 0.0943899 4.86685e-17)
(0.941445 0.0867659 2.42061e-17)
(0.937908 0.0792559 0)
(0.93419 0.0718678 0)
(0.930274 0.0646032 -2.40272e-17)
(0.926144 0.0574597 0)
(0.921783 0.0504345 2.40577e-17)
(0.917175 0.0435213 0)
(0.912287 0.0367569 2.42014e-17)
(0.907097 0.0301231 -1.20612e-17)
(0.901586 0.0236117 1.21735e-17)
(0.895742 0.0172324 0)
(0.889557 0.010995 0)
(0.883026 0.00490794 3.05872e-18)
(0.876145 -0.00102296 0)
(0.868915 -0.00679202 -7.81069e-19)
(0.861337 -0.0123925 3.12943e-18)
(0.853417 -0.0178191 0)
(0.845161 -0.0230685 -6.38867e-18)
(0.836577 -0.0281369 0)
(0.827674 -0.0330197 6.58782e-18)
(0.818465 -0.0377122 1.32715e-17)
(0.808966 -0.0422104 0)
(0.799197 -0.0465106 2.74218e-17)
(0.789182 -0.0506097 -1.38926e-17)
(0.77895 -0.0545056 0)
(0.768535 -0.0581973 0)
(0.757976 -0.0616862 1.46391e-17)
(0.747313 -0.0649768 0)
(0.73659 -0.0680783 0)
(0.725843 -0.0710056 -1.55626e-17)
(0.715096 -0.0737793 3.17275e-17)
(0.70435 -0.0764246 0)
(0.693576 -0.0789677 0)
(0.682707 -0.0814309 -3.35932e-17)
(0.671634 -0.0838257 0)
(0.660216 -0.0861458 -1.39269e-19)
(0.648289 -0.0883621 -3.55881e-17)
(0.635691 -0.0904207 -3.63347e-17)
(0.622293 -0.0922462 0)
(0.608026 -0.0937509 -3.80837e-17)
(0.592916 -0.0948486 -3.90142e-17)
(0.577102 -0.0954707 0)
(0.560849 -0.095582 -8.32608e-17)
(0.544551 -0.0951921 -4.3093e-17)
(0.528711 -0.094362 4.47897e-17)
(0.513928 -0.0932031 4.64449e-17)
(0.500855 -0.0918715 -4.82146e-17)
(0.49017 -0.0905571 9.9705e-17)
(0.482527 -0.0894715 -5.13021e-17)
(0.47852 -0.0888347 -5.24447e-17)
(0.478655 -0.0888648 -5.29911e-17)
(0.483313 -0.0897628 0)
(0.492809 -0.091729 0)
(0.507204 -0.0948687 0)
(0.527001 -0.0994833 0)
(0.550849 -0.105064 0)
(0.583724 -0.113392 -2.94217e-17)
(0.609851 -0.119075 0)
(0.679022 -0.132953 0)
(0.9988 0.182496 0)
(1.03779 0.192018 0)
(1.04101 0.204231 4.14572e-17)
(1.0221 0.20259 4.40859e-17)
(0.998563 0.197925 0)
(0.976562 0.192299 4.4274e-17)
(0.956638 0.185617 0)
(0.938828 0.178518 -8.24803e-17)
(0.92333 0.171424 0)
(0.910107 0.164392 0)
(0.898869 0.157374 -1.47705e-16)
(0.889256 0.150329 -7.10771e-17)
(0.880944 0.143222 6.7922e-17)
(0.873653 0.136005 -6.51186e-17)
(0.867126 0.128633 -6.23958e-17)
(0.861127 0.121067 -1.19807e-16)
(0.855588 0.113457 0)
(0.850476 0.105991 5.85918e-17)
(0.845652 0.0986824 0)
(0.840959 0.0915017 -1.15413e-16)
(0.83626 0.0844368 5.7586e-17)
(0.831457 0.0774925 0)
(0.826492 0.0706785 -2.86454e-17)
(0.821339 0.0640006 0)
(0.815983 0.0574597 0)
(0.810414 0.0510541 0)
(0.804622 0.0447736 0)
(0.798595 0.0386434 0)
(0.792316 0.0326683 -1.43619e-17)
(0.785773 0.0268224 0)
(0.778956 0.0211117 -2.8986e-17)
(0.77186 0.0155473 -7.30032e-18)
(0.764483 0.0101357 0)
(0.756827 0.00488236 0)
(0.748897 -0.000209065 -9.32214e-19)
(0.740701 -0.00513504 9.36595e-19)
(0.73225 -0.00989138 0)
(0.723556 -0.0144752 -3.84418e-18)
(0.714635 -0.0188854 0)
(0.705502 -0.0231207 0)
(0.696173 -0.0271793 -1.59496e-17)
(0.686666 -0.0310598 0)
(0.677004 -0.034761 1.64617e-17)
(0.667212 -0.0382826 -1.66666e-17)
(0.657319 -0.041625 0)
(0.647358 -0.0447893 0)
(0.637363 -0.0477779 0)
(0.627376 -0.050595 0)
(0.617436 -0.0532478 -1.82624e-17)
(0.607583 -0.0557465 0)
(0.597849 -0.0581058 1.89096e-17)
(0.58825 -0.0603442 -3.85381e-17)
(0.578778 -0.0624824 3.93617e-17)
(0.56939 -0.0645404 4.00899e-17)
(0.560005 -0.0665331 4.07222e-17)
(0.550501 -0.0684646 0)
(0.540718 -0.0703231 4.22144e-17)
(0.530481 -0.0720776 8.61092e-17)
(0.519616 -0.0736773 8.78039e-17)
(0.507988 -0.075056 -4.48836e-17)
(0.49553 -0.0761413 9.17634e-17)
(0.482273 -0.0768672 4.71106e-17)
(0.468374 -0.0771893 0)
(0.454123 -0.0770973 9.98222e-17)
(0.439937 -0.0766247 0)
(0.426347 -0.0758512 -1.06624e-16)
(0.413962 -0.0748993 5.51356e-17)
(0.403433 -0.0739259 -2.95162e-20)
(0.39541 -0.0731108 -5.85018e-17)
(0.390503 -0.0726451 0)
(0.389252 -0.07272 6.07198e-17)
(0.392103 -0.0735232 6.09928e-17)
(0.399388 -0.0752185 0)
(0.411383 -0.0779797 -5.71887e-17)
(0.428081 -0.0818776 5.33629e-17)
(0.450043 -0.0872163 0)
(0.47562 -0.0934167 0)
(0.510559 -0.102455 3.24219e-17)
(0.536945 -0.108654 0)
(0.609609 -0.123831 0)
(1.00402 0.17724 7.55485e-17)
(1.02676 0.189398 0)
(0.997028 0.196785 -8.70991e-17)
(0.944548 0.189388 0)
(0.895545 0.180292 -4.97707e-17)
(0.856782 0.171509 0)
(0.826286 0.162873 0)
(0.801789 0.154748 0)
(0.782028 0.147246 0)
(0.766051 0.14022 -8.91669e-17)
(0.752991 0.133502 8.58183e-17)
(0.742134 0.126974 -2.05674e-19)
(0.732946 0.120546 0)
(0.725015 0.114139 0)
(0.717996 0.107685 0)
(0.7116 0.101134 1.40497e-16)
(0.705729 0.0946001 0)
(0.70034 0.0882341 -6.88847e-17)
(0.695278 0.0820365 0)
(0.69037 0.0759734 -1.99206e-19)
(0.685466 0.0700297 2.00973e-19)
(0.680464 0.0642058 6.83511e-17)
(0.675312 0.0585079 3.40732e-17)
(0.669994 0.0529403 0)
(0.664506 0.0475037 -3.42798e-17)
(0.658845 0.0421968 0)
(0.653009 0.0370209 0)
(0.647006 0.0319788 0)
(0.640815 0.0270618 1.73666e-17)
(0.634428 0.0222699 -1.74446e-17)
(0.627836 0.0176107 1.74913e-17)
(0.621039 0.0130885 8.80256e-18)
(0.614035 0.00870574 0)
(0.606831 0.00446536 0)
(0.599437 0.000369426 1.1284e-18)
(0.591862 -0.00358023 0)
(0.58412 -0.00738137 0)
(0.576227 -0.0110329 9.34318e-18)
(0.568201 -0.0145351 9.47286e-18)
(0.560056 -0.0178885 -9.59986e-18)
(0.55181 -0.0210929 -2.09548e-20)
(0.543482 -0.0241488 0)
(0.535095 -0.0270569 4.01846e-20)
(0.526671 -0.0298187 0)
(0.51824 -0.0324362 0)
(0.50983 -0.0349123 -2.10641e-17)
(0.501475 -0.0372507 0)
(0.49321 -0.039457 0)
(0.485072 -0.0415386 2.21536e-17)
(0.477094 -0.0435054 0)
(0.4693 -0.0453701 0)
(0.461698 -0.0471476 4.67681e-17)
(0.454271 -0.0488533 6.61181e-20)
(0.446965 -0.0505002 -4.83033e-17)
(0.439689 -0.0520955 -4.91636e-17)
(0.432306 -0.0536362 -4.99586e-17)
(0.424652 -0.0551053 -5.07671e-17)
(0.416541 -0.0564702 -5.15409e-17)
(0.407801 -0.0576838 -1.04954e-16)
(0.3983 -0.0586899 1.0694e-16)
(0.387985 -0.059432 -5.45528e-17)
(0.376912 -0.0598657 -5.58129e-17)
(0.365263 -0.0599703 5.72781e-17)
(0.353355 -0.0597597 4.19286e-20)
(0.341627 -0.0592868 -6.05198e-17)
(0.330609 -0.0586427 6.22444e-17)
(0.320887 -0.0579507 2.5172e-20)
(0.313061 -0.0573568 6.56449e-17)
(0.307712 -0.057019 0)
(0.305368 -0.0570993 0)
(0.306488 -0.057756 0)
(0.311452 -0.0591434 -6.80885e-17)
(0.320532 -0.0613919 0)
(0.333974 -0.0646488 -1.05066e-19)
(0.351715 -0.0689568 -5.85167e-17)
(0.37439 -0.0746142 0)
(0.400027 -0.0809982 4.50268e-17)
(0.435185 -0.0901941 0)
(0.459847 -0.0964137 0)
(0.532695 -0.112104 1.16125e-17)
(0.997056 0.17083 2.35236e-18)
(0.9601 0.177926 0)
(0.870029 0.174911 4.72928e-17)
(0.779133 0.160013 0)
(0.713814 0.147319 5.62725e-17)
(0.670848 0.137269 0)
(0.640589 0.128658 0)
(0.617604 0.121183 0)
(0.599629 0.114609 1.06323e-16)
(0.58543 0.108658 2.06133e-16)
(0.574032 0.103107 9.973e-17)
(0.564684 0.0978119 1.92322e-16)
(0.55685 0.092671 0)
(0.550141 0.0876021 8.90791e-17)
(0.544236 0.0825379 8.55272e-17)
(0.538871 0.0774291 -1.63952e-16)
(0.533956 0.0723598 0)
(0.52946 0.0674407 0)
(0.525249 0.062667 0)
(0.521167 0.0580088 1.62054e-16)
(0.517076 0.0534513 -8.10023e-17)
(0.512887 0.0489931 -8.10988e-17)
(0.508565 0.0446382 -4.06906e-17)
(0.504107 0.0403903 4.0806e-17)
(0.499523 0.0362502 4.08948e-17)
(0.494817 0.032221 0)
(0.48999 0.0283044 -4.13373e-17)
(0.485056 0.0244685 0)
(0.479993 0.0207348 -2.08359e-17)
(0.474789 0.0171116 2.096e-17)
(0.469439 0.0135981 -2.11306e-17)
(0.463942 0.010194 0)
(0.4583 0.00690021 1.07341e-17)
(0.45252 0.00371905 0)
(0.446613 0.000651655 0)
(0.440589 -0.00230124 0)
(0.434461 -0.00513862 0)
(0.428244 -0.00786035 -5.65185e-18)
(0.421955 -0.0104674 -1.14471e-17)
(0.415608 -0.0129608 1.15988e-17)
(0.409216 -0.0153415 -1.21857e-20)
(0.402797 -0.0176103 0)
(0.396369 -0.0197689 -2.42046e-17)
(0.389952 -0.0218193 -2.45935e-17)
(0.38357 -0.0237641 0)
(0.377249 -0.0256064 2.53433e-17)
(0.371015 -0.0273504 0)
(0.3649 -0.0290012 0)
(0.358932 -0.0305656 2.66014e-17)
(0.353139 -0.032052 5.40502e-17)
(0.347537 -0.0334701 0)
(0.342127 -0.0348306 -5.57013e-17)
(0.336883 -0.0361432 -5.65316e-17)
(0.331745 -0.0374143 0)
(0.326616 -0.038644 5.81459e-17)
(0.32136 -0.0398234 5.89385e-17)
(0.315813 -0.0409323 5.97389e-17)
(0.3098 -0.041939 6.06113e-17)
(0.303166 -0.0428031 1.2296e-16)
(0.295805 -0.0434811 3.86365e-20)
(0.287693 -0.0439349 -6.35707e-17)
(0.278917 -0.0441416 0)
(0.269684 -0.0441026 -6.6135e-17)
(0.260319 -0.0438491 -1.35272e-16)
(0.251241 -0.0434435 1.38405e-16)
(0.242933 -0.0429754 -7.07928e-17)
(0.235904 -0.0425549 -7.22853e-17)
(0.230656 -0.0423044 0)
(0.227658 -0.0423509 -7.46538e-17)
(0.227332 -0.0428222 0)
(0.230044 -0.0438417 0)
(0.2361 -0.0455295 -7.38843e-17)
(0.245716 -0.0479893 0)
(0.259114 -0.0513387 6.78746e-17)
(0.27618 -0.0555995 -6.30982e-17)
(0.297615 -0.0610468 0)
(0.321181 -0.0670593 -4.80555e-17)
(0.354065 -0.0756976 0)
(0.374745 -0.0813078 0)
(0.443293 -0.0964761 -1.23019e-17)
(0.943676 0.159905 -7.9156e-17)
(0.792328 0.149734 0)
(0.646348 0.134632 5.27659e-17)
(0.546505 0.116142 0)
(0.491769 0.104368 6.36571e-17)
(0.460751 0.0963062 0)
(0.439189 0.0897584 0)
(0.422464 0.084182 0)
(0.409408 0.0793644 4.79354e-20)
(0.399248 0.0750766 4.90022e-20)
(0.391193 0.0711302 -1.13053e-16)
(0.384626 0.0673999 -1.09295e-16)
(0.379146 0.0638023 0)
(0.37447 0.0602739 -2.03075e-16)
(0.370364 0.0567627 -9.75799e-17)
(0.366634 0.0532308 1.87393e-16)
(0.363219 0.0497343 0)
(0.360104 0.0463481 9.35358e-17)
(0.357195 0.0430677 9.38695e-17)
(0.354367 0.0398708 -9.41433e-17)
(0.351509 0.0367453 0)
(0.348558 0.0336896 -9.49189e-17)
(0.345498 0.0307067 4.76456e-17)
(0.34234 0.0277999 -4.78832e-17)
(0.339101 0.0249717 4.81728e-17)
(0.33579 0.0222188 0)
(0.332404 0.0195352 -2.68128e-20)
(0.328955 0.0169143 0)
(0.325422 0.014363 0)
(0.321791 0.0118881 0)
(0.31806 0.00948982 -1.32555e-20)
(0.314229 0.00716832 0)
(0.310302 0.00492438 -1.2751e-17)
(0.306283 0.00275918 6.44034e-18)
(0.302184 0.000673097 0)
(0.298014 -0.00133387 0)
(0.293784 -0.00326143 -6.65061e-18)
(0.289506 -0.00510983 0)
(0.285192 -0.00688011 0)
(0.280854 -0.00857337 1.3794e-17)
(0.276502 -0.0101905 -5.69605e-21)
(0.272148 -0.0117327 -2.8317e-17)
(0.267806 -0.0132014 -2.8701e-17)
(0.26349 -0.0145985 2.90858e-17)
(0.25922 -0.0159265 0)
(0.255014 -0.017188 0)
(0.250895 -0.0183866 0)
(0.246884 -0.0195266 0)
(0.243005 -0.0206132 -3.1183e-17)
(0.239278 -0.0216525 2.03495e-20)
(0.23571 -0.0226511 0)
(0.232298 -0.0236154 0)
(0.22901 -0.0245498 6.56872e-17)
(0.22579 -0.0254553 0)
(0.222544 -0.0263275 0)
(0.219152 -0.0271544 -6.79075e-17)
(0.215472 -0.0279164 0)
(0.211362 -0.0285871 -6.93377e-17)
(0.206702 -0.0291364 -1.40267e-16)
(0.201425 -0.0295358 -7.09824e-17)
(0.195541 -0.0297653 7.19395e-17)
(0.189156 -0.0298198 0)
(0.182472 -0.0297145 7.41845e-17)
(0.175776 -0.0294867 1.50837e-16)
(0.169419 -0.0291941 -7.66813e-17)
(0.163781 -0.0289111 7.79082e-17)
(0.15925 -0.0287225 7.90163e-17)
(0.156194 -0.0287191 0)
(0.154953 -0.028993 -1.97056e-20)
(0.155831 -0.0296351 0)
(0.159093 -0.0307339 0)
(0.164972 -0.0323764 7.79608e-17)
(0.173627 -0.0346385 0)
(0.185245 -0.0376087 0)
(0.199686 -0.0412936 6.61134e-17)
(0.217646 -0.0459216 -5.94614e-17)
(0.23686 -0.0509393 0)
(0.264458 -0.0581844 -4.01612e-17)
(0.279324 -0.0625599 0)
(0.3378 -0.0758618 0)
(0.781195 0.136258 0)
(0.508927 0.100281 5.55907e-17)
(0.371088 0.0813082 -5.97166e-17)
(0.305395 0.0671983 6.74012e-17)
(0.276706 0.0601191 -1.202e-20)
(0.260869 0.0554748 6.89258e-17)
(0.248797 0.0516087 0)
(0.239088 0.0482972 1.33368e-16)
(0.231605 0.0454642 -1.3055e-16)
(0.225889 0.04297 -1.27312e-16)
(0.221388 0.0406902 0)
(0.217719 0.0385429 0)
(0.214661 0.0364778 0)
(0.212059 0.0344573 1.11957e-16)
(0.209775 0.0324502 0)
(0.207697 0.0304335 -1.03702e-16)
(0.205795 0.0284382 0)
(0.204068 0.026508 1.18497e-20)
(0.20246 0.0246402 -1.05461e-16)
(0.200887 0.0228212 0)
(0.199276 0.0210407 0)
(0.197593 0.0192989 1.07879e-16)
(0.195838 0.0175983 0)
(0.194028 0.0159411 5.47639e-17)
(0.192179 0.014329 -5.51824e-17)
(0.190296 0.012756 0)
(0.188375 0.011224 5.60713e-17)
(0.186422 0.00973698 0)
(0.184421 0.00828679 0)
(0.18236 0.00687868 0)
(0.180239 0.00551432 2.90004e-17)
(0.178059 0.00419381 0)
(0.175824 0.00291749 0)
(0.173539 0.00168413 -7.46286e-18)
(0.17121 0.000495801 0)
(0.168844 -0.000647365 0)
(0.166448 -0.00174537 -8.9594e-22)
(0.164032 -0.00279855 0)
(0.161603 -0.00380768 0)
(0.159166 -0.00477352 1.7515e-21)
(0.156728 -0.00569674 1.61411e-17)
(0.154297 -0.00657819 3.26717e-17)
(0.151879 -0.00741898 3.3069e-17)
(0.149487 -0.00822047 3.34763e-17)
(0.147129 -0.00898427 0)
(0.14482 -0.00971232 3.42967e-17)
(0.142574 -0.010407 0)
(0.140404 -0.0110711 0)
(0.138326 -0.0117078 3.55237e-17)
(0.13635 -0.0123209 8.32365e-21)
(0.134481 -0.0129137 0)
(0.132711 -0.0134891 -7.33273e-17)
(0.131013 -0.0140479 -1.48017e-16)
(0.129341 -0.0145885 0)
(0.127628 -0.0151052 7.52551e-17)
(0.125784 -0.0155878 7.58086e-17)
(0.123714 -0.016022 0)
(0.121322 -0.0163904 0)
(0.11854 -0.0166754 7.74741e-17)
(0.115336 -0.0168628 0)
(0.11174 -0.0169458 0)
(0.107843 -0.0169286 0)
(0.103798 -0.0168284 -8.03466e-17)
(0.0998093 -0.0166751 -8.11923e-17)
(0.0961087 -0.0165095 0)
(0.09294 -0.0163797 -8.27807e-17)
(0.0905414 -0.0163389 -8.33717e-17)
(0.0891359 -0.0164429 8.3729e-17)
(0.0889262 -0.01675 1.67435e-16)
(0.0900979 -0.0173096 0)
(0.0928138 -0.0181762 0)
(0.0972213 -0.0194039 0)
(0.103422 -0.0210393 0)
(0.111548 -0.0231382 -7.31279e-17)
(0.121472 -0.0256988 6.76986e-17)
(0.133752 -0.0288772 6.05604e-17)
(0.146552 -0.0322721 -5.16292e-17)
(0.165604 -0.0372253 -2.43664e-19)
(0.173981 -0.0399257 0)
(0.215354 -0.0495542 1.41227e-17)
(0.40858 0.0780678 8.08444e-17)
(0.16385 0.0347336 -9.4226e-17)
(0.114652 0.0266903 0)
(0.0943069 0.0215935 5.62377e-21)
(0.0870869 0.0193594 -5.33646e-17)
(0.0827437 0.0178883 -5.30952e-17)
(0.0789236 0.0166255 0)
(0.0758038 0.0155392 -1.04242e-16)
(0.0734669 0.014616 0)
(0.0717165 0.0138084 0)
(0.0703399 0.0130732 0)
(0.0692136 0.0123817 0)
(0.0682758 0.0117174 0)
(0.0674807 0.0110685 9.25605e-17)
(0.0667825 0.0104245 0)
(0.0661453 0.00977771 8.72574e-17)
(0.0655622 0.00913789 8.81706e-17)
(0.0650375 0.00851936 -1.80055e-16)
(0.06455 0.00792146 0)
(0.0640671 0.00733956 9.33397e-17)
(0.0635629 0.00676894 -9.48468e-17)
(0.063028 0.0062103 0)
(0.0624682 0.00566444 -4.88383e-17)
(0.0618929 0.00513218 -4.9512e-17)
(0.0613083 0.00461381 0)
(0.0607151 0.00410908 -5.08081e-17)
(0.0601114 0.00361839 5.14346e-17)
(0.0594991 0.0031423 0)
(0.0588698 0.00267911 0)
(0.0582184 0.0022296 2.66253e-17)
(0.0575469 0.00179369 -2.69233e-17)
(0.0568562 0.00137153 0)
(0.0561471 0.000963253 0)
(0.0554221 0.000567611 -6.95379e-18)
(0.0546841 0.000186468 3.51415e-18)
(0.0539356 -0.000180229 0)
(0.0531794 -0.000532544 7.17743e-18)
(0.0524187 -0.000870635 0)
(0.0516563 -0.00119477 0)
(0.0508938 -0.0015052 1.58255e-22)
(0.050133 -0.00180219 2.98921e-17)
(0.0493763 -0.00208608 0)
(0.0486268 -0.00235729 0)
(0.0478879 -0.00261631 -3.07421e-17)
(0.0471635 -0.00286376 3.10131e-17)
(0.0464585 -0.00310034 -3.12739e-17)
(0.0457781 -0.00332691 0)
(0.0451278 -0.00354445 3.1761e-17)
(0.0445129 -0.00375405 -3.19801e-17)
(0.0439368 -0.00395682 1.72187e-21)
(0.0434002 -0.00415369 0)
(0.042898 -0.00434518 -2.24438e-21)
(0.0424185 -0.00453102 1.30518e-16)
(0.0419413 -0.00470989 0)
(0.0414378 -0.00487912 3.06521e-21)
(0.0408729 -0.00503463 0)
(0.0402092 -0.00517114 0)
(0.0394129 -0.00528279 0)
(0.0384616 -0.00536426 6.56101e-17)
(0.0373507 -0.005412 0)
(0.0360986 -0.0054255 6.55648e-17)
(0.0347479 -0.00540821 0)
(0.0333623 -0.00536784 0)
(0.0320207 -0.00531602 0)
(0.0308094 -0.00526741 0)
(0.0298154 -0.00523859 -1.16771e-21)
(0.0291209 -0.00524731 0)
(0.0288017 -0.00531243 -1.29694e-16)
(0.0289269 -0.00545444 -6.41997e-17)
(0.0295609 -0.00568751 6.32372e-17)
(0.0307611 -0.00603039 0)
(0.0325814 -0.00650154 0)
(0.0350589 -0.00711672 0)
(0.038247 -0.00789446 5.39877e-17)
(0.0420841 -0.00883413 3.89027e-20)
(0.0468216 -0.00998732 0)
(0.0516272 -0.0112179 3.74561e-17)
(0.0590909 -0.0129914 2.95689e-17)
(0.0615571 -0.013937 0)
(0.0783011 -0.0175818 -1.01161e-17)
)
;

boundaryField
{
    inlet
    {
        type            fixedValue;
        value           uniform (0.97437 0.22495 0);
    }
    outlet
    {
        type            zeroGradient;
    }
    fixedWalls
    {
        type            noSlip;
    }
    frontAndBack
    {
        type            empty;
    }
}


// ************************************************************************* //
