/*--------------------------------*- C++ -*----------------------------------*\
| =========                 |                                                 |
| \\      /  F ield         | OpenFOAM: The Open Source CFD Toolbox           |
|  \\    /   O peration     | Version:  v1912                                 |
|   \\  /    A nd           | Website:  www.openfoam.com                      |
|    \\/     M anipulation  |                                                 |
\*---------------------------------------------------------------------------*/
FoamFile
{
    version     2.0;
    format      ascii;
    class       volVectorField;
    location    "300";
    object      U;
}
// * * * * * * * * * * * * * * * * * * * * * * * * * * * * * * * * * * * * * //

dimensions      [0 1 -1 0 0 0 0];


internalField   nonuniform List<vector> 
2000
(
(0.84616 0.187394 0)
(0.515131 0.12409 0)
(0.223443 0.0684428 0)
(0.0598009 0.0174439 6.19782e-20)
(-0.00455598 -0.0232166 1.24884e-17)
(-0.0642202 -0.0384553 1.08111e-17)
(-0.0776274 -0.0372354 0)
(-0.071617 -0.0167345 0)
(-0.0590605 0.0114989 0)
(-0.0420401 0.0252531 2.45438e-17)
(-0.0414233 0.0108806 -1.50424e-17)
(-0.0273429 -0.000814425 -1.41228e-17)
(-0.0164204 -0.00297678 0)
(-0.0196356 -0.00263449 0)
(-0.0206023 -0.00224224 -1.12252e-17)
(-0.0139993 -0.000657307 0)
(-0.00545157 0.00107234 1.01245e-17)
(-0.00276671 0.00443554 4.44693e-21)
(-0.00250183 0.00515133 9.82667e-18)
(-0.00212042 0.00304845 -4.85152e-18)
(-0.000773578 9.28076e-05 9.58496e-18)
(0.00236379 -0.00180841 0)
(0.00611585 -0.00240868 0)
(0.00952915 -0.00223718 -7.45019e-22)
(0.0119278 -0.00157912 0)
(0.0130754 -0.000659856 -4.58669e-18)
(0.0129555 0.000257384 0)
(0.0119854 0.000845084 4.59567e-18)
(0.0107673 0.00104945 0)
(0.00966608 0.000998105 0)
(0.00874713 0.000824337 0)
(0.007955 0.000639155 1.17282e-18)
(0.00724472 0.00050689 0)
(0.00662608 0.000420115 -5.95258e-19)
(0.00614479 0.000329155 1.9896e-14)
(0.00586829 0.000187001 1.9905e-14)
(0.00592895 -2.13671e-05 6.16455e-19)
(0.00640105 -0.00034841 -6.24563e-19)
(0.00724483 -0.000758945 0)
(0.00838507 -0.00119012 2.58428e-18)
(0.00967497 -0.00155516 0)
(0.0108706 -0.00174127 -2.67757e-18)
(0.0116645 -0.00169219 0)
(0.0115396 -0.00137421 -5.55651e-18)
(0.0100906 -0.000621553 2.81519e-18)
(0.00703668 0.000434051 0)
(0.00215018 0.00157835 0)
(-0.00453599 0.00252446 -2.87946e-18)
(-0.0132083 0.00321842 0)
(-0.0241453 0.00420854 2.78739e-18)
(-0.0378686 0.00630977 0)
(-0.0550829 0.00962656 5.38039e-18)
(-0.0763302 0.0132009 -5.25994e-18)
(-0.101702 0.0163253 5.13322e-18)
(-0.131323 0.0186535 -2.4336e-18)
(-0.165207 0.0185741 0)
(-0.202134 0.0140125 2.20442e-18)
(-0.239608 0.0039721 -2.0596e-18)
(-0.273885 -0.0112034 -4.21892e-18)
(-0.299739 -0.0295335 3.70523e-18)
(-0.311704 -0.0464435 -3.8868e-18)
(-0.307896 -0.05715 4.34009e-18)
(-0.295302 -0.0622775 -5.08556e-18)
(-0.273534 -0.0636954 6.07473e-18)
(-0.245221 -0.0627324 4.91769e-20)
(-0.212004 -0.0601635 8.9188e-18)
(-0.174941 -0.0565074 0)
(-0.134453 -0.0520422 0)
(-0.0905372 -0.0469437 6.81077e-20)
(-0.0433229 -0.0413451 0)
(0.00667669 -0.0352521 2.02756e-17)
(0.0595461 -0.0283069 0)
(0.117411 -0.0202873 1.96146e-17)
(0.179373 -0.010896 -4.77608e-19)
(0.245017 -8.64958e-05 1.68612e-17)
(0.316105 0.0119565 2.93732e-17)
(0.388983 0.02488 7.20583e-19)
(0.477194 0.0382701 -1.00268e-17)
(0.543416 0.050355 -6.45822e-18)
(0.70415 0.0608796 0)
(1.0153 0.210385 0)
(0.944632 0.194215 0)
(0.80447 0.179988 -3.63236e-18)
(0.654411 0.152319 7.50916e-18)
(0.509209 0.111175 0)
(0.360015 0.0683804 -7.56031e-18)
(0.216473 0.0293399 0)
(0.0821143 -0.00527419 0)
(-0.0282731 -0.0180772 0)
(-0.0563102 -0.0189525 -1.79522e-17)
(-0.0668777 -0.0247205 1.63297e-17)
(-0.071963 -0.0155504 1.49769e-17)
(-0.0640162 0.00646073 0)
(-0.0520177 0.0195445 6.54853e-18)
(-0.0563196 0.00769457 0)
(-0.051155 -0.00559888 0)
(-0.0413926 -0.0070143 0)
(-0.0364879 -0.00390496 5.42347e-18)
(-0.0395609 -0.00163674 -1.06658e-17)
(-0.0411026 -0.00137968 -5.25152e-18)
(-0.0411726 -0.00235088 0)
(-0.0390373 -0.00394695 0)
(-0.0351799 -0.00480875 0)
(-0.0305382 -0.00430901 -7.63711e-18)
(-0.0256964 -0.00269843 0)
(-0.0212636 -0.00077034 5.13026e-18)
(-0.0173264 0.000834356 2.58029e-18)
(-0.0142855 0.00177743 0)
(-0.0122648 0.00206723 0)
(-0.0112447 0.00192841 0)
(-0.0111138 0.00184046 0)
(-0.0116811 0.00185884 -6.59801e-19)
(-0.0127833 0.00186197 0)
(-0.014252 0.00170684 3.34011e-19)
(-0.015897 0.00127351 1.67838e-19)
(-0.0175105 0.000517018 0)
(-0.0189554 -0.000499753 0)
(-0.0201278 -0.00165067 6.95412e-19)
(-0.0209717 -0.00273777 0)
(-0.0216007 -0.00346491 -1.43943e-18)
(-0.0222642 -0.00352489 0)
(-0.0234348 -0.00268494 -1.50648e-18)
(-0.0255462 -0.000781862 0)
(-0.0287929 0.00224421 1.50275e-18)
(-0.0334943 0.00628846 1.56308e-18)
(-0.0400958 0.0110718 0)
(-0.0487507 0.0162062 0)
(-0.0593393 0.0213667 -2.99902e-18)
(-0.0714354 0.0265621 0)
(-0.0842086 0.0320835 -2.85618e-20)
(-0.0967128 0.0380204 0)
(-0.108404 0.0439775 0)
(-0.119007 0.0494964 0)
(-0.1279 0.0544576 0)
(-0.134393 0.0584736 5.2497e-18)
(-0.13774 0.0597765 0)
(-0.136306 0.0558488 -5.20314e-18)
(-0.128946 0.045097 2.66643e-18)
(-0.116718 0.0280085 -2.53911e-18)
(-0.0944746 0.0074806 -5.51972e-18)
(-0.0545564 -0.0151167 6.07553e-18)
(-0.0273213 -0.041647 -7.01558e-18)
(0.0011661 -0.0629988 8.20341e-18)
(0.0344587 -0.076073 0)
(0.0676792 -0.0825565 -1.53937e-17)
(0.102372 -0.0844234 -1.11833e-17)
(0.139348 -0.0834796 0)
(0.178812 -0.0809841 6.31741e-18)
(0.220899 -0.0776006 1.33608e-17)
(0.265749 -0.0735613 0)
(0.313482 -0.0688086 0)
(0.364072 -0.0630261 0)
(0.417383 -0.0558431 0)
(0.473287 -0.0469485 -1.33082e-17)
(0.531635 -0.036282 5.80981e-18)
(0.593327 -0.0240916 -1.14716e-17)
(0.656636 -0.011121 9.92281e-18)
(0.729343 0.00171977 -3.40286e-18)
(0.787249 0.0118481 0)
(0.9061 0.0160981 0)
(0.978489 0.20154 0)
(0.978855 0.193011 -2.89345e-18)
(0.969154 0.20512 3.58342e-18)
(0.939079 0.208543 -3.15887e-18)
(0.878024 0.194621 2.98285e-18)
(0.785587 0.168735 2.94278e-18)
(0.669323 0.138093 0)
(0.54097 0.10603 0)
(0.408168 0.0750601 0)
(0.28585 0.04592 7.12432e-18)
(0.173676 0.0179943 0)
(0.0720669 -0.0063872 0)
(-0.0211076 -0.0137169 0)
(-0.0462429 -0.00323771 -7.44935e-18)
(-0.0508539 -0.011397 0)
(-0.0599443 -0.0179297 -6.25306e-18)
(-0.0621097 -0.0110186 0)
(-0.0536625 0.00828586 6.04335e-18)
(-0.0537449 0.0146814 2.95074e-18)
(-0.0592893 0.0100243 0)
(-0.0630994 0.00245022 -2.84315e-18)
(-0.0664816 -0.00476616 0)
(-0.067337 -0.00897193 0)
(-0.0660022 -0.0101812 5.50636e-18)
(-0.0632829 -0.00954745 0)
(-0.0602589 -0.00801226 1.38262e-18)
(-0.0576731 -0.00607287 -4.16564e-18)
(-0.0559917 -0.00390514 0)
(-0.0553907 -0.00166737 0)
(-0.0555934 0.000462212 -7.052e-19)
(-0.0565355 0.00225557 0)
(-0.0583194 0.00375425 1.73542e-21)
(-0.0608229 0.00489456 0)
(-0.0638535 0.00554289 7.0264e-19)
(-0.0671331 0.00552847 8.76157e-20)
(-0.0703104 0.0047685 0)
(-0.0730247 0.00336958 1.77311e-19)
(-0.0750166 0.00165683 -3.60195e-19)
(-0.0761493 6.71211e-05 -3.67425e-19)
(-0.0763698 -0.0010392 -7.54762e-19)
(-0.0759078 -0.00107969 7.79885e-19)
(-0.0751785 0.000383653 7.82094e-19)
(-0.0746413 0.00362741 0)
(-0.0748736 0.00855223 1.64293e-18)
(-0.0763801 0.0147559 -3.36498e-18)
(-0.0793577 0.0218504 0)
(-0.0837469 0.0289553 -1.68165e-18)
(-0.0890374 0.0352311 3.21119e-18)
(-0.0941025 0.040295 0)
(-0.0971599 0.0443202 -1.56235e-18)
(-0.0962453 0.0476803 1.48129e-18)
(-0.089896 0.0505091 -1.46581e-18)
(-0.0773629 0.0526866 -1.48352e-18)
(-0.0582248 0.0534278 0)
(-0.0325321 0.0523134 -3.41821e-18)
(-0.000864165 0.0482806 -1.69867e-18)
(0.03623 0.0400031 1.67298e-18)
(0.0774074 0.025853 1.54786e-18)
(0.120596 0.00491999 2.77211e-18)
(0.16211 -0.0205868 0)
(0.200291 -0.0453682 0)
(0.234382 -0.0658677 0)
(0.266227 -0.0816474 -1.65636e-18)
(0.297939 -0.092992 0)
(0.330961 -0.100241 3.98033e-18)
(0.365923 -0.104074 0)
(0.403036 -0.105404 -2.33877e-18)
(0.442249 -0.105063 -5.06524e-18)
(0.48333 -0.103589 0)
(0.525966 -0.101195 -2.6455e-18)
(0.569834 -0.0978126 2.68465e-18)
(0.614655 -0.0932277 0)
(0.66022 -0.0872282 0)
(0.706511 -0.0797027 0)
(0.753576 -0.0708015 -5.2739e-18)
(0.802127 -0.0609801 0)
(0.851312 -0.0512224 -1.84683e-18)
(0.906009 -0.0425381 3.2862e-18)
(0.950332 -0.0375389 0)
(1.03492 -0.0377716 3.88032e-19)
(0.970611 0.209119 0)
(0.963917 0.194771 1.58655e-18)
(0.966431 0.198523 0)
(0.977153 0.206421 1.74834e-18)
(0.982035 0.208903 -3.10574e-18)
(0.96829 0.204289 -1.38968e-18)
(0.930736 0.193748 0)
(0.870727 0.177897 0)
(0.791072 0.156597 0)
(0.695321 0.131356 1.39926e-18)
(0.589335 0.105445 1.43249e-18)
(0.479877 0.080724 0)
(0.36907 0.0580215 0)
(0.266552 0.0376557 0)
(0.179566 0.018548 0)
(0.100314 0.00266253 6.62886e-18)
(0.0297854 -0.00971003 -3.50538e-18)
(-0.0305397 -0.00878746 0)
(-0.033929 0.00165101 -3.38959e-18)
(-0.0370544 0.0033348 1.66526e-18)
(-0.0391355 0.0016224 3.29699e-18)
(-0.0429066 -0.00214278 0)
(-0.0493493 -0.00558599 0)
(-0.0568674 -0.00709155 -3.15445e-18)
(-0.0630366 -0.00643938 0)
(-0.0668383 -0.0042824 -1.55388e-18)
(-0.0689618 -0.00142208 1.55385e-18)
(-0.0703542 0.00124686 0)
(-0.0716353 0.0032694 0)
(-0.0728749 0.00510039 7.80432e-19)
(-0.0744423 0.00686043 0)
(-0.0763425 0.00848925 -7.77517e-19)
(-0.0786671 0.00977336 0)
(-0.0813728 0.0104174 -1.9404e-19)
(-0.0841802 0.0100874 -9.66581e-20)
(-0.0865625 0.00855323 -2.39277e-20)
(-0.0879344 0.00596526 -2.93209e-19)
(-0.0877963 0.00278355 4.00994e-19)
(-0.0859367 -0.000680696 4.09763e-19)
(-0.0821603 -0.00339574 1.2642e-18)
(-0.0763665 -0.00455932 -4.37057e-19)
(-0.0689445 -0.00348753 4.51213e-19)
(-0.0606735 0.000110186 0)
(-0.0523894 0.00595252 1.02948e-18)
(-0.0443057 0.01358 9.75354e-19)
(-0.0366129 0.0217497 0)
(-0.0296259 0.0292921 2.05292e-18)
(-0.0229125 0.0347926 1.03838e-18)
(-0.0156555 0.0370079 0)
(-0.0064325 0.0352887 -2.95096e-18)
(0.00674979 0.0296895 -1.93601e-18)
(0.0260612 0.0208402 9.79889e-19)
(0.0521751 0.00975569 1.78283e-18)
(0.0844088 -0.00233175 0)
(0.122715 -0.0149144 7.73183e-19)
(0.166882 -0.0276567 2.28258e-18)
(0.215599 -0.0405056 1.43458e-18)
(0.266705 -0.0541276 -1.33595e-18)
(0.318124 -0.0686191 -6.58376e-19)
(0.367716 -0.0836839 0)
(0.413896 -0.0983126 0)
(0.456136 -0.111342 0)
(0.495144 -0.121955 2.197e-18)
(0.532135 -0.129846 8.19723e-19)
(0.568046 -0.135126 0)
(0.603388 -0.138137 -1.91921e-18)
(0.638426 -0.139306 2.0885e-18)
(0.673256 -0.139009 -2.16267e-18)
(0.707825 -0.137477 -2.25801e-18)
(0.741991 -0.134774 1.15911e-19)
(0.775618 -0.130838 -2.51975e-18)
(0.80866 -0.125565 0)
(0.841213 -0.118904 0)
(0.873575 -0.110937 0)
(0.906108 -0.101973 0)
(0.939595 -0.0925432 0)
(0.973684 -0.0835806 3.59233e-18)
(1.01171 -0.0758886 -1.31774e-18)
(1.04288 -0.071685 0)
(1.10085 -0.0707165 -4.16651e-19)
(0.972988 0.216083 0)
(0.965832 0.201813 1.94035e-18)
(0.959207 0.195609 2.57475e-19)
(0.961491 0.195559 1.96919e-18)
(0.972671 0.197554 0)
(0.985524 0.199259 -1.66185e-18)
(0.9925 0.199325 0)
(0.988448 0.196288 -3.74704e-19)
(0.970197 0.189074 0)
(0.935587 0.177619 -1.66277e-18)
(0.884655 0.162825 -1.28772e-18)
(0.819501 0.145749 -3.26448e-19)
(0.743131 0.126801 3.24102e-19)
(0.657825 0.106164 0)
(0.568841 0.0853341 3.24219e-19)
(0.478998 0.0663084 0)
(0.39307 0.0503461 2.7471e-18)
(0.313689 0.0364845 -3.63255e-19)
(0.246711 0.0245482 0)
(0.192103 0.0151254 -1.95836e-18)
(0.147656 0.00834239 0)
(0.110466 0.00387905 0)
(0.079241 0.00133709 0)
(0.0523924 -0.000390029 0)
(0.0301024 -0.00193624 -2.28275e-19)
(0.0125617 -0.00320043 0)
(-0.00110186 -0.00359062 0)
(-0.00916783 -0.0024751 1.19396e-19)
(-0.0122065 -0.00045047 0)
(-0.0125697 0.0020453 0)
(-0.0113233 0.00494523 0)
(-0.00932036 0.00775262 -6.02638e-20)
(-0.007125 0.00988101 0)
(-0.00519685 0.0110023 -2.69667e-19)
(-0.0031551 0.0106338 0)
(-0.000741899 0.00838897 3.02583e-20)
(0.00300035 0.00405748 1.52404e-19)
(0.00824525 -0.00174585 3.02408e-20)
(0.0148587 -0.00785859 -6.14001e-20)
(0.0231223 -0.0131721 -5.07342e-19)
(0.0330112 -0.0167028 -5.20408e-19)
(0.0448018 -0.017556 5.35477e-19)
(0.0587106 -0.015208 -1.40243e-19)
(0.0750165 -0.00952733 -1.11887e-18)
(0.0930822 -0.00112894 1.11633e-18)
(0.112912 0.0083305 -1.40736e-19)
(0.134848 0.0171025 0)
(0.159056 0.0234915 -9.8941e-19)
(0.186004 0.0259322 0)
(0.216344 0.0231817 8.41126e-19)
(0.250458 0.015038 0)
(0.287384 0.00223334 7.0882e-19)
(0.326771 -0.0141626 0)
(0.369456 -0.0320948 -1.54347e-19)
(0.414248 -0.0498032 -6.0025e-19)
(0.460056 -0.0664309 -5.84512e-19)
(0.506076 -0.0818597 1.46262e-19)
(0.551381 -0.0962393 0)
(0.594896 -0.10984 5.53944e-19)
(0.635579 -0.122774 -1.49968e-19)
(0.672685 -0.134736 0)
(0.706001 -0.145102 1.66138e-19)
(0.735868 -0.153322 -6.86252e-19)
(0.762931 -0.159187 -7.57873e-19)
(0.78782 -0.162795 0)
(0.811019 -0.164386 1.8236e-18)
(0.832873 -0.164248 0)
(0.853615 -0.162654 2.11226e-18)
(0.873398 -0.159803 2.23655e-18)
(0.89235 -0.155803 2.34186e-18)
(0.910642 -0.150691 2.86894e-19)
(0.928543 -0.144492 0)
(0.946442 -0.137283 0)
(0.964852 -0.129254 0)
(0.984275 -0.120752 -2.68466e-19)
(1.00546 -0.112272 0)
(1.02813 -0.104554 -1.63429e-18)
(1.05482 -0.0982428 1.61047e-18)
(1.077 -0.0948088 1.01827e-19)
(1.12013 -0.0940952 4.42774e-20)
(0.974194 0.218515 -1.27341e-18)
(0.970935 0.206368 1.23202e-18)
(0.96512 0.19818 -2.91355e-19)
(0.96114 0.194124 0)
(0.9622 0.191959 0)
(0.968266 0.190566 0)
(0.977781 0.189914 0)
(0.988514 0.189521 1.29368e-18)
(0.997442 0.188361 0)
(1.00094 0.185428 -1.15634e-18)
(0.995768 0.180046 -1.44226e-18)
(0.979817 0.172015 3.3117e-19)
(0.95262 0.161564 9.98762e-19)
(0.914225 0.148787 0)
(0.865458 0.133887 -1.52569e-18)
(0.807964 0.117998 0)
(0.745678 0.102638 -1.21902e-18)
(0.683138 0.0881767 3.05072e-19)
(0.622301 0.0746265 -1.27338e-18)
(0.56526 0.06236 -9.79095e-19)
(0.512866 0.051557 0)
(0.4654 0.0422344 0)
(0.422996 0.0343026 -7.02022e-19)
(0.385638 0.0276198 0)
(0.353203 0.0219639 -5.57437e-19)
(0.325285 0.0171094 0)
(0.301239 0.012844 0)
(0.280584 0.00904993 -9.94586e-20)
(0.263171 0.00595053 0)
(0.249067 0.00395182 0)
(0.238697 0.00323297 0)
(0.232537 0.00357612 5.26296e-20)
(0.230656 0.00437995 2.09989e-19)
(0.232572 0.00490278 1.29577e-19)
(0.237829 0.00423756 0)
(0.24614 0.00152003 0)
(0.255992 -0.00334704 -2.49717e-20)
(0.266833 -0.00988092 -1.24676e-19)
(0.278429 -0.0169165 5.03791e-20)
(0.289845 -0.0236406 0)
(0.300676 -0.0291881 0)
(0.311158 -0.0327879 -2.25362e-19)
(0.321989 -0.0339798 1.15852e-19)
(0.334272 -0.0327086 -4.81854e-19)
(0.34913 -0.0294827 4.87117e-19)
(0.36778 -0.0249413 1.19391e-19)
(0.391226 -0.0204338 0)
(0.42001 -0.017856 4.33995e-19)
(0.453893 -0.0190768 0)
(0.491883 -0.0251093 0)
(0.532551 -0.0359224 0)
(0.574388 -0.0504872 0)
(0.616186 -0.0669585 0)
(0.65707 -0.0838744 1.316e-19)
(0.696195 -0.100056 0)
(0.733014 -0.114692 5.50484e-19)
(0.767225 -0.12749 -1.31419e-19)
(0.798541 -0.138596 0)
(0.826628 -0.148311 5.88024e-19)
(0.851187 -0.156846 1.42483e-19)
(0.872061 -0.164179 6.45128e-19)
(0.88935 -0.170105 -1.63092e-19)
(0.903442 -0.174413 0)
(0.914921 -0.177029 -8.02084e-19)
(0.924418 -0.178034 0)
(0.932499 -0.177592 0)
(0.939629 -0.175899 -9.97945e-19)
(0.946198 -0.173138 0)
(0.952538 -0.169451 0)
(0.958968 -0.164932 -1.16086e-18)
(0.965827 -0.159638 -3.1215e-19)
(0.973506 -0.153634 0)
(0.98244 -0.147029 0)
(0.993108 -0.14001 0)
(1.0059 -0.132867 2.99541e-19)
(1.02138 -0.125982 -1.02633e-18)
(1.03911 -0.11989 -2.36056e-19)
(1.06122 -0.115057 -1.84841e-19)
(1.07983 -0.112399 -1.15276e-19)
(1.11773 -0.11197 -2.36728e-19)
(0.974501 0.219011 4.49425e-18)
(0.973757 0.20804 -4.31458e-18)
(0.971715 0.200432 0)
(0.969161 0.196222 -2.61663e-18)
(0.967056 0.192953 0)
(0.966171 0.189333 -2.30805e-18)
(0.967428 0.185846 0)
(0.971682 0.183045 3.07357e-18)
(0.978996 0.18078 -3.81741e-18)
(0.988308 0.178551 1.74473e-18)
(0.997725 0.175863 1.63142e-18)
(1.00502 0.172267 0)
(1.00816 0.167409 -4.41002e-18)
(1.00549 0.160868 -2.80773e-18)
(0.995613 0.152298 3.94806e-18)
(0.977771 0.142005 0)
(0.952957 0.130865 1.21001e-18)
(0.923599 0.119625 0)
(0.891496 0.108443 1.20452e-18)
(0.85795 0.0972756 1.20275e-18)
(0.824003 0.086319 0)
(0.79064 0.0758732 0)
(0.758744 0.0661737 -6.56627e-19)
(0.729 0.0573094 0)
(0.701805 0.049228 6.38205e-19)
(0.677275 0.0418654 0)
(0.655386 0.0352261 0)
(0.636093 0.0293656 0)
(0.619395 0.0243163 0)
(0.605361 0.0200336 0)
(0.594184 0.016327 0)
(0.586181 0.0128681 0)
(0.581673 0.0092771 1.80851e-19)
(0.580771 0.00517906 -8.66853e-20)
(0.583674 0.000145432 4.3663e-20)
(0.589784 -0.00606632 0)
(0.598172 -0.0132386 0)
(0.607976 -0.0206603 8.30377e-20)
(0.618474 -0.0278107 -3.48404e-19)
(0.629039 -0.0340996 3.58151e-19)
(0.639337 -0.0389227 0)
(0.649392 -0.0419056 9.59363e-19)
(0.659545 -0.0430153 -7.96757e-19)
(0.670396 -0.0425928 -4.11341e-19)
(0.682681 -0.0413624 -4.10355e-19)
(0.697203 -0.0402785 0)
(0.714721 -0.0404536 0)
(0.735689 -0.043009 -1.13433e-18)
(0.759926 -0.0487877 0)
(0.786573 -0.0580892 0)
(0.814336 -0.0705163 0)
(0.841804 -0.0850647 5.93915e-19)
(0.867759 -0.100412 1.14916e-18)
(0.891368 -0.115342 0)
(0.912147 -0.128893 0)
(0.929907 -0.140505 -5.39346e-19)
(0.944682 -0.15009 0)
(0.956599 -0.157895 1.23351e-18)
(0.96578 -0.164277 6.82398e-19)
(0.972336 -0.169525 0)
(0.976427 -0.173769 7.53052e-19)
(0.978323 -0.176992 1.53122e-18)
(0.978441 -0.179118 1.64673e-18)
(0.977308 -0.180111 8.70343e-19)
(0.975478 -0.180014 -1.91301e-18)
(0.973462 -0.178927 2.05355e-18)
(0.971696 -0.176974 3.29779e-18)
(0.970549 -0.174275 0)
(0.970342 -0.170932 0)
(0.971374 -0.16702 1.30436e-18)
(0.973939 -0.162599 0)
(0.978343 -0.157735 2.64632e-18)
(0.984891 -0.152522 2.63759e-18)
(0.993894 -0.147103 0)
(1.00555 -0.141692 2.43694e-18)
(1.02021 -0.136565 -1.05425e-18)
(1.0373 -0.13211 0)
(1.05871 -0.128645 0)
(1.07679 -0.126805 0)
(1.11368 -0.126681 -1.90703e-19)
(0.974733 0.218939 -3.46008e-18)
(0.975458 0.208205 3.31196e-18)
(0.976058 0.201066 -6.42763e-18)
(0.975938 0.197377 2.95941e-18)
(0.974878 0.194474 0)
(0.973205 0.190805 2.61032e-18)
(0.971495 0.186609 -4.99489e-18)
(0.970484 0.182372 -4.63377e-18)
(0.971011 0.178175 -7.90594e-20)
(0.973731 0.17401 0)
(0.978848 0.169949 0)
(0.986029 0.165962 3.7091e-18)
(0.994456 0.161818 3.39751e-18)
(1.00296 0.157101 -3.37602e-18)
(1.0101 0.151418 -9.17577e-18)
(1.01444 0.144674 0)
(1.01508 0.13717 0)
(1.01206 0.1292 0)
(1.00587 0.120732 0)
(0.996972 0.111728 0)
(0.985859 0.102387 0)
(0.973149 0.0930002 0)
(0.95953 0.083801 1.27397e-18)
(0.945633 0.0749014 -2.65684e-18)
(0.93195 0.0663383 0)
(0.918833 0.0581583 0)
(0.906544 0.0504422 0)
(0.895316 0.0432593 0)
(0.88537 0.0366153 0)
(0.876939 0.0304486 -6.88568e-19)
(0.87028 0.0246073 0)
(0.865641 0.0188329 0)
(0.863197 0.0128137 1.17993e-20)
(0.862938 0.00621004 0)
(0.864634 -0.00121749 -4.0689e-20)
(0.867716 -0.00941703 0)
(0.871609 -0.0181193 1.67781e-19)
(0.875783 -0.0268061 0)
(0.87987 -0.0349251 6.72688e-19)
(0.883688 -0.0419272 -3.39256e-19)
(0.887276 -0.0473892 -7.30574e-19)
(0.890909 -0.0511303 -7.36018e-19)
(0.895056 -0.0532683 7.63976e-19)
(0.900275 -0.0542234 7.85255e-19)
(0.907099 -0.0546802 1.61116e-18)
(0.915923 -0.0554958 1.60679e-18)
(0.926898 -0.0575929 0)
(0.939831 -0.0618197 -7.8783e-19)
(0.954116 -0.0687219 0)
(0.968816 -0.0783366 0)
(0.982849 -0.090144 -1.35085e-18)
(0.99522 -0.103202 -6.05534e-19)
(1.00522 -0.116395 1.00026e-19)
(1.01251 -0.128733 0)
(1.01708 -0.139538 0)
(1.01916 -0.148506 0)
(1.01912 -0.15567 1.36738e-18)
(1.01735 -0.161298 -1.34283e-18)
(1.01416 -0.165732 -1.41115e-18)
(1.00981 -0.169263 0)
(1.0045 -0.172059 -1.59354e-18)
(0.998512 -0.174168 5.96525e-20)
(0.992152 -0.175573 -1.85008e-18)
(0.985808 -0.176252 2.03727e-18)
(0.979884 -0.176223 -2.04048e-20)
(0.974753 -0.175538 -2.32701e-18)
(0.970736 -0.174266 -2.48766e-18)
(0.968103 -0.172478 0)
(0.967084 -0.170234 0)
(0.967885 -0.167583 0)
(0.970697 -0.164564 0)
(0.975706 -0.161218 -3.00562e-18)
(0.983086 -0.157609 -2.99359e-18)
(0.993005 -0.153836 0)
(1.00553 -0.150057 -2.76218e-18)
(1.02088 -0.146473 4.94233e-18)
(1.03845 -0.143384 0)
(1.05998 -0.140989 0)
(1.07811 -0.139846 0)
(1.11437 -0.139742 8.99707e-19)
(0.975035 0.218503 8.57948e-18)
(0.977128 0.207479 0)
(0.979624 0.200815 1.47079e-17)
(0.980945 0.197729 0)
(0.980751 0.195192 6.40603e-18)
(0.979844 0.191838 0)
(0.978665 0.187929 5.6445e-18)
(0.977195 0.183693 0)
(0.975622 0.179035 -5.18951e-18)
(0.974466 0.173952 0)
(0.974309 0.168621 9.15361e-18)
(0.975636 0.163204 -4.23973e-18)
(0.978747 0.157737 0)
(0.983663 0.15212 7.53417e-18)
(0.99004 0.146204 -1.8643e-19)
(0.997221 0.139909 -6.87944e-18)
(1.00435 0.133369 6.66449e-18)
(1.01073 0.126665 0)
(1.016 0.11964 0)
(1.01989 0.112182 6.25146e-18)
(1.02226 0.104352 0)
(1.02312 0.0962996 -3.03847e-18)
(1.02269 0.0881581 0)
(1.02123 0.0800125 2.88019e-18)
(1.01901 0.0719247 0)
(1.01627 0.0639669 2.98008e-18)
(1.01323 0.056224 0)
(1.01014 0.0487624 0)
(1.00723 0.0416009 1.49723e-18)
(1.00475 0.0346945 7.22582e-19)
(1.00292 0.027914 0)
(1.00188 0.0210443 0)
(1.00165 0.0138372 -1.10793e-18)
(1.00212 0.00606505 0)
(1.00298 -0.00227114 0)
(1.00384 -0.0110479 0)
(1.00433 -0.0199827 -1.75074e-19)
(1.0042 -0.028632 0)
(1.00341 -0.0365211 -1.11776e-18)
(1.00205 -0.0432623 -7.75038e-19)
(1.00042 -0.048615 7.71056e-19)
(0.998956 -0.0525445 0)
(0.998171 -0.0552539 0)
(0.998551 -0.0571749 1.72523e-18)
(1.00046 -0.0589191 -1.71701e-18)
(1.00404 -0.0611942 -1.71694e-18)
(1.0092 -0.0646937 0)
(1.01553 -0.0699698 -5.44031e-20)
(1.02236 -0.0772854 1.65926e-18)
(1.02885 -0.0865153 0)
(1.03416 -0.0971558 1.47847e-18)
(1.03763 -0.108447 1.53732e-18)
(1.03894 -0.119563 -1.42501e-18)
(1.03805 -0.129805 0)
(1.03522 -0.138723 0)
(1.03083 -0.146139 0)
(1.0253 -0.152114 -1.54301e-18)
(1.01903 -0.156875 0)
(1.01229 -0.160704 0)
(1.00529 -0.163846 0)
(0.998205 -0.166454 3.90565e-18)
(0.9912 -0.168592 -2.01974e-18)
(0.9845 -0.170257 0)
(0.978365 -0.171434 -2.32282e-18)
(0.973073 -0.172119 -2.53554e-18)
(0.968892 -0.172332 5.33398e-18)
(0.966051 -0.172106 -5.63409e-18)
(0.964748 -0.171476 -5.91205e-18)
(0.965145 -0.170473 0)
(0.967388 -0.169123 -6.34688e-18)
(0.971605 -0.167445 0)
(0.977916 -0.165461 0)
(0.986427 -0.163212 0)
(0.997239 -0.16077 6.25276e-18)
(1.01036 -0.158252 -5.89743e-18)
(1.02597 -0.155822 -8.09656e-18)
(1.04347 -0.153718 0)
(1.06454 -0.152063 3.57764e-18)
(1.08224 -0.151385 0)
(1.11704 -0.151062 -1.47677e-18)
(0.975434 0.217691 -9.73177e-18)
(0.979143 0.206094 -9.46843e-18)
(0.983425 0.200251 -1.69322e-17)
(0.985583 0.198005 0)
(0.985491 0.195691 -1.45639e-17)
(0.984793 0.192431 -6.93601e-18)
(0.984211 0.188749 0)
(0.983468 0.18475 1.23617e-17)
(0.982375 0.180233 1.15439e-17)
(0.981062 0.175147 0)
(0.979743 0.169582 -1.03521e-17)
(0.97866 0.163636 0)
(0.97813 0.157373 0)
(0.978488 0.150816 8.96573e-18)
(0.979958 0.143969 8.31321e-18)
(0.982606 0.136867 -1.81759e-19)
(0.986287 0.129719 1.83801e-19)
(0.990731 0.122673 0)
(0.995642 0.115617 0)
(1.00066 0.108419 -7.16322e-18)
(1.00544 0.101053 -7.24826e-18)
(1.00973 0.0935616 1.06218e-17)
(1.01342 0.0860033 3.53975e-18)
(1.01649 0.0784212 3.51198e-18)
(1.01895 0.0708523 0)
(1.02087 0.0633418 -3.36568e-18)
(1.02231 0.055945 0)
(1.0234 0.0487062 0)
(1.02428 0.0416341 -3.41397e-18)
(1.02509 0.034683 0)
(1.02595 0.0277451 0)
(1.02691 0.0206631 0)
(1.0279 0.0132715 8.35346e-19)
(1.02875 0.00547935 -4.33067e-19)
(1.02925 -0.00269408 2.1493e-19)
(1.02912 -0.0111374 0)
(1.02813 -0.0195914 0)
(1.02623 -0.0277026 0)
(1.02348 -0.0351239 8.45967e-19)
(1.02014 -0.0415887 8.67716e-19)
(1.01658 -0.0469497 -1.84137e-18)
(1.01326 -0.0512211 0)
(1.01066 -0.0545976 0)
(1.00919 -0.0574381 -3.91467e-18)
(1.00912 -0.0602204 -2.00211e-18)
(1.01051 -0.0634739 0)
(1.01319 -0.0676962 0)
(1.01677 -0.0732642 1.92209e-18)
(1.02065 -0.0803408 6.76928e-20)
(1.02418 -0.0888139 0)
(1.02674 -0.0983036 0)
(1.02792 -0.108246 -1.74856e-18)
(1.02753 -0.118024 0)
(1.02564 -0.127104 0)
(1.02248 -0.135127 0)
(1.01833 -0.141941 0)
(1.01351 -0.147575 0)
(1.00826 -0.152198 -3.96935e-18)
(1.00276 -0.156031 0)
(0.997153 -0.159282 0)
(0.99156 -0.162098 1.15119e-19)
(0.986125 -0.164555 0)
(0.981029 -0.166671 0)
(0.976487 -0.168438 0)
(0.972734 -0.169846 1.14541e-17)
(0.969994 -0.170894 -6.04471e-18)
(0.96847 -0.171589 6.3775e-18)
(0.968332 -0.171942 1.14539e-20)
(0.969722 -0.17196 0)
(0.972764 -0.171649 7.16317e-18)
(0.977563 -0.171012 -7.22864e-18)
(0.984215 -0.170057 0)
(0.992798 -0.168806 0)
(1.00339 -0.167311 -1.06766e-19)
(1.01599 -0.165665 6.65432e-18)
(1.03078 -0.164014 6.04716e-18)
(1.04722 -0.162555 0)
(1.06697 -0.161387 -4.05405e-18)
(1.08358 -0.160946 0)
(1.11623 -0.160316 1.11116e-18)
(0.975986 0.216475 0)
(0.981693 0.204218 2.18039e-17)
(0.987771 0.199653 1.93779e-17)
(0.990445 0.198419 0)
(0.990128 0.196248 8.27561e-18)
(0.98928 0.19299 -8.00209e-18)
(0.988784 0.189411 0)
(0.988298 0.185491 -1.39779e-17)
(0.987635 0.181036 0)
(0.986885 0.176044 0)
(0.986085 0.170574 0)
(0.985207 0.164654 0)
(0.984288 0.158295 0)
(0.983453 0.151499 1.82332e-19)
(0.982846 0.144275 -9.80066e-18)
(0.982616 0.136676 -1.81689e-19)
(0.982908 0.128955 1.83137e-19)
(0.983822 0.121342 0)
(0.985353 0.113809 0)
(0.98737 0.106272 0)
(0.989673 0.0987079 -2.03882e-19)
(0.992076 0.0911433 2.08265e-19)
(0.994454 0.0836145 -4.05356e-18)
(0.996727 0.0761439 -4.02287e-18)
(0.998839 0.0687451 0)
(1.00075 0.0614363 -4.0935e-18)
(1.00246 0.054243 4.08505e-18)
(1.00398 0.0471842 0)
(1.0054 0.0402518 1.98552e-18)
(1.00677 0.0333988 2.04058e-18)
(1.00812 0.0265386 0)
(1.00946 0.0195573 0)
(1.01069 0.0123464 1.02084e-18)
(1.01165 0.00485866 -1.57655e-20)
(1.01218 -0.00293124 -4.98329e-19)
(1.01206 -0.0108912 0)
(1.01115 -0.0187871 0)
(1.00942 -0.0263486 -1.02048e-18)
(1.00697 -0.0333207 0)
(1.00404 -0.0395074 -1.05375e-18)
(1.00097 -0.044814 -5.2238e-20)
(0.998132 -0.0492779 0)
(0.995939 -0.0530761 2.25325e-18)
(0.994725 -0.0565088 4.54872e-18)
(0.99471 -0.0599627 2.28287e-18)
(0.995951 -0.0638567 0)
(0.998321 -0.0685768 -4.6682e-18)
(1.00152 -0.0744059 0)
(1.0051 -0.0814549 -2.21643e-18)
(1.00858 -0.0896189 0)
(1.01149 -0.0985841 0)
(1.01351 -0.107891 0)
(1.01446 -0.117032 0)
(1.01435 -0.12556 0)
(1.01325 -0.133161 -4.32876e-18)
(1.01132 -0.139689 4.39054e-18)
(1.00869 -0.145158 0)
(1.00549 -0.149706 4.50173e-18)
(1.00184 -0.153533 -4.80558e-18)
(0.997854 -0.15684 0)
(0.993657 -0.15978 -5.16475e-18)
(0.98941 -0.162446 0)
(0.985308 -0.164871 0)
(0.981573 -0.16705 0)
(0.978434 -0.168965 -6.49789e-18)
(0.97611 -0.170599 6.90175e-18)
(0.974792 -0.171938 -7.23024e-18)
(0.974642 -0.17297 1.50561e-17)
(0.975793 -0.173685 -7.7867e-18)
(0.978357 -0.174072 0)
(0.982432 -0.174122 8.15314e-18)
(0.988107 -0.173828 -8.12518e-18)
(0.995458 -0.173201 0)
(1.00458 -0.172281 -7.98194e-20)
(1.01549 -0.171154 -7.337e-18)
(1.02843 -0.169972 0)
(1.04298 -0.168902 0)
(1.06084 -0.168083 -4.51102e-18)
(1.07595 -0.16772 0)
(1.10651 -0.166915 -1.24318e-18)
(0.976761 0.214805 0)
(0.984937 0.202013 -1.25575e-17)
(0.992773 0.199209 -1.1019e-17)
(0.995653 0.198999 0)
(0.994989 0.196882 1.89827e-17)
(0.993966 0.193651 1.79249e-17)
(0.993403 0.19016 0)
(0.992848 0.186231 1.61315e-17)
(0.992188 0.18172 -1.53158e-17)
(0.991596 0.176707 0)
(0.991124 0.171259 0)
(0.990702 0.165385 0)
(0.990271 0.159075 0)
(0.98981 0.152314 -1.16491e-17)
(0.989313 0.145089 -1.14327e-17)
(0.988786 0.137423 1.05152e-17)
(0.988308 0.12955 -3.11018e-17)
(0.988 0.121713 0)
(0.987941 0.113925 0)
(0.988129 0.106143 9.94946e-18)
(0.988501 0.0983652 1.94551e-17)
(0.98899 0.0906283 -9.52524e-18)
(0.989554 0.0829706 0)
(0.990167 0.0754143 0)
(0.990805 0.0679694 -4.77854e-18)
(0.99145 0.060646 9.42384e-18)
(0.992094 0.0534564 -9.40957e-18)
(0.992755 0.0464055 0)
(0.99347 0.0394763 0)
(0.994279 0.0326228 -2.32577e-18)
(0.995202 0.0257724 0)
(0.996217 0.0188365 2.38387e-18)
(0.997239 0.0117348 -1.16395e-18)
(0.998151 0.00441917 -1.52649e-20)
(0.998787 -0.00310656 -7.85789e-21)
(0.998962 -0.0107189 0)
(0.998546 -0.0182277 0)
(0.997506 -0.0254222 -3.10544e-20)
(0.995912 -0.0321042 1.20576e-18)
(0.993934 -0.0381301 3.64899e-18)
(0.991831 -0.0434447 4.94704e-18)
(0.989914 -0.0481018 2.55159e-18)
(0.98851 -0.0522662 -2.55805e-18)
(0.987906 -0.0561984 -2.60397e-18)
(0.988304 -0.0602212 2.68062e-18)
(0.989782 -0.0646742 0)
(0.992276 -0.0698605 5.2905e-18)
(0.99558 -0.0759913 -5.36342e-18)
(0.99937 -0.0831354 0)
(1.00327 -0.0911883 0)
(1.00689 -0.0998776 0)
(1.00996 -0.108811 0)
(1.01225 -0.117549 0)
(1.01369 -0.125696 0)
(1.01422 -0.132962 4.88633e-18)
(1.01385 -0.139205 -1.0043e-17)
(1.0126 -0.144432 -5.19177e-18)
(1.01052 -0.148774 5.34005e-18)
(1.00767 -0.152429 5.41957e-18)
(1.00417 -0.155606 -5.77436e-18)
(1.00017 -0.158475 6.05627e-18)
(0.995865 -0.161141 0)
(0.991482 -0.163649 6.72407e-18)
(0.987258 -0.165995 -7.09316e-18)
(0.983429 -0.168154 0)
(0.980208 -0.17009 -1.56407e-17)
(0.977781 -0.171771 8.16888e-18)
(0.9763 -0.173165 -1.70419e-17)
(0.975891 -0.174247 8.80864e-18)
(0.976664 -0.174991 0)
(0.97872 -0.175377 9.15681e-18)
(0.982167 -0.175396 9.22541e-18)
(0.987116 -0.175056 -9.07579e-18)
(0.99372 -0.174405 -8.85934e-18)
(1.00209 -0.173536 8.38008e-18)
(1.01257 -0.172631 0)
(1.02484 -0.171829 0)
(1.04081 -0.171369 5.18444e-18)
(1.05446 -0.171055 0)
(1.08396 -0.170435 1.43535e-18)
(0.977833 0.212618 1.66021e-17)
(0.988996 0.199653 0)
(0.998474 0.199063 -2.48105e-17)
(1.00126 0.199741 2.24985e-17)
(1.00019 0.1976 -2.14464e-17)
(0.99904 0.194448 2.05592e-17)
(0.998414 0.191052 0)
(0.997744 0.187083 1.6e-19)
(0.996973 0.182488 1.72915e-17)
(0.996316 0.177409 0)
(0.995843 0.171911 0)
(0.995511 0.165998 0)
(0.99528 0.159668 2.8492e-17)
(0.995123 0.15291 0)
(0.995001 0.145709 2.53841e-17)
(0.994866 0.138071 0)
(0.994708 0.130202 4.74268e-17)
(0.994568 0.122337 0)
(0.994483 0.114498 0)
(0.994453 0.106654 -2.26427e-17)
(0.994443 0.0988121 -1.10873e-17)
(0.994427 0.0910088 0)
(0.994402 0.083283 0)
(0.994378 0.0756597 0)
(0.994365 0.0681519 5.39555e-18)
(0.994374 0.0607694 -5.38193e-18)
(0.994422 0.0535203 -1.07286e-19)
(0.994538 0.0464041 0)
(0.994763 0.0394003 5.48525e-18)
(0.995139 0.0324656 0)
(0.995687 0.0255383 0)
(0.996394 0.0185467 -2.6955e-18)
(0.997199 0.0114287 1.37703e-18)
(0.997989 0.00415276 -1.51046e-20)
(0.998615 -0.00325563 3.33354e-19)
(0.998916 -0.0106899 0)
(0.998773 -0.0179889 0)
(0.998139 -0.0249752 1.34354e-18)
(0.997054 -0.031492 -1.35975e-18)
(0.99564 -0.0374351 -2.7642e-18)
(0.994096 -0.0427789 -2.81816e-18)
(0.992679 -0.0475917 -2.87668e-18)
(0.991664 -0.0520343 0)
(0.991305 -0.056343 0)
(0.991797 -0.0607992 -3.01999e-18)
(0.993236 -0.0656897 -6.17876e-18)
(0.995604 -0.0712612 0)
(0.998759 -0.0776763 1.21983e-17)
(1.00246 -0.0849727 0)
(1.00639 -0.0930397 0)
(1.01024 -0.101622 -5.94567e-18)
(1.01372 -0.110356 5.86941e-18)
(1.01658 -0.118835 5.81221e-18)
(1.01863 -0.126681 0)
(1.01971 -0.133611 5.79697e-18)
(1.0197 -0.139486 1.15803e-17)
(1.01852 -0.144319 -1.21662e-19)
(1.01616 -0.148253 -6.01596e-18)
(1.01268 -0.151508 0)
(1.00824 -0.154316 6.519e-18)
(1.00301 -0.15687 1.02456e-19)
(0.997266 -0.159291 0)
(0.991251 -0.16163 -1.53227e-17)
(0.985228 -0.163882 -8.22127e-20)
(0.979437 -0.166007 0)
(0.974087 -0.167955 8.91386e-18)
(0.969357 -0.169674 0)
(0.965393 -0.171116 9.7152e-18)
(0.962321 -0.172243 -1.00617e-17)
(0.960264 -0.173023 -1.03112e-17)
(0.959354 -0.17344 -1.04838e-17)
(0.959751 -0.17349 1.05116e-17)
(0.961646 -0.173199 1.04364e-17)
(0.965292 -0.172635 0)
(0.970915 -0.171912 0)
(0.979004 -0.171249 0)
(0.989312 -0.170754 0)
(1.00402 -0.170811 0)
(1.01681 -0.170662 0)
(1.04704 -0.170739 0)
(0.979275 0.209853 2.03284e-17)
(0.993932 0.197335 0)
(1.00486 0.199298 2.80546e-17)
(1.00729 0.200622 -2.19962e-20)
(1.00582 0.198422 0)
(1.0046 0.195406 -4.64884e-17)
(1.00393 0.192085 0)
(1.00317 0.188058 -2.07047e-17)
(1.00232 0.183384 1.98613e-17)
(1.00159 0.178242 -1.88984e-17)
(1.00106 0.17268 3.59397e-17)
(1.00067 0.166699 -3.41734e-17)
(1.00041 0.160306 -3.21266e-17)
(1.00027 0.153497 0)
(1.00024 0.146263 2.94176e-17)
(1.00027 0.138606 0)
(1.00034 0.130721 -5.42647e-17)
(1.00046 0.122838 2.68771e-17)
(1.00062 0.114982 0)
(1.00081 0.107126 1.28692e-17)
(1.00098 0.0992755 0)
(1.0011 0.0914617 0)
(1.00116 0.0837197 -1.27187e-17)
(1.00118 0.0760731 0)
(1.00118 0.0685354 0)
(1.00116 0.0611151 0)
(1.00116 0.0538174 6.17283e-18)
(1.0012 0.0466386 0)
(1.00134 0.0395564 1.09378e-19)
(1.00161 0.0325309 6.29212e-18)
(1.00204 0.0255098 0)
(1.00262 0.0184353 0)
(1.0033 0.0112601 -1.54474e-18)
(1.00399 0.00397417 7.68241e-19)
(1.00456 -0.0033866 0)
(1.00487 -0.010725 3.89827e-19)
(1.00482 -0.0178981 7.81312e-19)
(1.00436 -0.0247533 0)
(1.00349 -0.0311638 0)
(1.00232 -0.0370555 3.22066e-18)
(1.001 -0.0424271 0)
(0.999751 -0.0473616 -3.33533e-18)
(0.998804 -0.0520206 3.39608e-18)
(0.998396 -0.0566267 0)
(0.998714 -0.0614331 0)
(0.999865 -0.0666876 -1.06019e-19)
(1.00186 -0.0725937 0)
(1.00459 -0.0792725 -6.91757e-18)
(1.00785 -0.0867307 6.99112e-18)
(1.01137 -0.0948409 0)
(1.01483 -0.103345 6.67581e-18)
(1.0179 -0.111887 1.5415e-19)
(1.02025 -0.120063 -6.53068e-18)
(1.02161 -0.127499 0)
(1.02171 -0.133917 -6.52665e-18)
(1.02036 -0.139192 -6.60264e-18)
(1.01747 -0.143362 1.35944e-17)
(1.01306 -0.146606 0)
(1.00727 -0.149184 7.30856e-18)
(1.00031 -0.151362 7.63183e-18)
(0.992466 -0.153356 9.78749e-20)
(0.984024 -0.155301 0)
(0.975272 -0.157245 2.66108e-17)
(0.966474 -0.159174 9.30281e-18)
(0.957861 -0.161035 -1.9757e-17)
(0.949628 -0.162759 0)
(0.941942 -0.164278 -2.16702e-17)
(0.934947 -0.165534 -2.25332e-17)
(0.928782 -0.166486 1.16218e-17)
(0.923599 -0.167104 1.19343e-17)
(0.91958 -0.167386 -2.42853e-17)
(0.916961 -0.16735 1.2201e-17)
(0.916024 -0.167044 0)
(0.917137 -0.166566 0)
(0.920634 -0.166049 2.24045e-17)
(0.927132 -0.165748 0)
(0.936409 -0.165722 0)
(0.950981 -0.166546 0)
(0.963841 -0.166764 0)
(0.996907 -0.168122 0)
(0.981152 0.206468 -4.44453e-17)
(0.999747 0.195258 -3.86791e-17)
(1.01186 0.199928 -3.08968e-17)
(1.01377 0.201611 -5.71605e-21)
(1.01196 0.199377 0)
(1.01073 0.196543 2.62138e-17)
(1.01003 0.193263 0)
(1.00922 0.189161 0)
(1.00834 0.184418 -2.23359e-17)
(1.0076 0.179221 2.12563e-17)
(1.00703 0.173599 -8.12322e-17)
(1.0066 0.167552 3.84508e-17)
(1.0063 0.161091 3.6952e-17)
(1.00611 0.154219 3.51741e-17)
(1.00604 0.146927 3.76819e-19)
(1.00606 0.139216 0)
(1.00616 0.13128 6.18939e-17)
(1.00633 0.123349 -3.02584e-17)
(1.00657 0.115451 0)
(1.00685 0.107565 -2.98284e-17)
(1.00713 0.0996931 0)
(1.00737 0.0918633 -1.46248e-17)
(1.00756 0.0841058 1.43126e-17)
(1.0077 0.0764417 1.44475e-17)
(1.00781 0.0688823 1.4394e-17)
(1.00789 0.0614335 1.43604e-17)
(1.00796 0.0540978 0)
(1.00807 0.0468686 0)
(1.00824 0.0397217 -7.06635e-18)
(1.00851 0.0326201 -7.07428e-18)
(1.0089 0.0255191 0)
(1.00942 0.0183713 0)
(1.01002 0.0111437 -1.79148e-18)
(1.01062 0.00383872 0)
(1.01111 -0.00350005 -4.44663e-19)
(1.01138 -0.0107785 -4.36681e-19)
(1.01131 -0.0178645 1.50711e-20)
(1.01084 -0.0246227 0)
(1.00996 -0.0309478 -3.61854e-18)
(1.00875 -0.0367884 5.39652e-20)
(1.00732 -0.0421634 3.72727e-18)
(1.00587 -0.0471687 3.74477e-18)
(1.00461 -0.0519692 -3.81415e-18)
(1.00376 -0.0567782 0)
(1.0035 -0.0618274 0)
(1.00393 -0.0673331 7.91806e-18)
(1.00505 -0.0734609 0)
(1.00676 -0.0802935 0)
(1.00883 -0.0878032 -1.58636e-17)
(1.01096 -0.0958362 0)
(1.01277 -0.104116 0)
(1.01386 -0.112275 -7.60711e-18)
(1.01385 -0.119905 0)
(1.01241 -0.12664 -7.66708e-18)
(1.00932 -0.132225 0)
(1.00446 -0.136574 0)
(0.997858 -0.139778 -1.57644e-17)
(0.989687 -0.142071 -1.63503e-17)
(0.980197 -0.143758 8.5895e-18)
(0.969695 -0.145136 -8.79357e-18)
(0.958501 -0.146435 -9.25411e-18)
(0.946912 -0.147786 0)
(0.935196 -0.14923 -4.1462e-17)
(0.923577 -0.150735 0)
(0.912248 -0.152231 4.61294e-17)
(0.901369 -0.153634 -2.42898e-17)
(0.891087 -0.154866 2.53032e-17)
(0.881541 -0.155864 2.63537e-17)
(0.872884 -0.15659 0)
(0.865301 -0.157027 -2.80621e-17)
(0.859022 -0.157192 2.85405e-17)
(0.854345 -0.157124 -2.87374e-17)
(0.851631 -0.1569 0)
(0.85134 -0.156641 0)
(0.853892 -0.156494 3.78166e-20)
(0.860013 -0.156746 0)
(0.86945 -0.15739 0)
(0.885117 -0.159228 0)
(0.898979 -0.160037 0)
(0.936704 -0.163156 0)
(0.983507 0.202469 0)
(1.00638 0.193568 1.98159e-19)
(1.01938 0.200877 3.47216e-17)
(1.02068 0.202658 -6.40767e-17)
(1.01865 0.200481 0)
(1.01746 0.197855 0)
(1.01676 0.194579 0)
(1.01594 0.190396 2.6664e-17)
(1.01506 0.185593 0)
(1.01431 0.180343 0)
(1.01373 0.174661 4.57763e-17)
(1.01328 0.168549 -4.39493e-17)
(1.01294 0.162023 3.79253e-19)
(1.0127 0.155085 -3.94931e-17)
(1.01257 0.147728 -3.76112e-17)
(1.01252 0.139953 0)
(1.01255 0.131952 3.80485e-19)
(1.01265 0.123955 0)
(1.01282 0.115998 0)
(1.01303 0.10806 -4.04053e-19)
(1.01325 0.100146 0)
(1.01343 0.0922808 1.64366e-17)
(1.01357 0.0844914 0)
(1.01366 0.0767967 -1.62367e-17)
(1.0137 0.0692061 2.14722e-19)
(1.01371 0.0617234 -1.6137e-17)
(1.01369 0.0543486 -8.16784e-18)
(1.01367 0.0470733 0)
(1.01368 0.0398708 0)
(1.01375 0.0327072 8.18669e-18)
(1.0139 0.0255434 0)
(1.01413 0.0183393 0)
(1.01439 0.0110737 4.03762e-18)
(1.0146 0.00375929 0)
(1.01463 -0.00355163 1.00346e-18)
(1.01437 -0.0107632 0)
(1.0137 -0.0177496 -9.9872e-19)
(1.01255 -0.0243872 -2.03973e-18)
(1.0109 -0.0305872 4.06488e-18)
(1.00881 -0.0363168 -4.12355e-18)
(1.00641 -0.0416127 -4.19506e-18)
(1.00389 -0.0465836 0)
(1.00145 -0.051398 0)
(0.999301 -0.0562617 0)
(0.99759 -0.0613864 9.0898e-18)
(0.996382 -0.0669573 0)
(0.995626 -0.0731012 0)
(0.995148 -0.0798586 0)
(0.994655 -0.0871611 -1.36583e-19)
(0.993764 -0.0948213 0)
(0.992045 -0.102541 -9.07073e-18)
(0.989079 -0.109946 -8.99816e-18)
(0.984527 -0.116645 -8.94787e-18)
(0.978181 -0.122309 8.80848e-18)
(0.969998 -0.126741 0)
(0.960097 -0.129921 0)
(0.948726 -0.132004 9.22413e-18)
(0.936216 -0.133274 1.90716e-17)
(0.922916 -0.134064 -1.98773e-17)
(0.909158 -0.13468 0)
(0.895224 -0.135346 0)
(0.881342 -0.136177 0)
(0.867686 -0.137192 2.45552e-17)
(0.854397 -0.138341 -2.60811e-17)
(0.841589 -0.139539 -2.73487e-17)
(0.829371 -0.14069 2.87395e-17)
(0.817853 -0.141711 -3.01646e-17)
(0.807163 -0.142539 0)
(0.797456 -0.143144 3.24631e-17)
(0.78893 -0.14352 3.32957e-17)
(0.781842 -0.143702 3.39295e-17)
(0.776534 -0.143751 0)
(0.773429 -0.143768 0)
(0.773066 -0.143898 3.3034e-17)
(0.775936 -0.144297 7.86918e-20)
(0.782862 -0.145276 2.88288e-17)
(0.793526 -0.14675 0)
(0.811297 -0.14978 0)
(0.826816 -0.151361 0)
(0.870439 -0.156536 0)
(0.98634 0.197925 -6.31004e-17)
(1.01372 0.192422 5.31587e-19)
(1.02734 0.202084 -3.76471e-17)
(1.02804 0.203761 3.58162e-17)
(1.02584 0.201742 0)
(1.02463 0.199303 0)
(1.0238 0.195972 0)
(1.02277 0.191679 -2.97826e-17)
(1.02166 0.18679 0)
(1.02066 0.181454 0)
(1.01978 0.175677 5.20029e-17)
(1.01902 0.169469 -3.78019e-19)
(1.01835 0.162849 -4.68767e-17)
(1.01779 0.15582 0)
(1.01731 0.148378 0)
(1.01691 0.14052 0)
(1.01657 0.132439 -7.97108e-17)
(1.01629 0.124367 0)
(1.01608 0.116339 0)
(1.01589 0.108341 3.81007e-17)
(1.01568 0.100377 0)
(1.01542 0.0924698 0)
(1.01508 0.0846447 0)
(1.01465 0.0769192 -1.87058e-17)
(1.01414 0.0693017 -3.70769e-17)
(1.01354 0.0617947 1.8609e-17)
(1.01287 0.054397 -9.40541e-18)
(1.01213 0.0471002 0)
(1.01136 0.0398733 9.31275e-18)
(1.01057 0.0326861 -9.2111e-18)
(1.00977 0.0255113 0)
(1.00891 0.0183118 0)
(1.00792 0.0110771 -6.90979e-18)
(1.0067 0.0038311 -2.30799e-18)
(1.00513 -0.00336514 -1.14569e-18)
(1.00308 -0.0104131 0)
(1.00046 -0.0171917 0)
(0.997216 -0.0235889 2.30764e-18)
(0.993385 -0.0295319 4.72304e-18)
(0.989072 -0.0350069 -4.79301e-18)
(0.984448 -0.0400682 4.87813e-18)
(0.97972 -0.0448354 0)
(0.975095 -0.0494785 0)
(0.970736 -0.0541918 0)
(0.966727 -0.059163 -1.04031e-17)
(0.963037 -0.0645424 1.0632e-17)
(0.95951 -0.0704149 0)
(0.955862 -0.0767773 0)
(0.95171 -0.083523 -1.27745e-19)
(0.946615 -0.0904396 0)
(0.940148 -0.0972252 1.05162e-17)
(0.931979 -0.103528 -1.31005e-19)
(0.921936 -0.109006 2.10282e-17)
(0.910058 -0.113399 0)
(0.896583 -0.116585 0)
(0.881899 -0.118615 0)
(0.866459 -0.11969 2.22929e-17)
(0.850706 -0.120118 0)
(0.835004 -0.120233 -2.40629e-17)
(0.819621 -0.120323 0)
(0.804722 -0.120586 -2.66218e-17)
(0.790395 -0.121111 0)
(0.776678 -0.121895 0)
(0.763588 -0.122869 3.12198e-17)
(0.751146 -0.123937 0)
(0.739388 -0.124995 0)
(0.728378 -0.12596 3.60638e-17)
(0.718214 -0.126769 0)
(0.709037 -0.127398 -7.75799e-17)
(0.70105 -0.127853 3.98185e-17)
(0.694533 -0.128186 -4.04445e-17)
(0.689878 -0.128484 4.06999e-17)
(0.687579 -0.128874 -4.03299e-17)
(0.688255 -0.129525 8.02258e-20)
(0.692455 -0.130595 1.12907e-19)
(0.701083 -0.132417 -3.38976e-17)
(0.713713 -0.134807 -2.94261e-17)
(0.734221 -0.139106 0)
(0.751678 -0.14156 1.41805e-17)
(0.801746 -0.148924 -6.73533e-18)
(0.989625 0.192955 6.65756e-17)
(1.02178 0.191899 8.59741e-19)
(1.03581 0.203485 6.203e-19)
(1.03563 0.20492 -3.99119e-17)
(1.03261 0.20304 0)
(1.0303 0.200579 3.69807e-17)
(1.02804 0.196958 0)
(1.02542 0.192351 0)
(1.02265 0.187175 0)
(1.02 0.181566 0)
(1.01752 0.175535 3.67602e-19)
(1.01523 0.169102 5.54913e-17)
(1.01313 0.162288 0)
(1.01121 0.155098 0)
(1.00943 0.147523 0)
(1.00777 0.139561 -4.64142e-17)
(1.00622 0.131399 -3.68798e-19)
(1.00477 0.123266 0)
(1.0034 0.115199 0)
(1.00205 0.107183 0)
(1.00065 0.0992192 -4.34519e-17)
(0.999147 0.0913282 -2.15746e-17)
(0.997513 0.0835335 0)
(0.995728 0.0758513 2.11748e-17)
(0.993787 0.0682895 4.24496e-17)
(0.991688 0.0608498 -2.10992e-17)
(0.98944 0.0535298 -2.05825e-19)
(0.987046 0.0463214 0)
(0.984517 0.0391884 -2.12636e-17)
(0.981849 0.0321326 1.06808e-17)
(0.978996 0.0251104 0)
(0.975892 0.0180915 0)
(0.972448 0.0110781 5.26791e-18)
(0.968556 0.00410299 -2.711e-20)
(0.964102 -0.00276735 6.59356e-19)
(0.958996 -0.00943588 0)
(0.953206 -0.0157912 -2.68997e-18)
(0.946779 -0.0217371 0)
(0.939842 -0.0272206 4.82274e-20)
(0.932591 -0.0322473 5.54845e-18)
(0.925255 -0.0368862 -5.65944e-18)
(0.918058 -0.0412628 -1.16494e-17)
(0.911173 -0.0455411 0)
(0.904685 -0.0498967 -1.21445e-17)
(0.89856 -0.0544877 1.23615e-17)
(0.892632 -0.0594268 -1.24426e-17)
(0.886607 -0.0647587 0)
(0.880087 -0.070444 -1.27355e-17)
(0.872615 -0.0763517 1.26504e-17)
(0.86374 -0.082265 0)
(0.853103 -0.0879034 0)
(0.840521 -0.0929641 1.26007e-17)
(0.826046 -0.0971763 -1.26175e-17)
(0.809982 -0.100358 0)
(0.792834 -0.102461 0)
(0.775212 -0.103582 0)
(0.757709 -0.103947 -5.39662e-17)
(0.740806 -0.103855 0)
(0.72482 -0.103612 2.91176e-17)
(0.709901 -0.103474 0)
(0.696062 -0.103603 3.22059e-17)
(0.683229 -0.104059 3.40868e-17)
(0.671287 -0.104816 0)
(0.660123 -0.105793 3.78509e-17)
(0.649651 -0.106884 3.97532e-17)
(0.639829 -0.107984 0)
(0.630665 -0.109006 -4.33763e-17)
(0.622227 -0.109892 0)
(0.614655 -0.110626 -4.07431e-20)
(0.608182 -0.111233 3.98072e-20)
(0.603151 -0.111792 0)
(0.600029 -0.112421 5.58462e-20)
(0.599379 -0.113271 4.76291e-17)
(0.601875 -0.114529 -4.61108e-17)
(0.60808 -0.116339 -4.34965e-17)
(0.618945 -0.119043 0)
(0.633872 -0.122354 3.36303e-17)
(0.657318 -0.127878 0)
(0.676588 -0.131212 -1.59355e-17)
(0.732913 -0.140721 7.52018e-18)
(0.993547 0.187732 0)
(1.03076 0.191951 4.92088e-17)
(1.04375 0.204769 4.22122e-17)
(1.03991 0.205568 -1.02045e-19)
(1.03196 0.203221 0)
(1.02393 0.199934 -8.20305e-17)
(1.01579 0.195297 0)
(1.00757 0.18976 7.5136e-17)
(0.999689 0.183794 0)
(0.99248 0.177529 0)
(0.98601 0.170975 3.42587e-19)
(0.980231 0.164148 0)
(0.975067 0.157057 -6.06373e-17)
(0.970425 0.149694 5.80012e-17)
(0.966198 0.142038 5.54689e-17)
(0.962265 0.134073 1.05759e-16)
(0.958605 0.125972 5.16814e-17)
(0.955203 0.117953 0)
(0.95197 0.110042 0)
(0.948793 0.102218 5.04956e-17)
(0.945567 0.0944764 4.97877e-17)
(0.942212 0.0868335 2.47572e-17)
(0.938679 0.079309 0)
(0.934947 0.0719171 0)
(0.931012 0.0646649 -2.45764e-17)
(0.926877 0.0575527 0)
(0.922549 0.0505774 2.46209e-17)
(0.918036 0.0437143 0)
(0.913319 0.0369866 2.48043e-17)
(0.908373 0.0303654 -1.23596e-17)
(0.903138 0.023796 1.24605e-17)
(0.897531 0.0172659 0)
(0.89145 0.0107861 0)
(0.884786 0.00439207 3.10861e-18)
(0.877456 -0.00185168 0)
(0.869434 -0.00785728 -7.90502e-19)
(0.860779 -0.0135298 3.16678e-18)
(0.851646 -0.0187939 0)
(0.842269 -0.023617 -6.50942e-18)
(0.832925 -0.0280211 0)
(0.823885 -0.0320827 6.81016e-18)
(0.815363 -0.0359238 1.3856e-17)
(0.807468 -0.0396932 0)
(0.800179 -0.043541 2.90305e-17)
(0.793327 -0.0475922 -1.47534e-17)
(0.786601 -0.051924 0)
(0.779579 -0.0565482 0)
(0.771763 -0.0614017 1.52569e-17)
(0.76265 -0.0663456 0)
(0.751804 -0.0711772 0)
(0.738952 -0.0756551 -1.54361e-17)
(0.724059 -0.0795377 3.09006e-17)
(0.707374 -0.0826283 0)
(0.689419 -0.0848176 0)
(0.670902 -0.0861111 -3.15911e-17)
(0.652584 -0.086633 0)
(0.635139 -0.086603 -1.18113e-19)
(0.619049 -0.0862918 -3.42366e-17)
(0.604562 -0.0859654 -3.5679e-17)
(0.591709 -0.0858345 0)
(0.580356 -0.0860236 -3.92685e-17)
(0.570277 -0.0865648 -4.12343e-17)
(0.561212 -0.0874144 0)
(0.552923 -0.0884807 -9.11372e-17)
(0.545223 -0.0896519 -4.76936e-17)
(0.538 -0.0908227 4.98254e-17)
(0.53123 -0.0919121 5.17526e-17)
(0.524992 -0.0928757 -5.35661e-17)
(0.519478 -0.0937211 1.10109e-16)
(0.515001 -0.0945029 -5.61528e-17)
(0.511985 -0.0953315 -5.67788e-17)
(0.510957 -0.0963482 -5.66114e-17)
(0.512495 -0.0977141 0)
(0.517254 -0.09961 0)
(0.525738 -0.10215 0)
(0.538923 -0.105676 0)
(0.555977 -0.109797 0)
(0.582055 -0.116366 -2.98987e-17)
(0.602532 -0.120473 0)
(0.664119 -0.131881 0)
(0.9988 0.182496 0)
(1.03779 0.19202 0)
(1.04101 0.204234 4.27952e-17)
(1.02211 0.202594 4.5409e-17)
(0.998577 0.197933 0)
(0.976586 0.19231 4.55369e-17)
(0.956675 0.185632 0)
(0.938883 0.178538 -8.47849e-17)
(0.923409 0.171452 0)
(0.910217 0.164428 0)
(0.899018 0.15742 -1.51676e-16)
(0.889453 0.150387 -7.29601e-17)
(0.881202 0.143292 6.97044e-17)
(0.873984 0.13609 -6.6802e-17)
(0.867541 0.128731 -6.39825e-17)
(0.861638 0.121179 -1.22791e-16)
(0.856203 0.113579 0)
(0.851196 0.106119 5.99905e-17)
(0.846467 0.098809 0)
(0.841851 0.0916187 -1.18072e-16)
(0.837203 0.0845381 5.88908e-17)
(0.832422 0.0775763 0)
(0.827456 0.0707486 -2.92844e-17)
(0.82229 0.0640667 0)
(0.816931 0.0575364 0)
(0.811392 0.0511576 0)
(0.805687 0.044924 0)
(0.799826 0.0388216 0)
(0.79379 0.0328852 -1.47135e-17)
(0.787537 0.0270431 0)
(0.78099 0.021272 -2.96578e-17)
(0.774045 0.0155706 -7.45715e-18)
(0.766586 0.00994954 0)
(0.75851 0.0044404 0)
(0.749766 -0.000901012 -9.45523e-19)
(0.740385 -0.006002 9.48522e-19)
(0.730507 -0.010788 0)
(0.720375 -0.0152048 -3.90156e-18)
(0.710306 -0.0192368 0)
(0.700629 -0.0229152 0)
(0.691634 -0.026315 -1.64908e-17)
(0.683508 -0.0295457 0)
(0.676292 -0.0327333 1.72856e-17)
(0.669865 -0.0359982 -1.76061e-17)
(0.663938 -0.0394331 0)
(0.658084 -0.0430842 0)
(0.651774 -0.0469394 0)
(0.644443 -0.0509231 0)
(0.635558 -0.0549011 -1.87419e-17)
(0.624709 -0.0586961 0)
(0.611697 -0.0621126 1.87602e-17)
(0.596608 -0.0649718 -3.76003e-17)
(0.579837 -0.0671447 3.78758e-17)
(0.562053 -0.0685808 3.81492e-17)
(0.544089 -0.0693211 3.85014e-17)
(0.526792 -0.0694957 0)
(0.510871 -0.0693022 4.02365e-17)
(0.496796 -0.0689704 8.32228e-17)
(0.484755 -0.0687177 8.65044e-17)
(0.474683 -0.0687096 -4.51994e-17)
(0.466331 -0.0690337 9.45993e-17)
(0.459344 -0.0696968 4.96051e-17)
(0.453343 -0.0706398 0)
(0.44799 -0.0717656 1.08677e-16)
(0.443034 -0.0729649 0)
(0.438342 -0.074145 -1.17933e-16)
(0.433917 -0.0752454 6.10852e-17)
(0.429905 -0.0762517 -1.88835e-20)
(0.426584 -0.0772026 -6.44306e-17)
(0.424342 -0.0781819 0)
(0.423639 -0.0793157 6.57571e-17)
(0.424979 -0.0807455 6.52974e-17)
(0.428867 -0.0826166 0)
(0.435868 -0.0850847 -6.10054e-17)
(0.446374 -0.08822 5.67035e-17)
(0.461392 -0.0923704 0)
(0.479821 -0.0970618 0)
(0.507641 -0.104345 3.28796e-17)
(0.528177 -0.108969 0)
(0.593107 -0.121801 0)
(1.00402 0.17724 7.68965e-17)
(1.02677 0.189399 0)
(0.997033 0.196788 -8.99237e-17)
(0.944559 0.189393 0)
(0.895566 0.1803 -5.1201e-17)
(0.856817 0.171521 0)
(0.826339 0.16289 0)
(0.801864 0.15477 0)
(0.782133 0.147275 0)
(0.766194 0.140258 -9.15823e-17)
(0.753182 0.133551 8.81203e-17)
(0.742384 0.127034 -2.05444e-19)
(0.733268 0.120619 0)
(0.725421 0.114226 0)
(0.7185 0.107787 0)
(0.712213 0.101249 1.4398e-16)
(0.706457 0.0947262 0)
(0.70118 0.0883662 -7.05263e-17)
(0.696217 0.0821676 0)
(0.691382 0.0760961 -1.9981e-19)
(0.686518 0.070138 2.01762e-19)
(0.681524 0.0642977 6.9876e-17)
(0.676357 0.0585863 3.48311e-17)
(0.671018 0.0530133 0)
(0.66553 0.0475834 -3.5044e-17)
(0.659919 0.0422967 0)
(0.654204 0.037153 0)
(0.648409 0.0321454 0)
(0.642503 0.0272557 1.77836e-17)
(0.636428 0.0224592 -1.78589e-17)
(0.630093 0.0177474 1.78922e-17)
(0.623378 0.0131149 8.99062e-18)
(0.616156 0.00856749 0)
(0.60833 0.00413062 0)
(0.599869 -0.000151323 1.14517e-18)
(0.590846 -0.0042225 0)
(0.581452 -0.00802823 0)
(0.571987 -0.0115324 9.49246e-18)
(0.562812 -0.014731 9.66295e-18)
(0.554288 -0.0176572 -9.85024e-18)
(0.546704 -0.0203772 -1.90061e-20)
(0.54022 -0.0229817 0)
(0.534826 -0.0255701 3.59062e-20)
(0.530326 -0.0282327 0)
(0.526349 -0.0310315 0)
(0.522388 -0.0339879 -2.21953e-17)
(0.517853 -0.0370737 0)
(0.512138 -0.0402102 0)
(0.504713 -0.0432769 2.27083e-17)
(0.495205 -0.0461283 0)
(0.483483 -0.0486178 0)
(0.469718 -0.050624 4.58194e-17)
(0.454381 -0.0520742 8.64255e-20)
(0.438198 -0.0529586 -4.61749e-17)
(0.422035 -0.0533352 -4.67399e-17)
(0.406751 -0.0533242 -4.74878e-17)
(0.393055 -0.0530913 -4.85576e-17)
(0.381402 -0.052821 -4.99194e-17)
(0.371947 -0.0526826 -1.03433e-16)
(0.36457 -0.0527981 1.07572e-16)
(0.358948 -0.0532221 -5.60757e-17)
(0.354647 -0.053941 -5.8545e-17)
(0.351221 -0.0548888 6.11146e-17)
(0.348291 -0.0559743 9.7163e-21)
(0.345603 -0.0571061 -6.61837e-17)
(0.343065 -0.0582188 6.85572e-17)
(0.340742 -0.0592831 4.34234e-21)
(0.338853 -0.0603163 7.25304e-17)
(0.337722 -0.0613785 0)
(0.337741 -0.0625631 0)
(0.339319 -0.0639865 0)
(0.342858 -0.0657674 -7.33876e-17)
(0.348729 -0.0680195 0)
(0.35738 -0.0708531 -1.25347e-19)
(0.369075 -0.0743135 -6.20149e-17)
(0.384874 -0.0787545 0)
(0.403392 -0.0836513 4.62817e-17)
(0.431469 -0.0911647 0)
(0.450419 -0.0958889 0)
(0.515732 -0.109427 1.13383e-17)
(0.997056 0.17083 2.35234e-18)
(0.960102 0.177928 0)
(0.870037 0.174913 4.88339e-17)
(0.779148 0.160018 0)
(0.71384 0.147327 5.78893e-17)
(0.670889 0.13728 0)
(0.640649 0.128674 0)
(0.617688 0.121204 0)
(0.599744 0.114637 1.09237e-16)
(0.585584 0.108693 2.11716e-16)
(0.574235 0.103152 1.02396e-16)
(0.564946 0.0978683 1.97401e-16)
(0.557185 0.0927394 0)
(0.55056 0.0876833 9.13628e-17)
(0.544751 0.0826321 8.76837e-17)
(0.539494 0.0775356 -1.68013e-16)
(0.534691 0.0724764 0)
(0.530299 0.0675628 0)
(0.526176 0.0627886 0)
(0.522152 0.0581232 1.65762e-16)
(0.518084 0.0535532 -8.28299e-17)
(0.513883 0.04908 -8.29097e-17)
(0.509527 0.0447121 -4.15936e-17)
(0.505035 0.040457 4.17119e-17)
(0.500443 0.0363191 4.18085e-17)
(0.495788 0.0323007 0)
(0.491089 0.0284051 -4.22878e-17)
(0.486376 0.0246054 0)
(0.481612 0.0208893 -2.13338e-17)
(0.476729 0.0172615 2.14556e-17)
(0.471628 0.0137111 -2.16127e-17)
(0.466182 0.0102287 0)
(0.460263 0.0068187 1.0944e-17)
(0.453778 0.0035007 0)
(0.446709 0.000307069 0)
(0.439145 -0.00272291 0)
(0.431299 -0.00555248 0)
(0.423488 -0.00815992 -5.74714e-18)
(0.416085 -0.0105481 -1.1684e-17)
(0.40945 -0.0127465 1.19032e-17)
(0.403861 -0.0148085 -1.12423e-20)
(0.399455 -0.0168024 0)
(0.396192 -0.0188005 -2.53308e-17)
(0.393842 -0.0208651 -2.58484e-17)
(0.392 -0.0230332 0)
(0.390133 -0.0253068 2.66454e-17)
(0.387643 -0.027649 0)
(0.38394 -0.0299878 0)
(0.37853 -0.0322239 2.72859e-17)
(0.371095 -0.0342475 5.47069e-17)
(0.361556 -0.0359574 0)
(0.35011 -0.0372794 -5.47588e-17)
(0.337216 -0.0381787 -5.48471e-17)
(0.323553 -0.0386672 0)
(0.309919 -0.0388038 5.54596e-17)
(0.297117 -0.0386892 5.61473e-17)
(0.285823 -0.0384543 5.71844e-17)
(0.276482 -0.0382406 5.86458e-17)
(0.269251 -0.0381739 1.20855e-16)
(0.264007 -0.0383393 2.08984e-20)
(0.260419 -0.0387659 -6.49683e-17)
(0.258045 -0.0394302 0)
(0.256445 -0.0402719 -7.01975e-17)
(0.255265 -0.0412195 -1.45706e-16)
(0.254298 -0.0422098 1.5083e-16)
(0.253501 -0.0432085 -7.77777e-17)
(0.252982 -0.0442117 -7.98419e-17)
(0.252971 -0.0452542 0)
(0.253766 -0.0463974 -8.24842e-17)
(0.255684 -0.047721 0)
(0.259027 -0.0493165 0)
(0.264061 -0.051268 -8.03782e-17)
(0.27102 -0.0536391 0)
(0.280233 -0.0565144 7.26919e-17)
(0.291844 -0.0599421 -6.66697e-17)
(0.306955 -0.0642396 0)
(0.323931 -0.068886 -4.91964e-17)
(0.350239 -0.076009 0)
(0.365775 -0.0803026 0)
(0.427389 -0.0935762 -1.19756e-17)
(0.943677 0.159905 -8.05255e-17)
(0.792331 0.149735 0)
(0.646356 0.134634 5.45058e-17)
(0.546521 0.116147 0)
(0.491795 0.104374 6.5485e-17)
(0.46079 0.0963157 0)
(0.439244 0.0897715 0)
(0.42254 0.0841994 0)
(0.409511 0.0793872 4.78504e-20)
(0.399385 0.075106 4.89024e-20)
(0.391373 0.0711673 -1.16079e-16)
(0.384858 0.0674457 -1.12185e-16)
(0.379439 0.0638579 0)
(0.374836 0.0603398 -2.08293e-16)
(0.370811 0.056839 -1.00048e-16)
(0.367172 0.0533171 1.92047e-16)
(0.363848 0.0498286 0)
(0.360818 0.046447 9.57672e-17)
(0.357976 0.0431664 9.60647e-17)
(0.355186 0.0399639 -9.63066e-17)
(0.352332 0.0368283 0)
(0.349351 0.0337601 -9.70451e-17)
(0.346241 0.0307655 4.87084e-17)
(0.343036 0.0278508 -4.89526e-17)
(0.339777 0.0250204 4.92555e-17)
(0.336504 0.0222728 0)
(0.333233 0.0196052 -2.69767e-20)
(0.32999 0.0170087 0)
(0.32674 0.0144737 0)
(0.323417 0.0119983 0)
(0.319927 0.00957792 -1.3245e-20)
(0.316153 0.00720831 0)
(0.311976 0.00489317 -1.3006e-17)
(0.307309 0.00264502 6.55697e-18)
(0.302137 0.000484209 0)
(0.296544 -0.00156503 0)
(0.290726 -0.00348083 -6.75445e-18)
(0.284972 -0.00525203 0)
(0.279622 -0.006884 0)
(0.275001 -0.00839968 1.41488e-17)
(0.271359 -0.00983671 -5.34339e-21)
(0.268821 -0.0112414 -2.94064e-17)
(0.267344 -0.0126605 -2.99798e-17)
(0.266714 -0.0141321 3.05165e-17)
(0.266558 -0.0156803 0)
(0.266388 -0.0172957 0)
(0.265669 -0.0189364 0)
(0.263883 -0.0205441 0)
(0.260614 -0.0220472 -3.20473e-17)
(0.255599 -0.0233711 2.80724e-20)
(0.24878 -0.0244518 0)
(0.240313 -0.0252471 0)
(0.230562 -0.025743 6.39645e-17)
(0.220061 -0.0259565 0)
(0.209458 -0.025936 0)
(0.199432 -0.0257579 -6.46673e-17)
(0.190586 -0.0255193 0)
(0.183346 -0.0253237 -6.68074e-17)
(0.177896 -0.0252605 -1.37078e-16)
(0.174164 -0.0253874 -7.06351e-17)
(0.171883 -0.0257203 7.30332e-17)
(0.170682 -0.0262365 0)
(0.170191 -0.0268906 7.82773e-17)
(0.170127 -0.0276363 1.61837e-16)
(0.170329 -0.0284377 -8.3413e-17)
(0.170781 -0.0292821 8.56263e-17)
(0.171575 -0.0301774 8.74263e-17)
(0.17289 -0.0311575 0)
(0.17494 -0.0322708 -1.04226e-20)
(0.177935 -0.0335639 0)
(0.182059 -0.0350991 0)
(0.187455 -0.0369269 8.53086e-17)
(0.194245 -0.0390747 0)
(0.202645 -0.0416163 0)
(0.212709 -0.0445836 6.9679e-17)
(0.225477 -0.0482395 -6.16665e-17)
(0.239238 -0.052127 0)
(0.261339 -0.0581307 -4.03679e-17)
(0.272091 -0.0614679 0)
(0.32471 -0.0732243 0)
(0.781195 0.136259 0)
(0.50893 0.100281 5.73645e-17)
(0.371095 0.0813101 -6.16856e-17)
(0.305407 0.0672014 6.94098e-17)
(0.276725 0.0601236 -1.20431e-20)
(0.260897 0.0554812 7.08836e-17)
(0.248837 0.0516174 0)
(0.239143 0.0483087 1.37073e-16)
(0.231678 0.0454792 -1.34132e-16)
(0.225986 0.0429893 -1.30765e-16)
(0.221514 0.0407146 0)
(0.217881 0.0385731 0)
(0.214866 0.0365144 0)
(0.212313 0.0345007 1.14844e-16)
(0.210085 0.0325004 0)
(0.208069 0.0304902 -1.06291e-16)
(0.206228 0.0285003 0)
(0.204557 0.0265732 1.16199e-20)
(0.202989 0.0247055 -1.07945e-16)
(0.201434 0.0228828 0)
(0.199813 0.0210953 0)
(0.198094 0.0193447 1.10313e-16)
(0.196288 0.0176351 0)
(0.194429 0.015971 5.59969e-17)
(0.192553 0.0143555 -5.64349e-17)
(0.190688 0.0127852 0)
(0.188846 0.01126 5.73831e-17)
(0.18705 0.00978307 0)
(0.185272 0.00834709 0)
(0.183462 0.00694235 0)
(0.181553 0.00557033 2.9675e-17)
(0.179456 0.00422924 0)
(0.177076 0.00291858 0)
(0.174342 0.00164456 -7.60232e-18)
(0.171234 0.000420641 0)
(0.167807 -0.000740556 0)
(0.164197 -0.00182841 -8.61282e-22)
(0.160617 -0.00283841 0)
(0.157319 -0.00377522 0)
(0.15455 -0.00465299 1.64459e-21)
(0.152511 -0.00549361 1.66335e-17)
(0.151308 -0.00632484 3.38804e-17)
(0.15093 -0.00717563 3.44997e-17)
(0.151229 -0.00806191 3.50896e-17)
(0.151937 -0.00899532 0)
(0.152697 -0.00996506 3.60564e-17)
(0.153113 -0.0109404 0)
(0.152805 -0.011879 0)
(0.151464 -0.0127408 3.66542e-17)
(0.148892 -0.0134823 1.50834e-20)
(0.145025 -0.0140676 0)
(0.139941 -0.0144748 -7.26307e-17)
(0.13385 -0.0146985 -1.44452e-16)
(0.127083 -0.0147514 0)
(0.120066 -0.0146635 7.1772e-17)
(0.113278 -0.0144816 7.19208e-17)
(0.107178 -0.0142668 0)
(0.10213 -0.0140851 0)
(0.0983274 -0.0139936 7.50806e-17)
(0.095778 -0.0140303 0)
(0.0943288 -0.0142128 0)
(0.0937408 -0.0145233 0)
(0.0937637 -0.0149351 -8.43668e-17)
(0.0942005 -0.0154235 -8.6859e-17)
(0.0949341 -0.0159706 0)
(0.0959443 -0.0165731 -9.10791e-17)
(0.0972721 -0.0172396 -9.25707e-17)
(0.0990156 -0.0179904 9.34316e-17)
(0.101286 -0.0188528 1.87092e-16)
(0.10419 -0.0198486 0)
(0.107812 -0.0210113 0)
(0.112209 -0.0223656 0)
(0.117419 -0.0239297 0)
(0.123565 -0.0257466 -7.83113e-17)
(0.130641 -0.0278243 7.13083e-17)
(0.139438 -0.0303524 6.26615e-17)
(0.148535 -0.0330018 -5.25432e-17)
(0.163786 -0.0371348 -2.65168e-19)
(0.169468 -0.039172 0)
(0.206703 -0.0477068 1.36881e-17)
(0.40858 0.0780679 8.2155e-17)
(0.163851 0.034734 -9.7245e-17)
(0.114655 0.026691 0)
(0.0943122 0.0215946 5.61711e-21)
(0.0870948 0.019361 -5.48974e-17)
(0.0827552 0.0178905 -5.46037e-17)
(0.0789394 0.0166286 0)
(0.0758254 0.0155433 -1.0714e-16)
(0.0734958 0.0146213 0)
(0.0717547 0.0138152 0)
(0.0703896 0.0130817 0)
(0.0692773 0.0123922 0)
(0.0683561 0.0117303 0)
(0.06758 0.0110837 9.49575e-17)
(0.0669032 0.010442 0)
(0.0662892 0.00979758 8.94487e-17)
(0.0657296 0.00915967 9.03459e-17)
(0.0652254 0.00854232 -1.84415e-16)
(0.0647516 0.00794455 0)
(0.0642721 0.00736136 9.55195e-17)
(0.0637589 0.00678823 -9.70291e-17)
(0.0632033 0.00622629 0)
(0.0626151 0.00567693 -4.99451e-17)
(0.062011 0.0051417 -5.06365e-17)
(0.061406 0.00462158 0)
(0.0608122 0.0041168 -5.19904e-17)
(0.0602357 0.00362749 5.26536e-17)
(0.0596881 0.00315425 0)
(0.0591604 0.00269468 0)
(0.0586325 0.00224758 2.72734e-17)
(0.0580787 0.00181191 -2.75641e-17)
(0.0574606 0.00138669 0)
(0.0567333 0.000970844 0)
(0.0558594 0.000565992 -7.08704e-18)
(0.0548209 0.000177358 3.57457e-18)
(0.0536298 -0.000191977 0)
(0.0523347 -0.000539578 7.28529e-18)
(0.0510198 -0.000864859 0)
(0.0497924 -0.00116987 0)
(0.0487652 -0.00145932 1.10846e-22)
(0.0480371 -0.00173993 3.07408e-17)
(0.0476735 -0.00202047 0)
(0.0476895 -0.00231148 0)
(0.0480408 -0.00261451 -3.22385e-17)
(0.0486254 -0.0029302 3.26621e-17)
(0.0492974 -0.0032537 -3.29948e-17)
(0.0498872 -0.00357577 0)
(0.0502273 -0.00387913 3.32841e-17)
(0.0501752 -0.00415246 -3.3219e-17)
(0.0496311 -0.00438147 4.4107e-21)
(0.0485455 -0.00455501 0)
(0.046921 -0.00466666 -5.90925e-21)
(0.0448113 -0.00471565 1.27616e-16)
(0.0423209 -0.0047074 0)
(0.0396041 -0.004653 6.17759e-21)
(0.0368554 -0.00456905 0)
(0.0342847 -0.00447744 0)
(0.0320801 -0.00440127 0)
(0.030369 -0.00436022 6.2847e-17)
(0.0291974 -0.00436652 0)
(0.0285337 -0.00442985 6.53353e-17)
(0.0282979 -0.00454137 0)
(0.0283924 -0.00469203 0)
(0.0287322 -0.00487394 0)
(0.029259 -0.00508185 0)
(0.0299496 -0.00531482 6.43331e-21)
(0.0308021 -0.00557729 0)
(0.031838 -0.00587426 -1.45534e-16)
(0.0330831 -0.00621474 -7.2224e-17)
(0.0345626 -0.00660546 7.10176e-17)
(0.036294 -0.00705559 0)
(0.0382851 -0.0075705 0)
(0.0405344 -0.00815656 0)
(0.0430777 -0.00882439 5.79812e-17)
(0.0458919 -0.0095774 4.60403e-20)
(0.0493157 -0.010481 0)
(0.0526918 -0.0114293 3.80492e-17)
(0.0586437 -0.0128978 2.95435e-17)
(0.0601087 -0.0136088 0)
(0.0751807 -0.0168767 -9.76552e-18)
)
;

boundaryField
{
    inlet
    {
        type            fixedValue;
        value           uniform (0.97437 0.22495 0);
    }
    outlet
    {
        type            zeroGradient;
    }
    fixedWalls
    {
        type            noSlip;
    }
    frontAndBack
    {
        type            empty;
    }
}


// ************************************************************************* //
