/*--------------------------------*- C++ -*----------------------------------*\
| =========                 |                                                 |
| \\      /  F ield         | OpenFOAM: The Open Source CFD Toolbox           |
|  \\    /   O peration     | Version:  v1912                                 |
|   \\  /    A nd           | Website:  www.openfoam.com                      |
|    \\/     M anipulation  |                                                 |
\*---------------------------------------------------------------------------*/
FoamFile
{
    version     2.0;
    format      ascii;
    class       volVectorField;
    location    "175";
    object      U;
}
// * * * * * * * * * * * * * * * * * * * * * * * * * * * * * * * * * * * * * //

dimensions      [0 1 -1 0 0 0 0];


internalField   nonuniform List<vector> 
2000
(
(0.84616 0.187394 0)
(0.515131 0.12409 0)
(0.223442 0.0684433 0)
(0.0597995 0.0174433 6.19475e-20)
(-0.00455153 -0.0232198 1.30865e-17)
(-0.064211 -0.0384438 1.13641e-17)
(-0.0776263 -0.0371987 0)
(-0.0716295 -0.0166842 0)
(-0.0590867 0.0115254 0)
(-0.0420997 0.02522 2.5784e-17)
(-0.0414016 0.0109356 -1.58097e-17)
(-0.0273256 -0.000641174 -1.48403e-17)
(-0.0167517 -0.0028776 0)
(-0.0203984 -0.0026839 0)
(-0.0214525 -0.00272944 -1.1788e-17)
(-0.0150302 -0.00144811 0)
(-0.00628617 -0.000327785 1.06328e-17)
(-0.00220296 0.00262818 6.75359e-21)
(-0.000487866 0.00294618 1.03296e-17)
(0.00192737 0.000259148 -5.08284e-18)
(0.00719378 -0.00360227 9.94544e-18)
(0.0148427 -0.00623398 0)
(0.0234847 -0.00744298 0)
(0.0311135 -0.00715234 -1.67675e-21)
(0.0361194 -0.00552963 0)
(0.0381033 -0.00307133 -4.61748e-18)
(0.036632 -0.000488622 0)
(0.0331373 0.00167905 4.61884e-18)
(0.0290463 0.0032739 0)
(0.0251483 0.00422766 0)
(0.0215475 0.0045545 0)
(0.018218 0.00433425 1.16512e-18)
(0.0152773 0.00373243 0)
(0.0129801 0.0027552 -5.89768e-19)
(0.011695 0.0015092 1.98931e-14)
(0.0120063 0.000135356 2.00292e-14)
(0.0141978 -0.00149654 6.25657e-19)
(0.0179942 -0.00309416 -6.37831e-19)
(0.0231114 -0.00446263 0)
(0.0290666 -0.00544987 2.70024e-18)
(0.0350099 -0.00588081 0)
(0.0400817 -0.00556307 -2.83216e-18)
(0.0434174 -0.00429952 0)
(0.043668 -0.00221683 -5.91897e-18)
(0.0399912 0.000705134 2.97207e-18)
(0.0322325 0.00367798 0)
(0.0202798 0.00626878 0)
(0.0035655 0.00919709 -2.94007e-18)
(-0.0184629 0.0136401 0)
(-0.0463789 0.0195849 2.47123e-18)
(-0.0809542 0.0260897 0)
(-0.122365 0.0319648 4.02422e-18)
(-0.169944 0.0349947 -3.53466e-18)
(-0.221712 0.0324268 3.07976e-18)
(-0.274332 0.022545 -1.07119e-18)
(-0.323936 0.00522064 0)
(-0.365542 -0.0178503 7.10028e-19)
(-0.392379 -0.0422353 -7.17278e-19)
(-0.398881 -0.0611971 -2.18236e-18)
(-0.388677 -0.0720451 2.61146e-18)
(-0.367298 -0.0772637 -3.71716e-18)
(-0.335322 -0.0784373 5.15534e-18)
(-0.296108 -0.0765513 -6.90882e-18)
(-0.251735 -0.0724678 8.8978e-18)
(-0.204169 -0.0669425 3.12465e-20)
(-0.154651 -0.0603581 1.38103e-17)
(-0.103984 -0.0530149 0)
(-0.0527497 -0.0451827 0)
(-0.00159734 -0.0370514 1.67741e-19)
(0.0491504 -0.028557 0)
(0.100388 -0.0197138 2.24439e-17)
(0.152622 -0.010577 0)
(0.205946 -0.00107652 1.99514e-17)
(0.260873 0.0088946 -4.86099e-19)
(0.317721 0.0193949 1.66668e-17)
(0.37849 0.0304195 2.87084e-17)
(0.440599 0.041859 6.63955e-19)
(0.516426 0.0535262 -9.61305e-18)
(0.573712 0.0642198 -6.16676e-18)
(0.715095 0.0733953 0)
(1.0153 0.210385 0)
(0.944632 0.194216 0)
(0.804469 0.17999 -3.7798e-18)
(0.654407 0.15232 7.82384e-18)
(0.509202 0.111175 0)
(0.360004 0.0683809 -7.94706e-18)
(0.216456 0.0293401 0)
(0.0820997 -0.00526222 0)
(-0.0282558 -0.018071 0)
(-0.0562455 -0.0190792 -1.88682e-17)
(-0.0668316 -0.0247696 1.7165e-17)
(-0.071776 -0.0152752 1.57441e-17)
(-0.0636284 0.0071284 0)
(-0.0517331 0.0203585 6.88336e-18)
(-0.0558166 0.00870039 0)
(-0.0511474 -0.00499738 0)
(-0.0433429 -0.00742132 0)
(-0.0411711 -0.00550877 5.67018e-18)
(-0.0449632 -0.00368623 -1.11275e-17)
(-0.0466705 -0.00491508 -5.46148e-18)
(-0.0465932 -0.0090131 0)
(-0.0438167 -0.0130054 0)
(-0.0383569 -0.0141773 0)
(-0.0307935 -0.0114671 -7.89743e-18)
(-0.0229376 -0.00610974 0)
(-0.0159275 -0.000502645 5.34715e-18)
(-0.00990725 0.00325017 2.70613e-18)
(-0.00690252 0.00507499 0)
(-0.00565287 0.00579251 0)
(-0.00635383 0.00610949 0)
(-0.00883296 0.00648982 0)
(-0.0128273 0.00681468 -6.63186e-19)
(-0.0176938 0.0064922 0)
(-0.0224836 0.0049439 3.35974e-19)
(-0.0262224 0.0019049 1.66336e-19)
(-0.0284154 -0.00230276 0)
(-0.028193 -0.00725856 0)
(-0.0256178 -0.0121638 7.17628e-19)
(-0.0213201 -0.0158551 0)
(-0.0160179 -0.0172934 -1.56388e-18)
(-0.0111173 -0.0157712 0)
(-0.00795086 -0.0110399 -1.75686e-18)
(-0.00792584 -0.00339323 0)
(-0.0112173 0.00628802 1.65544e-18)
(-0.0184595 0.0175791 1.80814e-18)
(-0.0305785 0.030131 0)
(-0.0477612 0.0434904 0)
(-0.0696333 0.0567939 -2.99087e-18)
(-0.095059 0.0691948 0)
(-0.122295 0.0802151 -1.01602e-19)
(-0.149221 0.0896163 0)
(-0.173683 0.0965177 0)
(-0.193796 0.098945 0)
(-0.207307 0.0944427 0)
(-0.21195 0.0811301 2.08755e-18)
(-0.207923 0.0587906 0)
(-0.194624 0.0293737 -1.55843e-18)
(-0.162527 -0.00358474 1.05214e-18)
(-0.121785 -0.0387598 -1.23154e-18)
(-0.0898317 -0.0722497 -4.11098e-18)
(-0.0539751 -0.0967947 5.98621e-18)
(-0.0141894 -0.111784 -8.33198e-18)
(0.0255137 -0.118944 1.04725e-17)
(0.0666696 -0.119885 0)
(0.108953 -0.116171 -2.01357e-17)
(0.152335 -0.109129 -1.45861e-17)
(0.196479 -0.0998129 0)
(0.241053 -0.0890401 7.8402e-18)
(0.285919 -0.0774385 1.63714e-17)
(0.331136 -0.0653948 0)
(0.376908 -0.0531827 0)
(0.423397 -0.0409958 0)
(0.470812 -0.0289058 0)
(0.519589 -0.0168923 -1.44008e-17)
(0.570085 -0.00493976 6.19458e-18)
(0.623575 0.00692114 -1.18536e-17)
(0.678737 0.0184116 1.00576e-17)
(0.743275 0.0290262 -3.46339e-18)
(0.794416 0.0374148 0)
(0.903231 0.0394732 0)
(0.978489 0.201539 0)
(0.978854 0.193013 -3.04719e-18)
(0.969153 0.205123 3.72887e-18)
(0.939076 0.208547 -3.29938e-18)
(0.878018 0.194625 3.12249e-18)
(0.785575 0.16874 3.08516e-18)
(0.669307 0.138099 0)
(0.540951 0.106036 0)
(0.408146 0.0750629 0)
(0.285849 0.0459025 7.48881e-18)
(0.17362 0.0179378 0)
(0.0718956 -0.00650007 0)
(-0.0212038 -0.0139018 0)
(-0.0454498 -0.00330191 -7.83471e-18)
(-0.0496594 -0.0112174 0)
(-0.0579974 -0.0167717 -6.59794e-18)
(-0.0593641 -0.00872324 0)
(-0.0515435 0.0109276 6.36773e-18)
(-0.0567193 0.0148362 3.08053e-18)
(-0.0653516 0.00706315 0)
(-0.0737332 -0.00375117 -2.91791e-18)
(-0.0803567 -0.0131347 0)
(-0.0833362 -0.0180914 0)
(-0.0826221 -0.0187926 5.58734e-18)
(-0.0788164 -0.0162917 0)
(-0.0734413 -0.0118599 1.42523e-18)
(-0.0683807 -0.00635914 -4.30103e-18)
(-0.0651588 -0.000606186 0)
(-0.0645278 0.00500366 0)
(-0.0670971 0.010435 -7.13719e-19)
(-0.0728427 0.0152306 0)
(-0.0810175 0.0184898 -4.64433e-21)
(-0.0904245 0.0192377 0)
(-0.0995532 0.0168097 6.42438e-19)
(-0.106779 0.0111839 7.78468e-20)
(-0.110966 0.00310688 0)
(-0.111516 -0.00589779 1.61425e-19)
(-0.107966 -0.0145723 -3.40851e-19)
(-0.100701 -0.0207981 -3.68484e-19)
(-0.0911041 -0.023025 -8.06586e-19)
(-0.0810249 -0.0203421 8.83986e-19)
(-0.0723893 -0.0126546 8.512e-19)
(-0.0666735 -0.000700297 0)
(-0.064678 0.0143329 1.90757e-18)
(-0.0667483 0.0308239 -3.93419e-18)
(-0.072803 0.0480871 0)
(-0.0816255 0.0652922 -1.83966e-18)
(-0.0914612 0.0814313 3.19668e-18)
(-0.100331 0.0951303 0)
(-0.105743 0.10501 -1.36115e-18)
(-0.105069 0.110574 1.04057e-18)
(-0.0962911 0.110933 -8.40708e-19)
(-0.0785061 0.104741 -6.63969e-19)
(-0.051871 0.0907211 0)
(-0.0173078 0.0673966 -1.22633e-18)
(0.0227566 0.03348 -3.39838e-19)
(0.0664712 -0.00636144 3.93792e-19)
(0.11083 -0.0456515 4.66362e-19)
(0.151821 -0.0782422 1.2476e-18)
(0.190687 -0.10363 0)
(0.228737 -0.12277 0)
(0.266151 -0.135769 0)
(0.303395 -0.142723 -1.96914e-18)
(0.340689 -0.144371 0)
(0.377904 -0.141528 5.24243e-18)
(0.414972 -0.135159 0)
(0.451906 -0.12624 -2.99989e-18)
(0.488761 -0.115637 -6.55573e-18)
(0.525652 -0.104059 0)
(0.56275 -0.0920796 -3.28337e-18)
(0.600261 -0.0801576 3.27562e-18)
(0.638407 -0.0686031 0)
(0.677433 -0.0575799 0)
(0.717682 -0.0471562 0)
(0.759416 -0.0374008 -5.81693e-18)
(0.803449 -0.0284254 0)
(0.84886 -0.0206318 -2.00047e-18)
(0.900644 -0.0145031 3.39963e-18)
(0.942448 -0.0113872 0)
(1.02581 -0.0140416 4.0648e-19)
(0.970611 0.209118 0)
(0.963917 0.194772 1.67421e-18)
(0.96643 0.198526 0)
(0.977153 0.206426 1.82534e-18)
(0.982033 0.20891 -3.25111e-18)
(0.968286 0.204299 -1.45934e-18)
(0.930729 0.19376 0)
(0.870716 0.177908 0)
(0.79105 0.156601 0)
(0.695287 0.131354 1.46817e-18)
(0.589277 0.105444 1.50377e-18)
(0.479777 0.0807205 0)
(0.36893 0.0579746 0)
(0.266408 0.0375402 0)
(0.179356 0.0183227 0)
(0.0999942 0.00235675 6.97646e-18)
(0.0301143 -0.00969538 -3.68404e-18)
(-0.0286463 -0.00695036 0)
(-0.0282251 0.00515699 -3.55878e-18)
(-0.0328176 0.00592146 1.7419e-18)
(-0.0368199 0.00260427 3.43831e-18)
(-0.0452595 -0.00404854 0)
(-0.0587671 -0.00996875 0)
(-0.0724539 -0.01276 -3.21158e-18)
(-0.0817688 -0.0119167 0)
(-0.0859406 -0.00827247 -1.58934e-18)
(-0.0864639 -0.00300726 1.60361e-18)
(-0.0858975 0.00312949 0)
(-0.0863368 0.0103291 0)
(-0.0890749 0.0179373 7.81447e-19)
(-0.0946895 0.02482 0)
(-0.102862 0.0293805 -7.29784e-19)
(-0.112486 0.030051 0)
(-0.121861 0.0257521 -1.81753e-19)
(-0.129023 0.0163633 -8.53137e-20)
(-0.132202 0.0027451 -1.95807e-20)
(-0.130934 -0.0131191 -2.57633e-19)
(-0.12491 -0.027217 3.72294e-19)
(-0.113613 -0.0371177 4.02609e-19)
(-0.0980163 -0.040924 1.33236e-18)
(-0.0796304 -0.0375158 -4.72326e-19)
(-0.0605166 -0.0270063 5.09643e-19)
(-0.042929 -0.0106861 0)
(-0.0285421 0.009415 1.35558e-18)
(-0.0174413 0.0307803 1.1328e-18)
(-0.00913199 0.0512532 0)
(-0.00266868 0.0690928 2.30586e-18)
(0.00388789 0.0826213 1.11266e-18)
(0.01169 0.090417 0)
(0.0235841 0.0911249 -2.38895e-18)
(0.0429142 0.0838475 -1.31306e-18)
(0.0696619 0.0687339 5.86924e-19)
(0.103635 0.0465634 7.63249e-19)
(0.144788 0.018824 0)
(0.191444 -0.0127939 1.38845e-19)
(0.241537 -0.0458492 4.02796e-19)
(0.292454 -0.0782368 2.85102e-19)
(0.342504 -0.108412 -3.8177e-19)
(0.389901 -0.134425 -3.20104e-19)
(0.433855 -0.154996 0)
(0.474439 -0.169566 0)
(0.511952 -0.178102 0)
(0.546681 -0.181036 2.58736e-18)
(0.578956 -0.179187 9.95724e-19)
(0.609165 -0.173499 0)
(0.637763 -0.164931 -2.45607e-18)
(0.665229 -0.154397 2.76563e-18)
(0.692018 -0.142698 -2.79e-18)
(0.71854 -0.130496 -2.89854e-18)
(0.745162 -0.118307 1.77984e-19)
(0.772212 -0.106508 -3.17284e-18)
(0.79998 -0.0953404 0)
(0.828729 -0.0849326 0)
(0.85875 -0.0753439 0)
(0.890246 -0.0666378 0)
(0.923779 -0.0589112 0)
(0.958648 -0.0525105 3.97446e-18)
(0.99824 -0.0477128 -1.46022e-18)
(1.03063 -0.0457166 0)
(1.09252 -0.0476058 -4.36101e-19)
(0.972988 0.216082 0)
(0.965831 0.201815 2.03964e-18)
(0.959206 0.195612 2.69244e-19)
(0.96149 0.195564 2.05764e-18)
(0.972672 0.197562 0)
(0.985525 0.199269 -1.73954e-18)
(0.992501 0.199338 0)
(0.988447 0.196302 -3.92099e-19)
(0.970189 0.189087 0)
(0.935564 0.17763 -1.74402e-18)
(0.884612 0.162843 -1.35175e-18)
(0.819429 0.145774 -3.42344e-19)
(0.74301 0.126816 3.40084e-19)
(0.657588 0.106169 0)
(0.568451 0.0853615 3.40823e-19)
(0.478389 0.0663873 0)
(0.392354 0.0504768 2.88822e-18)
(0.312805 0.0367845 -3.80949e-19)
(0.246522 0.0251773 0)
(0.193321 0.016062 -2.03541e-18)
(0.150035 0.00923347 0)
(0.113045 0.00443921 0)
(0.081011 0.000906087 0)
(0.0531434 -0.00290988 0)
(0.0294859 -0.00721285 -2.40069e-19)
(0.0110623 -0.00987113 0)
(-0.000254324 -0.00813353 0)
(-0.00361859 -0.00139275 1.31662e-19)
(-0.00321708 0.00885151 0)
(-0.001579 0.0200921 0)
(-0.000345285 0.029936 0)
(-0.000398627 0.0360589 -5.70693e-20)
(-0.00121703 0.0368205 0)
(-0.00161753 0.0309528 -2.33959e-19)
(-0.000743752 0.0181693 0)
(0.00125359 -0.000267975 2.6028e-20)
(0.00665083 -0.0215039 1.30066e-19)
(0.0141727 -0.0412514 2.65171e-20)
(0.0217934 -0.0567311 -5.94434e-20)
(0.0302284 -0.0656649 -5.33965e-19)
(0.0408935 -0.0661776 -5.86154e-19)
(0.0554095 -0.0572462 6.34703e-19)
(0.0748867 -0.039201 -1.77977e-19)
(0.0984501 -0.014243 -1.38108e-18)
(0.123093 0.0131961 1.34528e-18)
(0.147845 0.0383589 -1.64465e-19)
(0.172995 0.0586033 0)
(0.199081 0.0720261 -9.83178e-19)
(0.227057 0.0774321 0)
(0.258084 0.0744702 6.67191e-19)
(0.293234 0.0632471 0)
(0.332013 0.0443893 3.68821e-19)
(0.373799 0.0187425 0)
(0.418935 -0.0131968 -4.26756e-20)
(0.466903 -0.0488571 -1.11456e-19)
(0.51569 -0.0850321 -1.01702e-19)
(0.563239 -0.118947 4.46432e-20)
(0.607759 -0.148572 0)
(0.647824 -0.172449 2.81612e-19)
(0.682692 -0.189794 -1.10598e-19)
(0.712395 -0.200569 0)
(0.737423 -0.20531 1.71631e-19)
(0.75849 -0.204864 -8.15401e-19)
(0.77643 -0.200222 -9.55943e-19)
(0.792111 -0.19239 0)
(0.806362 -0.182317 2.42106e-18)
(0.819918 -0.170856 0)
(0.833396 -0.158732 2.81439e-18)
(0.847291 -0.146523 2.95479e-18)
(0.861994 -0.134664 3.05224e-18)
(0.877809 -0.123457 3.6619e-19)
(0.894988 -0.11309 0)
(0.91374 -0.103668 0)
(0.93429 -0.0952392 0)
(0.956781 -0.08785 -3.20431e-19)
(0.981634 -0.0815697 0)
(1.00821 -0.0766319 -1.83202e-18)
(1.03914 -0.0732203 1.78997e-18)
(1.06464 -0.0720562 1.15079e-19)
(1.11402 -0.0740211 4.98604e-20)
(0.974194 0.218515 -1.33201e-18)
(0.970935 0.20637 1.28806e-18)
(0.96512 0.198183 -3.04673e-19)
(0.96114 0.194128 0)
(0.962201 0.191965 0)
(0.968267 0.190575 0)
(0.977783 0.189926 0)
(0.988517 0.189536 1.35277e-18)
(0.997444 0.188379 0)
(1.00093 0.18545 -1.20902e-18)
(0.995749 0.180076 -1.50924e-18)
(0.979776 0.172055 3.47281e-19)
(0.952541 0.161615 1.04548e-18)
(0.914072 0.148868 0)
(0.865197 0.134037 -1.6007e-18)
(0.80755 0.118241 0)
(0.745086 0.102985 -1.27785e-18)
(0.682367 0.0886357 3.19986e-19)
(0.621491 0.0751239 -1.32916e-18)
(0.564812 0.0627605 -1.01824e-18)
(0.513029 0.0517193 0)
(0.466226 0.0420601 0)
(0.424391 0.033609 -7.29442e-19)
(0.387305 0.0260671 0)
(0.354214 0.0192058 -5.90609e-19)
(0.323816 0.01297 0)
(0.29512 0.00778842 0)
(0.268597 0.00518561 -1.10183e-19)
(0.247202 0.00686425 0)
(0.234346 0.0130526 0)
(0.231128 0.0214116 0)
(0.235895 0.0283164 4.93289e-20)
(0.246469 0.0308085 1.79016e-19)
(0.261346 0.0271064 1.02616e-19)
(0.278831 0.0163097 0)
(0.296108 -0.000609466 0)
(0.311408 -0.0198882 -1.94235e-20)
(0.323179 -0.0383586 -1.06571e-19)
(0.329917 -0.0533853 4.77666e-20)
(0.331239 -0.0634152 0)
(0.327691 -0.0678275 0)
(0.321208 -0.0664556 -2.85743e-19)
(0.315478 -0.0592229 1.53465e-19)
(0.315174 -0.0462311 -6.59153e-19)
(0.324132 -0.0277807 6.64245e-19)
(0.344079 -0.00586483 1.53923e-19)
(0.373151 0.0150481 0)
(0.40787 0.0304552 4.86221e-19)
(0.445999 0.0375567 0)
(0.486188 0.0349363 0)
(0.528033 0.0216385 0)
(0.572433 -0.00176319 0)
(0.6191 -0.0324501 0)
(0.666623 -0.0673637 3.76441e-20)
(0.713472 -0.103414 0)
(0.757228 -0.137417 1.97543e-19)
(0.795732 -0.166836 -4.1443e-20)
(0.82771 -0.190181 0)
(0.852671 -0.206906 3.81299e-19)
(0.870844 -0.217135 1.08559e-19)
(0.883069 -0.221486 5.89775e-19)
(0.890533 -0.220865 -1.73767e-19)
(0.894534 -0.216276 0)
(0.89633 -0.2087 -9.53132e-19)
(0.897043 -0.199041 0)
(0.89762 -0.188094 0)
(0.898815 -0.176529 -1.28684e-18)
(0.9012 -0.164886 0)
(0.905186 -0.153579 0)
(0.911058 -0.142905 -1.503e-18)
(0.919013 -0.133063 -4.01935e-19)
(0.929198 -0.124175 0)
(0.941731 -0.116306 0)
(0.956752 -0.10948 0)
(0.974326 -0.103717 3.58028e-19)
(0.994768 -0.0990426 -1.22894e-18)
(1.0174 -0.0955793 -2.7281e-19)
(1.04456 -0.0934086 -2.10852e-19)
(1.0671 -0.0928594 -1.30185e-19)
(1.11199 -0.0948035 -2.71732e-19)
(0.974501 0.219011 4.69358e-18)
(0.973757 0.208042 -4.50481e-18)
(0.971715 0.200435 0)
(0.969161 0.196226 -2.73057e-18)
(0.967057 0.192958 0)
(0.966172 0.189341 -2.40981e-18)
(0.96743 0.185856 0)
(0.971685 0.18306 3.20935e-18)
(0.979 0.180799 -3.98784e-18)
(0.988312 0.178577 1.82501e-18)
(0.997724 0.1759 1.70715e-18)
(1.00501 0.17232 0)
(1.00813 0.167488 -4.61368e-18)
(1.00544 0.160993 -2.93688e-18)
(0.995518 0.152499 4.13373e-18)
(0.977627 0.142305 0)
(0.952761 0.131282 1.26802e-18)
(0.923386 0.120161 0)
(0.89132 0.108995 1.25704e-18)
(0.857884 0.0976464 1.2511e-18)
(0.824091 0.0863346 0)
(0.790871 0.0754219 0)
(0.759011 0.0651798 -6.85003e-19)
(0.728967 0.0557322 0)
(0.700732 0.0472203 6.74756e-19)
(0.674029 0.0400112 0)
(0.648734 0.0346243 0)
(0.625094 0.0313257 0)
(0.603961 0.029719 0)
(0.586998 0.0290337 0)
(0.576306 0.0281659 0)
(0.573281 0.025736 0)
(0.577802 0.0201959 1.60921e-19)
(0.588864 0.0100715 -7.07535e-20)
(0.604754 -0.00470308 3.48749e-20)
(0.621568 -0.0220057 0)
(0.636712 -0.0390354 0)
(0.64882 -0.0533707 7.32205e-20)
(0.657222 -0.0630575 -3.48573e-19)
(0.661979 -0.0669597 3.9278e-19)
(0.663596 -0.0649474 0)
(0.662629 -0.0578081 1.21082e-18)
(0.659627 -0.0470866 -1.04514e-18)
(0.655278 -0.0349417 -5.4284e-19)
(0.651026 -0.0235279 -5.68795e-19)
(0.649441 -0.0141659 0)
(0.654053 -0.00724798 0)
(0.6674 -0.00344416 -1.3712e-18)
(0.689932 -0.00489265 0)
(0.721275 -0.0134652 0)
(0.759569 -0.029815 0)
(0.802219 -0.0533767 4.11034e-19)
(0.845642 -0.0825431 6.58048e-19)
(0.886378 -0.114089 0)
(0.921744 -0.144696 0)
(0.949798 -0.171642 -1.94378e-19)
(0.969599 -0.193154 0)
(0.98126 -0.208573 7.44164e-19)
(0.985637 -0.218073 5.05097e-19)
(0.984038 -0.222291 0)
(0.978011 -0.222078 6.81599e-19)
(0.969135 -0.21835 1.55018e-18)
(0.958858 -0.211984 1.80269e-18)
(0.94841 -0.203766 1.04532e-18)
(0.938768 -0.194373 -2.31359e-18)
(0.930672 -0.184369 2.5563e-18)
(0.92465 -0.174213 4.21516e-18)
(0.921049 -0.164269 0)
(0.92008 -0.154814 0)
(0.921856 -0.146049 1.69167e-18)
(0.926434 -0.138117 0)
(0.933847 -0.131113 3.36612e-18)
(0.944127 -0.125089 3.32239e-18)
(0.957337 -0.120069 0)
(0.973476 -0.116057 2.99981e-18)
(0.992785 -0.113043 -1.30511e-18)
(1.01454 -0.111067 0)
(1.04096 -0.110098 0)
(1.06299 -0.110267 0)
(1.10729 -0.11233 -2.29467e-19)
(0.974733 0.218938 -3.6108e-18)
(0.975458 0.208207 3.45577e-18)
(0.976058 0.201069 -6.70043e-18)
(0.975939 0.197381 3.08828e-18)
(0.97488 0.19448 0)
(0.973207 0.190813 2.72541e-18)
(0.971497 0.18662 -5.21265e-18)
(0.970487 0.182386 -4.83975e-18)
(0.971015 0.178193 -7.90087e-20)
(0.973735 0.174036 0)
(0.978852 0.169987 0)
(0.986033 0.166019 3.87288e-18)
(0.994461 0.161905 3.55244e-18)
(1.00297 0.157236 -3.52096e-18)
(1.01012 0.151627 -9.58854e-18)
(1.01449 0.144981 0)
(1.0152 0.137586 0)
(1.01228 0.1297 0)
(1.00622 0.121219 0)
(0.997441 0.112039 0)
(0.986363 0.10237 0)
(0.973544 0.092573 0)
(0.959603 0.0829651 1.32669e-18)
(0.945058 0.0737801 -2.78216e-18)
(0.930255 0.065293 0)
(0.91548 0.0578878 0)
(0.901145 0.0519008 0)
(0.887879 0.0473762 0)
(0.876527 0.0439015 0)
(0.868065 0.0406054 -7.13966e-19)
(0.863412 0.0362438 0)
(0.863095 0.0295529 0)
(0.867004 0.0195526 1.66742e-20)
(0.874277 0.00594617 0)
(0.882465 -0.0104918 -3.2555e-20)
(0.889343 -0.0280303 0)
(0.89348 -0.0443496 1.49113e-19)
(0.894325 -0.0574271 0)
(0.892048 -0.0658898 6.91743e-19)
(0.887426 -0.0691245 -3.82212e-19)
(0.881665 -0.067296 -8.66225e-19)
(0.876148 -0.0611776 -9.46629e-19)
(0.872307 -0.0518907 1.01873e-18)
(0.871395 -0.040676 1.06555e-18)
(0.874047 -0.0289958 2.11741e-18)
(0.880174 -0.0189703 2.07275e-18)
(0.890133 -0.0131264 0)
(0.904783 -0.0130588 -9.13526e-19)
(0.924422 -0.0195053 0)
(0.948268 -0.0333761 0)
(0.974781 -0.0543007 -1.16532e-18)
(1.00148 -0.0805883 -4.03925e-19)
(1.02558 -0.109559 1.91379e-19)
(1.04465 -0.138019 0)
(1.05712 -0.163328 0)
(1.0624 -0.183821 0)
(1.06081 -0.198801 8.18397e-19)
(1.05333 -0.208388 -8.07962e-19)
(1.04129 -0.213209 -9.88467e-19)
(1.02616 -0.21409 0)
(1.00933 -0.21187 -1.46121e-18)
(0.992084 -0.20732 2.12911e-20)
(0.975471 -0.201115 -2.029e-18)
(0.960324 -0.193816 2.30241e-18)
(0.947251 -0.185888 4.10635e-20)
(0.936677 -0.177708 -2.89496e-18)
(0.928869 -0.16958 -3.15135e-18)
(0.923977 -0.161751 0)
(0.922068 -0.154414 0)
(0.923153 -0.147722 0)
(0.927223 -0.141792 0)
(0.934271 -0.136711 -3.81724e-18)
(0.944298 -0.132533 -3.76662e-18)
(0.957349 -0.129283 0)
(0.973407 -0.126957 -3.39851e-18)
(0.992695 -0.125511 6.04954e-18)
(1.0145 -0.124927 0)
(1.04095 -0.125038 0)
(1.06311 -0.125952 0)
(1.10735 -0.127976 1.06666e-18)
(0.975035 0.218503 8.9215e-18)
(0.977128 0.207481 0)
(0.979625 0.200818 1.53268e-17)
(0.980946 0.197733 0)
(0.980753 0.195197 6.68149e-18)
(0.979847 0.191845 0)
(0.978668 0.187939 5.89058e-18)
(0.977199 0.183707 0)
(0.975627 0.179053 -5.40983e-18)
(0.97447 0.173978 0)
(0.974315 0.168659 9.54871e-18)
(0.975644 0.16326 -4.42689e-18)
(0.978761 0.15782 0)
(0.983691 0.152247 7.86845e-18)
(0.9901 0.146396 -1.84745e-19)
(0.997348 0.140186 -7.17224e-18)
(1.00459 0.133736 6.94275e-18)
(1.01112 0.127092 0)
(1.01657 0.120047 0)
(1.02061 0.112446 6.48989e-18)
(1.02299 0.104363 0)
(1.0237 0.0960122 -3.15582e-18)
(1.02289 0.0876211 0)
(1.02081 0.0794096 3.01406e-18)
(1.01774 0.071639 0)
(1.01403 0.0646062 3.14649e-18)
(1.0102 0.0585218 0)
(1.00691 0.0533473 0)
(1.00486 0.0486638 1.56463e-18)
(1.0046 0.0436488 7.46307e-19)
(1.00636 0.0372361 0)
(1.00986 0.0284535 0)
(1.01438 0.016731 -1.02095e-18)
(1.01862 0.00230363 0)
(1.02098 -0.0137537 0)
(1.02024 -0.0297931 0)
(1.01596 -0.0439818 -1.57063e-19)
(1.00846 -0.0548317 0)
(0.998663 -0.0614567 -1.16396e-18)
(0.987892 -0.0635959 -8.57805e-19)
(0.977677 -0.0615813 9.25669e-19)
(0.969463 -0.0562269 0)
(0.964418 -0.0487171 0)
(0.963346 -0.0404874 2.19881e-18)
(0.966733 -0.0330919 -2.25012e-18)
(0.974827 -0.02801 -2.20004e-18)
(0.987368 -0.026672 0)
(1.00349 -0.0305282 -5.81765e-20)
(1.02199 -0.0401916 1.78499e-18)
(1.0413 -0.0555772 0)
(1.05971 -0.0758531 1.24367e-18)
(1.07525 -0.0992184 1.23798e-18)
(1.08619 -0.123365 -9.24404e-19)
(1.09152 -0.146026 0)
(1.09104 -0.165452 0)
(1.08519 -0.180656 0)
(1.07482 -0.191364 -9.20348e-19)
(1.06097 -0.197857 0)
(1.04474 -0.200751 0)
(1.02717 -0.200761 0)
(1.00923 -0.198569 3.50565e-18)
(0.991793 -0.194765 -2.00254e-18)
(0.975565 -0.189836 0)
(0.961112 -0.184181 -2.61944e-18)
(0.94885 -0.178121 -2.86701e-18)
(0.939071 -0.171924 6.36079e-18)
(0.931963 -0.165811 -6.88632e-18)
(0.927632 -0.159967 -7.35403e-18)
(0.926131 -0.154551 0)
(0.927475 -0.149695 -8.04567e-18)
(0.931671 -0.145513 0)
(0.938728 -0.142097 0)
(0.948668 -0.139509 0)
(0.961555 -0.13778 7.9006e-18)
(0.977405 -0.136902 -7.40515e-18)
(0.99646 -0.136808 -1.005e-17)
(1.01805 -0.137419 0)
(1.04421 -0.138442 4.38307e-18)
(1.06628 -0.140011 0)
(1.1098 -0.141799 -1.7791e-18)
(0.975434 0.217691 -1.01197e-17)
(0.979144 0.206095 -9.83959e-18)
(0.983426 0.200254 -1.76346e-17)
(0.985585 0.198009 0)
(0.985493 0.195696 -1.51877e-17)
(0.984797 0.192438 -7.23051e-18)
(0.984215 0.188758 0)
(0.983473 0.184763 1.28878e-17)
(0.982381 0.180251 1.20418e-17)
(0.981069 0.175173 0)
(0.979751 0.169619 -1.07989e-17)
(0.978671 0.16369 0)
(0.978147 0.157452 0)
(0.97852 0.150933 9.34372e-18)
(0.980022 0.144141 8.67061e-18)
(0.982735 0.137107 -1.80187e-19)
(0.986525 0.130027 1.82438e-19)
(0.99112 0.123023 0)
(0.996202 0.115947 0)
(1.00136 0.108644 -7.43647e-18)
(1.00617 0.101094 -7.51871e-18)
(1.01032 0.0933985 1.10278e-17)
(1.01369 0.0857001 3.68162e-18)
(1.01627 0.0781587 3.66346e-18)
(1.01819 0.0709618 0)
(1.01967 0.0643038 -3.54984e-18)
(1.0211 0.0582955 0)
(1.02297 0.0528391 0)
(1.02573 0.0475385 -3.54901e-18)
(1.02959 0.041716 0)
(1.03438 0.034573 0)
(1.03946 0.0254423 0)
(1.04382 0.0141139 7.76406e-19)
(1.04629 0.000967317 -3.98597e-19)
(1.04584 -0.0131169 1.95648e-19)
(1.04183 -0.0268154 0)
(1.03432 -0.0387657 0)
(1.02399 -0.0479164 0)
(1.01198 -0.0536917 8.85512e-19)
(0.999686 -0.056002 9.6622e-19)
(0.988549 -0.0552097 -2.11864e-18)
(0.979887 -0.0520292 0)
(0.974749 -0.0474006 0)
(0.973849 -0.0423799 -4.92837e-18)
(0.977546 -0.038093 -2.49213e-18)
(0.985774 -0.0357564 0)
(0.997936 -0.036583 0)
(1.01298 -0.041577 2.19822e-18)
(1.02939 -0.0513573 9.31854e-20)
(1.04547 -0.0656846 0)
(1.05963 -0.0837323 0)
(1.07049 -0.104067 -1.39918e-18)
(1.07719 -0.124861 0)
(1.0795 -0.144286 0)
(1.07766 -0.160882 0)
(1.07216 -0.173806 0)
(1.06352 -0.182824 0)
(1.05228 -0.188206 -2.7996e-18)
(1.03904 -0.190528 0)
(1.0245 -0.190464 0)
(1.00935 -0.188644 6.40453e-20)
(0.994336 -0.185587 0)
(0.980094 -0.181706 0)
(0.96718 -0.17732 0)
(0.956031 -0.172679 1.30842e-17)
(0.946979 -0.16799 -7.1982e-18)
(0.940258 -0.163422 7.7867e-18)
(0.936026 -0.15912 9.56007e-20)
(0.934382 -0.155213 0)
(0.935387 -0.151819 9.08351e-18)
(0.93908 -0.149044 -9.18332e-18)
(0.9455 -0.146978 0)
(0.954693 -0.14569 0)
(0.966756 -0.145219 -8.15511e-20)
(0.981745 -0.145553 8.35642e-18)
(0.999934 -0.146603 7.52961e-18)
(1.0207 -0.14822 0)
(1.04597 -0.150007 -4.95483e-18)
(1.06745 -0.152089 0)
(1.10949 -0.15351 1.34141e-18)
(0.975986 0.216475 0)
(0.981693 0.20422 2.26479e-17)
(0.987772 0.199655 2.01751e-17)
(0.990446 0.198423 0)
(0.99013 0.196253 8.6287e-18)
(0.989283 0.192997 -8.33537e-18)
(0.988789 0.18942 0)
(0.988305 0.185504 -1.45727e-17)
(0.987643 0.181054 0)
(0.986895 0.176069 0)
(0.986097 0.17061 0)
(0.985223 0.164707 0)
(0.984313 0.158371 0)
(0.983492 0.151609 1.81336e-19)
(0.982915 0.144432 -1.02024e-17)
(0.982741 0.136887 -1.80372e-19)
(0.983122 0.129218 1.8204e-19)
(0.984158 0.121633 0)
(0.985825 0.114081 0)
(0.98795 0.106461 0)
(0.990274 0.0987635 -2.07733e-19)
(0.992566 0.0910611 2.12254e-19)
(0.994686 0.0834617 -4.21536e-18)
(0.996588 0.0760797 -4.19523e-18)
(0.998312 0.0690363 0)
(1.00001 0.062443 -4.28192e-18)
(1.00194 0.0563367 4.2713e-18)
(1.00445 0.050594 0)
(1.0078 0.0448789 2.05711e-18)
(1.01205 0.0386698 2.07404e-18)
(1.01693 0.0313849 0)
(1.02175 0.0225814 0)
(1.02556 0.0121645 9.79237e-19)
(1.02746 0.000431604 -2.22656e-20)
(1.02667 -0.0118788 -4.58416e-19)
(1.02278 -0.0237074 0)
(1.01593 -0.0340091 0)
(1.00675 -0.0419943 -1.01297e-18)
(0.996211 -0.0472514 0)
(0.98547 -0.0497636 -1.14497e-18)
(0.975737 -0.049868 -2.25365e-20)
(0.968133 -0.0481682 0)
(0.963582 -0.0454472 2.71466e-18)
(0.962733 -0.0426134 5.60428e-18)
(0.965905 -0.0406498 2.83537e-18)
(0.97304 -0.0405315 0)
(0.983663 -0.0431632 -5.51806e-18)
(0.99687 -0.0492861 0)
(1.01137 -0.0593235 -2.38139e-18)
(1.02576 -0.0730564 0)
(1.03877 -0.0897771 0)
(1.04945 -0.108293 0)
(1.05726 -0.127065 0)
(1.06207 -0.144519 0)
(1.06392 -0.159344 -3.11451e-18)
(1.06284 -0.170727 3.05611e-18)
(1.05878 -0.178429 0)
(1.05178 -0.182734 3.1716e-18)
(1.04212 -0.184261 -3.63896e-18)
(1.03031 -0.183734 0)
(1.01711 -0.181807 -4.58516e-18)
(1.00332 -0.17899 0)
(0.989716 -0.175651 0)
(0.976963 -0.17205 0)
(0.965608 -0.168376 -7.37271e-18)
(0.956064 -0.164772 8.0179e-18)
(0.948635 -0.161357 -8.64831e-18)
(0.943528 -0.158233 1.84984e-17)
(0.940882 -0.155501 -9.69232e-18)
(0.940781 -0.153254 0)
(0.943277 -0.151589 1.03843e-17)
(0.948415 -0.150591 -1.03874e-17)
(0.956254 -0.150338 0)
(0.966914 -0.150877 -4.83232e-20)
(0.980481 -0.152194 -9.3544e-18)
(0.99725 -0.15418 0)
(1.01663 -0.156602 0)
(1.04051 -0.159024 -5.61016e-18)
(1.06093 -0.161449 0)
(1.10121 -0.162516 -1.51998e-18)
(0.976761 0.214805 0)
(0.984937 0.202014 -1.30377e-17)
(0.992774 0.199212 -1.14711e-17)
(0.995655 0.199002 0)
(0.994992 0.196887 1.97816e-17)
(0.993971 0.193657 1.86787e-17)
(0.993408 0.190169 0)
(0.992855 0.186244 1.68038e-17)
(0.992197 0.181737 -1.59513e-17)
(0.991608 0.176732 0)
(0.99114 0.171295 0)
(0.990725 0.165436 0)
(0.990304 0.159149 0)
(0.989861 0.152419 -1.21301e-17)
(0.989394 0.145234 -1.18838e-17)
(0.98892 0.137615 1.09407e-17)
(0.988519 0.129783 -3.23202e-17)
(0.988312 0.121966 0)
(0.988359 0.114159 0)
(0.988624 0.10631 1.0313e-17)
(0.989001 0.0984334 2.01682e-17)
(0.989386 0.0906052 -9.88267e-18)
(0.989728 0.0829238 0)
(0.99003 0.0754826 0)
(0.990354 0.0683668 -4.98016e-18)
(0.990836 0.0616403 9.844e-18)
(0.991693 0.0553 -9.82377e-18)
(0.993185 0.0492177 0)
(0.995521 0.043112 0)
(0.998734 0.036574 -2.36748e-18)
(1.00259 0.0291723 0)
(1.00654 0.0206014 2.34582e-18)
(1.00984 0.0108116 -1.11522e-18)
(1.01174 7.42242e-05 -2.04139e-20)
(1.01153 -0.0109702 -1.04659e-20)
(1.00885 -0.0214597 0)
(1.00371 -0.0305643 0)
(0.996565 -0.037678 -3.12792e-20)
(0.988116 -0.0425187 1.24582e-18)
(0.979276 -0.0451395 3.94189e-18)
(0.971044 -0.0458868 5.57542e-18)
(0.964397 -0.0453217 2.95671e-18)
(0.960192 -0.0441392 -3.07962e-18)
(0.959078 -0.0431055 -3.1787e-18)
(0.961421 -0.0430047 3.2444e-18)
(0.967259 -0.0445993 0)
(0.976267 -0.0485985 6.24885e-18)
(0.987766 -0.0555729 -6.10855e-18)
(1.00077 -0.0658171 0)
(1.01419 -0.0791775 0)
(1.02703 -0.0950691 0)
(1.03855 -0.112496 0)
(1.04833 -0.130123 0)
(1.05612 -0.146481 0)
(1.06164 -0.160228 3.50684e-18)
(1.06433 -0.170459 -7.07056e-18)
(1.06359 -0.1769 -3.66278e-18)
(1.05904 -0.179908 3.84798e-18)
(1.0508 -0.180251 4.10463e-18)
(1.03947 -0.178797 -4.67871e-18)
(1.02597 -0.176287 5.28804e-18)
(1.01135 -0.173253 0)
(0.996551 -0.170033 6.74484e-18)
(0.982395 -0.166828 -7.52913e-18)
(0.96952 -0.163762 0)
(0.958403 -0.160915 -1.81722e-17)
(0.949382 -0.158353 9.82172e-18)
(0.942686 -0.156133 -2.08836e-17)
(0.938457 -0.154317 1.10164e-17)
(0.936771 -0.152974 0)
(0.937666 -0.152182 1.16696e-17)
(0.941172 -0.152023 1.18248e-17)
(0.94734 -0.152583 -1.16758e-17)
(0.956297 -0.15392 -1.13389e-17)
(0.968131 -0.156013 1.06659e-17)
(0.983159 -0.15874 0)
(1.0008 -0.161786 0)
(1.02307 -0.164759 6.41596e-18)
(1.04216 -0.167398 0)
(1.08108 -0.16833 1.74797e-18)
(0.977833 0.212618 1.71684e-17)
(0.988996 0.199654 0)
(0.998475 0.199066 -2.58349e-17)
(1.00126 0.199744 2.34572e-17)
(1.00019 0.197604 -2.23489e-17)
(0.999044 0.194454 2.14104e-17)
(0.99842 0.19106 0)
(0.997752 0.187095 1.59943e-19)
(0.996984 0.182504 1.80089e-17)
(0.996331 0.177433 0)
(0.995863 0.171945 0)
(0.995539 0.166047 0)
(0.99532 0.159738 2.96385e-17)
(0.995183 0.153009 0)
(0.995095 0.145844 2.64044e-17)
(0.995012 0.138246 0)
(0.994928 0.130412 4.92563e-17)
(0.994879 0.122563 0)
(0.994884 0.114707 0)
(0.994913 0.10681 -2.34646e-17)
(0.994898 0.0988954 -1.14908e-17)
(0.994783 0.0910355 0)
(0.99456 0.08332 0)
(0.994267 0.0758298 0)
(0.99399 0.0686305 5.62196e-18)
(0.993869 0.0617588 -5.61423e-18)
(0.994105 0.0551897 -9.87942e-20)
(0.994926 0.0487956 0)
(0.996514 0.0423327 5.64191e-18)
(0.998914 0.0354686 0)
(1.00195 0.0278758 0)
(1.00523 0.019341 -2.65764e-18)
(1.00814 0.00986571 1.33548e-18)
(1.01 -0.000260478 -1.93609e-20)
(1.0102 -0.0104706 3.13314e-19)
(1.00836 -0.0200406 0)
(1.00441 -0.0282883 0)
(0.998615 -0.0347434 1.33642e-18)
(0.991511 -0.0392302 -1.40626e-18)
(0.983833 -0.041871 -2.98003e-18)
(0.976445 -0.0430372 -3.16029e-18)
(0.970246 -0.0432679 -3.33563e-18)
(0.966055 -0.0431902 0)
(0.964523 -0.0434633 0)
(0.966047 -0.0447465 -3.65461e-18)
(0.970731 -0.047672 -7.37412e-18)
(0.978362 -0.0528077 0)
(0.988425 -0.0605946 1.38916e-17)
(1.00015 -0.0712524 0)
(1.01267 -0.0846538 0)
(1.02519 -0.100297 -5.85935e-18)
(1.03719 -0.117305 5.42665e-18)
(1.04829 -0.134427 5.01929e-18)
(1.05803 -0.150146 0)
(1.06558 -0.162969 4.39415e-18)
(1.06978 -0.171869 8.3141e-18)
(1.06957 -0.176616 -1.30048e-19)
(1.06444 -0.177773 -4.33808e-18)
(1.05466 -0.176371 0)
(1.04112 -0.173493 5.30871e-18)
(1.02507 -0.169993 3.24391e-20)
(1.0078 -0.166416 0)
(0.990426 -0.163051 -1.54203e-17)
(0.973853 -0.160023 -5.65671e-22)
(0.958754 -0.157373 0)
(0.945602 -0.15511 1.03928e-17)
(0.934718 -0.153236 0)
(0.926303 -0.151757 1.1948e-17)
(0.920464 -0.150698 -1.25397e-17)
(0.91724 -0.150094 -1.30362e-17)
(0.916631 -0.150011 -1.34059e-17)
(0.918638 -0.150525 1.3514e-17)
(0.923286 -0.151732 1.34259e-17)
(0.930683 -0.153699 0)
(0.940895 -0.156395 0)
(0.95426 -0.159701 0)
(0.970208 -0.163238 0)
(0.99107 -0.166746 0)
(1.00889 -0.169561 0)
(1.04754 -0.170758 0)
(0.979275 0.209853 2.09708e-17)
(0.993933 0.197336 0)
(1.00486 0.1993 2.92129e-17)
(1.00729 0.200625 -2.19758e-20)
(1.00582 0.198426 0)
(1.0046 0.195412 -4.84074e-17)
(1.00393 0.192093 0)
(1.00318 0.188069 -2.15599e-17)
(1.00233 0.183399 2.06696e-17)
(1.00161 0.178264 -1.96628e-17)
(1.00108 0.172712 3.73855e-17)
(1.0007 0.166746 -3.55403e-17)
(1.00045 0.160372 -3.3419e-17)
(1.00034 0.15359 0)
(1.00034 0.146389 3.05639e-17)
(1.00043 0.138767 0)
(1.00057 0.130912 -5.6324e-17)
(1.00077 0.123042 2.78679e-17)
(1.00102 0.115171 0)
(1.00126 0.107275 1.33331e-17)
(1.00142 0.099373 0)
(1.00145 0.0915296 0)
(1.00134 0.0838231 -1.31857e-17)
(1.00113 0.076322 0)
(1.00091 0.0690752 0)
(1.0008 0.0620995 0)
(1.001 0.0553541 6.41972e-18)
(1.0017 0.0487123 0)
(1.00307 0.0419577 1.0507e-19)
(1.00513 0.0348121 6.40806e-18)
(1.00778 0.0270232 0)
(1.01066 0.0184511 0)
(1.01327 0.00915366 -1.49662e-18)
(1.01504 -0.000567151 7.32895e-19)
(1.01542 -0.010191 0)
(1.01403 -0.0190833 3.72456e-19)
(1.01076 -0.0266672 7.57237e-19)
(1.00575 -0.0325764 0)
(0.999401 -0.0367271 0)
(0.992327 -0.0393117 3.42852e-18)
(0.985314 -0.0407395 0)
(0.979214 -0.0415474 -3.80226e-18)
(0.974831 -0.0423238 3.97012e-18)
(0.972821 -0.0436555 0)
(0.973606 -0.0460999 0)
(0.977327 -0.0501672 -9.48455e-20)
(0.983836 -0.0563033 0)
(0.992709 -0.0648511 -7.87289e-18)
(1.0033 -0.0759713 7.68337e-18)
(1.0149 -0.0895506 0)
(1.02687 -0.105161 6.55492e-18)
(1.03872 -0.121991 2.5359e-19)
(1.04985 -0.138749 -5.60812e-18)
(1.05928 -0.153734 0)
(1.06561 -0.165258 -4.92656e-18)
(1.06738 -0.172259 -4.77627e-18)
(1.06363 -0.174701 9.71936e-18)
(1.05423 -0.173486 0)
(1.03992 -0.169969 5.54358e-18)
(1.02201 -0.165448 6.18391e-18)
(1.00202 -0.16085 2.2574e-20)
(0.98135 -0.156689 0)
(0.961153 -0.153168 2.68357e-17)
(0.94228 -0.150311 9.99052e-18)
(0.925322 -0.148065 -2.2068e-17)
(0.910667 -0.146358 0)
(0.898551 -0.145131 -2.59487e-17)
(0.889102 -0.144341 -2.76398e-17)
(0.882366 -0.143974 1.45706e-17)
(0.87833 -0.144039 1.51484e-17)
(0.87695 -0.14459 -3.10488e-17)
(0.87819 -0.145699 1.56939e-17)
(0.882032 -0.147468 0)
(0.888542 -0.149968 0)
(0.897734 -0.153161 2.86699e-17)
(0.909983 -0.156951 0)
(0.92474 -0.16092 0)
(0.944801 -0.165019 0)
(0.961768 -0.168063 0)
(1.00167 -0.170053 0)
(0.981152 0.206469 -4.59035e-17)
(0.999747 0.19526 -4.00924e-17)
(1.01186 0.19993 -3.22031e-17)
(1.01377 0.201613 -5.70397e-21)
(1.01196 0.199381 0)
(1.01073 0.196548 2.72926e-17)
(1.01004 0.193271 0)
(1.00923 0.189171 0)
(1.00835 0.184433 -2.32449e-17)
(1.00761 0.179242 2.2116e-17)
(1.00705 0.17363 -8.44842e-17)
(1.00664 0.167596 3.99885e-17)
(1.00635 0.161154 3.84037e-17)
(1.00619 0.154306 3.65433e-17)
(1.00615 0.147043 3.75245e-19)
(1.00622 0.139364 0)
(1.00639 0.131455 6.42095e-17)
(1.00664 0.123534 -3.1374e-17)
(1.00696 0.115625 0)
(1.00729 0.107708 -3.08772e-17)
(1.00756 0.0998018 0)
(1.00772 0.0919634 -1.51405e-17)
(1.00776 0.0842605 1.48358e-17)
(1.0077 0.0767494 1.49807e-17)
(1.00763 0.0694642 1.49372e-17)
(1.00766 0.062405 1.49049e-17)
(1.00796 0.0555192 0)
(1.00869 0.048681 0)
(1.01 0.0416951 -7.26736e-18)
(1.01192 0.0343237 -7.211e-18)
(1.01432 0.0263715 0)
(1.01695 0.0177562 0)
(1.01936 0.00857763 -1.74937e-18)
(1.02105 -0.000851854 0)
(1.02152 -0.0100369 -4.25177e-19)
(1.02039 -0.0184003 -4.17285e-19)
(1.01747 -0.0254398 1.50203e-20)
(1.01281 -0.0308712 0)
(1.00673 -0.0346923 -3.70494e-18)
(0.99979 -0.0371657 3.41015e-20)
(0.992753 -0.038747 4.09699e-18)
(0.986458 -0.0399832 4.27984e-18)
(0.981713 -0.0414311 -4.46843e-18)
(0.979176 -0.0436083 0)
(0.97927 -0.0469882 0)
(0.982137 -0.0519885 9.41099e-18)
(0.987635 -0.0589538 0)
(0.995357 -0.068135 0)
(1.00469 -0.0796498 -1.74125e-17)
(1.01492 -0.0933893 0)
(1.02532 -0.108938 0)
(1.03503 -0.125423 -7.07849e-18)
(1.04289 -0.141378 0)
(1.04744 -0.154915 -6.36002e-18)
(1.0473 -0.164304 0)
(1.04156 -0.168672 0)
(1.03007 -0.168336 -1.13962e-17)
(1.01351 -0.164567 -1.19628e-17)
(0.99311 -0.158991 6.5271e-18)
(0.970394 -0.153024 -7.24485e-18)
(0.946868 -0.147584 -8.22716e-18)
(0.923796 -0.143097 0)
(0.902118 -0.139647 -4.22489e-17)
(0.882468 -0.137143 0)
(0.86524 -0.135437 5.20886e-17)
(0.85066 -0.134382 -2.83851e-17)
(0.838839 -0.133866 3.05877e-17)
(0.829815 -0.133802 3.25531e-17)
(0.823568 -0.134149 0)
(0.82004 -0.134894 -3.55447e-17)
(0.819148 -0.136082 3.64701e-17)
(0.820813 -0.137781 -3.68486e-17)
(0.82496 -0.14009 0)
(0.831591 -0.143079 0)
(0.840674 -0.146712 1.32618e-19)
(0.85265 -0.150942 0)
(0.867009 -0.15534 0)
(0.887124 -0.16013 0)
(0.903871 -0.163515 0)
(0.946454 -0.166791 0)
(0.983507 0.202469 0)
(1.00638 0.193569 1.98156e-19)
(1.01938 0.200879 3.61897e-17)
(1.02069 0.20266 -6.68091e-17)
(1.01865 0.200484 0)
(1.01746 0.19786 0)
(1.01677 0.194586 0)
(1.01595 0.190406 2.77416e-17)
(1.01507 0.185607 0)
(1.01433 0.180364 0)
(1.01376 0.174691 4.76e-17)
(1.01332 0.168592 -4.5673e-17)
(1.01299 0.162083 3.78216e-19)
(1.01278 0.155167 -4.10301e-17)
(1.01268 0.147837 -3.90577e-17)
(1.01268 0.14009 0)
(1.01278 0.132112 3.79496e-19)
(1.01296 0.124125 0)
(1.0132 0.116159 0)
(1.01346 0.108198 -4.05663e-19)
(1.01367 0.100264 0)
(1.01379 0.0924064 1.70147e-17)
(1.01379 0.084686 0)
(1.01371 0.0771489 -1.68325e-17)
(1.01361 0.0698172 2.08362e-19)
(1.0136 0.0626779 -1.67454e-17)
(1.01382 0.0556699 -8.45829e-18)
(1.01442 0.0486682 0)
(1.01552 0.0414958 0)
(1.01713 0.033943 8.3558e-18)
(1.01915 0.02586 0)
(1.02135 0.0172057 0)
(1.02329 0.00811553 3.94503e-18)
(1.02449 -0.00108223 0)
(1.02443 -0.00990091 9.60622e-19)
(1.02272 -0.0177999 0)
(1.01916 -0.0243347 -9.70249e-19)
(1.01381 -0.0292942 -2.02449e-18)
(1.00703 -0.0327552 4.17366e-18)
(0.999447 -0.0350529 -4.38818e-18)
(0.991836 -0.0366889 -4.62658e-18)
(0.985044 -0.0382208 0)
(0.979845 -0.0401897 0)
(0.97683 -0.043049 0)
(0.976331 -0.0471733 1.07848e-17)
(0.978403 -0.0528856 0)
(0.982807 -0.0604618 0)
(0.98902 -0.0700632 0)
(0.996274 -0.0817308 -1.91193e-19)
(1.0036 -0.095298 0)
(1.00981 -0.110255 -9.09099e-18)
(1.01348 -0.125583 -8.53782e-18)
(1.01305 -0.139698 -7.99777e-18)
(1.00729 -0.150743 7.29773e-18)
(0.995739 -0.157227 0)
(0.978829 -0.15864 0)
(0.957638 -0.15565 6.76512e-18)
(0.933541 -0.149773 1.41963e-17)
(0.907964 -0.142737 -1.55068e-17)
(0.88224 -0.135947 0)
(0.857495 -0.130229 0)
(0.834559 -0.125885 0)
(0.813968 -0.122874 2.54014e-17)
(0.796022 -0.121 -2.83352e-17)
(0.780852 -0.120036 -3.12119e-17)
(0.768495 -0.119776 3.39485e-17)
(0.758934 -0.120069 -3.64545e-17)
(0.752122 -0.120802 0)
(0.747989 -0.121914 4.06152e-17)
(0.746444 -0.123378 4.21326e-17)
(0.74737 -0.125225 4.31417e-17)
(0.750648 -0.127514 0)
(0.756151 -0.13034 0)
(0.76385 -0.133777 4.20132e-17)
(0.77371 -0.137811 1.61619e-19)
(0.786296 -0.142475 3.61177e-17)
(0.801133 -0.147338 0)
(0.822201 -0.152932 0)
(0.839401 -0.156786 0)
(0.885735 -0.161697 0)
(0.98634 0.197925 -6.49445e-17)
(1.01372 0.192423 5.31592e-19)
(1.02734 0.202086 -3.92893e-17)
(1.02804 0.203763 3.73429e-17)
(1.02584 0.201745 0)
(1.02463 0.199308 0)
(1.0238 0.195978 0)
(1.02278 0.191689 -3.09862e-17)
(1.02168 0.186804 0)
(1.02068 0.181474 0)
(1.01981 0.175705 5.40417e-17)
(1.01906 0.169509 -3.77284e-19)
(1.01841 0.162906 -4.86997e-17)
(1.01787 0.155899 0)
(1.01743 0.148481 0)
(1.01708 0.14065 0)
(1.01682 0.13259 -8.26232e-17)
(1.01663 0.124526 0)
(1.01648 0.116492 0)
(1.01634 0.108478 3.9424e-17)
(1.01614 0.100504 0)
(1.01583 0.0926183 0)
(1.01538 0.0848733 0)
(1.01484 0.0773083 -1.9363e-17)
(1.01425 0.0699363 -3.84097e-17)
(1.01371 0.0627351 1.92702e-17)
(1.01336 0.0556367 -9.72241e-18)
(1.01331 0.0485195 0)
(1.01363 0.0412224 9.57082e-18)
(1.01432 0.0335487 -9.41056e-18)
(1.01525 0.0254071 0)
(1.01607 0.016777 0)
(1.01631 0.00783176 -6.76739e-18)
(1.01546 -0.00108021 -2.23394e-18)
(1.01305 -0.00947795 -1.10006e-18)
(1.00878 -0.0168561 0)
(1.00264 -0.0228317 0)
(0.994913 -0.0272701 2.29841e-18)
(0.986181 -0.0303261 4.83108e-18)
(0.977188 -0.0323975 -5.07106e-18)
(0.96874 -0.0340248 5.34194e-18)
(0.961584 -0.0357704 0)
(0.956328 -0.038113 0)
(0.953351 -0.04146 0)
(0.95275 -0.0461171 -1.22617e-17)
(0.954315 -0.0522807 1.2474e-17)
(0.957565 -0.0601339 0)
(0.961711 -0.0697519 0)
(0.965652 -0.0810629 -1.81587e-19)
(0.967989 -0.0937738 0)
(0.967048 -0.107246 1.04459e-17)
(0.961076 -0.120387 -2.15339e-19)
(0.948743 -0.131702 1.88516e-17)
(0.929775 -0.139633 0)
(0.905227 -0.143103 0)
(0.877073 -0.141964 0)
(0.847445 -0.137085 1.66767e-17)
(0.818073 -0.130018 0)
(0.790168 -0.122425 -1.90217e-17)
(0.764526 -0.115595 0)
(0.741647 -0.110223 -2.42492e-17)
(0.721775 -0.106487 0)
(0.704969 -0.104248 0)
(0.691157 -0.103233 3.4419e-17)
(0.680209 -0.103159 0)
(0.671981 -0.103788 0)
(0.66634 -0.104943 4.37778e-17)
(0.663171 -0.106494 0)
(0.662362 -0.108366 -9.6822e-17)
(0.6638 -0.110519 5.00504e-17)
(0.66736 -0.112975 -5.11073e-17)
(0.672926 -0.115785 5.15045e-17)
(0.680395 -0.119053 -5.10201e-17)
(0.689786 -0.122885 1.32676e-19)
(0.701133 -0.127305 1.82527e-19)
(0.715138 -0.132434 -4.21009e-17)
(0.731283 -0.13782 -3.62977e-17)
(0.754098 -0.144308 0)
(0.772262 -0.148735 1.77969e-17)
(0.82287 -0.155459 -7.95611e-18)
(0.989625 0.192956 6.85214e-17)
(1.02178 0.1919 8.59754e-19)
(1.03581 0.203487 6.20311e-19)
(1.03563 0.204923 -4.16072e-17)
(1.03261 0.203043 0)
(1.03031 0.200583 3.84793e-17)
(1.02805 0.196965 0)
(1.02543 0.19236 0)
(1.02267 0.187188 0)
(1.02002 0.181586 0)
(1.01756 0.175564 3.67117e-19)
(1.01529 0.169142 5.76493e-17)
(1.01321 0.162344 0)
(1.01132 0.155175 0)
(1.0096 0.147624 0)
(1.008 0.139688 -4.81182e-17)
(1.00654 0.131545 -3.6806e-19)
(1.00519 0.123422 0)
(1.00391 0.115353 0)
(1.00263 0.107327 0)
(1.00126 0.099362 -4.49174e-17)
(0.999752 0.0915025 -2.23016e-17)
(0.998086 0.0837962 0)
(0.996289 0.0762757 2.19109e-17)
(0.994426 0.0689475 4.39276e-17)
(0.992589 0.0617829 -2.18379e-17)
(0.990877 0.0547103 -1.99741e-19)
(0.989362 0.0476146 0)
(0.988041 0.0403263 -2.18634e-17)
(0.986803 0.0327219 1.09209e-17)
(0.985333 0.0247188 0)
(0.983191 0.0163288 0)
(0.979874 0.00775224 5.16213e-18)
(0.974918 -0.000653277 -3.11714e-20)
(0.968037 -0.0084293 6.34948e-19)
(0.959255 -0.0151248 0)
(0.948965 -0.0204319 -2.62677e-18)
(0.937861 -0.024294 0)
(0.926799 -0.0269283 3.24258e-20)
(0.916634 -0.028768 5.89612e-18)
(0.90807 -0.0303571 -6.21633e-18)
(0.90157 -0.0322232 -1.3062e-17)
(0.89742 -0.0347974 0)
(0.895649 -0.0384225 -1.3963e-17)
(0.896009 -0.0433287 1.43207e-17)
(0.897923 -0.0496261 -1.44518e-17)
(0.900516 -0.0573338 0)
(0.902651 -0.0664532 -1.41967e-17)
(0.902875 -0.0767922 1.36193e-17)
(0.899438 -0.0879294 0)
(0.890433 -0.0991568 0)
(0.874224 -0.109456 1.19457e-17)
(0.85017 -0.117616 -1.13807e-17)
(0.819247 -0.122524 0)
(0.783984 -0.123527 0)
(0.747588 -0.120715 0)
(0.712843 -0.114965 -4.11782e-17)
(0.68151 -0.107691 0)
(0.654379 -0.100378 2.35392e-17)
(0.631609 -0.0941557 0)
(0.613041 -0.0895928 2.9936e-17)
(0.59834 -0.0867703 3.38322e-17)
(0.587111 -0.0854865 0)
(0.578941 -0.085419 4.18738e-17)
(0.573451 -0.0862587 4.56906e-17)
(0.570331 -0.087746 0)
(0.569341 -0.0896898 -5.24192e-17)
(0.570306 -0.0919492 0)
(0.5731 -0.0944427 1.93648e-20)
(0.577643 -0.09713 -1.59873e-21)
(0.583889 -0.100043 0)
(0.591832 -0.103264 5.72455e-20)
(0.601491 -0.106896 5.96544e-17)
(0.612993 -0.111099 -5.75551e-17)
(0.626423 -0.115941 -5.40099e-17)
(0.64254 -0.121608 0)
(0.66061 -0.127543 4.15481e-17)
(0.685627 -0.13491 0)
(0.704832 -0.139897 -1.99235e-17)
(0.759575 -0.148413 8.85877e-18)
(0.993547 0.187732 0)
(1.03076 0.191952 5.10688e-17)
(1.04375 0.204771 4.40824e-17)
(1.03992 0.205571 -1.02032e-19)
(1.03196 0.203224 0)
(1.02394 0.199938 -8.53503e-17)
(1.0158 0.195303 0)
(1.00758 0.18977 7.81254e-17)
(0.999715 0.183808 0)
(0.992518 0.177549 0)
(0.986066 0.171004 3.42167e-19)
(0.980314 0.164189 0)
(0.975188 0.157115 -6.29419e-17)
(0.970602 0.149773 6.01801e-17)
(0.966452 0.142142 5.75236e-17)
(0.962621 0.134203 1.09623e-16)
(0.959085 0.126124 5.35388e-17)
(0.955818 0.118117 0)
(0.952712 0.110207 0)
(0.94964 0.102379 5.2196e-17)
(0.946493 0.0946436 5.14571e-17)
(0.943202 0.0870391 2.55847e-17)
(0.939756 0.0796067 0)
(0.936199 0.0723737 0)
(0.932605 0.0653414 -2.54089e-17)
(0.929059 0.0584769 0)
(0.925618 0.0517098 2.54222e-17)
(0.922275 0.0449254 0)
(0.918909 0.0379694 2.55233e-17)
(0.915204 0.0307969 -1.26195e-17)
(0.910724 0.0232929 1.25818e-17)
(0.904946 0.0155132 0)
(0.897382 0.00767213 0)
(0.887724 0.000106809 3.02206e-18)
(0.876003 -0.0067754 0)
(0.862682 -0.0125995 -7.6704e-19)
(0.848628 -0.0171388 3.10865e-18)
(0.834935 -0.0204001 0)
(0.822698 -0.0226327 -6.70488e-18)
(0.812772 -0.0242632 0)
(0.80562 -0.0257861 7.41908e-18)
(0.80144 -0.0276843 1.53584e-17)
(0.800093 -0.0303556 0)
(0.801127 -0.0340518 3.28282e-17)
(0.803844 -0.0389014 -1.67968e-17)
(0.807298 -0.0449495 0)
(0.810298 -0.0521119 0)
(0.811389 -0.0602856 1.67834e-17)
(0.808868 -0.0691761 0)
(0.800824 -0.0782913 0)
(0.7854 -0.0869444 -1.53737e-17)
(0.761384 -0.0943122 2.95773e-17)
(0.728959 -0.0995649 0)
(0.690157 -0.102038 0)
(0.6485 -0.101405 -2.62272e-17)
(0.607893 -0.0978377 0)
(0.571427 -0.092082 -1.47922e-19)
(0.540801 -0.0853253 -2.69463e-17)
(0.516464 -0.0788386 -2.92981e-17)
(0.498079 -0.0735956 0)
(0.484932 -0.0700636 -3.68401e-17)
(0.476183 -0.0682585 -4.14117e-17)
(0.471023 -0.0679348 0)
(0.468728 -0.0687545 -1.00895e-16)
(0.468685 -0.0703708 -5.47688e-17)
(0.470437 -0.0725352 5.86806e-17)
(0.47367 -0.0750409 6.22619e-17)
(0.478217 -0.0777525 -6.52192e-17)
(0.484028 -0.0806114 1.35248e-16)
(0.491168 -0.0835945 -6.92888e-17)
(0.499765 -0.0867949 -7.0126e-17)
(0.509983 -0.0903278 -6.99338e-17)
(0.52197 -0.0943032 0)
(0.535906 -0.0989096 0)
(0.551809 -0.104211 0)
(0.57036 -0.110402 0)
(0.590417 -0.116825 0)
(0.61744 -0.124905 -3.69041e-17)
(0.637146 -0.130278 0)
(0.695196 -0.140376 0)
(0.9988 0.182496 0)
(1.03779 0.192021 0)
(1.04102 0.204235 4.47405e-17)
(1.02211 0.202597 4.73336e-17)
(0.998584 0.197936 0)
(0.976597 0.192315 4.7378e-17)
(0.956692 0.185639 0)
(0.93891 0.178549 -8.8158e-17)
(0.92345 0.171467 0)
(0.910277 0.16445 0)
(0.899106 0.157451 -1.57537e-16)
(0.889582 0.150432 -7.57478e-17)
(0.881389 0.143354 7.23517e-17)
(0.874252 0.136174 -6.93092e-17)
(0.867919 0.128841 -6.63496e-17)
(0.862158 0.121317 -1.27245e-16)
(0.85689 0.113741 0)
(0.852056 0.106295 6.20716e-17)
(0.847492 0.0989894 0)
(0.843019 0.0917993 -1.2202e-16)
(0.838499 0.0847288 6.08309e-17)
(0.833862 0.0778068 0)
(0.829118 0.0710676 -3.02411e-17)
(0.824336 0.0645331 0)
(0.819607 0.058201 0)
(0.815005 0.0520383 0)
(0.810539 0.0459784 0)
(0.806109 0.0399165 0)
(0.801462 0.0337488 -1.5135e-17)
(0.796155 0.0274069 0)
(0.789638 0.0208144 -2.9932e-17)
(0.781341 0.0140517 -7.4371e-18)
(0.770829 0.0073166 0)
(0.757978 0.000898706 0)
(0.743134 -0.00486743 -9.19553e-19)
(0.727152 -0.00969146 9.24919e-19)
(0.711285 -0.0134195 0)
(0.69693 -0.0160964 -3.92005e-18)
(0.68531 -0.0179635 0)
(0.677224 -0.0193991 0)
(0.672994 -0.0208415 -1.7806e-17)
(0.67249 -0.0227155 0)
(0.675119 -0.0253356 1.90717e-17)
(0.679997 -0.0288781 -1.95928e-17)
(0.686032 -0.0334069 0)
(0.691962 -0.03889 0)
(0.69637 -0.0452099 0)
(0.697614 -0.0521462 0)
(0.693867 -0.0593458 -1.98656e-17)
(0.683266 -0.0663113 0)
(0.664277 -0.0724621 1.86454e-17)
(0.636268 -0.0772346 -3.60786e-17)
(0.600082 -0.0801697 3.50184e-17)
(0.558262 -0.0809521 3.37161e-17)
(0.514615 -0.0794406 3.23386e-17)
(0.473217 -0.0757794 0)
(0.437323 -0.0705347 3.17701e-17)
(0.408733 -0.0646678 6.64412e-17)
(0.387827 -0.0592481 7.1931e-17)
(0.373993 -0.0550982 -3.99177e-17)
(0.366101 -0.0525959 8.93264e-17)
(0.362845 -0.0517455 4.95319e-17)
(0.363044 -0.0522185 0)
(0.365675 -0.0536713 1.1883e-16)
(0.369963 -0.0557683 0)
(0.375394 -0.0582846 -1.37105e-16)
(0.381691 -0.0610329 7.23808e-17)
(0.388794 -0.0639143 4.69661e-20)
(0.396815 -0.0669145 -7.7981e-17)
(0.405995 -0.0700489 0)
(0.416626 -0.0734513 7.97935e-17)
(0.428993 -0.0772374 7.90978e-17)
(0.443275 -0.0815447 0)
(0.459597 -0.0865318 -7.37366e-17)
(0.477785 -0.092205 6.86654e-17)
(0.498343 -0.0987361 0)
(0.519646 -0.105409 0)
(0.547752 -0.113854 4.04152e-17)
(0.566794 -0.119304 0)
(0.626679 -0.130612 0)
(1.00402 0.17724 7.88554e-17)
(1.02677 0.1894 0)
(0.997035 0.196789 -9.40307e-17)
(0.944565 0.189396 0)
(0.895577 0.180304 -5.32835e-17)
(0.856834 0.171526 0)
(0.826364 0.162898 0)
(0.801902 0.154782 0)
(0.782189 0.147291 0)
(0.766276 0.140281 -9.51364e-17)
(0.753299 0.133583 9.15179e-17)
(0.742554 0.12708 -2.05172e-19)
(0.73351 0.120682 0)
(0.725764 0.114311 0)
(0.718977 0.107898 0)
(0.712859 0.101388 1.49179e-16)
(0.707298 0.0948889 0)
(0.702219 0.0885447 -7.29691e-17)
(0.697438 0.0823524 0)
(0.692761 0.0762828 -2.00712e-19)
(0.688048 0.0703345 2.02711e-19)
(0.683244 0.0645288 7.21463e-17)
(0.678387 0.0588934 3.59623e-17)
(0.673574 0.0534456 0)
(0.668915 0.0481825 -3.61688e-17)
(0.664477 0.0430749 0)
(0.660231 0.0380654 0)
(0.656003 0.033076 0)
(0.651459 0.0280212 1.82734e-17)
(0.646067 0.0228106 -1.82097e-17)
(0.639202 0.0174398 1.80608e-17)
(0.63027 0.0119776 8.97507e-18)
(0.618897 0.00657993 0)
(0.60511 0.00147721 0)
(0.589475 -0.0030756 1.11855e-18)
(0.573106 -0.00686856 0)
(0.557489 -0.00980383 0)
(0.54418 -0.0119385 9.57262e-18)
(0.534461 -0.013479 9.97755e-18)
(0.529109 -0.0147392 -1.04211e-17)
(0.528328 -0.016089 -1.24631e-20)
(0.531677 -0.0178595 0)
(0.53827 -0.020288 2.81662e-20)
(0.546921 -0.0234954 0)
(0.556261 -0.027498 0)
(0.564793 -0.0322167 -2.4565e-17)
(0.570931 -0.0374822 0)
(0.572972 -0.043029 0)
(0.569184 -0.0484893 2.39342e-17)
(0.558032 -0.0534302 0)
(0.538519 -0.0574355 0)
(0.510535 -0.060191 4.43596e-17)
(0.47515 -0.0615062 1.43187e-19)
(0.434712 -0.0612637 -4.11893e-17)
(0.392641 -0.059392 -3.98506e-17)
(0.352819 -0.0559779 -3.88449e-17)
(0.318681 -0.0514419 -3.88365e-17)
(0.292387 -0.0465623 -4.01542e-17)
(0.274526 -0.0422302 -8.64226e-17)
(0.26441 -0.0391208 9.51501e-17)
(0.260604 -0.0375209 -5.26513e-17)
(0.261444 -0.037372 -5.77091e-17)
(0.265422 -0.0383237 6.30284e-17)
(0.271341 -0.0400643 -8.22113e-20)
(0.278378 -0.0423065 -7.35495e-17)
(0.286082 -0.0448531 7.83129e-17)
(0.29428 -0.0475772 -7.05951e-20)
(0.303041 -0.0504332 8.55957e-17)
(0.312604 -0.0534391 0)
(0.323311 -0.0566503 0)
(0.335528 -0.0601807 0)
(0.349556 -0.0641387 -8.78892e-17)
(0.365525 -0.0686493 0)
(0.383438 -0.0738132 -1.39958e-19)
(0.402876 -0.0795801 -7.5072e-17)
(0.424194 -0.086096 0)
(0.44533 -0.0926021 5.67938e-17)
(0.473044 -0.100897 0)
(0.48989 -0.106019 0)
(0.549448 -0.118005 1.31712e-17)
(0.997056 0.170831 2.35233e-18)
(0.960103 0.177928 0)
(0.87004 0.174915 5.10748e-17)
(0.779156 0.16002 0)
(0.713853 0.147331 6.02436e-17)
(0.670908 0.137285 0)
(0.640679 0.128681 0)
(0.617731 0.121214 0)
(0.599806 0.114652 1.13511e-16)
(0.585673 0.108715 2.19928e-16)
(0.574363 0.103182 1.06331e-16)
(0.565129 0.0979101 2.04921e-16)
(0.557445 0.092797 0)
(0.550925 0.0877609 9.47639e-17)
(0.545256 0.0827334 9.09007e-17)
(0.540172 0.0776621 -1.74074e-16)
(0.535564 0.0726252 0)
(0.531366 0.0677267 0)
(0.527414 0.0629586 0)
(0.523532 0.0582944 1.71269e-16)
(0.519597 0.0537302 -8.55473e-17)
(0.515578 0.0492812 -8.56106e-17)
(0.51154 0.0449693 -4.29441e-17)
(0.507605 0.0408088 4.30649e-17)
(0.5039 0.0367988 4.31592e-17)
(0.500491 0.0329175 0)
(0.497329 0.0291222 -4.35764e-17)
(0.49421 0.0253571 0)
(0.490759 0.0215534 -2.19092e-17)
(0.486405 0.0176166 2.18762e-17)
(0.480496 0.0135907 -2.18383e-17)
(0.472455 0.00951854 0)
(0.461962 0.00551376 1.08453e-17)
(0.449133 0.00174282 0)
(0.434632 -0.00161678 0)
(0.419648 -0.00442505 0)
(0.405712 -0.00662387 0)
(0.394392 -0.00826482 -5.80574e-18)
(0.386968 -0.00950679 -1.20656e-17)
(0.384203 -0.0106011 1.2529e-17)
(0.386193 -0.0118138 -7.79518e-21)
(0.392395 -0.0133906 0)
(0.401789 -0.015505 -2.75247e-17)
(0.41303 -0.0182312 -2.82547e-17)
(0.424598 -0.021549 0)
(0.434879 -0.0253474 2.92531e-17)
(0.442249 -0.0294404 0)
(0.445141 -0.0335678 0)
(0.442176 -0.0374106 2.87901e-17)
(0.432344 -0.0406519 5.63959e-17)
(0.415176 -0.0430389 0)
(0.390814 -0.0444288 -5.34077e-17)
(0.360069 -0.044764 -5.16051e-17)
(0.324562 -0.0439968 0)
(0.286892 -0.0420698 4.76093e-17)
(0.250509 -0.0390372 4.6155e-17)
(0.218976 -0.035234 4.58408e-17)
(0.194908 -0.0312953 4.72491e-17)
(0.179283 -0.027939 1.00589e-16)
(0.171533 -0.0256796 2.29648e-21)
(0.170104 -0.0247558 -6.00438e-17)
(0.173159 -0.024973 0)
(0.179049 -0.0260852 -7.14766e-17)
(0.186534 -0.0278192 -1.54446e-16)
(0.194837 -0.0299422 1.65344e-16)
(0.203588 -0.0323095 -8.75126e-17)
(0.212691 -0.0348446 -9.17243e-17)
(0.222272 -0.0375359 0)
(0.232594 -0.040412 -9.70337e-17)
(0.243995 -0.0435371 0)
(0.256824 -0.0469981 0)
(0.27134 -0.0508858 -9.59278e-17)
(0.287601 -0.0552829 0)
(0.3055 -0.0602391 8.76585e-17)
(0.324442 -0.0656626 -8.10048e-17)
(0.344709 -0.0716687 0)
(0.363941 -0.077532 -6.04046e-17)
(0.389451 -0.0851011 0)
(0.40262 -0.0894727 0)
(0.458781 -0.101394 -1.39037e-17)
(0.943677 0.159905 -8.25158e-17)
(0.792332 0.149736 0)
(0.64636 0.134636 5.70359e-17)
(0.546529 0.116149 0)
(0.491808 0.104377 6.8147e-17)
(0.460809 0.0963201 0)
(0.439271 0.0897777 0)
(0.42258 0.0842081 0)
(0.409567 0.0793994 4.7881e-20)
(0.399465 0.0751231 4.89145e-20)
(0.391487 0.0711913 -1.20543e-16)
(0.385021 0.0674793 -1.16461e-16)
(0.379672 0.0639042 0)
(0.375163 0.0604022 -2.1606e-16)
(0.371263 0.0569205 -1.03728e-16)
(0.367775 0.053419 1.98991e-16)
(0.36462 0.049949 0)
(0.36175 0.0465796 9.90876e-17)
(0.35904 0.0433036 9.93272e-17)
(0.356347 0.0401 -9.95225e-17)
(0.353578 0.0369645 0)
(0.350723 0.0339077 -1.00233e-16)
(0.347868 0.0309457 5.03116e-17)
(0.345146 0.0280905 -5.05702e-17)
(0.342687 0.0253439 5.08829e-17)
(0.340558 0.0226932 0)
(0.338715 0.0201113 -2.73874e-20)
(0.336961 0.0175601 0)
(0.334933 0.0149977 0)
(0.332095 0.0123337 0)
(0.327844 0.00961638 -1.30963e-20)
(0.321664 0.00688078 0)
(0.313286 0.00419896 -1.29253e-17)
(0.302837 0.00167488 6.47211e-18)
(0.290925 -0.000582281 0)
(0.278606 -0.00248841 0)
(0.267239 -0.00401155 -6.71697e-18)
(0.258238 -0.00518945 0)
(0.252791 -0.00612958 0)
(0.251634 -0.00701746 1.48336e-17)
(0.254882 -0.00801925 -3.84268e-21)
(0.26205 -0.00930145 -3.16914e-17)
(0.272158 -0.0109802 -3.26454e-17)
(0.283886 -0.0130902 3.34571e-17)
(0.295748 -0.0155906 0)
(0.306217 -0.0183688 0)
(0.313851 -0.02126 0)
(0.31741 -0.0240592 0)
(0.315983 -0.0265379 -3.40222e-17)
(0.309052 -0.0284983 4.73772e-20)
(0.296488 -0.0298074 0)
(0.278416 -0.0304045 0)
(0.255159 -0.0302668 6.0737e-17)
(0.227447 -0.0293507 0)
(0.196885 -0.0275986 0)
(0.166207 -0.0250534 -5.32956e-17)
(0.138775 -0.0219933 0)
(0.117451 -0.0189246 -5.33258e-17)
(0.103622 -0.016393 -1.12614e-16)
(0.0970371 -0.0147677 -6.09828e-17)
(0.0963244 -0.0142548 6.63962e-17)
(0.099769 -0.0145923 0)
(0.105781 -0.0156144 7.85396e-17)
(0.11321 -0.0171134 1.69364e-16)
(0.121351 -0.0189191 -9.03871e-17)
(0.129887 -0.0209333 9.53673e-17)
(0.138725 -0.0231087 9.94129e-17)
(0.147964 -0.0254442 0)
(0.157802 -0.0279646 3.00823e-20)
(0.168503 -0.0307195 0)
(0.180347 -0.0337747 0)
(0.19353 -0.0371904 1.0221e-16)
(0.208066 -0.0410129 0)
(0.223806 -0.0452549 0)
(0.240122 -0.0498092 8.52474e-17)
(0.257278 -0.0547651 -7.57817e-17)
(0.272895 -0.0594933 0)
(0.294164 -0.0657089 -4.943e-17)
(0.302796 -0.0689466 0)
(0.351225 -0.0797308 0)
(0.781196 0.136259 0)
(0.508931 0.100282 5.99428e-17)
(0.371099 0.0813111 -6.4549e-17)
(0.305413 0.0672029 7.23326e-17)
(0.276734 0.0601257 -1.20447e-20)
(0.260911 0.0554841 7.37379e-17)
(0.248856 0.0516214 0)
(0.239171 0.0483142 1.42491e-16)
(0.231718 0.045487 -1.39383e-16)
(0.226043 0.0430003 -1.35839e-16)
(0.221596 0.0407301 0)
(0.217998 0.0385948 0)
(0.215033 0.0365445 0)
(0.212548 0.0345414 1.19137e-16)
(0.210408 0.0325539 0)
(0.208499 0.0305574 -1.1015e-16)
(0.206775 0.0285799 0)
(0.205209 0.0266609 1.13017e-20)
(0.203719 0.0247956 -1.11639e-16)
(0.202207 0.0229701 0)
(0.200611 0.0211789 0)
(0.198943 0.0194298 1.13989e-16)
(0.197281 0.0177338 0)
(0.195743 0.0161002 5.78982e-17)
(0.194436 0.0145322 -5.83681e-17)
(0.193421 0.0130246 0)
(0.192676 0.0115629 5.92898e-17)
(0.192058 0.0101245 0)
(0.191295 0.00868666 0)
(0.189975 0.00720693 0)
(0.187642 0.0056955 3.00847e-17)
(0.183901 0.00416706 0)
(0.178534 0.00266869 0)
(0.171602 0.00125567 -7.51639e-18)
(0.163505 -1.70307e-05 0)
(0.15497 -0.00110702 0)
(0.146963 -0.00199877 -7.60498e-22)
(0.140543 -0.00271334 0)
(0.136658 -0.00330927 0)
(0.135961 -0.0039007 1.13724e-21)
(0.13865 -0.00458984 1.77051e-17)
(0.144435 -0.00545177 3.66869e-17)
(0.152588 -0.00655456 3.78706e-17)
(0.162072 -0.00790978 3.88694e-17)
(0.171716 -0.00947926 0)
(0.180343 -0.0111839 4.00679e-17)
(0.186901 -0.0129126 0)
(0.190575 -0.0145433 0)
(0.190864 -0.0159263 3.94213e-17)
(0.187571 -0.0169637 3.11878e-20)
(0.180713 -0.0176039 0)
(0.170322 -0.0178143 -7.23387e-17)
(0.15633 -0.0175738 -1.38329e-16)
(0.138758 -0.0168432 0)
(0.118239 -0.0155765 6.20301e-17)
(0.0964677 -0.0137889 5.89682e-17)
(0.0760074 -0.0116614 0)
(0.0593976 -0.00953747 0)
(0.0481757 -0.00779684 6.03873e-17)
(0.0425021 -0.006712 0)
(0.041507 -0.00637637 0)
(0.0439097 -0.00662574 0)
(0.0484472 -0.00734069 -8.34067e-17)
(0.0541969 -0.0083926 -8.97103e-17)
(0.0605823 -0.0096588 0)
(0.0673258 -0.0110826 -1.00405e-16)
(0.0743115 -0.0126319 -1.0454e-16)
(0.0815667 -0.0143123 1.07456e-16)
(0.0891893 -0.0161349 2.18474e-16)
(0.0973356 -0.0181278 0)
(0.106188 -0.0203278 0)
(0.115875 -0.0227653 0)
(0.126406 -0.0254577 0)
(0.137666 -0.0284038 -9.59951e-17)
(0.149162 -0.0315204 8.79563e-17)
(0.161121 -0.0348758 7.75674e-17)
(0.171605 -0.0380296 -6.50129e-17)
(0.186355 -0.0422742 -3.08236e-19)
(0.190605 -0.0442275 0)
(0.225466 -0.052267 1.59764e-17)
(0.40858 0.078068 8.40595e-17)
(0.163852 0.0347342 -1.01633e-16)
(0.114656 0.0266913 0)
(0.0943148 0.0215951 5.61396e-21)
(0.0870987 0.0193618 -5.71294e-17)
(0.0827608 0.0178916 -5.68026e-17)
(0.0789474 0.01663 0)
(0.0758368 0.0155453 -1.11377e-16)
(0.0735119 0.0146241 0)
(0.0717777 0.0138192 0)
(0.0704226 0.0130873 0)
(0.0693245 0.0123999 0)
(0.0684234 0.0117408 0)
(0.0676747 0.011098 9.85178e-17)
(0.0670335 0.0104608 0)
(0.0664624 0.0098212 9.27137e-17)
(0.065948 0.00918772 9.35859e-17)
(0.0654819 0.00857329 -1.90902e-16)
(0.0650308 0.00797623 0)
(0.0645547 0.00739146 9.87689e-17)
(0.0640309 0.00681587 -1.00305e-16)
(0.0634694 0.00625268 0)
(0.0629109 0.00570583 -5.16561e-17)
(0.0624106 0.00517894 -5.24058e-17)
(0.0620217 0.00467387 0)
(0.0617796 0.00418965 -5.38661e-17)
(0.0616872 0.00372243 5.4531e-17)
(0.0616965 0.00326527 0)
(0.0616988 0.00281128 0)
(0.0615182 0.00235398 2.79401e-17)
(0.0609517 0.00189001 -2.80171e-17)
(0.0598141 0.00141651 0)
(0.0579809 0.000953423 0)
(0.0554346 0.000515269 -7.00392e-18)
(0.052292 0.000116 3.51089e-18)
(0.0488109 -0.000234048 0)
(0.0453719 -0.00053188 7.17606e-18)
(0.0424339 -0.000784585 0)
(0.0404556 -0.00100907 0)
(0.039804 -0.00124092 -1.12629e-22)
(0.040665 -0.00151845 3.26507e-17)
(0.0429923 -0.001849 0)
(0.046508 -0.00225454 0)
(0.0507651 -0.00273483 -3.62043e-17)
(0.0552383 -0.0032737 3.69566e-17)
(0.0594008 -0.00384347 -3.7374e-17)
(0.0627913 -0.00440935 0)
(0.0650779 -0.00493364 3.71403e-17)
(0.0660826 -0.00536236 -3.64763e-17)
(0.0657628 -0.00567026 1.09658e-20)
(0.0641603 -0.00584624 0)
(0.0612696 -0.00587067 -1.38486e-20)
(0.0569346 -0.00572619 1.23707e-16)
(0.050915 -0.00539642 0)
(0.0431755 -0.00487396 1.9452e-20)
(0.0342185 -0.00417482 0)
(0.0251331 -0.00337365 0)
(0.0172262 -0.00260011 0)
(0.0114785 -0.00198706 4.90886e-17)
(0.00821889 -0.00164216 0)
(0.00721091 -0.00155503 5.64373e-17)
(0.00791475 -0.00168386 0)
(0.00973929 -0.00197527 0)
(0.0122283 -0.00238704 0)
(0.0150818 -0.00287013 0)
(0.0181371 -0.00340757 2.66606e-20)
(0.0213078 -0.00398978 0)
(0.0245741 -0.00462036 -1.66478e-16)
(0.0279506 -0.00530483 -8.41227e-17)
(0.0314839 -0.00605085 8.39715e-17)
(0.03524 -0.0068729 0)
(0.0392745 -0.00777992 0)
(0.0435987 -0.00877475 0)
(0.0481769 -0.00985397 7.17146e-17)
(0.0528033 -0.0109833 5.24376e-20)
(0.0575861 -0.0121798 0)
(0.0616303 -0.0132904 4.74428e-17)
(0.0675015 -0.0147717 3.65244e-17)
(0.0684659 -0.0154168 0)
(0.0829141 -0.0185358 -1.14445e-17)
)
;

boundaryField
{
    inlet
    {
        type            fixedValue;
        value           uniform (0.97437 0.22495 0);
    }
    outlet
    {
        type            zeroGradient;
    }
    fixedWalls
    {
        type            noSlip;
    }
    frontAndBack
    {
        type            empty;
    }
}


// ************************************************************************* //
