/*--------------------------------*- C++ -*----------------------------------*\
| =========                 |                                                 |
| \\      /  F ield         | OpenFOAM: The Open Source CFD Toolbox           |
|  \\    /   O peration     | Version:  v1912                                 |
|   \\  /    A nd           | Website:  www.openfoam.com                      |
|    \\/     M anipulation  |                                                 |
\*---------------------------------------------------------------------------*/
FoamFile
{
    version     2.0;
    format      ascii;
    class       surfaceScalarField;
    location    "625";
    object      phi;
}
// * * * * * * * * * * * * * * * * * * * * * * * * * * * * * * * * * * * * * //

dimensions      [0 3 -1 0 0 0 0];
oriented        oriented;


internalField   nonuniform List<scalar> 
3895
(
0.000814746
0.00038143
0.000499361
0.000315385
0.000251565
0.000247796
6.4863e-05
0.000186702
-6.21962e-05
0.000127059
-0.000127326
6.51302e-05
-0.000137638
1.03117e-05
-0.000113632
-2.40065e-05
-9.03518e-05
-2.32798e-05
-8.49493e-05
-5.40255e-06
-6.61319e-05
-1.88174e-05
-4.47493e-05
-2.13826e-05
-4.04728e-05
-4.27643e-06
-4.86892e-05
8.21635e-06
-4.57553e-05
-2.93388e-06
-3.21213e-05
-1.3634e-05
-2.52229e-05
-6.89841e-06
-2.60147e-05
7.9184e-07
-2.90392e-05
3.02447e-06
-3.05863e-05
1.54709e-06
-2.92877e-05
-1.29859e-06
-2.50077e-05
-4.28001e-06
-1.86879e-05
-6.31974e-06
-1.208e-05
-6.60791e-06
-6.29741e-06
-5.7826e-06
-1.98251e-06
-4.3149e-06
7.74514e-07
-2.75703e-06
2.39771e-06
-1.6232e-06
3.46745e-06
-1.06973e-06
4.39137e-06
-9.23927e-07
5.2965e-06
-9.0513e-07
6.15685e-06
-8.60348e-07
6.95306e-06
-7.96205e-07
7.64793e-06
-6.94871e-07
8.17023e-06
-5.22302e-07
8.45102e-06
-2.80785e-07
8.43439e-06
1.66282e-08
8.0335e-06
4.00885e-07
7.2581e-06
7.75407e-07
6.06625e-06
1.19185e-06
4.37838e-06
1.68787e-06
2.08645e-06
2.29194e-06
-9.32406e-07
3.01885e-06
-4.80037e-06
3.86797e-06
-9.62863e-06
4.82825e-06
-1.55602e-05
5.93159e-06
-2.29182e-05
7.35797e-06
-3.23991e-05
9.48092e-06
-4.53225e-05
1.29234e-05
-6.38377e-05
1.85152e-05
-9.08504e-05
2.70127e-05
-0.000129404
3.85532e-05
-0.000181837
5.24333e-05
-0.000249088
6.72508e-05
-0.000329814
8.07259e-05
-0.000419568
8.97545e-05
-0.00051101
9.14417e-05
-0.000595235
8.42249e-05
-0.000663363
6.8128e-05
-0.000706639
4.32767e-05
-0.000714113
7.47333e-06
-0.000696303
-1.781e-05
-0.000657516
-3.8787e-05
-0.000601332
-5.61835e-05
-0.000531658
-6.96739e-05
-0.000451543
-8.01156e-05
-0.000362976
-8.85662e-05
-0.000267508
-9.54689e-05
-0.000166745
-0.000100762
-6.23862e-05
-0.000104359
4.36008e-05
-0.000105987
0.000149249
-0.000105648
0.000252979
-0.000103731
0.000353435
-0.000100456
0.000449728
-9.62931e-05
0.00054178
-9.2052e-05
0.00062984
-8.80597e-05
0.000717036
-8.71966e-05
0.000803717
-8.66803e-05
-0.000107443
0.00108795
0.000349294
0.00104738
0.000355946
0.000933278
0.000361903
0.000775747
0.000344233
0.000598431
0.000304375
0.000410383
0.000253178
0.000221248
0.000199447
5.38768e-05
0.000143365
-6.04241e-05
9.10212e-05
-0.000110187
4.43603e-05
-0.00013188
2.87543e-06
-0.000123962
-2.93007e-05
-0.000105655
-2.25829e-05
-0.000107759
1.03206e-05
-0.000103338
-7.35557e-06
-9.07027e-05
-2.62692e-05
-7.67109e-05
-2.08902e-05
-7.88298e-05
2.91076e-06
-8.71044e-05
1.12991e-05
-9.26114e-05
7.05404e-06
-9.45719e-05
6.61867e-07
-9.09517e-05
-7.90018e-06
-8.48045e-05
-1.24669e-05
-7.8073e-05
-1.33394e-05
-7.1516e-05
-1.23396e-05
-6.58641e-05
-9.96674e-06
-6.17351e-05
-6.88607e-06
-5.95882e-05
-3.77011e-06
-5.9301e-05
-1.35691e-06
-6.03614e-05
1.36472e-07
-6.25878e-05
1.32129e-06
-6.52892e-05
1.84101e-06
-6.81582e-05
2.07285e-06
-7.11153e-05
2.26224e-06
-7.42942e-05
2.65659e-06
-7.78456e-05
3.27061e-06
-8.18871e-05
4.05814e-06
-8.64634e-05
4.97713e-06
-9.16854e-05
5.99747e-06
-9.75966e-05
7.10304e-06
-0.000104202
8.29343e-06
-0.000111491
9.58117e-06
-0.000119446
1.0973e-05
-0.000128024
1.24464e-05
-0.000137143
1.39472e-05
-0.000146671
1.54594e-05
-0.000156499
1.71867e-05
-0.000166635
1.96161e-05
-0.000177207
2.34957e-05
-0.000188368
2.96758e-05
-0.000200346
3.89913e-05
-0.000213481
5.16885e-05
-0.000227815
6.67667e-05
-0.000242503
8.19394e-05
-0.000255366
9.35886e-05
-0.000262533
9.69211e-05
-0.000259184
8.80929e-05
-0.000241179
6.62198e-05
-0.000207258
3.42075e-05
-0.000166355
2.37368e-06
-0.000119798
-3.90836e-05
-6.78499e-05
-6.97586e-05
-1.33042e-05
-9.33326e-05
4.29035e-05
-0.000112391
0.000102372
-0.000129143
0.000166314
-0.000144057
0.000234624
-0.000156876
0.000306267
-0.000167112
0.000379711
-0.000174207
0.00045318
-0.000177828
0.000525141
-0.000177948
0.000594355
-0.000174861
0.00065975
-0.000169125
0.000720753
-0.000161459
0.000777203
-0.000152743
0.000829204
-0.000144054
0.000877621
-0.000136477
0.000922483
-0.000132058
0.000966507
-0.000130704
-0.000142019
0.000975282
0.000305926
0.00102604
0.000305187
0.00106097
0.000326974
0.00105862
0.000346584
0.00101217
0.00035082
0.000925048
0.000340304
0.000805752
0.000318742
0.000661765
0.000287352
0.000504929
0.000247857
0.000345845
0.000203445
0.000190169
0.000158552
4.70556e-05
0.000113812
-4.98419e-05
7.43146e-05
-8.59846e-05
4.64633e-05
-0.000105858
1.25178e-05
-0.000113848
-1.82796e-05
-0.000101829
-3.29088e-05
-9.14941e-05
-7.42407e-06
-9.89423e-05
1.87473e-05
-0.000108396
1.65078e-05
-0.000114905
7.17043e-06
-0.00011954
-3.26451e-06
-0.000121626
-1.0381e-05
-0.000120545
-1.44209e-05
-0.000118938
-1.39465e-05
-0.000118691
-1.02132e-05
-0.000120401
-5.17617e-06
-0.000124235
6.39831e-08
-0.000128324
2.73156e-06
-0.000132845
4.65781e-06
-0.000137373
5.84874e-06
-0.000141954
6.42221e-06
-0.000146469
6.58803e-06
-0.000150828
6.62143e-06
-0.000155095
6.92374e-06
-0.000159435
7.61e-06
-0.00016395
8.57349e-06
-0.000168625
9.65225e-06
-0.000173385
1.07574e-05
-0.000178145
1.18625e-05
-0.000182808
1.29569e-05
-0.00018727
1.40437e-05
-0.000191411
1.51133e-05
-0.000195032
1.60674e-05
-0.000197771
1.66866e-05
-0.000198963
1.66514e-05
-0.000197567
1.5791e-05
-0.000192609
1.46575e-05
-0.000183111
1.39975e-05
-0.000168011
1.45758e-05
-0.000145931
1.69118e-05
-0.000116161
2.1918e-05
-7.78619e-05
2.84679e-05
-3.04346e-05
3.45122e-05
2.58154e-05
3.73386e-05
8.83192e-05
3.44174e-05
0.000152558
2.38546e-05
0.000212312
6.4658e-06
0.000266915
-2.03955e-05
0.000318861
-4.95732e-05
0.00036126
-8.14823e-05
0.000402403
-0.000110902
0.000445759
-0.000136688
0.000492883
-0.000159515
0.000543274
-0.000179534
0.00059556
-0.000196343
0.00064803
-0.000209346
0.000698976
-0.000218057
0.000746989
-0.00022222
0.000791044
-0.000221883
0.000830515
-0.00021742
0.000865136
-0.000209481
0.000894937
-0.000198927
0.000920219
-0.000186741
0.000941456
-0.00017398
0.000959155
-0.000161752
0.000973915
-0.000151236
0.000985611
-0.000143755
0.00099531
-0.000140403
-0.000144853
0.000857109
0.000271374
0.000897355
0.000264941
0.000950164
0.000274165
0.00100471
0.000292042
0.00104637
0.000309153
0.00106531
0.000321372
0.00105664
0.000327411
0.00101794
0.000326054
0.000949553
0.00031624
0.000855081
0.000297916
0.000740896
0.000272737
0.000611933
0.000242775
0.000476494
0.000209753
0.000348327
0.000174631
0.000223535
0.000137309
0.00010225
0.000103006
-1.38244e-07
6.94794e-05
-5.16227e-05
4.40604e-05
-6.28635e-05
2.99881e-05
-6.47197e-05
1.8364e-05
-6.70594e-05
9.51007e-06
-7.29569e-05
2.63301e-06
-8.04109e-05
-2.92701e-06
-8.8927e-05
-5.90475e-06
-9.62745e-05
-6.59905e-06
-0.000101779
-4.70855e-06
-0.000106745
-2.10122e-07
-0.000112121
5.44021e-06
-0.000117718
8.3277e-06
-0.00012287
9.81019e-06
-0.000127245
1.02242e-05
-0.000130773
9.95019e-06
-0.000133522
9.33669e-06
-0.000135327
8.42601e-06
-0.000136512
8.10939e-06
-0.000137182
8.27983e-06
-0.000137411
8.80233e-06
-0.000136898
9.13902e-06
-0.000135478
9.33742e-06
-0.000133031
9.41621e-06
-0.000129416
9.34117e-06
-0.000124461
9.08859e-06
-0.000118017
8.66949e-06
-0.000109895
7.945e-06
-9.9842e-05
6.63406e-06
-8.76441e-05
4.45353e-06
-7.22842e-05
4.31095e-07
-5.40991e-05
-3.52766e-06
-3.18249e-05
-8.27675e-06
-3.98235e-06
-1.32668e-05
3.06925e-05
-1.7763e-05
7.41982e-05
-2.15877e-05
0.00012732
-2.46535e-05
0.000189414
-2.75819e-05
0.000258391
-3.16387e-05
0.00033125
-3.84421e-05
0.000404618
-4.95129e-05
0.000476864
-6.57804e-05
0.00054375
-8.72811e-05
0.000605962
-0.000111786
0.000662021
-0.000137541
0.000713616
-0.000162497
0.000762045
-0.000185117
0.000807209
-0.00020468
0.000848349
-0.000220674
0.000884594
-0.000232588
0.000915255
-0.000240007
0.00093995
-0.000242752
0.000958666
-0.000240936
0.00097173
-0.000234947
0.00097973
-0.00022542
0.000983417
-0.000213168
0.000983603
-0.000199113
0.000981076
-0.000184215
0.000976528
-0.000169431
0.000970467
-0.000155691
0.000963188
-0.000143958
0.000954525
-0.000135091
0.000944334
-0.000130212
-0.000130305
0.000759397
0.000238011
0.000790536
0.000233802
0.000828351
0.000236349
0.000874985
0.000245408
0.000927002
0.000257136
0.000978871
0.000269503
0.00102441
0.000281869
0.00105755
0.000292917
0.00107319
0.000300601
0.00106786
0.000303244
0.00104042
0.000300178
0.000991566
0.000291629
0.00092324
0.000278078
0.000838861
0.00025901
0.000741527
0.000234644
0.000636637
0.000207895
0.000532152
0.000173964
0.000433902
0.000142311
0.000348946
0.000114944
0.000276031
9.12785e-05
0.000213749
7.17924e-05
0.000160431
5.59509e-05
0.000114136
4.33679e-05
7.45349e-05
3.36963e-05
4.17185e-05
2.62174e-05
1.65974e-05
2.04126e-05
3.45862e-07
1.60414e-05
-7.27531e-06
1.30614e-05
-9.51336e-06
1.05657e-05
-8.29553e-06
8.59237e-06
-4.98598e-06
6.91466e-06
-4.30078e-07
5.39429e-06
4.95853e-06
3.94809e-06
1.08543e-05
2.53024e-06
1.72572e-05
1.70652e-06
2.4804e-05
7.32971e-07
3.40257e-05
-4.1936e-07
4.48742e-05
-1.70945e-06
5.7628e-05
-3.41637e-06
7.2567e-05
-5.52282e-06
8.99722e-05
-8.06398e-06
0.000110139
-1.10785e-05
0.0001334
-1.45916e-05
0.000159999
-1.86539e-05
0.000189991
-2.33577e-05
0.000223259
-2.88148e-05
0.000258749
-3.50582e-05
0.000296974
-4.17527e-05
0.00033748
-4.87835e-05
0.00038011
-5.58964e-05
0.000425091
-6.2744e-05
0.000472633
-6.91294e-05
0.000523115
-7.5136e-05
0.000576706
-8.11728e-05
0.000633066
-8.7999e-05
0.000691186
-9.65617e-05
0.000749392
-0.000107719
0.000805504
-0.000121893
0.000857105
-0.000138882
0.00090301
-0.000157691
0.000942439
-0.000176969
0.000975236
-0.000195294
0.00100149
-0.000211371
0.00102113
-0.000224325
0.0010341
-0.000233635
0.00104049
-0.000238982
0.00104072
-0.000240234
0.00103545
-0.000237484
0.00102556
-0.000231052
0.00101207
-0.000221455
0.000996005
-0.000209353
0.000978329
-0.000195493
0.000959874
-0.000180657
0.000941277
-0.000165618
0.000922966
-0.00015112
0.00090513
-0.000137855
0.000887701
-0.000126529
0.000870303
-0.000117694
0.000852298
-0.000112206
-0.000110201
0.000672433
0.000206414
0.000702275
0.000203961
0.000733372
0.000205252
0.000767839
0.00021094
0.000806614
0.000218362
0.000850036
0.000226081
0.000897301
0.000234604
0.000946031
0.000244187
0.000992641
0.000253992
0.00103305
0.000262833
0.00106349
0.000269742
0.00108117
0.000273947
0.00108444
0.000274804
0.00107207
0.00027138
0.0010437
0.000263016
0.00100103
0.000250563
0.000949034
0.000225963
0.000891658
0.000199687
0.000831902
0.000174701
0.000772156
0.000151024
0.000714622
0.000129327
0.000660584
0.000109989
0.000610847
9.31047e-05
0.000566002
7.85422e-05
0.000526251
6.59679e-05
0.000491577
5.50867e-05
0.000461952
4.56665e-05
0.000437591
3.74227e-05
0.000418147
3.00095e-05
0.000403391
2.33486e-05
0.000392998
1.73074e-05
0.000386623
1.17694e-05
0.000383992
6.57892e-06
0.000385309
1.21358e-06
0.000390241
-3.22605e-06
0.000398863
-7.88855e-06
0.000411041
-1.25977e-05
0.000426663
-1.73316e-05
0.000445472
-2.2225e-05
0.000467271
-2.7322e-05
0.000491852
-3.26451e-05
0.000518991
-3.82176e-05
0.000548457
-4.40578e-05
0.000579988
-5.01847e-05
0.000613251
-5.66202e-05
0.000647807
-6.33709e-05
0.000683142
-7.03929e-05
0.000718921
-7.75325e-05
0.000754752
-8.46146e-05
0.000790318
-9.14616e-05
0.000825474
-9.79e-05
0.000860201
-0.000103857
0.000894515
-0.00010945
0.000928352
-0.000115009
0.000961412
-0.000121059
0.000993059
-0.000128208
0.00102231
-0.000136969
0.00104798
-0.000147562
0.00106888
-0.000159788
0.00108417
-0.000172976
0.00109333
-0.000186126
0.0010962
-0.000198172
0.001093
-0.000208165
0.00108411
-0.000215435
0.00107008
-0.00021961
0.00105164
-0.00022054
0.00102966
-0.000218247
0.00100509
-0.000212919
0.00097893
-0.000204892
0.000952101
-0.000194626
0.000925405
-0.000182656
0.000899475
-0.000169563
0.000874754
-0.000155937
0.000851491
-0.000142355
0.000829746
-0.000129376
0.0008094
-0.000117509
0.000790156
-0.000107284
0.000771496
-9.90343e-05
0.000752784
-9.34939e-05
-9.02147e-05
0.000594386
0.000177665
0.00062317
0.000175177
0.000652323
0.000176099
0.000682115
0.000181149
0.000712924
0.000187552
0.000745613
0.000193392
0.000781181
0.000199036
0.000820193
0.000205175
0.000862411
0.000211774
0.000906707
0.000218537
0.000951215
0.000225234
0.000993659
0.000231503
0.00103171
0.000236753
0.00106298
0.000240112
0.0010853
0.000240696
0.00109753
0.000238335
0.00109977
0.000223724
0.00109369
0.000205767
0.00108083
0.000187562
0.00106268
0.000169174
0.00104092
0.000151082
0.00101711
0.000133798
0.000992585
0.00011763
0.000968434
0.000102693
0.000945447
8.89558e-05
0.0009242
7.63333e-05
0.000905146
6.47208e-05
0.000888604
5.39647e-05
0.000874709
4.39041e-05
0.000863599
3.4459e-05
0.000855346
2.55604e-05
0.00084999
1.71249e-05
0.00084752
9.04932e-06
0.000847349
1.38396e-06
0.000850233
-6.10928e-06
0.00085563
-1.32858e-05
0.000863382
-2.03497e-05
0.000873344
-2.72939e-05
0.000885269
-3.41493e-05
0.000898895
-4.0949e-05
0.000913959
-4.77083e-05
0.000930175
-5.4434e-05
0.000947246
-6.11289e-05
0.000964855
-6.77935e-05
0.000982659
-7.44242e-05
0.00100029
-8.10027e-05
0.00101738
-8.74792e-05
0.0010336
-9.37542e-05
0.00104869
-9.9706e-05
0.00106246
-0.000105229
0.00107481
-0.000110253
0.00108574
-0.00011479
0.00109527
-0.000118977
0.00110336
-0.000123097
0.00110984
-0.000127538
0.00111435
-0.00013272
0.00111635
-0.000138974
0.00111521
-0.000146417
0.00111029
-0.00015487
0.00110116
-0.000163847
0.00108767
-0.000172637
0.00106998
-0.00018048
0.00104852
-0.000186701
0.0010239
-0.000190815
0.000996829
-0.000192544
0.000968079
-0.000191791
0.000938424
-0.000188592
0.000908605
-0.0001831
0.00087928
-0.000175566
0.00085098
-0.000166327
0.000824098
-0.000155774
0.000798875
-0.00014434
0.000775414
-0.000132475
0.000753693
-0.000120634
0.000733582
-0.000109265
0.000714845
-9.8772e-05
0.00069715
-8.95889e-05
0.000679994
-8.18779e-05
0.000662907
-7.64073e-05
-7.20081e-05
0.000525111
0.000151816
0.000551936
0.000148352
0.000579146
0.000148889
0.000606467
0.000153827
0.000634006
0.000160013
0.000661953
0.000165445
0.000690628
0.000170361
0.000720605
0.000175198
0.000752534
0.000179845
0.000786873
0.000184199
0.000823722
0.000188385
0.000862729
0.000192495
0.00090308
0.000196402
0.000943486
0.000199706
0.000982308
0.000201874
0.00101803
0.000202616
0.00104832
0.00019343
0.00107278
0.000181312
0.00109162
0.000168722
0.00110523
0.000155555
0.00111427
0.000142045
0.00111951
0.000128561
0.00112176
0.00011538
0.00112179
0.000102659
0.00112029
9.04575e-05
0.00111784
7.87846e-05
0.00111494
6.76222e-05
0.00111198
5.69272e-05
0.00110924
4.66437e-05
0.00110695
3.67408e-05
0.00110531
2.72042e-05
0.00110442
1.80123e-05
0.00110432
9.15486e-06
0.00110492
7.77375e-07
0.00110635
-7.53781e-06
0.00110842
-1.53535e-05
0.00111101
-2.29406e-05
0.00111402
-3.03067e-05
0.00111733
-3.74511e-05
0.00112076
-4.43866e-05
0.00112418
-5.11201e-05
0.00112739
-5.76507e-05
0.00113024
-6.39747e-05
0.00113253
-7.00874e-05
0.00113409
-7.59807e-05
0.00113472
-8.16371e-05
0.00113426
-8.7021e-05
0.00113258
-9.20738e-05
0.00112961
-9.67279e-05
0.00112531
-0.000100934
0.00111974
-0.00010468
0.00111297
-0.000108019
0.00110508
-0.000111091
0.00109611
-0.000114128
0.001086
-0.000117423
0.00107456
-0.000121277
0.00106149
-0.000125913
0.00104648
-0.0001314
0.00102921
-0.0001376
0.00100952
-0.000144161
0.000987462
-0.000150578
0.000963278
-0.000156295
0.000937382
-0.000160805
0.000910286
-0.000163718
0.00088253
-0.000164788
0.000854642
-0.000163902
0.000827099
-0.00016105
0.000800312
-0.000156313
0.000774599
-0.000149853
0.000750179
-0.000141907
0.000727178
-0.000132773
0.000705636
-0.000122798
0.000685522
-0.000112362
0.000666748
-0.00010186
0.000649175
-9.1692e-05
0.000632607
-8.22038e-05
0.000616789
-7.37704e-05
0.000601326
-6.64153e-05
0.000585892
-6.09731e-05
-5.55276e-05
0.00046394
0.000128551
0.000488639
0.000123652
0.00051348
0.000124049
0.000538159
0.000129148
0.000563122
0.00013505
0.000588445
0.000140122
0.00061397
0.000144836
0.000639764
0.000149404
0.000666083
0.000153525
0.000693245
0.000157036
0.00072161
0.00016002
0.000751519
0.000162586
0.00078317
0.000164752
0.000816473
0.000166402
0.000850998
0.000167349
0.000886111
0.000167503
0.000919681
0.00015986
0.000950824
0.000150169
0.000979169
0.000140378
0.00100445
0.000130274
0.00102659
0.000119903
0.0010457
0.000109454
0.00106199
9.90892e-05
0.00107575
8.8902e-05
0.00108727
7.89344e-05
0.00109686
6.91989e-05
0.00110478
5.96968e-05
0.00111129
5.04191e-05
0.00111658
4.13506e-05
0.00112083
3.249e-05
0.00112419
2.38518e-05
0.00112675
1.54523e-05
0.00112859
7.31103e-06
0.00112978
-4.17138e-07
0.00113028
-8.03893e-06
0.00113015
-1.52182e-05
0.00112935
-2.21417e-05
0.00112787
-2.8823e-05
0.00112567
-3.52576e-05
0.00112273
-4.14462e-05
0.001119
-4.73909e-05
0.00111444
-5.30899e-05
0.00110901
-5.85399e-05
0.00110266
-6.37373e-05
0.00109535
-6.86767e-05
0.00108706
-7.3347e-05
0.00107777
-7.77274e-05
0.00106748
-8.17861e-05
0.00105624
-8.54899e-05
0.00104413
-8.8821e-05
0.00103125
-9.17947e-05
0.0010177
-9.44746e-05
0.0010036
-9.69853e-05
0.000988979
-9.95113e-05
0.000973832
-0.000102276
0.000958052
-0.000105497
0.000941474
-0.000109334
0.000923906
-0.000113832
0.00090519
-0.000118884
0.000885255
-0.000124226
0.000864155
-0.000129478
0.000842066
-0.000134207
0.000819259
-0.000137998
0.000796054
-0.000140512
0.000772773
-0.000141508
0.000749714
-0.000140843
0.000727129
-0.000138464
0.000705215
-0.000134399
0.000684114
-0.000128752
0.000663913
-0.000121706
0.000644652
-0.000113512
0.000626336
-0.000104481
0.000608939
-9.49652e-05
0.000592417
-8.53383e-05
0.0005767
-7.59745e-05
0.000561682
-6.7186e-05
0.000547205
-5.92932e-05
0.000533003
-5.22139e-05
0.000518795
-4.67644e-05
-4.0466e-05
0.000410014
0.000107501
0.000432754
0.000100912
0.000455183
0.00010162
0.000477152
0.000107179
0.000499455
0.000112747
0.000522203
0.000117374
0.000545203
0.000121836
0.00056844
0.000126167
0.00059194
0.000130026
0.000615686
0.00013329
0.000639722
0.000135984
0.000664189
0.000138119
0.00068928
0.000139661
0.000715152
0.000140531
0.000741864
0.000140637
0.000769387
0.00013998
0.000796433
0.000132814
0.000822521
0.000124081
0.000847427
0.000115471
0.000870886
0.000106815
0.00089268
9.81086e-05
0.000912686
8.94486e-05
0.000930852
8.09229e-05
0.000947183
7.25719e-05
0.000961715
6.44019e-05
0.000974509
5.64049e-05
0.000985636
4.85697e-05
0.000995171
4.0884e-05
0.00100318
3.33368e-05
0.00100975
2.59293e-05
0.00101492
1.86778e-05
0.00101877
1.16053e-05
0.00102134
4.74077e-06
0.00102277
-1.84951e-06
0.00102301
-8.27592e-06
0.0010222
-1.44139e-05
0.00102037
-2.03102e-05
0.00101754
-2.59906e-05
0.00101374
-3.14549e-05
0.00100899
-3.67e-05
0.00100332
-4.17258e-05
0.000996766
-4.65318e-05
0.000989342
-5.11161e-05
0.000981081
-5.54764e-05
0.000972013
-5.96089e-05
0.000962173
-6.35063e-05
0.000951601
-6.71554e-05
0.000940353
-7.05378e-05
0.000928499
-7.36364e-05
0.000916126
-7.64475e-05
0.000903325
-7.89941e-05
0.000890187
-8.13364e-05
0.000876781
-8.35791e-05
0.000863138
-8.58691e-05
0.000849241
-8.83781e-05
0.000835015
-9.12714e-05
0.000820348
-9.46666e-05
0.000805108
-9.85931e-05
0.000789188
-0.000102964
0.000772533
-0.000107571
0.000755164
-0.000112109
0.000737176
-0.000116219
0.000718724
-0.000119546
0.000699992
-0.00012178
0.000681163
-0.000122679
0.000662405
-0.000122085
0.000643858
-0.000119917
0.000625631
-0.000116172
0.000607808
-0.000110929
0.000590449
-0.000104347
0.000573597
-9.66604e-05
0.000557287
-8.81708e-05
0.000541546
-7.92242e-05
0.000526394
-7.01863e-05
0.000511834
-6.14149e-05
0.000497845
-5.31964e-05
0.000484339
-4.5788e-05
0.000471166
-3.90406e-05
0.000458007
-3.36058e-05
-2.6772e-05
0.000362528
8.82933e-05
0.000383496
7.99438e-05
0.000403597
8.15192e-05
0.000423064
8.77117e-05
0.00044288
9.2931e-05
0.000463078
9.71767e-05
0.000483524
0.00010139
0.000504297
0.000105394
0.000525419
0.000108903
0.000546805
0.000111904
0.000568366
0.000114423
0.000590058
0.000116427
0.000611865
0.000117854
0.000633784
0.000118612
0.000655814
0.000118607
0.000677971
0.000117823
0.000699347
0.000111438
0.000719749
0.000103678
0.000739189
9.6032e-05
0.000757601
8.84026e-05
0.000774909
8.08008e-05
0.00079105
7.33075e-05
0.000805982
6.59915e-05
0.000819675
5.88792e-05
0.00083211
5.19666e-05
0.000843278
4.52371e-05
0.000853176
3.86717e-05
0.000861807
3.22525e-05
0.00086918
2.59645e-05
0.000875306
1.98035e-05
0.000880205
1.37786e-05
0.000883905
7.90531e-06
0.00088645
2.19543e-06
0.000887913
-3.31211e-06
0.000888311
-8.67461e-06
0.000887735
-1.38372e-05
0.000886221
-1.8797e-05
0.000883805
-2.35746e-05
0.000880525
-2.81744e-05
0.000876419
-3.25938e-05
0.000871525
-3.68319e-05
0.000865881
-4.08881e-05
0.000859526
-4.4761e-05
0.000852498
-4.84481e-05
0.000844834
-5.19454e-05
0.000836574
-5.52465e-05
0.00082776
-5.83411e-05
0.000818439
-6.12169e-05
0.000808667
-6.3864e-05
0.000798504
-6.62848e-05
0.000788013
-6.85034e-05
0.000777251
-7.05741e-05
0.000766257
-7.25855e-05
0.000755046
-7.4658e-05
0.000743597
-7.69291e-05
0.000731855
-7.95294e-05
0.000719738
-8.25498e-05
0.000707155
-8.60097e-05
0.000694026
-8.98345e-05
0.000680304
-9.38494e-05
0.000665991
-9.77952e-05
0.000651133
-0.000101362
0.000635817
-0.00010423
0.000620147
-0.00010611
0.000604231
-0.000106763
0.000588171
-0.000106025
0.000572058
-0.000103804
0.000555973
-0.000100088
0.000539996
-9.49511e-05
0.000524201
-8.8552e-05
0.00050867
-8.1129e-05
0.000493484
-7.29857e-05
0.000478729
-6.44686e-05
0.000464479
-5.59366e-05
0.000450792
-4.77277e-05
0.000437699
-4.01032e-05
0.000425156
-3.32454e-05
0.000413096
-2.69807e-05
0.000401126
-2.16358e-05
-1.46439e-05
0.000320758
7.05686e-05
0.000340087
6.06147e-05
0.000357962
6.3644e-05
0.000375206
7.04678e-05
0.000392819
7.53175e-05
0.00041069
7.93064e-05
0.000428757
8.3323e-05
0.000447162
8.6989e-05
0.000465939
9.01261e-05
0.000485023
9.28202e-05
0.000504346
9.50994e-05
0.000523846
9.69277e-05
0.000543446
9.8254e-05
0.000563056
9.90016e-05
0.000582581
9.90822e-05
0.000601944
9.84595e-05
0.0006203
9.30818e-05
0.000637492
8.64867e-05
0.000653583
7.99402e-05
0.000668601
7.33847e-05
0.000682559
6.68432e-05
0.000695473
6.03933e-05
0.000707362
5.41019e-05
0.000718244
4.7998e-05
0.000728129
4.20812e-05
0.000737028
3.63384e-05
0.000744947
3.07526e-05
0.000751892
2.53073e-05
0.000757869
1.99872e-05
0.000762887
1.47862e-05
0.000766956
9.70951e-06
0.000770093
4.76816e-06
0.000772335
-4.61776e-08
0.000773712
-4.69001e-06
0.00077425
-9.21198e-06
0.000773988
-1.35752e-05
0.000772962
-1.77709e-05
0.000771198
-2.18112e-05
0.000768726
-2.57026e-05
0.000765576
-2.94436e-05
0.000761777
-3.30327e-05
0.000757358
-3.64691e-05
0.000752348
-3.97509e-05
0.000746775
-4.28755e-05
0.000740668
-4.58386e-05
0.000734056
-4.8634e-05
0.000726969
-5.12536e-05
0.00071944
-5.36881e-05
0.000711508
-5.59319e-05
0.000703213
-5.79903e-05
0.000694597
-5.98873e-05
0.000685695
-6.16718e-05
0.00067653
-6.34209e-05
0.000667108
-6.52362e-05
0.000657411
-6.72322e-05
0.000647397
-6.95154e-05
0.000637006
-7.2158e-05
0.000626167
-7.51713e-05
0.000614819
-7.84863e-05
0.000602917
-8.19475e-05
0.000590446
-8.53242e-05
0.000577421
-8.83367e-05
0.000563881
-9.06912e-05
0.000549886
-9.21144e-05
0.000535504
-9.23807e-05
0.000520808
-9.13298e-05
0.000505883
-8.88784e-05
0.000490821
-8.5026e-05
0.000475729
-7.98591e-05
0.000460727
-7.35497e-05
0.000445944
-6.63459e-05
0.000431512
-5.85544e-05
0.000417558
-5.05148e-05
0.000404191
-4.25693e-05
0.000391489
-3.50251e-05
0.0003795
-2.8115e-05
0.000368192
-2.19373e-05
0.000357553
-1.63408e-05
0.000347107
-1.11902e-05
-4.40726e-06
0.000284047
5.3995e-05
0.000301804
4.28575e-05
0.000317587
4.78611e-05
0.000332893
5.51619e-05
0.000348559
5.96514e-05
0.000364356
6.35096e-05
0.00038032
6.73583e-05
0.000396611
7.06986e-05
0.000413236
7.35006e-05
0.000430146
7.59104e-05
0.000447302
7.79434e-05
0.000464664
7.95659e-05
0.000482171
8.07468e-05
0.00049974
8.1432e-05
0.000517271
8.15515e-05
0.000534661
8.10693e-05
0.000551104
7.66389e-05
0.000566421
7.117e-05
0.000580652
6.57097e-05
0.000593821
6.02157e-05
0.000605953
5.47112e-05
0.00061708
4.92656e-05
0.000627241
4.3941e-05
0.000636472
3.87672e-05
0.000644805
3.37479e-05
0.000652269
2.88742e-05
0.000658888
2.4134e-05
0.000664681
1.95142e-05
0.000669667
1.50016e-05
0.000673861
1.05918e-05
0.000677281
6.28977e-06
0.000679947
2.10184e-06
0.000681874
-1.97294e-06
0.000683094
-5.91031e-06
0.000683616
-9.73402e-06
0.000683469
-1.34276e-05
0.000682679
-1.6981e-05
0.000681268
-2.04008e-05
0.000679259
-2.3693e-05
0.000676673
-2.68575e-05
0.000673532
-2.98923e-05
0.000669859
-3.27961e-05
0.000665675
-3.55669e-05
0.000661001
-3.82017e-05
0.000655859
-4.0696e-05
0.000650269
-4.3044e-05
0.000644253
-4.52379e-05
0.000637836
-4.72705e-05
0.000631042
-4.91381e-05
0.000623898
-5.08468e-05
0.00061643
-5.24192e-05
0.000608658
-5.38994e-05
0.000600592
-5.5355e-05
0.00059223
-5.68739e-05
0.000583551
-5.85531e-05
0.000574517
-6.04815e-05
0.000565076
-6.27168e-05
0.000555167
-6.52624e-05
0.000544731
-6.80511e-05
0.000533723
-7.09388e-05
0.000522113
-7.37144e-05
0.000509898
-7.61217e-05
0.000497098
-7.78914e-05
0.000483757
-7.87734e-05
0.00046994
-7.8564e-05
0.000455736
-7.71255e-05
0.000441256
-7.43979e-05
0.000426634
-7.04041e-05
0.000412025
-6.52507e-05
0.000397598
-5.91227e-05
0.000383523
-5.22708e-05
0.000369961
-4.49918e-05
0.000357049
-3.76032e-05
0.000344895
-3.04152e-05
0.000333562
-2.36928e-05
0.000323086
-1.76383e-05
0.000313413
-1.22645e-05
0.000304567
-7.49531e-06
0.000296018
-2.64076e-06
3.65436e-06
0.000251798
3.82832e-05
0.000267991
2.66645e-05
0.000281861
3.39914e-05
0.000295501
4.15218e-05
0.000309433
4.57197e-05
0.00032339
4.95521e-05
0.000337519
5.32297e-05
0.00035196
5.62577e-05
0.000366692
5.87687e-05
0.00038167
6.09324e-05
0.000396868
6.27453e-05
0.000412255
6.41781e-05
0.000427786
6.52158e-05
0.000443398
6.58206e-05
0.000459011
6.59385e-05
0.000474539
6.55409e-05
0.000489254
6.19242e-05
0.000502979
5.74448e-05
0.000515738
5.29513e-05
0.000527542
4.84113e-05
0.000538408
4.38456e-05
0.000548358
3.93149e-05
0.000557425
3.48747e-05
0.000565639
3.05528e-05
0.000573033
2.63538e-05
0.000579636
2.22714e-05
0.000585473
1.82963e-05
0.000590569
1.44186e-05
0.000594944
1.06262e-05
0.000598619
6.91677e-06
0.000601612
3.29686e-06
0.000603943
-2.28445e-07
0.000605627
-3.65728e-06
0.000606692
-6.97491e-06
0.000607149
-1.01913e-05
0.000607021
-1.32995e-05
0.000606331
-1.62907e-05
0.000605097
-1.91674e-05
0.000603339
-2.19343e-05
0.000601073
-2.45915e-05
0.000598317
-2.71365e-05
0.000595088
-2.95669e-05
0.000591401
-3.188e-05
0.000587271
-3.40718e-05
0.000582712
-3.61369e-05
0.000577737
-3.80687e-05
0.000572358
-3.98595e-05
0.00056659
-4.1502e-05
0.000560445
-4.29932e-05
0.000553937
-4.43391e-05
0.000547078
-4.55605e-05
0.000539877
-4.66976e-05
0.000532332
-4.78108e-05
0.000524436
-4.89774e-05
0.000516165
-5.02817e-05
0.000507482
-5.1799e-05
0.000498341
-5.35753e-05
0.000488686
-5.56081e-05
0.000478466
-5.7831e-05
0.000467637
-6.01101e-05
0.000456175
-6.22525e-05
0.000444081
-6.40273e-05
0.000431384
-6.51945e-05
0.000418147
-6.55359e-05
0.000404463
-6.48803e-05
0.000390459
-6.31217e-05
0.00037629
-6.02292e-05
0.000362135
-5.62489e-05
0.000348186
-5.13013e-05
0.000334636
-4.55726e-05
0.000321665
-3.93004e-05
0.000309429
-3.27553e-05
0.000298043
-2.62172e-05
0.000287582
-1.99539e-05
0.00027807
-1.41815e-05
0.000269509
-9.07664e-06
0.000261813
-4.56895e-06
0.000255033
-7.1513e-07
0.00024863
3.76223e-06
9.43441e-06
0.000223468
2.31975e-05
0.000238065
1.2068e-05
0.000250245
2.18104e-05
0.00026246
2.93075e-05
0.000274839
3.33406e-05
0.000287177
3.72143e-05
0.000299706
4.07e-05
0.00031253
4.34338e-05
0.000325606
4.56932e-05
0.000338896
4.76422e-05
0.00035238
4.92611e-05
0.000366029
5.05291e-05
0.000379802
5.14432e-05
0.000393646
5.19767e-05
0.000407497
5.20869e-05
0.000421286
5.17522e-05
0.000434366
4.88444e-05
0.00044658
4.5231e-05
0.000457946
4.15847e-05
0.000468477
3.78809e-05
0.000478182
3.41402e-05
0.00048708
3.0417e-05
0.000495193
2.67618e-05
0.000502546
2.32e-05
0.000509163
1.97362e-05
0.00051507
1.6365e-05
0.000520286
1.30797e-05
0.000524833
9.87195e-06
0.00052873
6.72903e-06
0.000531995
3.65193e-06
0.000534646
6.46454e-07
0.000536701
-2.28409e-06
0.000538179
-5.13512e-06
0.000539099
-7.89538e-06
0.000539476
-1.05677e-05
0.000539325
-1.31483e-05
0.000538663
-1.56291e-05
0.000537505
-1.80096e-05
0.000535863
-2.02925e-05
0.000533749
-2.24771e-05
0.000531173
-2.456e-05
0.000528143
-2.65374e-05
0.000524668
-2.84052e-05
0.000520755
-3.01584e-05
0.000516409
-3.1791e-05
0.000511636
-3.32957e-05
0.000506442
-3.46651e-05
0.000500832
-3.58927e-05
0.000494816
-3.69765e-05
0.0004884
-3.79232e-05
0.000481592
-3.87532e-05
0.000474399
-3.95044e-05
0.00046682
-4.02322e-05
0.000458849
-4.1006e-05
0.000450467
-4.19e-05
0.000441647
-4.29786e-05
0.000432351
-4.4279e-05
0.000422536
-4.57938e-05
0.000412165
-4.74597e-05
0.00040121
-4.91545e-05
0.000389663
-5.07062e-05
0.000377549
-5.19126e-05
0.000364922
-5.25678e-05
0.000351876
-5.24897e-05
0.000338538
-5.15425e-05
0.000325068
-4.96516e-05
0.000311649
-4.68099e-05
0.000298477
-4.30778e-05
0.000285753
-3.85765e-05
0.000273659
-3.34793e-05
0.000262356
-2.79972e-05
0.000251964
-2.23629e-05
0.000242558
-1.68113e-05
0.000234168
-1.15645e-05
0.000226777
-6.79016e-06
0.00022035
-2.64927e-06
0.000214771
1.0094e-06
0.000210105
3.95144e-06
0.000205887
7.97992e-06
1.30159e-05
0.00019856
8.56662e-06
0.000211521
-8.92937e-07
0.000222268
1.1064e-05
0.00023325
1.8325e-05
0.000244236
2.23547e-05
0.000255157
2.62933e-05
0.000266293
2.95643e-05
0.000277696
3.20305e-05
0.000289315
3.40748e-05
0.000301121
3.5836e-05
0.000313097
3.72847e-05
0.000325215
3.84109e-05
0.000337438
3.92209e-05
0.000349718
3.96965e-05
0.000362001
3.98041e-05
0.000374224
3.95285e-05
0.000385816
3.72523e-05
0.000396637
3.44102e-05
0.000406705
3.1517e-05
0.000416031
2.8555e-05
0.000424625
2.55455e-05
0.000432503
2.25391e-05
0.000439683
1.95826e-05
0.000446183
1.66999e-05
0.000452023
1.38955e-05
0.000457223
1.11651e-05
0.000461799
8.50382e-06
0.000465766
5.90481e-06
0.000469141
3.35433e-06
0.000471939
8.53655e-07
0.000474177
-1.59145e-06
0.000475868
-3.97463e-06
0.000477022
-6.28913e-06
0.000477652
-8.5252e-06
0.000477766
-1.06822e-05
0.000477374
-1.27567e-05
0.000476486
-1.4741e-05
0.000475109
-1.66327e-05
0.00047325
-1.8433e-05
0.000470913
-2.01404e-05
0.000468104
-2.17512e-05
0.000464828
-2.32612e-05
0.000461089
-2.46661e-05
0.000456892
-2.59613e-05
0.000452242
-2.71413e-05
0.000447146
-2.82002e-05
0.000441614
-2.91323e-05
0.000435654
-2.99333e-05
0.000429281
-3.06037e-05
0.00042251
-3.11519e-05
0.000415356
-3.15988e-05
0.000407832
-3.19806e-05
0.000399948
-3.23479e-05
0.000391704
-3.27629e-05
0.000383094
-3.32899e-05
0.000374099
-3.39834e-05
0.000364692
-3.48724e-05
0.000354845
-3.59467e-05
0.000344533
-3.71476e-05
0.000333745
-3.83666e-05
0.000322494
-3.94548e-05
0.000310821
-4.02402e-05
0.000298805
-4.05516e-05
0.000286557
-4.02416e-05
0.000274221
-3.92062e-05
0.000261965
-3.73954e-05
0.000249972
-3.48173e-05
0.00023843
-3.15357e-05
0.000227516
-2.76627e-05
0.000217386
-2.33493e-05
0.000208162
-1.87733e-05
0.000199926
-1.41262e-05
0.000192711
-9.5971e-06
0.000186512
-5.36555e-06
0.000181277
-1.55508e-06
0.000176947
1.68078e-06
0.000173392
4.56439e-06
0.000170674
6.67017e-06
0.000168458
1.01958e-05
1.4645e-05
0.000176567
-5.65381e-06
0.000187955
-1.2281e-05
0.000197511
1.50733e-06
0.000207403
8.43318e-06
0.000217122
1.26356e-05
0.000226777
1.66383e-05
0.000236646
1.96956e-05
0.000246735
2.19409e-05
0.000256996
2.38146e-05
0.00026741
2.5422e-05
0.000277964
2.67306e-05
0.000288633
2.77415e-05
0.000299384
2.84698e-05
0.000310176
2.89044e-05
0.00032096
2.90207e-05
0.000331678
2.88098e-05
0.000341827
2.71034e-05
0.000351282
2.49554e-05
0.000360057
2.27418e-05
0.000368162
2.04499e-05
0.000375606
1.81021e-05
0.000382398
1.57465e-05
0.000388554
1.34271e-05
0.000394088
1.11664e-05
0.000399014
8.96892e-06
0.000403348
6.83112e-06
0.000407102
4.75029e-06
0.000410285
2.72147e-06
0.000412914
7.25484e-07
0.000414999
-1.23154e-06
0.000416545
-3.13739e-06
0.000417557
-4.9867e-06
0.000418041
-6.77358e-06
0.000418006
-8.4897e-06
0.000417457
-1.0133e-05
0.000416401
-1.17005e-05
0.000414845
-1.31854e-05
0.000412798
-1.45852e-05
0.000410265
-1.59004e-05
0.000407255
-1.71304e-05
0.000403776
-1.82722e-05
0.000399837
-1.93225e-05
0.00039545
-2.02783e-05
0.000390625
-2.11367e-05
0.000385378
-2.18939e-05
0.000379724
-2.25464e-05
0.000373682
-2.30909e-05
0.000367275
-2.35258e-05
0.000360525
-2.38537e-05
0.000353458
-2.40845e-05
0.000346097
-2.42386e-05
0.000338465
-2.43488e-05
0.000330578
-2.44599e-05
0.00032244
-2.46252e-05
0.000314049
-2.48986e-05
0.000305389
-2.53242e-05
0.000296441
-2.59235e-05
0.000287179
-2.66847e-05
0.000277586
-2.75548e-05
0.00026766
-2.84405e-05
0.000257421
-2.92159e-05
0.000246919
-2.97388e-05
0.000236237
-2.98697e-05
0.000225488
-2.94925e-05
0.000214811
-2.85288e-05
0.000204363
-2.69469e-05
0.000194309
-2.47633e-05
0.000184812
-2.2039e-05
0.000176021
-1.88721e-05
0.00016806
-1.53885e-05
0.000161019
-1.17318e-05
0.000154946
-8.0533e-06
0.000149849
-4.49972e-06
0.000145696
-1.21289e-06
0.000142418
1.72304e-06
0.000139944
4.15468e-06
0.000138142
6.36625e-06
0.000137058
7.75416e-06
0.000136509
1.0745e-05
1.46832e-05
0.000157032
-1.93904e-05
0.000167042
-2.22914e-05
0.00017562
-7.07067e-06
0.00018441
-3.56042e-07
0.000192821
4.22362e-06
0.000201129
8.33088e-06
0.000209584
1.12401e-05
0.000218177
1.33485e-05
0.000226879
1.5112e-05
0.000235695
1.66065e-05
0.00024462
1.78054e-05
0.000253637
1.87243e-05
0.000262719
1.93879e-05
0.000271829
1.97947e-05
0.000280919
1.99301e-05
0.000289937
1.97928e-05
0.000298448
1.85918e-05
0.000306344
1.70599e-05
0.00031363
1.54554e-05
0.00032031
1.37698e-05
0.000326387
1.20255e-05
0.000331865
1.0268e-05
0.000336755
8.5375e-06
0.000341066
6.85494e-06
0.000344811
5.22416e-06
0.000348
3.64185e-06
0.000350643
2.10736e-06
0.000352747
6.17111e-07
0.000354326
-8.53013e-07
0.000355377
-2.28221e-06
0.000355905
-3.66585e-06
0.000355919
-5.00101e-06
0.000355428
-6.28209e-06
0.000354441
-7.50267e-06
0.000352969
-8.66076e-06
0.000351022
-9.75401e-06
0.000348614
-1.07775e-05
0.000345758
-1.17291e-05
0.000342468
-1.261e-05
0.000338758
-1.34205e-05
0.000334645
-1.41589e-05
0.000330145
-1.48232e-05
0.000325279
-1.54119e-05
0.000320066
-1.59235e-05
0.000314528
-1.63562e-05
0.00030869
-1.67082e-05
0.000302577
-1.69779e-05
0.000296217
-1.71657e-05
0.000289638
-1.7275e-05
0.000282869
-1.73155e-05
0.000275936
-1.73053e-05
0.000268859
-1.72723e-05
0.000261653
-1.72538e-05
0.000254321
-1.72929e-05
0.000246855
-1.74329e-05
0.000239238
-1.77075e-05
0.000231447
-1.81319e-05
0.000223455
-1.86932e-05
0.000215246
-1.93455e-05
0.000206816
-2.00105e-05
0.000198185
-2.0585e-05
0.0001894
-2.0954e-05
0.000180538
-2.10074e-05
0.000171701
-2.0656e-05
0.000163016
-1.98435e-05
0.000154621
-1.85523e-05
0.000146662
-1.68042e-05
0.000139278
-1.46549e-05
0.000132593
-1.21868e-05
0.000126705
-9.5004e-06
0.000121679
-6.70618e-06
0.000117544
-3.91813e-06
0.000114289
-1.24447e-06
0.000111871
1.20486e-06
0.000110213
3.38103e-06
0.000109238
5.1294e-06
0.000108827
6.77751e-06
0.000108991
7.59006e-06
0.000109711
1.00249e-05
1.35351e-05
0.000139698
-3.26077e-05
0.000148437
-3.10306e-05
0.000155932
-1.45659e-05
0.000163127
-7.55114e-06
0.000169631
-2.28074e-06
0.000175929
2.03351e-06
0.000182294
4.87463e-06
0.000188751
6.89159e-06
0.000195317
8.54605e-06
0.000202017
9.90669e-06
0.000208853
1.0969e-05
0.000215809
1.1769e-05
0.000222852
1.23443e-05
0.000229943
1.27041e-05
0.000237028
1.28446e-05
0.00024405
1.27715e-05
0.000250655
1.1986e-05
0.000256748
1.09676e-05
0.000262322
9.88162e-06
0.00026737
8.7216e-06
0.000271887
7.50849e-06
0.000275872
6.28226e-06
0.000279332
5.07799e-06
0.000282274
3.91295e-06
0.000284709
2.78958e-06
0.000286646
1.70425e-06
0.000288095
6.58503e-07
0.000289064
-3.52029e-07
0.00028956
-1.34893e-06
0.000289588
-2.31053e-06
0.000289161
-3.23892e-06
0.00028829
-4.12994e-06
0.000286988
-4.97948e-06
0.000285268
-5.78281e-06
0.000283145
-6.53833e-06
0.000280636
-7.24465e-06
0.000277757
-7.89833e-06
0.000274526
-8.49809e-06
0.000270961
-9.0454e-06
0.000267082
-9.54113e-06
0.000262908
-9.98452e-06
0.000258459
-1.03746e-05
0.000253758
-1.07106e-05
0.000248826
-1.0992e-05
0.000243688
-1.12179e-05
0.000238367
-1.13875e-05
0.000232889
-1.15002e-05
0.000227281
-1.15569e-05
0.000221567
-1.1561e-05
0.000215772
-1.15205e-05
0.000209917
-1.14503e-05
0.000204017
-1.13725e-05
0.000198079
-1.13162e-05
0.000192101
-1.13147e-05
0.000186069
-1.14006e-05
0.00017996
-1.15986e-05
0.000173746
-1.19181e-05
0.000167399
-1.23464e-05
0.000160899
-1.28449e-05
0.000154238
-1.33502e-05
0.000147434
-1.37805e-05
0.000140526
-1.40464e-05
0.000133584
-1.40647e-05
0.000126699
-1.37709e-05
0.000119983
-1.31283e-05
0.000113563
-1.21315e-05
0.000107563
-1.0805e-05
0.000102106
-9.19725e-06
9.72925e-05
-7.37356e-06
9.32013e-05
-5.40917e-06
8.98784e-05
-3.38329e-06
8.73365e-05
-1.37628e-06
8.5556e-05
5.36036e-07
8.44876e-05
2.27331e-06
8.40558e-05
3.81283e-06
8.41811e-05
5.00406e-06
8.47684e-05
6.1902e-06
8.57788e-05
6.57969e-06
8.73563e-05
8.44743e-06
1.15978e-05
0.000124195
-4.51641e-05
0.000131113
-3.79493e-05
0.000136333
-1.97851e-05
0.000140505
-1.17237e-05
0.000143877
-5.65201e-06
0.000147202
-1.29212e-06
0.000150762
1.31448e-06
0.000154587
3.06659e-06
0.000158689
4.44477e-06
0.000163062
5.5328e-06
0.000167678
6.35322e-06
0.00017249
6.95697e-06
0.000177447
7.38727e-06
0.000182493
7.65833e-06
0.000187566
7.7719e-06
0.000192601
7.73673e-06
0.000197328
7.25883e-06
0.000201664
6.63167e-06
0.000205593
5.95199e-06
0.000209101
5.21382e-06
0.000212176
4.43406e-06
0.000214813
3.64495e-06
0.000217017
2.874e-06
0.000218796
2.13386e-06
0.00022016
1.42507e-06
0.000221121
7.43239e-07
0.000221689
9.12474e-08
0.000221874
-5.37026e-07
0.000221683
-1.15846e-06
0.000221129
-1.7565e-06
0.000220223
-2.33247e-06
0.000218976
-2.88314e-06
0.000217402
-3.40562e-06
0.000215516
-3.89656e-06
0.000213332
-4.35493e-06
0.000210868
-4.78003e-06
0.000208139
-5.16956e-06
0.000205164
-5.52281e-06
0.00020196
-5.84123e-06
0.000198544
-6.12587e-06
0.000194936
-6.37641e-06
0.000191154
-6.59225e-06
0.000187216
-6.7731e-06
0.000183143
-6.91875e-06
0.000178954
-7.02877e-06
0.000174669
-7.10269e-06
0.000170309
-7.14032e-06
0.000165895
-7.14243e-06
0.000161446
-7.1118e-06
0.00015698
-7.05469e-06
0.000152512
-6.98211e-06
0.00014805
-6.91053e-06
0.000143595
-6.86128e-06
0.000139138
-6.85842e-06
0.000134663
-6.92494e-06
0.000130142
-7.07761e-06
0.000125545
-7.32127e-06
0.000120843
-7.644e-06
0.000116012
-8.01479e-06
0.000111047
-8.38471e-06
0.000105959
-8.69241e-06
0.000100785
-8.87296e-06
9.55889e-05
-8.86824e-06
9.04544e-05
-8.63636e-06
8.54835e-05
-8.15745e-06
8.07869e-05
-7.43492e-06
7.64744e-05
-6.49246e-06
7.26457e-05
-5.36857e-06
6.93825e-05
-4.11035e-06
6.67422e-05
-2.76892e-06
6.47549e-05
-1.39594e-06
6.34228e-05
-4.41691e-08
6.27206e-05
1.23825e-06
6.2599e-05
2.39486e-06
6.29921e-05
3.41972e-06
6.38186e-05
4.17761e-06
6.50192e-05
4.98959e-06
6.6491e-05
5.10792e-06
6.85238e-05
6.41457e-06
9.22916e-06
0.000109445
-5.60713e-05
0.000112551
-4.10557e-05
0.000113317
-2.05505e-05
0.000113019
-1.14254e-05
0.00011271
-5.34339e-06
0.000113144
-1.72613e-06
0.000114319
1.39688e-07
0.000116067
1.31851e-06
0.000118278
2.23328e-06
0.000120869
2.94235e-06
0.000123758
3.46414e-06
0.000126873
3.84182e-06
0.00013015
4.10986e-06
0.00013353
4.27907e-06
0.00013695
4.35112e-06
0.000140353
4.33367e-06
0.000143546
4.06681e-06
0.000146462
3.71488e-06
0.000149086
3.32812e-06
0.000151399
2.90089e-06
0.000153388
2.4453e-06
0.000155048
1.98479e-06
0.000156383
1.53863e-06
0.000157403
1.11458e-06
0.000158116
7.11672e-07
0.000158534
3.25691e-07
0.000158668
-4.31028e-08
0.000158527
-3.96161e-07
0.000158118
-7.49881e-07
0.000157451
-1.08932e-06
0.000156535
-1.41577e-06
0.000155379
-1.72707e-06
0.000153994
-2.02137e-06
0.000152394
-2.29642e-06
0.000150591
-2.55168e-06
0.000148598
-2.78693e-06
0.000146429
-3.00068e-06
0.000144099
-3.19258e-06
0.000141621
-3.36386e-06
0.000139011
-3.51542e-06
0.000136282
-3.64711e-06
0.000133448
-3.75851e-06
0.000130524
-3.84947e-06
0.000127525
-3.91987e-06
0.000124466
-3.96944e-06
0.000121361
-3.99791e-06
0.000118226
-4.00517e-06
0.000115075
-3.99181e-06
0.000111923
-3.95981e-06
0.000108782
-3.91353e-06
0.000105661
-3.86055e-06
0.000102562
-3.8121e-06
9.94835e-05
-3.7825e-06
9.64127e-05
-3.78762e-06
9.333e-05
-3.84221e-06
9.02087e-05
-3.9563e-06
8.70188e-05
-4.13138e-06
8.37321e-05
-4.35726e-06
8.03282e-05
-4.61086e-06
7.6801e-05
-4.8576e-06
7.31643e-05
-5.05569e-06
6.94542e-05
-5.16277e-06
6.5729e-05
-5.14305e-06
6.20659e-05
-4.97328e-06
5.85542e-05
-4.64574e-06
5.52869e-05
-4.16769e-06
5.23527e-05
-3.55823e-06
4.9828e-05
-2.84389e-06
4.77721e-05
-2.05445e-06
4.62237e-05
-1.22049e-06
4.51998e-05
-3.72089e-07
4.46964e-05
4.59305e-07
4.46879e-05
1.24669e-06
4.51308e-05
1.95199e-06
4.59725e-05
2.57803e-06
4.71317e-05
3.01844e-06
4.85912e-05
3.53003e-06
5.01815e-05
3.51766e-06
5.2299e-05
4.29701e-06
6.7321e-06
9.33263e-05
-6.24226e-05
8.97534e-05
-3.74829e-05
8.50002e-05
-1.57972e-05
8.10048e-05
-7.43001e-06
7.86425e-05
-2.98111e-06
7.78286e-05
-9.12228e-07
7.79865e-05
-1.82438e-08
7.87399e-05
5.65143e-07
7.99218e-05
1.05142e-06
8.14347e-05
1.42945e-06
8.31983e-05
1.70052e-06
8.51464e-05
1.89369e-06
8.72253e-05
2.03101e-06
8.93866e-05
2.11774e-06
9.15837e-05
2.15407e-06
9.37721e-05
2.1452e-06
9.58245e-05
2.01448e-06
9.76972e-05
1.84211e-06
9.93755e-05
1.64982e-06
0.000100843
1.43334e-06
0.000102088
1.20051e-06
0.000103106
9.66272e-07
0.000103903
7.42195e-07
0.000104486
5.31904e-07
0.000104863
3.33686e-07
0.000105045
1.43866e-07
0.00010504
-3.75776e-08
0.000104854
-2.10858e-07
0.000104492
-3.87449e-07
0.000103959
-5.5643e-07
0.000103262
-7.1868e-07
0.000102408
-8.7311e-07
0.000101405
-1.01866e-06
0.000100263
-1.154e-06
9.89902e-05
-1.27894e-06
9.75968e-05
-1.39351e-06
9.6093e-05
-1.49684e-06
9.44891e-05
-1.58876e-06
9.27955e-05
-1.67018e-06
9.10218e-05
-1.74175e-06
8.9178e-05
-1.80331e-06
8.72741e-05
-1.85457e-06
8.532e-05
-1.8954e-06
8.33259e-05
-1.92575e-06
8.13019e-05
-1.94544e-06
7.92582e-05
-1.95429e-06
7.72053e-05
-1.95225e-06
7.51532e-05
-1.93968e-06
7.31112e-05
-1.91784e-06
7.10871e-05
-1.88938e-06
6.90854e-05
-1.8589e-06
6.71064e-05
-1.83308e-06
6.51442e-05
-1.8203e-06
6.31862e-05
-1.82962e-06
6.12131e-05
-1.86914e-06
5.92007e-05
-1.94384e-06
5.71226e-05
-2.05332e-06
5.49556e-05
-2.1902e-06
5.26843e-05
-2.3396e-06
5.03072e-05
-2.48046e-06
4.78399e-05
-2.58845e-06
4.53173e-05
-2.64014e-06
4.27914e-05
-2.61712e-06
4.03271e-05
-2.50906e-06
3.79961e-05
-2.31466e-06
3.5869e-05
-2.04064e-06
3.40101e-05
-1.69928e-06
3.24719e-05
-1.30574e-06
3.12933e-05
-8.75809e-07
3.04978e-05
-4.2498e-07
3.00941e-05
3.15975e-08
3.00754e-05
4.78027e-07
3.04216e-05
9.00431e-07
3.10967e-05
1.27687e-06
3.20637e-05
1.61104e-06
3.32455e-05
1.83664e-06
3.46628e-05
2.11274e-06
3.60987e-05
2.08173e-06
3.79863e-05
2.40951e-06
4.3527e-06
7.347e-05
-5.91239e-05
6.21408e-05
-2.61537e-05
5.42477e-05
-7.90413e-06
4.97631e-05
-2.9454e-06
4.77669e-05
-9.84879e-07
4.71438e-05
-2.89173e-07
4.7141e-05
-1.54726e-08
4.7498e-05
2.08208e-07
4.81381e-05
4.11231e-07
4.90028e-05
5.64764e-07
5.00329e-05
6.70502e-07
5.11813e-05
7.4521e-07
5.24133e-05
7.99027e-07
5.3698e-05
8.33005e-07
5.50055e-05
8.4663e-07
5.6308e-05
8.42708e-07
5.75301e-05
7.92346e-07
5.86463e-05
7.25961e-07
5.96457e-05
6.50387e-07
6.05156e-05
5.6341e-07
6.12468e-05
4.69299e-07
6.18375e-05
3.7557e-07
6.22922e-05
2.87498e-07
6.26181e-05
2.06044e-07
6.28222e-05
1.29608e-07
6.29096e-05
5.64003e-08
6.28859e-05
-1.38273e-08
6.27561e-05
-8.10701e-08
6.25196e-05
-1.50962e-07
6.21807e-05
-2.17499e-07
6.17432e-05
-2.81195e-07
6.12118e-05
-3.41733e-07
6.05918e-05
-3.9864e-07
5.98891e-05
-4.51251e-07
5.91097e-05
-4.99584e-07
5.82599e-05
-5.43725e-07
5.73463e-05
-5.8326e-07
5.63757e-05
-6.18113e-07
5.53543e-05
-6.48824e-07
5.42883e-05
-6.75726e-07
5.31837e-05
-6.98685e-07
5.20466e-05
-7.17504e-07
5.08833e-05
-7.32131e-07
4.97001e-05
-7.42532e-07
4.85033e-05
-7.48619e-07
4.72993e-05
-7.50284e-07
4.60946e-05
-7.47517e-07
4.48954e-05
-7.40502e-07
4.37074e-05
-7.29859e-07
4.25349e-05
-7.16878e-07
4.13797e-05
-7.03745e-07
4.02402e-05
-6.93581e-07
3.91102e-05
-6.90217e-07
3.79782e-05
-6.97676e-07
3.68285e-05
-7.1938e-07
3.56417e-05
-7.57133e-07
3.43986e-05
-8.1014e-07
3.30827e-05
-8.7434e-07
3.16855e-05
-9.42361e-07
3.02093e-05
-1.0043e-06
2.86701e-05
-1.04929e-06
2.70974e-05
-1.0674e-06
2.55318e-05
-1.05149e-06
2.4021e-05
-9.98291e-07
2.26149e-05
-9.08513e-07
2.13603e-05
-7.86051e-07
2.02977e-05
-6.36751e-07
1.94592e-05
-4.67191e-07
1.88671e-05
-2.83727e-07
1.85346e-05
-9.24296e-08
1.84654e-05
1.00736e-07
1.86539e-05
2.8951e-07
1.90864e-05
4.67968e-07
1.97365e-05
6.26771e-07
2.05811e-05
7.66445e-07
2.15568e-05
8.60986e-07
2.27012e-05
9.68327e-07
2.38069e-05
9.76019e-07
2.52247e-05
9.91731e-07
2.29269e-06
4.88072e-05
-4.01709e-05
3.32742e-05
-1.06207e-05
2.70719e-05
-1.7019e-06
2.46482e-05
-5.21689e-07
2.38084e-05
-1.45053e-07
2.3568e-05
-4.87514e-08
2.35587e-05
-6.23917e-09
2.37212e-05
4.5749e-08
2.40384e-05
9.39926e-08
2.44752e-05
1.28039e-07
2.49953e-05
1.50328e-07
2.55743e-05
1.66203e-07
2.61954e-05
1.7796e-07
2.68431e-05
1.85335e-07
2.75017e-05
1.88055e-07
2.81573e-05
1.87027e-07
2.87735e-05
1.76221e-07
2.93375e-05
1.61922e-07
2.98428e-05
1.45116e-07
3.0281e-05
1.25218e-07
3.06466e-05
1.03654e-07
3.09396e-05
8.25525e-08
3.11639e-05
6.32256e-08
3.13243e-05
4.56485e-08
3.14247e-05
2.92149e-08
3.14677e-05
1.33674e-08
3.14558e-05
-1.9343e-09
3.13913e-05
-1.65208e-08
3.12726e-05
-3.23167e-08
3.11022e-05
-4.70903e-08
3.08822e-05
-6.11556e-08
3.0615e-05
-7.45246e-08
3.03034e-05
-8.70746e-08
2.99507e-05
-9.854e-08
2.95602e-05
-1.09046e-07
2.9135e-05
-1.18605e-07
2.86789e-05
-1.27092e-07
2.81953e-05
-1.34498e-07
2.76874e-05
-1.41003e-07
2.71584e-05
-1.46699e-07
2.66112e-05
-1.5152e-07
2.60491e-05
-1.55399e-07
2.54753e-05
-1.5832e-07
2.48931e-05
-1.60277e-07
2.43057e-05
-1.6124e-07
2.37166e-05
-1.61178e-07
2.31292e-05
-1.60086e-07
2.25467e-05
-1.58024e-07
2.1972e-05
-1.55166e-07
2.1407e-05
-1.51873e-07
2.0852e-05
-1.48739e-07
2.0305e-05
-1.46592e-07
1.97612e-05
-1.46426e-07
1.92128e-05
-1.49244e-07
1.86492e-05
-1.55851e-07
1.80587e-05
-1.66581e-07
1.74296e-05
-1.81052e-07
1.67533e-05
-1.98027e-07
1.60264e-05
-2.15453e-07
1.52528e-05
-2.30717e-07
1.44446e-05
-2.41095e-07
1.36215e-05
-2.44258e-07
1.28087e-05
-2.38701e-07
1.20343e-05
-2.23951e-07
1.13263e-05
-2.005e-07
1.07098e-05
-1.69529e-07
1.02056e-05
-1.32575e-07
9.82966e-06
-9.12273e-08
9.59278e-06
-4.68489e-08
9.50118e-06
-8.29446e-10
9.55636e-06
4.55504e-08
9.75496e-06
9.0915e-08
1.00892e-05
1.3373e-07
1.05439e-05
1.72025e-07
1.11057e-05
2.04666e-07
1.17377e-05
2.29025e-07
1.2459e-05
2.46962e-07
1.31646e-05
2.70451e-07
1.39556e-05
2.00771e-07
7.24249e-07
1.96379e-05
9.01726e-06
7.31536e-06
6.79367e-06
6.64862e-06
6.59987e-06
6.59363e-06
6.63938e-06
6.73337e-06
6.86141e-06
7.01174e-06
7.17794e-06
7.3559e-06
7.54124e-06
7.72929e-06
7.91632e-06
8.09254e-06
8.25446e-06
8.39958e-06
8.5248e-06
8.62845e-06
8.711e-06
8.77423e-06
8.81988e-06
8.84909e-06
8.86246e-06
8.86052e-06
8.844e-06
8.81169e-06
8.7646e-06
8.70344e-06
8.62892e-06
8.54184e-06
8.4433e-06
8.33426e-06
8.21565e-06
8.08856e-06
7.95406e-06
7.81306e-06
7.66636e-06
7.51484e-06
7.35944e-06
7.20112e-06
7.04084e-06
6.8796e-06
6.71842e-06
6.55834e-06
6.40031e-06
6.24515e-06
6.09328e-06
5.94454e-06
5.79794e-06
5.65152e-06
5.50227e-06
5.34642e-06
5.17984e-06
4.99879e-06
4.80076e-06
4.58531e-06
4.35459e-06
4.1135e-06
3.86924e-06
3.63054e-06
3.40659e-06
3.20609e-06
3.03656e-06
2.90399e-06
2.81276e-06
2.76591e-06
2.76508e-06
2.81063e-06
2.90155e-06
3.03528e-06
3.2073e-06
3.41197e-06
3.64099e-06
3.88795e-06
4.1584e-06
4.35917e-06
)
;

boundaryField
{
    inlet
    {
        type            calculated;
        value           nonuniform List<scalar> 
25
(
-0.00119618
-0.00105581
-0.000931914
-0.000822558
-0.000726034
-0.000640837
-0.000565637
-0.000499262
-0.000440675
-0.000388964
-0.00034332
-0.000303033
-0.000267473
-0.000236086
-0.000208382
-0.00018393
-0.000162346
-0.000143295
-0.00012648
-0.000111638
-9.8538e-05
-8.69749e-05
-7.67687e-05
-6.77602e-05
-5.98088e-05
)
;
    }
    outlet
    {
        type            calculated;
        value           nonuniform List<scalar> 
25
(
0.00091116
0.00100108
0.000998144
0.000929786
0.000832193
0.000732798
0.0006447
0.000569411
0.000503733
0.000444313
0.000388998
0.00033687
0.000287956
0.00024285
0.000202306
0.000166829
0.000136471
0.000110859
8.92937e-05
7.08924e-05
5.47961e-05
4.03657e-05
2.72847e-05
1.5524e-05
5.08342e-06
)
;
    }
    fixedWalls
    {
        type            calculated;
        value           uniform 0;
    }
    frontAndBack
    {
        type            empty;
        value           nonuniform 0();
    }
}


// ************************************************************************* //
