1	0.000838973
2	-0.000210627
3	0.000881513
4	0.00146777
5	0.00115001
6	0.000787131
7	0.000334712
8	0.000184534
9	0.000129971
10	0.00019451
11	0.000220696
12	0.000630101
13	0.000927053
14	0.00128196
15	0.00167657
16	0.0020404
17	0.00231999
18	0.00301076
19	0.00371634
20	0.00428934
21	0.00467696
22	0.0047965
23	0.0046436
24	0.0043173
25	0.00382971
26	0.00349284
27	0.00349647
28	0.00389677
29	0.00376038
30	0.00436322
31	0.00524417
32	0.0062791
33	0.00732618
34	0.00835069
35	0.00934944
36	0.0102355
37	0.0112095
38	0.0120203
39	0.0122307
40	0.0129541
41	0.0130805
42	0.013154
43	0.0131822
44	0.0131957
45	0.0135221
46	0.0138953
47	0.0142939
48	0.0143232
49	0.0144995
50	0.0146642
51	0.0147142
52	0.014909
53	0.0151454
54	0.0151139
55	0.0149628
56	0.0147593
57	0.0145443
58	0.014362
59	0.0141101
60	0.0139558
61	0.0136625
62	0.0132851
63	0.0129445
64	0.0125976
65	0.0122924
66	0.0120752
67	0.0119471
68	0.0119019
69	0.011933
70	0.0120563
71	0.01222
72	0.0124696
73	0.0124237
74	0.012568
75	0.0127544
76	0.0128942
77	0.0130131
78	0.0130916
79	0.0130435
80	0.0129795
81	0.0127614
82	0.0124955
83	0.0121372
84	0.0120441
85	0.011767
86	0.011679
87	0.0113995
88	0.0112859
89	0.0109906
90	0.0108789
91	0.0107514
92	0.0106472
93	0.0105632
94	0.0105153
95	0.0103363
96	0.010214
97	0.0100641
98	0.00994135
99	0.00981146
100	0.00969161
101	0.00959164
102	0.00951106
103	0.00944589
104	0.00938978
105	0.00933901
106	0.00929293
107	0.0092503
108	0.00920913
109	0.00916892
110	0.0091321
111	0.00909839
112	0.00906737
113	0.00903809
114	0.00900983
115	0.00898158
116	0.00894891
117	0.00892011
118	0.00889392
119	0.00886974
120	0.0088476
121	0.00882682
122	0.0088078
123	0.00879208
124	0.00877829
125	0.00876673
126	0.00875877
127	0.0087535
128	0.00874951
129	0.00874736
130	0.00874586
131	0.00874433
132	0.00874304
133	0.00874133
134	0.00873932
135	0.0087377
136	0.00873642
137	0.00873591
138	0.00873535
139	0.0087347
140	0.00873406
141	0.00873319
142	0.00873246
143	0.00873146
144	0.00873133
145	0.00872994
146	0.00872902
147	0.00872782
148	0.00872575
149	0.00872308
150	0.00872077
151	0.00871848
152	0.00871676
153	0.0087148
154	0.0087131
155	0.00871043
156	0.00870848
157	0.00870661
158	0.00870518
159	0.00870399
160	0.00870268
161	0.00870162
162	0.00870058
163	0.00869975
164	0.00869898
165	0.00869841
166	0.00869805
167	0.00869735
168	0.00869661
169	0.00869613
170	0.00869524
171	0.00869443
172	0.00869366
173	0.00869296
174	0.00869233
175	0.00869175
176	0.00869128
177	0.00869085
178	0.00869057
179	0.00869043
180	0.00869026
181	0.00869014
182	0.00868998
183	0.00868983
184	0.0086896
185	0.00868937
186	0.00868913
187	0.00868891
188	0.00868868
189	0.00868857
190	0.00868848
191	0.00868847
192	0.00868834
193	0.00868827
194	0.00868806
195	0.00868787
196	0.00868761
197	0.00868746
198	0.00868715
199	0.00868695
200	0.00868662
201	0.00868632
202	0.00868589
203	0.00868551
204	0.00868507
205	0.00868462
206	0.00868397
207	0.00868333
208	0.00868262
209	0.00868175
210	0.00868079
211	0.00868029
212	0.00867945
213	0.00867861
214	0.00867775
215	0.00867706
216	0.0086763
217	0.0086755
218	0.0086747
219	0.00867443
220	0.00867384
221	0.00867327
222	0.0086729
223	0.00867266
224	0.00867211
225	0.00867194
226	0.00867138
227	0.00867117
228	0.00867069
229	0.00867059
230	0.0086702
231	0.00866973
232	0.0086691
233	0.00866858
234	0.00866832
235	0.00866784
236	0.00866729
237	0.00866677
238	0.00866637
239	0.00866591
240	0.00866532
241	0.00866526
242	0.00866498
243	0.00866473
244	0.00866476
245	0.00866422
246	0.0086643
247	0.00866401
248	0.00866403
249	0.00866384
250	0.00866357
251	0.00866325
252	0.00866249
253	0.00866216
254	0.00866138
255	0.00866117
256	0.00866067
257	0.00866038
258	0.00865954
259	0.00865944
260	0.0086587
261	0.00865835
262	0.00865754
263	0.00865737
264	0.00865647
265	0.00865564
266	0.00865522
267	0.0086544
268	0.00865497
269	0.00865446
270	0.00865469
271	0.00865433
272	0.0086542
273	0.00865394
274	0.00865393
275	0.00865362
276	0.00865322
277	0.00865304
278	0.00865257
279	0.00865208
280	0.00865187
281	0.00865148
282	0.00865094
283	0.00865051
284	0.00865021
285	0.00864976
286	0.0086494
287	0.00864906
288	0.00864886
289	0.00864877
290	0.00864878
291	0.00864893
292	0.00864921
293	0.00864957
294	0.0086499
295	0.00864985
296	0.00865011
297	0.00865029
298	0.00865034
299	0.00865056
300	0.00865063
301	0.00865068
302	0.00865068
303	0.00865092
304	0.00865107
305	0.00865115
306	0.00865119
307	0.00865142
308	0.00865177
309	0.00865206
310	0.00865224
311	0.00865247
312	0.00865268
313	0.00865282
314	0.00865292
315	0.00865292
316	0.00865287
317	0.00865271
318	0.00865252
319	0.00865215
320	0.00865183
321	0.00865145
322	0.00865094
323	0.00865062
324	0.00865028
325	0.00865007
326	0.0086497
327	0.0086498
328	0.00864987
329	0.00865025
330	0.00864994
331	0.00865019
332	0.00865027
333	0.00865059
334	0.00865054
335	0.00865065
336	0.00865062
337	0.0086507
338	0.00865082
339	0.00865085
340	0.00865097
341	0.00865108
342	0.00865115
343	0.0086513
344	0.00865141
345	0.0086515
346	0.00865153
347	0.00865164
348	0.00865171
349	0.00865178
350	0.00865184
351	0.00865198
352	0.00865215
353	0.00865235
354	0.00865242
355	0.00865256
356	0.0086526
357	0.0086527
358	0.00865286
359	0.00865296
360	0.00865294
361	0.00865298
362	0.00865326
363	0.00865329
364	0.00865349
365	0.00865373
366	0.00865397
367	0.00865436
368	0.00865463
369	0.00865511
370	0.00865572
371	0.00865621
372	0.00865649
373	0.00865683
374	0.00865714
375	0.00865737
376	0.00865746
377	0.00865773
378	0.00865813
379	0.00865864
380	0.00865933
381	0.00865974
382	0.0086606
383	0.00866105
384	0.00866174
385	0.00866262
386	0.00866374
387	0.00866388
388	0.00866471
389	0.00866569
390	0.0086659
391	0.00866653
392	0.00866737
393	0.00866793
394	0.00866865
395	0.00866927
396	0.00866986
397	0.00867025
398	0.00867074
399	0.00867092
400	0.00867157
401	0.00867161
402	0.0086718
403	0.00867203
404	0.00867226
405	0.00867255
406	0.00867267
407	0.00867266
408	0.00867253
409	0.00867243
410	0.00867234
411	0.00867202
412	0.00867203
413	0.00867175
414	0.00867165
415	0.00867135
416	0.00867105
417	0.00867076
418	0.00867056
419	0.0086701
420	0.00867094
421	0.00867097
422	0.00867117
423	0.00867023
424	0.00867096
425	0.00867034
426	0.0086707
427	0.00867097
428	0.00867089
429	0.00867125
430	0.00867091
431	0.0086713
432	0.00867089
433	0.00867115
434	0.00867078
435	0.00867073
436	0.00867035
437	0.00867032
438	0.00867004
439	0.00867017
440	0.0086702
441	0.00867054
442	0.00867059
443	0.00867121
444	0.00867092
445	0.00867133
446	0.00867131
447	0.00867158
448	0.00867145
449	0.00867108
450	0.00867086
451	0.00867071
452	0.00867019
453	0.00867008
454	0.00866965
455	0.00866957
456	0.00866921
457	0.00866902
458	0.00866875
459	0.00866871
460	0.00866864
461	0.00866871
462	0.00866885
463	0.00866918
464	0.00866943
465	0.00866993
466	0.00867017
467	0.00867062
468	0.00867085
469	0.00867113
470	0.00867115
471	0.00867114
472	0.00867091
473	0.00867061
474	0.00867021
475	0.00867017
476	0.00866997
477	0.00866996
478	0.00866975
479	0.00866957
480	0.00866968
481	0.00866979
482	0.00866974
483	0.00866973
484	0.00866961
485	0.00866969
486	0.00866969
487	0.00866962
488	0.00866919
489	0.00866943
490	0.00866939
491	0.00866945
492	0.00866921
493	0.00866925
494	0.00867006
495	0.00866925
496	0.0086702
497	0.00867008
498	0.00867076
499	0.00867081
500	0.00867123
