1	0.000264335
2	0.000145391
3	0.000283917
4	0.000646702
5	0.000572217
6	0.00409052
7	0.00093386
8	0.00766465
9	0.000266483
10	0.00567096
11	0.000722371
12	0.00645019
13	0.000429142
14	0.00443494
15	0.000422274
16	0.00428376
17	8.99515e-05
18	0.000641046
19	7.25644e-05
20	0.000645577
21	3.69281e-06
22	1.76409e-05
23	4.17522e-06
24	2.67665e-05
25	1.46944e-07
26	7.16152e-07
27	2.22618e-07
28	1.08916e-06
29	1.97048e-07
30	1.1886e-06
31	3.7722e-07
32	1.02454e-05
33	2.48022e-07
34	7.13158e-07
35	1.2427e-07
36	1.88132e-07
37	1.81037e-07
38	9.85832e-07
39	1.64151e-06
40	1.50895e-05
41	6.73673e-07
42	1.77748e-06
43	2.94639e-06
44	5.64274e-06
45	8.97478e-06
46	0.000955388
47	4.46227e-05
48	0.000102049
49	0.000142529
50	0.00101645
51	2.85197e-05
52	7.35212e-05
53	0.000210758
54	0.000135526
55	0.000535652
56	4.13814e-05
57	8.63637e-05
58	1.22118e-06
59	2.26179e-06
60	1.61425e-06
61	4.25665e-06
62	2.41692e-06
63	1.38419e-05
64	9.54526e-07
65	1.48552e-06
66	8.48636e-07
67	3.22666e-06
68	5.75107e-06
69	2.76414e-05
70	1.24784e-05
71	3.54075e-05
72	9.29838e-08
73	1.07261e-07
74	1.93296e-07
75	3.54678e-07
76	1.35706e-06
77	5.33077e-05
78	1.55588e-05
79	6.7116e-06
80	7.87317e-06
81	9.21931e-06
82	8.21021e-06
83	1.38415e-05
84	0.000173717
85	3.44591e-05
86	0.000399718
87	1.68004e-05
88	3.1388e-05
89	3.1932e-05
90	0.000178289
91	0.000104325
92	0.000190192
93	3.01755e-05
94	5.18637e-05
95	1.63472e-06
96	2.08135e-06
97	2.33566e-06
98	8.32351e-06
99	1.11849e-06
100	1.34529e-06
101	1.36034e-06
102	9.92966e-05
103	6.63878e-07
104	4.87487e-07
105	9.9829e-07
106	7.13525e-07
107	4.41427e-06
108	4.62846e-05
109	0.000948178
110	4.94744e-07
111	9.49993e-07
112	6.45027e-07
113	3.63172e-05
114	0.000221508
115	0.00124979
116	1.39999e-05
117	4.73112e-05
118	5.89714e-05
119	0.000830226
120	9.74104e-06
121	2.26591e-05
122	3.18845e-05
123	0.000842707
124	4.32339e-06
125	1.33257e-05
126	6.45551e-05
127	0.000889014
128	6.96367e-07
129	1.45298e-06
130	3.27798e-06
131	0.000365438
132	0.000104899
133	0.000485
134	0.00013115
135	0.000349991
136	0.000155166
137	0.000302834
138	0.000275566
139	0.000354854
140	0.000150781
141	0.000305317
142	0.000644602
143	0.000243275
144	0.000837905
145	0.000275158
146	0.000592695
147	0.000402743
148	0.000706516
149	0.000173662
150	0.00038226
151	0.000324643
152	0.000565854
153	8.94946e-05
154	0.000213937
155	0.00031296
156	0.00049822
157	8.36817e-05
158	0.000240909
159	0.00041987
160	0.000438163
161	6.50749e-05
162	0.000142018
163	0.000353321
164	0.000380404
165	8.40172e-05
166	0.000312395
167	0.000601312
168	0.000291844
169	0.000668117
170	0.000374299
171	0.000557734
172	0.000464319
173	0.000668077
174	0.000335226
175	0.000464918
176	0.000513716
177	0.000647084
178	0.000244517
179	0.000377099
180	0.000495741
181	0.000602398
182	0.000253983
183	0.000442016
184	0.000412122
185	0.000582699
186	0.000242471
187	0.000461461
188	0.000441288
189	0.000631907
190	0.000216569
191	0.000501969
192	0.000423635
193	0.000680094
194	0.000208827
195	0.000456522
196	0.000412591
197	0.000601624
198	0.000255878
199	0.00033175
200	0.000452952
201	0.000400486
202	5.64962e-05
203	5.03984e-05
204	0.000106981
205	0.000179611
206	0.000142186
207	0.000295909
208	0.000888979
209	1.18663e-05
210	2.96249e-05
211	1.69489e-05
212	9.38261e-05
213	0.00018034
214	0.000717632
215	2.63011e-06
216	5.13535e-06
217	3.18682e-06
218	1.13989e-05
219	3.20097e-05
220	6.86861e-05
221	1.33614e-06
222	1.69117e-06
223	1.58345e-06
224	2.35115e-06
225	1.95324e-05
226	0.000206728
227	3.41673e-06
228	3.64402e-06
229	5.0202e-06
230	1.20771e-05
231	8.14036e-05
232	4.98731e-06
233	6.28025e-06
234	6.20198e-06
235	8.40284e-06
236	1.91439e-05
237	6.6851e-05
238	0.000109497
239	0.000221879
240	1.67818e-05
241	3.74141e-05
242	5.29225e-05
243	0.000458159
244	2.00621e-06
245	3.22039e-06
246	3.42292e-06
247	4.91224e-06
248	3.57022e-05
249	0.000208458
250	0.000127582
251	0.00015757
252	0.000100631
253	0.000150087
254	0.000240607
255	5.98491e-05
256	0.000164262
257	0.000182822
258	0.000205493
259	0.000138599
260	0.00052352
261	2.01981e-05
262	3.07644e-05
263	3.09749e-05
264	0.000101057
265	1.15969e-08
266	1.04862e-07
267	7.60683e-07
268	9.86331e-06
269	4.05972e-05
270	0.000108951
271	0.000248538
272	0.000188128
273	0.000131201
274	8.75164e-05
275	0.000317383
276	0.000239751
277	3.8762e-05
278	2.51909e-05
279	0.000173036
280	0.000211971
281	0.000349194
282	0.00018266
283	0.000371878
284	0.000198776
285	0.000310836
286	0.000226479
287	0.000265627
288	0.000356339
289	0.0002407
290	0.000453707
291	0.000214588
292	0.000511224
293	0.000215991
294	0.000707655
295	0.000173892
296	0.000577182
297	0.000253451
298	0.000665105
299	4.56605e-05
300	0.000115861
301	0.000122083
302	0.000555928
303	2.229e-05
304	5.85905e-05
305	0.000141239
306	0.000455034
307	6.96695e-06
308	1.10332e-05
309	2.56051e-05
310	0.000302358
311	4.98107e-05
312	6.32056e-05
313	0.000301515
314	0.000100897
315	7.32486e-05
316	0.00014941
317	0.000496578
318	0.000132325
319	1.60782e-05
320	1.48373e-05
321	2.42232e-05
322	3.79655e-05
323	5.75442e-05
324	0.000156723
325	0.000581169
326	7.49228e-05
327	0.000181492
328	0.000243093
329	0.000567898
330	2.7676e-05
331	5.22843e-05
332	9.84737e-05
333	0.000326991
334	0.000107245
335	0.000258436
336	0.000100968
337	0.000328887
338	0.000101834
339	0.000215904
340	0.000211674
341	0.000542659
342	9.94428e-05
343	0.000240248
344	0.0002584
345	0.000606386
346	3.54448e-05
347	6.44507e-05
348	0.000117918
349	0.00057141
350	6.76079e-05
351	9.67341e-05
352	0.000253464
353	0.000536965
354	6.93274e-06
355	6.41478e-06
356	8.54749e-06
357	3.56205e-05
358	4.61927e-05
359	0.000255677
360	0.000487358
361	0.000189499
362	6.88772e-05
363	0.000185872
364	0.000899122
365	5.42372e-05
366	0.000388316
367	0.000328566
368	0.000858677
369	0.000104463
370	0.000383438
371	0.000255876
372	0.000695112
373	0.000144085
374	0.00058406
375	0.000116208
376	0.000244206
377	0.000265126
378	0.000810862
379	8.97767e-07
380	1.17396e-06
381	9.01443e-07
382	3.19525e-06
383	4.78749e-06
384	3.66898e-05
385	0.000215627
386	0.000554194
387	1.36016e-06
388	1.93342e-06
389	3.78598e-05
390	0.000179302
391	0.000398371
392	4.56103e-06
393	6.58511e-05
394	0.000333061
395	0.000642988
396	0.000291804
397	0.000746932
398	0.000257719
399	0.00055652
400	0.000495131
401	0.000793503
402	7.50662e-05
403	0.000124929
404	0.000125338
405	0.000680692
406	5.65022e-05
407	0.000106291
408	0.000145201
409	0.000429737
410	1.57289e-06
411	1.92437e-06
412	2.08036e-06
413	5.52347e-06
414	2.74177e-05
415	6.19336e-05
416	1.87497e-05
417	3.589e-05
418	1.68624e-05
419	8.32791e-05
420	4.90142e-07
421	3.82956e-06
422	7.67343e-06
423	3.32585e-06
424	6.4344e-06
425	3.59983e-05
426	1.7634e-06
427	2.51815e-06
428	0.000190408
429	0.000349504
430	2.55813e-05
431	2.09147e-05
432	0.000108116
433	0.000109803
434	0.000322682
435	2.02597e-05
436	2.98312e-05
437	3.19015e-05
438	5.27964e-05
439	7.76759e-05
440	0.000182255
441	1.44537e-05
442	1.39072e-05
443	9.33826e-06
444	8.74414e-06
445	2.09946e-05
446	3.9274e-05
447	8.40778e-05
448	0.00019173
449	3.51026e-07
450	3.51868e-06
451	6.7416e-06
452	0.000139582
453	0.000148645
454	0.000272882
455	0.000251908
456	0.000318614
457	7.68031e-06
458	7.04964e-06
459	1.17757e-05
460	8.22275e-05
461	4.21983e-05
462	4.96249e-05
463	0.000154149
464	0.00023367
465	8.91853e-05
466	0.000159326
467	4.20902e-05
468	6.80555e-05
469	0.000484693
470	2.64606e-05
471	2.75146e-05
472	4.94558e-05
473	0.000274
474	0.000472802
475	0.000203295
476	6.92673e-05
477	6.09567e-05
478	0.000132835
479	0.000156739
480	0.000466853
481	0.000230691
482	2.20723e-06
483	1.45844e-06
484	2.15874e-06
485	2.90904e-06
486	1.32677e-05
487	9.57351e-06
488	2.30449e-05
489	0.000115395
490	1.27606e-05
491	1.43057e-05
492	0.000120021
493	0.000304417
494	3.29944e-06
495	4.83153e-06
496	1.09891e-05
497	2.17493e-05
498	5.68575e-05
499	0.000145229
500	8.0286e-05
