1	0.15
2	0.17
3	0.18
4	0.21
5	0.23
6	0.25
7	0.27
8	0.27
9	0.28
10	0.3
11	0.31
12	0.33
13	0.33
14	0.34
15	0.36
16	0.38
17	0.4
18	0.42
19	0.45
20	0.51
21	0.55
22	0.57
23	0.6
24	0.64
25	0.65
26	0.67
27	0.68
28	0.7
29	0.71
30	0.71
31	0.73
32	0.75
33	0.76
34	0.78
35	0.8
36	0.82
37	0.83
38	0.85
39	0.87
40	0.94
41	0.95
42	0.98
43	1.01
44	1.03
45	1.06
46	1.07
47	1.11
48	1.12
49	1.16
50	1.17
51	1.2
52	1.22
53	1.23
54	1.26
55	1.28
56	1.31
57	1.34
58	1.36
59	1.37
60	1.5
61	1.51
62	1.55
63	1.56
64	1.58
65	1.58
66	1.6
67	1.61
68	1.62
69	1.64
70	1.65
71	1.67
72	1.68
73	1.68
74	1.7
75	1.72
76	1.73
77	1.73
78	1.75
79	1.76
80	1.83
81	1.85
82	1.86
83	1.88
84	1.89
85	1.92
86	1.94
87	1.95
88	1.97
89	1.98
90	2
91	2.02
92	2.04
93	2.06
94	2.08
95	2.09
96	2.13
97	2.14
98	2.16
99	2.17
100	2.25
101	2.27
102	2.28
103	2.28
104	2.3
105	2.31
106	2.33
107	2.33
108	2.34
109	2.36
110	2.37
111	2.37
112	2.39
113	2.41
114	2.42
115	2.42
116	2.44
117	2.45
118	2.46
119	2.48
120	2.6
121	2.61
122	2.64
123	2.65
124	2.65
125	2.67
126	2.68
127	2.7
128	2.7
129	2.72
130	2.74
131	2.75
132	2.75
133	2.76
134	2.78
135	2.79
136	2.79
137	2.81
138	2.83
139	2.84
140	2.89
141	2.91
142	2.92
143	2.92
144	2.93
145	2.95
146	2.97
147	2.98
148	2.98
149	3
150	3.02
151	3.03
152	3.05
153	3.05
154	3.06
155	3.07
156	3.09
157	3.09
158	3.11
159	3.13
160	3.18
161	3.2
162	3.2
163	3.21
164	3.23
165	3.24
166	3.26
167	3.27
168	3.29
169	3.31
170	3.32
171	3.34
172	3.35
173	3.37
174	3.38
175	3.4
176	3.42
177	3.44
178	3.44
179	3.46
180	3.52
181	3.53
182	3.53
183	3.56
184	3.58
185	3.59
186	3.61
187	3.62
188	3.64
189	3.65
190	3.67
191	3.68
192	3.68
193	3.71
194	3.73
195	3.73
196	3.75
197	3.77
198	3.78
199	3.8
200	3.87
201	3.89
202	3.91
203	3.92
204	3.94
205	3.94
206	3.95
207	3.96
208	3.98
209	3.98
210	4
211	4.01
212	4.03
213	4.03
214	4.05
215	4.06
216	4.09
217	4.11
218	4.11
219	4.12
220	4.17
221	4.18
222	4.18
223	4.2
224	4.22
225	4.23
226	4.25
227	4.27
228	4.28
229	4.3
230	4.3
231	4.31
232	4.33
233	4.34
234	4.36
235	4.36
236	4.37
237	4.39
238	4.41
239	4.42
240	4.47
241	4.48
242	4.5
243	4.5
244	4.52
245	4.53
246	4.55
247	4.56
248	4.59
249	4.61
250	4.63
251	4.64
252	4.66
253	4.67
254	4.67
255	4.69
256	4.7
257	4.72
258	4.72
259	4.73
260	4.79
261	4.81
262	4.81
263	4.82
264	4.84
265	4.84
266	4.86
267	4.87
268	4.89
269	4.91
270	4.92
271	4.94
272	4.94
273	4.95
274	4.96
275	4.98
276	5
277	5.01
278	5.03
279	5.03
280	5.09
281	5.11
282	5.12
283	5.14
284	5.15
285	5.17
286	5.19
287	5.19
288	5.2
289	5.22
290	5.23
291	5.25
292	5.27
293	5.28
294	5.3
295	5.31
296	5.33
297	5.34
298	5.35
299	5.37
300	5.43
301	5.45
302	5.47
303	5.47
304	5.48
305	5.5
306	5.51
307	5.53
308	5.54
309	5.58
310	5.59
311	5.61
312	5.62
313	5.64
314	5.66
315	5.67
316	5.69
317	5.7
318	5.71
319	5.73
320	5.81
321	5.83
322	5.84
323	5.86
324	5.87
325	5.89
326	5.91
327	5.92
328	5.94
329	5.97
330	5.99
331	5.99
332	6
333	6.02
334	6.03
335	6.04
336	6.06
337	6.09
338	6.11
339	6.11
340	6.18
341	6.2
342	6.22
343	6.24
344	6.25
345	6.27
346	6.28
347	6.3
348	6.31
349	6.33
350	6.35
351	6.36
352	6.38
353	6.39
354	6.41
355	6.42
356	6.44
357	6.46
358	6.46
359	6.47
360	6.53
361	6.55
362	6.56
363	6.58
364	6.58
365	6.59
366	6.61
367	6.63
368	6.64
369	6.65
370	6.65
371	6.67
372	6.69
373	6.7
374	6.72
375	6.73
376	6.75
377	6.75
378	6.76
379	6.78
380	6.86
381	6.86
382	6.87
383	6.89
384	6.9
385	6.92
386	6.93
387	6.95
388	6.97
389	6.98
390	6.99
391	7.03
392	7.05
393	7.06
394	7.08
395	7.09
396	7.09
397	7.11
398	7.12
399	7.14
400	7.21
401	7.22
402	7.24
403	7.25
404	7.26
405	7.28
406	7.3
407	7.31
408	7.33
409	7.34
410	7.35
411	7.35
412	7.37
413	7.39
414	7.41
415	7.41
416	7.42
417	7.44
418	7.45
419	7.45
420	7.53
421	7.56
422	7.57
423	7.61
424	7.63
425	7.64
426	7.65
427	7.69
428	7.69
429	7.7
430	7.72
431	7.73
432	7.75
433	7.77
434	7.78
435	7.8
436	7.81
437	7.83
438	7.85
439	7.86
440	7.93
441	7.95
442	7.95
443	7.96
444	7.98
445	8
446	8.01
447	8.01
448	8.03
449	8.04
450	8.06
451	8.06
452	8.09
453	8.12
454	8.14
455	8.17
456	8.18
457	8.2
458	8.21
459	8.23
460	8.28
461	8.3
462	8.3
463	8.31
464	8.32
465	8.34
466	8.34
467	8.36
468	8.38
469	8.39
470	8.4
471	8.42
472	8.43
473	8.46
474	8.48
475	8.5
476	8.51
477	8.52
478	8.54
479	8.56
480	8.61
481	8.63
482	8.63
483	8.64
484	8.66
485	8.66
486	8.67
487	8.69
488	8.7
489	8.7
490	8.72
491	8.74
492	8.75
493	8.77
494	8.78
495	8.8
496	8.81
497	8.83
498	8.85
499	8.87
500	8.94
