1	0.0889814
2	0.0526829
3	0.0241058
4	0.00883889
5	0.00850686
6	0.00710324
7	0.00687248
8	0.00778233
9	0.00409917
10	0.00385138
11	0.00432835
12	0.0101914
13	0.0114724
14	0.010366
15	0.0108263
16	0.0121711
17	0.0123212
18	0.0125991
19	0.0107853
20	0.00983947
21	0.00851396
22	0.00899182
23	0.0078111
24	0.00749881
25	0.00757916
26	0.00811526
27	0.00787231
28	0.00742013
29	0.00843459
30	0.00791741
31	0.00821277
32	0.00815367
33	0.0082251
34	0.008397
35	0.00788525
36	0.00734448
37	0.00818031
38	0.00802017
39	0.00738998
40	0.00771738
41	0.00736644
42	0.00693715
43	0.00597043
44	0.00614235
45	0.00529197
46	0.00503839
47	0.00478477
48	0.00524556
49	0.00563483
50	0.00550621
51	0.00551457
52	0.00591773
53	0.00628468
54	0.00650659
55	0.00611748
56	0.00643688
57	0.00593711
58	0.00588289
59	0.00552682
60	0.00523535
61	0.00494771
62	0.00491359
63	0.00442267
64	0.00444612
65	0.00395337
66	0.00403442
67	0.00362146
68	0.00356574
69	0.003682
70	0.00331433
71	0.00357029
72	0.00349658
73	0.00345722
74	0.00364745
75	0.00358541
76	0.00369598
77	0.00377072
78	0.00359187
79	0.00398778
80	0.00394023
81	0.00395864
82	0.00385809
83	0.00380126
84	0.00398172
85	0.00357788
86	0.00391176
87	0.00356816
88	0.003741
89	0.00364985
90	0.00381686
91	0.00339836
92	0.00329536
93	0.00312343
94	0.00294718
95	0.00256244
96	0.00228434
97	0.00192416
98	0.00160299
99	0.00128845
100	0.00107939
101	0.000948205
102	0.000812369
103	0.000680852
104	0.000572395
105	0.000504525
106	0.000468732
107	0.00044964
108	0.000452889
109	0.000455128
110	0.00039996
111	0.000356976
112	0.000323501
113	0.000326698
114	0.000356633
115	0.000373933
116	0.00037777
117	0.00035245
118	0.000327887
119	0.000303535
120	0.00027148
121	0.000255043
122	0.000223109
123	0.000204463
124	0.000186016
125	0.000169666
126	0.000162279
127	0.000153854
128	0.000111346
129	0.000104488
130	0.000110801
131	0.000119526
132	0.000124405
133	0.000133475
134	0.000124297
135	0.000123364
136	0.000112705
137	0.000113484
138	0.000110734
139	9.77204e-05
140	8.78459e-05
141	7.59113e-05
142	6.49389e-05
143	6.13707e-05
144	5.6541e-05
145	5.80972e-05
146	5.52394e-05
147	5.76177e-05
148	5.66697e-05
149	6.06967e-05
150	5.93319e-05
151	5.83262e-05
152	5.53904e-05
153	5.21069e-05
154	5.1579e-05
155	4.87546e-05
156	4.49364e-05
157	4.15991e-05
158	3.65095e-05
159	3.47241e-05
160	3.15373e-05
161	2.8558e-05
162	2.80982e-05
163	2.52369e-05
164	2.58773e-05
165	2.36205e-05
166	2.64126e-05
167	2.56094e-05
168	2.82407e-05
169	2.76116e-05
170	2.99892e-05
171	3.18833e-05
172	3.28039e-05
173	3.38801e-05
174	3.4488e-05
175	3.32156e-05
176	3.38171e-05
177	3.01815e-05
178	2.75326e-05
179	2.33405e-05
180	2.19363e-05
181	1.97543e-05
182	1.86502e-05
183	1.64799e-05
184	1.76123e-05
185	1.51366e-05
186	1.75876e-05
187	1.5743e-05
188	1.72312e-05
189	1.62943e-05
190	1.66126e-05
191	1.71005e-05
192	1.76107e-05
193	1.79475e-05
194	1.92244e-05
195	1.87124e-05
196	2.05741e-05
197	1.94306e-05
198	1.86915e-05
199	2.03261e-05
200	1.88407e-05
201	2.03249e-05
202	2.13223e-05
203	2.10941e-05
204	2.27067e-05
205	2.10214e-05
206	2.44266e-05
207	2.44843e-05
208	2.3084e-05
209	2.56616e-05
210	2.16751e-05
211	2.83613e-05
212	2.27249e-05
213	2.53353e-05
214	2.44928e-05
215	2.45654e-05
216	2.39541e-05
217	2.31317e-05
218	2.23828e-05
219	2.24865e-05
220	2.016e-05
221	2.005e-05
222	2.00778e-05
223	1.92775e-05
224	2.00663e-05
225	2.04202e-05
226	2.08934e-05
227	2.23284e-05
228	2.22162e-05
229	2.37434e-05
230	2.14311e-05
231	2.18005e-05
232	1.9727e-05
233	2.16697e-05
234	2.17372e-05
235	2.1427e-05
236	2.23402e-05
237	2.26299e-05
238	2.27575e-05
239	2.55384e-05
240	2.2519e-05
241	2.34826e-05
242	2.14379e-05
243	1.92819e-05
244	2.12591e-05
245	2.0898e-05
246	2.362e-05
247	2.21818e-05
248	2.20721e-05
249	2.26386e-05
250	2.18574e-05
251	2.24495e-05
252	2.27986e-05
253	2.08984e-05
254	2.31777e-05
255	2.26944e-05
256	2.25722e-05
257	2.36477e-05
258	2.33651e-05
259	2.57059e-05
260	2.54366e-05
261	2.44841e-05
262	2.56508e-05
263	2.35962e-05
264	2.36038e-05
265	2.3521e-05
266	2.23569e-05
267	2.36485e-05
268	2.30022e-05
269	2.09335e-05
270	2.00244e-05
271	1.72547e-05
272	1.95095e-05
273	1.62307e-05
274	1.77249e-05
275	1.67247e-05
276	1.8303e-05
277	1.99386e-05
278	1.96463e-05
279	2.16468e-05
280	2.4819e-05
281	2.33628e-05
282	2.62325e-05
283	2.54849e-05
284	2.75581e-05
285	2.51647e-05
286	2.67154e-05
287	2.36618e-05
288	2.46667e-05
289	2.25976e-05
290	2.24157e-05
291	2.20031e-05
292	2.1355e-05
293	2.19407e-05
294	2.00429e-05
295	2.35123e-05
296	1.82883e-05
297	2.24084e-05
298	1.91174e-05
299	1.97598e-05
300	1.9489e-05
301	1.9402e-05
302	2.00771e-05
303	2.04204e-05
304	2.10572e-05
305	2.16461e-05
306	2.05707e-05
307	2.05462e-05
308	1.94085e-05
309	1.88754e-05
310	1.88732e-05
311	1.70104e-05
312	1.69102e-05
313	1.66838e-05
314	1.75799e-05
315	1.85177e-05
316	2.05777e-05
317	2.17115e-05
318	2.46017e-05
319	2.51086e-05
320	2.51736e-05
321	2.39549e-05
322	2.36953e-05
323	2.18087e-05
324	2.01321e-05
325	2.0153e-05
326	1.73124e-05
327	1.90868e-05
328	1.51338e-05
329	1.88986e-05
330	1.71348e-05
331	1.79899e-05
332	1.65887e-05
333	1.83784e-05
334	1.74434e-05
335	1.71484e-05
336	1.82024e-05
337	1.75715e-05
338	1.63106e-05
339	1.61206e-05
340	1.44208e-05
341	1.63961e-05
342	1.39722e-05
343	1.42667e-05
344	1.34479e-05
345	1.29795e-05
346	1.27857e-05
347	1.1843e-05
348	1.1659e-05
349	1.21918e-05
350	1.08518e-05
351	1.3341e-05
352	1.03572e-05
353	1.37751e-05
354	1.10581e-05
355	1.27951e-05
356	1.24507e-05
357	1.21497e-05
358	1.35448e-05
359	1.40807e-05
360	1.20715e-05
361	1.67827e-05
362	1.30096e-05
363	1.66436e-05
364	1.43857e-05
365	1.65364e-05
366	1.74701e-05
367	1.66355e-05
368	1.60498e-05
369	1.70876e-05
370	1.71668e-05
371	1.70783e-05
372	1.55271e-05
373	1.57982e-05
374	1.58773e-05
375	1.55857e-05
376	7.43499e-05
377	4.24172e-05
378	4.05045e-05
379	4.81142e-05
380	4.20176e-05
381	4.11244e-05
382	5.3119e-05
383	5.05718e-05
384	5.5178e-05
385	5.59771e-05
386	5.17154e-05
387	5.74935e-05
388	5.23184e-05
389	5.0954e-05
390	5.26094e-05
391	4.98238e-05
392	5.16689e-05
393	4.5915e-05
394	4.22749e-05
395	3.652e-05
396	3.46724e-05
397	3.42776e-05
398	3.04439e-05
399	3.32744e-05
400	2.81379e-05
401	3.12587e-05
402	2.52384e-05
403	2.66202e-05
404	2.1751e-05
405	2.05127e-05
406	2.14525e-05
407	1.72199e-05
408	1.88023e-05
409	1.7579e-05
410	1.72258e-05
411	1.81518e-05
412	1.73768e-05
413	1.81293e-05
414	2.03669e-05
415	2.09854e-05
416	2.13126e-05
417	2.10281e-05
418	2.1375e-05
419	2.12662e-05
420	2.50152e-05
421	2.09441e-05
422	2.23179e-05
423	2.39431e-05
424	2.6758e-05
425	2.31467e-05
426	2.80416e-05
427	2.12581e-05
428	2.36801e-05
429	2.20971e-05
430	2.76568e-05
431	2.35219e-05
432	2.60471e-05
433	2.3738e-05
434	2.72798e-05
435	2.68118e-05
436	2.7399e-05
437	2.72948e-05
438	2.96782e-05
439	2.87125e-05
440	2.89827e-05
441	2.78783e-05
442	2.91949e-05
443	2.66057e-05
444	2.75396e-05
445	2.54547e-05
446	2.33534e-05
447	2.34745e-05
448	2.01997e-05
449	2.57465e-05
450	1.92763e-05
451	1.94888e-05
452	1.80345e-05
453	2.04482e-05
454	2.02382e-05
455	2.11633e-05
456	1.98333e-05
457	2.05413e-05
458	1.96746e-05
459	2.0781e-05
460	1.99575e-05
461	2.02482e-05
462	2.15615e-05
463	2.10276e-05
464	2.23113e-05
465	2.04719e-05
466	2.06752e-05
467	1.98221e-05
468	1.95662e-05
469	1.94842e-05
470	2.08247e-05
471	1.89029e-05
472	2.13796e-05
473	1.99543e-05
474	2.00548e-05
475	2.05762e-05
476	1.85128e-05
477	1.99184e-05
478	1.70913e-05
479	1.7459e-05
480	1.72449e-05
481	1.69083e-05
482	1.44582e-05
483	1.62547e-05
484	1.4145e-05
485	1.7568e-05
486	1.50577e-05
487	1.84727e-05
488	1.73814e-05
489	2.17893e-05
490	2.074e-05
491	1.94571e-05
492	2.16692e-05
493	1.93109e-05
494	2.78263e-05
495	2.45152e-05
496	2.54528e-05
497	2.10388e-05
498	2.42599e-05
499	2.24679e-05
500	2.19451e-05
