/*--------------------------------*- C++ -*----------------------------------*\
| =========                 |                                                 |
| \\      /  F ield         | OpenFOAM: The Open Source CFD Toolbox           |
|  \\    /   O peration     | Version:  v1912                                 |
|   \\  /    A nd           | Website:  www.openfoam.com                      |
|    \\/     M anipulation  |                                                 |
\*---------------------------------------------------------------------------*/
FoamFile
{
    version     2.0;
    format      ascii;
    class       volVectorField;
    location    "375";
    object      U;
}
// * * * * * * * * * * * * * * * * * * * * * * * * * * * * * * * * * * * * * //

dimensions      [0 1 -1 0 0 0 0];


internalField   nonuniform List<vector> 
2000
(
(0.84616 0.187394 0)
(0.515131 0.12409 0)
(0.223444 0.0684425 0)
(0.0598022 0.0174441 6.19811e-20)
(-0.0045568 -0.0232156 1.20465e-17)
(-0.0642217 -0.0384584 1.04027e-17)
(-0.0776282 -0.0372417 0)
(-0.0716173 -0.016738 0)
(-0.0590616 0.0115079 0)
(-0.0420466 0.0252522 2.36259e-17)
(-0.0414502 0.0108043 -1.44751e-17)
(-0.0273253 -0.000938001 -1.35933e-17)
(-0.0161851 -0.00304438 0)
(-0.0193116 -0.0026715 0)
(-0.0204691 -0.00207425 -1.08069e-17)
(-0.014163 1.59692e-05 0)
(-0.00625448 0.00236353 9.74298e-18)
(-0.00457332 0.00588648 4.1876e-21)
(-0.00526585 0.00595413 9.43764e-18)
(-0.00554364 0.00421635 -4.6598e-18)
(-0.00506157 0.00162985 9.21123e-18)
(-0.00359876 -4.08266e-05 0)
(-0.00127456 -0.000592073 0)
(0.000679128 -0.000500556 -2.26892e-23)
(0.00195446 -0.000125079 0)
(0.00246555 0.000294987 -4.49242e-18)
(0.00224558 0.000562494 0)
(0.00168279 0.000561684 4.50008e-18)
(0.00115151 0.000346908 0)
(0.000831774 0.000108327 0)
(0.000736187 -8.80548e-05 0)
(0.00082711 -0.000218139 1.14842e-18)
(0.00104539 -0.000309971 0)
(0.0013204 -0.000370902 -5.83497e-19)
(0.00160092 -0.000417357 1.94691e-14)
(0.00183298 -0.000475748 1.94509e-14)
(0.00196686 -0.000568129 6.01166e-19)
(0.00195785 -0.000707926 -6.08374e-19)
(0.00178168 -0.000883871 0)
(0.00143177 -0.00107506 2.4972e-18)
(0.000905343 -0.00124708 0)
(0.000201651 -0.00136899 -2.57685e-18)
(-0.000648165 -0.00143619 0)
(-0.00165041 -0.00149771 -5.32899e-18)
(-0.00278572 -0.00159782 2.71687e-18)
(-0.00409821 -0.00182318 0)
(-0.00568252 -0.00216807 0)
(-0.00768186 -0.00249877 -2.89044e-18)
(-0.0104922 -0.00246026 0)
(-0.0147977 -0.00147752 3.00319e-18)
(-0.0216637 0.00114407 0)
(-0.0324699 0.00570887 6.076e-18)
(-0.0486966 0.0118127 -6.02237e-18)
(-0.0717211 0.0182985 5.88132e-18)
(-0.102225 0.0228617 -2.79859e-18)
(-0.139219 0.0230235 0)
(-0.180224 0.0176165 2.32432e-18)
(-0.222139 0.0068777 -2.03196e-18)
(-0.261213 -0.00788452 -3.95718e-18)
(-0.292502 -0.0243571 3.08749e-18)
(-0.310976 -0.0393979 -2.98472e-18)
(-0.314855 -0.0500929 3.17411e-18)
(-0.309057 -0.0564963 -3.64907e-18)
(-0.294112 -0.0597808 4.49152e-18)
(-0.270959 -0.0609315 -2.95123e-20)
(-0.240478 -0.0606015 6.99524e-18)
(-0.203234 -0.0589705 0)
(-0.159623 -0.0560131 0)
(-0.110193 -0.051743 7.58083e-20)
(-0.0559819 -0.0462352 0)
(0.00155967 -0.0394145 2.02873e-17)
(0.0625032 -0.0310262 0)
(0.126618 -0.02105 1.99911e-17)
(0.193647 -0.00971629 -4.87584e-19)
(0.262866 0.00273105 1.72018e-17)
(0.335643 0.0160137 2.98803e-17)
(0.408634 0.0297921 7.2975e-19)
(0.494979 0.0436281 -1.0124e-17)
(0.559888 0.0559761 -6.51019e-18)
(0.714223 0.066479 0)
(1.0153 0.210385 0)
(0.944633 0.194214 0)
(0.804471 0.179987 -3.52343e-18)
(0.654414 0.152317 7.27666e-18)
(0.509213 0.111174 0)
(0.360022 0.0683798 -7.27469e-18)
(0.216482 0.02934 0)
(0.0821268 -0.00527853 0)
(-0.0282716 -0.0180605 0)
(-0.0563124 -0.0188912 -1.7275e-17)
(-0.0668903 -0.0247547 1.57132e-17)
(-0.0720686 -0.0157437 1.44115e-17)
(-0.0641968 0.00619526 0)
(-0.0520007 0.019482 6.30294e-18)
(-0.0562199 0.0078481 0)
(-0.0506044 -0.00513045 0)
(-0.0399598 -0.00612355 0)
(-0.034203 -0.0027426 5.24139e-18)
(-0.0371617 -0.00047328 -1.02992e-17)
(-0.0387582 -0.000183563 -5.07619e-18)
(-0.0387513 -0.000611415 0)
(-0.0369555 -0.0014512 0)
(-0.0335071 -0.0020387 0)
(-0.0295705 -0.00183348 -7.40432e-18)
(-0.025772 -0.000884219 0)
(-0.0224887 0.000304971 4.95698e-18)
(-0.0198862 0.0013193 2.48604e-18)
(-0.018178 0.00182304 0)
(-0.0173619 0.00163508 0)
(-0.017307 0.00109426 0)
(-0.0177519 0.000531927 0)
(-0.0184782 6.78127e-05 -6.35718e-19)
(-0.0193608 -0.000279164 0)
(-0.0203515 -0.000482205 3.21918e-19)
(-0.0215059 -0.000503582 1.62311e-19)
(-0.0229156 -0.00031734 0)
(-0.0246713 7.22685e-05 0)
(-0.0268302 0.000620893 6.6453e-19)
(-0.0294195 0.00126169 0)
(-0.0324323 0.00191543 -1.3499e-18)
(-0.0358183 0.00250008 0)
(-0.0394746 0.0029397 -1.37049e-18)
(-0.0432594 0.00319207 0)
(-0.0470483 0.00326734 1.41351e-18)
(-0.050737 0.00326941 1.42212e-18)
(-0.0542932 0.00339342 0)
(-0.0577489 0.00392924 0)
(-0.0612152 0.00530755 -3.01623e-18)
(-0.0648292 0.00811392 0)
(-0.0686981 0.0129616 2.96818e-20)
(-0.0730285 0.0203269 0)
(-0.0782292 0.0304005 0)
(-0.0847226 0.0426748 0)
(-0.0928356 0.0555524 0)
(-0.102429 0.0661967 6.14209e-18)
(-0.111901 0.0715424 0)
(-0.118615 0.0695732 -5.42551e-18)
(-0.120588 0.059691 2.58334e-18)
(-0.115928 0.0429799 -2.15066e-18)
(-0.100068 0.0218991 -4.52843e-18)
(-0.0698763 -0.00197884 4.58586e-18)
(-0.0526342 -0.0295152 -5.02518e-18)
(-0.027926 -0.0518009 5.91805e-18)
(0.000259862 -0.0681646 0)
(0.0320941 -0.0800897 -1.2474e-17)
(0.0680342 -0.0887656 -9.48269e-18)
(0.108609 -0.0946366 0)
(0.153791 -0.0976043 5.75509e-18)
(0.202969 -0.0974601 1.26957e-17)
(0.255365 -0.0941934 0)
(0.310203 -0.0879041 0)
(0.366899 -0.0787876 0)
(0.425013 -0.0671413 0)
(0.484345 -0.0534256 -1.37707e-17)
(0.5447 -0.0382304 5.98954e-18)
(0.606997 -0.022212 -1.18381e-17)
(0.669731 -0.00625121 1.01954e-17)
(0.74072 0.00865195 -3.47778e-18)
(0.796916 0.0202537 0)
(0.911433 0.0255226 0)
(0.978489 0.201539 0)
(0.978855 0.19301 -2.77988e-18)
(0.969154 0.205117 3.47596e-18)
(0.939081 0.208541 -3.05509e-18)
(0.878027 0.194617 2.8797e-18)
(0.785593 0.168731 2.8376e-18)
(0.669333 0.138089 0)
(0.540985 0.106027 0)
(0.408187 0.0750614 0)
(0.285871 0.0459318 6.85448e-18)
(0.173736 0.0180214 0)
(0.0721501 -0.00635407 0)
(-0.0211706 -0.0137402 0)
(-0.0466925 -0.00339505 -7.1673e-18)
(-0.0513038 -0.0115786 0)
(-0.0603583 -0.0183128 -6.01498e-18)
(-0.0623092 -0.0116052 0)
(-0.0529424 0.00780191 5.8262e-18)
(-0.0511895 0.0149172 2.8509e-18)
(-0.0558621 0.0109071 0)
(-0.0583445 0.00424899 -2.76242e-18)
(-0.0602942 -0.00214989 0)
(-0.0602812 -0.00599113 0)
(-0.0584066 -0.00710422 5.38424e-18)
(-0.0556072 -0.00649608 0)
(-0.0530927 -0.00508937 1.34999e-18)
(-0.051599 -0.00337064 -4.05897e-18)
(-0.0513794 -0.00149615 0)
(-0.0521016 0.000285146 0)
(-0.0530571 0.00150227 -6.80002e-19)
(-0.0543184 0.00220995 0)
(-0.0557165 0.00254718 -1.33021e-23)
(-0.0571812 0.00270236 0)
(-0.058686 0.00287268 6.94067e-19)
(-0.060283 0.00323045 8.74697e-20)
(-0.0620814 0.00385204 0)
(-0.0641954 0.00470728 1.77338e-19)
(-0.0666989 0.00568555 -3.56558e-19)
(-0.069595 0.00665089 -3.58151e-19)
(-0.0728197 0.00748305 -7.19325e-19)
(-0.0762581 0.00808921 7.22724e-19)
(-0.0797447 0.0083775 7.34169e-19)
(-0.083051 0.00827581 0)
(-0.0858918 0.00780207 1.4976e-18)
(-0.0879583 0.00709374 -3.03742e-18)
(-0.0889999 0.0064487 0)
(-0.0887908 0.00616645 -1.59487e-18)
(-0.0870479 0.00681034 3.29316e-18)
(-0.0833899 0.00914166 0)
(-0.0773118 0.0138601 -1.73584e-18)
(-0.0682698 0.0212644 1.86621e-18)
(-0.0560232 0.0316699 -1.94078e-18)
(-0.040381 0.0439619 -2.00654e-18)
(-0.0212065 0.056531 0)
(0.00140868 0.0668837 -3.99549e-18)
(0.0274375 0.0719922 -1.8892e-18)
(0.0571419 0.0691253 1.61066e-18)
(0.0890119 0.0574145 1.47278e-18)
(0.121758 0.0361043 2.43013e-18)
(0.151964 0.0078861 0)
(0.181267 -0.0203021 0)
(0.208874 -0.0442961 0)
(0.237656 -0.064857 -1.19508e-18)
(0.27057 -0.0830494 0)
(0.308167 -0.0989978 3.06344e-18)
(0.349537 -0.112253 0)
(0.393556 -0.122188 -1.95689e-18)
(0.43927 -0.128287 -4.46612e-18)
(0.485866 -0.130273 0)
(0.53269 -0.128163 -2.5047e-18)
(0.579313 -0.122245 2.61757e-18)
(0.625546 -0.11305 0)
(0.671407 -0.101294 0)
(0.717145 -0.0877936 0)
(0.763041 -0.0734255 -5.47436e-18)
(0.810001 -0.0590853 0)
(0.857334 -0.0458849 -1.90107e-18)
(0.910009 -0.0348696 3.38425e-18)
(0.952525 -0.0282229 0)
(1.0345 -0.0275135 3.94687e-19)
(0.970611 0.209119 0)
(0.963917 0.194769 1.52178e-18)
(0.966431 0.198521 0)
(0.977153 0.206418 1.69146e-18)
(0.982035 0.208898 -2.99835e-18)
(0.968292 0.204283 -1.33823e-18)
(0.93074 0.193741 0)
(0.870737 0.17789 0)
(0.79109 0.156592 0)
(0.69535 0.131352 1.34833e-18)
(0.589384 0.105439 1.37989e-18)
(0.479949 0.0807201 0)
(0.369155 0.0580327 0)
(0.266619 0.0376774 0)
(0.179626 0.0185987 0)
(0.100382 0.00273044 6.379e-18)
(0.0295717 -0.00977194 -3.37435e-18)
(-0.0312312 -0.00934088 0)
(-0.0352664 0.000611111 -3.2654e-18)
(-0.0378872 0.00224622 1.60653e-18)
(-0.0391487 0.00085252 3.18388e-18)
(-0.0415034 -0.00217074 0)
(-0.0458411 -0.00495973 0)
(-0.0509145 -0.00600427 -3.07621e-18)
(-0.0549487 -0.00488622 0)
(-0.0571915 -0.00211342 -1.52152e-18)
(-0.0583991 0.00128115 1.52139e-18)
(-0.0598767 0.00397783 0)
(-0.0614607 0.00536739 0)
(-0.063064 0.00586751 7.58836e-19)
(-0.0644264 0.0057308 0)
(-0.065416 0.0052314 -7.65107e-19)
(-0.065986 0.00466938 0)
(-0.0661775 0.00435431 -1.94157e-19)
(-0.0661427 0.00451858 -9.81287e-20)
(-0.0660572 0.00520799 -2.48623e-20)
(-0.0660822 0.00637968 -3.00158e-19)
(-0.0662634 0.00784686 4.02758e-19)
(-0.0665084 0.00934068 4.05839e-19)
(-0.0666352 0.0106085 1.22761e-18)
(-0.0664553 0.0115074 -4.14332e-19)
(-0.06578 0.0118826 4.20733e-19)
(-0.0643487 0.0115115 0)
(-0.0618109 0.0102776 8.59851e-19)
(-0.057805 0.00819809 9.04597e-19)
(-0.0522026 0.00539601 0)
(-0.0448384 0.00235145 1.9207e-18)
(-0.0353674 -0.000522678 1.00409e-18)
(-0.0234793 -0.00278685 0)
(-0.00921593 -0.00393656 -3.37266e-18)
(0.00845675 -0.00334532 -2.31442e-18)
(0.0306038 -0.000542105 1.13372e-18)
(0.0569706 0.00407767 2.24811e-18)
(0.0884678 0.00931177 0)
(0.12522 0.0131723 1.01369e-18)
(0.166398 0.0133597 2.71633e-18)
(0.210734 0.00793151 1.57165e-18)
(0.256235 -0.00372321 -1.34372e-18)
(0.302037 -0.0204344 -6.11133e-19)
(0.34767 -0.039954 0)
(0.392448 -0.0612872 0)
(0.436149 -0.0831537 0)
(0.479431 -0.104217 1.55231e-18)
(0.522839 -0.123468 5.99223e-19)
(0.566016 -0.14004 0)
(0.60811 -0.153107 -1.51069e-18)
(0.648384 -0.162001 1.71216e-18)
(0.686425 -0.166367 -1.86381e-18)
(0.722116 -0.166208 -2.0296e-18)
(0.755589 -0.161855 1.37936e-19)
(0.787185 -0.153892 -2.46244e-18)
(0.817415 -0.143081 0)
(0.84689 -0.130272 0)
(0.876301 -0.116338 0)
(0.906244 -0.10215 0)
(0.937605 -0.0885525 0)
(0.970013 -0.0765204 3.71564e-18)
(1.0068 -0.0668376 -1.35909e-18)
(1.03702 -0.0612557 0)
(1.09442 -0.0598219 -4.25672e-19)
(0.972988 0.216083 0)
(0.965832 0.201812 1.86701e-18)
(0.959207 0.195606 2.48782e-19)
(0.96149 0.195556 1.90385e-18)
(0.972671 0.19755 0)
(0.985523 0.199252 -1.60446e-18)
(0.9925 0.199316 0)
(0.98845 0.196277 -3.61848e-19)
(0.970205 0.189063 0)
(0.935603 0.177605 -1.60272e-18)
(0.884684 0.162804 -1.24047e-18)
(0.819547 0.145724 -3.14741e-19)
(0.743208 0.126781 3.12371e-19)
(0.657951 0.106149 0)
(0.569016 0.0853125 3.12202e-19)
(0.479231 0.0662755 0)
(0.393334 0.0502986 2.64515e-18)
(0.313986 0.0364018 -3.50035e-19)
(0.246867 0.0243651 0)
(0.191945 0.0147839 -1.89189e-18)
(0.147063 0.00790142 0)
(0.109633 0.00339055 0)
(0.0784603 0.000876659 0)
(0.0519785 -0.000555102 0)
(0.0299768 -0.0014977 -2.21237e-19)
(0.0128213 -0.00192445 0)
(-0.000357603 -0.00139566 0)
(-0.00760085 0.000283541 1.14274e-19)
(-0.0101961 0.00161424 0)
(-0.0107024 0.00230927 0)
(-0.00955554 0.00246667 0)
(-0.00728165 0.00233556 -5.82035e-20)
(-0.00416223 0.00218616 0)
(-0.00033628 0.00222622 -2.69781e-19)
(0.00352743 0.00308536 0)
(0.00785715 0.00464316 3.04383e-20)
(0.0127257 0.00645458 1.5279e-19)
(0.0182019 0.00815257 3.06412e-20)
(0.0245256 0.00930177 -6.10949e-20)
(0.0320702 0.00954352 -4.87246e-19)
(0.0410664 0.0086532 -4.8477e-19)
(0.0517738 0.00680676 4.81082e-19)
(0.0642887 0.00409527 -1.18396e-19)
(0.0788937 0.000423287 -9.47654e-19)
(0.0954732 -0.00408258 9.44075e-19)
(0.114071 -0.00916778 -1.16938e-19)
(0.134755 -0.0142961 0)
(0.157153 -0.0189799 -9.43013e-19)
(0.181111 -0.0228998 0)
(0.206667 -0.025919 9.54002e-19)
(0.234001 -0.0277926 0)
(0.263512 -0.028902 9.52837e-19)
(0.295613 -0.0295321 0)
(0.330932 -0.0302764 -2.26113e-19)
(0.36997 -0.0320673 -8.47659e-19)
(0.412756 -0.036019 -7.73267e-19)
(0.458692 -0.0431416 1.75941e-19)
(0.5066 -0.0540251 0)
(0.554943 -0.0687911 5.17204e-19)
(0.60213 -0.0868543 -1.28499e-19)
(0.647049 -0.106951 0)
(0.689096 -0.127334 1.2595e-19)
(0.727958 -0.146347 -4.86232e-19)
(0.763387 -0.162793 -5.47033e-19)
(0.795096 -0.175854 0)
(0.822877 -0.184948 1.42901e-18)
(0.846788 -0.189757 0)
(0.867199 -0.190276 1.8272e-18)
(0.884734 -0.186805 2.02359e-18)
(0.90018 -0.179881 2.2027e-18)
(0.914406 -0.170199 2.74052e-19)
(0.928293 -0.15853 0)
(0.942672 -0.145668 0)
(0.958308 -0.13238 0)
(0.975765 -0.119402 -2.73779e-19)
(0.995737 -0.107423 0)
(1.0178 -0.0971779 -1.69479e-18)
(1.04443 -0.0892663 1.6672e-18)
(1.06667 -0.0847667 1.05216e-19)
(1.11079 -0.083802 4.55812e-20)
(0.974194 0.218515 -1.23013e-18)
(0.970935 0.206367 1.19063e-18)
(0.96512 0.198178 -2.81518e-19)
(0.96114 0.194121 0)
(0.9622 0.191954 0)
(0.968265 0.19056 0)
(0.977779 0.189906 0)
(0.988511 0.189509 1.25003e-18)
(0.99744 0.188345 0)
(1.00094 0.185408 -1.11745e-18)
(0.995775 0.180019 -1.39284e-18)
(0.979834 0.171981 3.19303e-19)
(0.952653 0.161521 9.64436e-19)
(0.91429 0.148732 0)
(0.865568 0.133813 -1.47103e-18)
(0.808134 0.117902 0)
(0.745925 0.102516 -1.17563e-18)
(0.683468 0.0880194 2.9396e-19)
(0.622674 0.0744343 -1.22934e-18)
(0.565575 0.0621534 -9.46488e-19)
(0.51301 0.0513754 0)
(0.4653 0.0421016 0)
(0.42262 0.0342237 -6.80418e-19)
(0.384937 0.0276519 0)
(0.352167 0.0222495 -5.40014e-19)
(0.324132 0.0178333 0)
(0.300485 0.0141388 0)
(0.280943 0.010867 -9.4958e-20)
(0.265365 0.00791168 0)
(0.253346 0.00521044 0)
(0.244352 0.00271188 0)
(0.237905 0.000437268 5.04392e-20)
(0.233731 -0.00150975 2.05525e-19)
(0.23198 -0.00302168 1.30066e-19)
(0.232714 -0.00440905 0)
(0.235904 -0.00539142 0)
(0.241833 -0.00594152 -2.63355e-20)
(0.250793 -0.00629834 -1.315e-19)
(0.262813 -0.00684934 5.18737e-20)
(0.27762 -0.00796356 0)
(0.294553 -0.00995087 0)
(0.313798 -0.0131016 -1.98334e-19)
(0.335432 -0.0174495 9.67364e-20)
(0.35889 -0.022854 -3.83412e-19)
(0.383551 -0.0290451 3.79867e-19)
(0.408968 -0.0355431 9.36366e-20)
(0.434901 -0.0419277 0)
(0.461173 -0.0478516 3.84375e-19)
(0.487724 -0.0530505 0)
(0.514644 -0.0573833 0)
(0.542154 -0.0608457 0)
(0.570587 -0.0636507 0)
(0.600307 -0.0661705 0)
(0.631647 -0.0689868 1.89292e-19)
(0.66477 -0.0728746 0)
(0.699516 -0.0786667 6.89584e-19)
(0.735311 -0.0870501 -1.53913e-19)
(0.771199 -0.0983479 0)
(0.806001 -0.112358 5.60971e-19)
(0.838532 -0.128269 1.19219e-19)
(0.867804 -0.144861 5.32719e-19)
(0.893123 -0.160809 -1.21435e-19)
(0.914122 -0.174952 0)
(0.930749 -0.186432 -6.28047e-19)
(0.943213 -0.194687 0)
(0.951944 -0.199409 0)
(0.957596 -0.200533 -8.3757e-19)
(0.961005 -0.198241 0)
(0.963121 -0.192922 0)
(0.964907 -0.185112 -1.06875e-18)
(0.967271 -0.175429 -2.99431e-19)
(0.971016 -0.164516 0)
(0.976809 -0.15301 0)
(0.985197 -0.14151 0)
(0.996508 -0.13058 3.05985e-19)
(1.01118 -0.120739 -1.0458e-18)
(1.02861 -0.112513 -2.43361e-19)
(1.05087 -0.106334 -1.90898e-19)
(1.0697 -0.102802 -1.19174e-19)
(1.10867 -0.102195 -2.43715e-19)
(0.974501 0.219011 4.34707e-18)
(0.973757 0.208039 -4.17411e-18)
(0.971715 0.20043 0)
(0.96916 0.196219 -2.53248e-18)
(0.967056 0.192948 0)
(0.96617 0.189327 -2.23288e-18)
(0.967426 0.185838 0)
(0.971679 0.183034 2.97327e-18)
(0.978992 0.180765 -3.69152e-18)
(0.988303 0.178531 1.68544e-18)
(0.997719 0.175834 1.57554e-18)
(1.00501 0.172227 0)
(1.00816 0.167356 -4.2602e-18)
(1.0055 0.160797 -2.71283e-18)
(0.995633 0.152203 3.81194e-18)
(0.977814 0.141881 0)
(0.953033 0.130704 1.16709e-18)
(0.923705 0.119418 0)
(0.891616 0.108205 1.163e-18)
(0.858055 0.0970525 1.16245e-18)
(0.824059 0.0861642 0)
(0.79061 0.0758262 0)
(0.758592 0.066258 -6.36685e-19)
(0.728697 0.057568 0)
(0.701391 0.0497228 6.17989e-19)
(0.676923 0.0426157 0)
(0.655425 0.0361302 0)
(0.636945 0.0301562 0)
(0.621485 0.0245879 0)
(0.608948 0.0193492 0)
(0.599171 0.0144127 0)
(0.591986 0.00979132 0)
(0.587249 0.00549507 1.77282e-19)
(0.584749 0.00148204 -8.63462e-20)
(0.584322 -0.00232133 4.4351e-20)
(0.586226 -0.00595694 0)
(0.590527 -0.00948514 0)
(0.59728 -0.0131207 8.70827e-20)
(0.60648 -0.0171239 -3.5248e-19)
(0.618009 -0.0216775 3.48959e-19)
(0.631674 -0.0268232 0)
(0.647285 -0.0325551 8.48709e-19)
(0.664502 -0.0389066 -6.76358e-19)
(0.682799 -0.0457738 -3.47099e-19)
(0.70165 -0.0528893 -3.25708e-19)
(0.720645 -0.0599025 0)
(0.739516 -0.0664917 0)
(0.75812 -0.0724104 -1.03764e-18)
(0.776435 -0.0775169 0)
(0.794552 -0.0818004 0)
(0.812657 -0.0853876 0)
(0.830983 -0.0885504 7.38624e-19)
(0.849753 -0.0916895 1.47558e-18)
(0.869109 -0.0953089 0)
(0.889039 -0.099969 0)
(0.909294 -0.106188 -6.64296e-19)
(0.929356 -0.114308 0)
(0.948474 -0.124373 1.2796e-18)
(0.965779 -0.136063 6.75276e-19)
(0.980431 -0.148715 0)
(0.991783 -0.161455 6.76361e-19)
(0.999498 -0.173355 1.26763e-18)
(1.00359 -0.183579 1.33717e-18)
(1.0044 -0.191495 6.76898e-19)
(1.00249 -0.196721 -1.55638e-18)
(0.998588 -0.199105 1.69674e-18)
(0.993512 -0.198697 2.7775e-18)
(0.988123 -0.195713 0)
(0.983259 -0.190502 0)
(0.979679 -0.183503 1.20097e-18)
(0.978023 -0.175196 0)
(0.978807 -0.166079 2.52282e-18)
(0.982413 -0.15664 2.56246e-18)
(0.989138 -0.147349 0)
(0.999107 -0.138647 2.43802e-18)
(1.01259 -0.130942 -1.05774e-18)
(1.02891 -0.124627 0)
(1.04999 -0.120015 0)
(1.06786 -0.117436 0)
(1.10526 -0.117247 -1.9642e-19)
(0.974733 0.218939 -3.34879e-18)
(0.975458 0.208204 3.20576e-18)
(0.976057 0.201064 -6.22619e-18)
(0.975938 0.197374 2.86423e-18)
(0.974878 0.19447 0)
(0.973204 0.190799 2.52531e-18)
(0.971493 0.186602 -4.83404e-18)
(0.970482 0.182362 -4.4816e-18)
(0.971007 0.178161 -7.91074e-20)
(0.973725 0.173991 0)
(0.978839 0.169922 0)
(0.986015 0.165924 3.58829e-18)
(0.994435 0.161765 3.28345e-18)
(1.00293 0.157029 -3.26893e-18)
(1.01007 0.151321 -8.87152e-18)
(1.01439 0.144544 0)
(1.01502 0.137 0)
(1.01197 0.128991 0)
(1.00574 0.120504 0)
(0.996799 0.111523 0)
(0.985643 0.102254 0)
(0.972905 0.0929817 0)
(0.959274 0.083925 1.2348e-18)
(0.945398 0.0751934 -2.57538e-18)
(0.931809 0.0668062 0)
(0.918922 0.0587458 0)
(0.907056 0.0509884 0)
(0.896443 0.0434963 0)
(0.887231 0.0362138 0)
(0.879481 0.0291114 -6.58668e-19)
(0.873203 0.0222012 0)
(0.868386 0.0155153 0)
(0.865001 0.009078 1.26481e-20)
(0.863041 0.00289026 0)
(0.862494 -0.00286331 -4.13904e-20)
(0.863388 -0.00833323 0)
(0.865758 -0.0137035 1.7199e-19)
(0.869587 -0.0191548 0)
(0.874793 -0.024869 6.71908e-19)
(0.881216 -0.0309681 -3.27596e-19)
(0.888639 -0.0374909 -6.77968e-19)
(0.896808 -0.0444297 -6.47317e-19)
(0.905422 -0.0517301 6.45714e-19)
(0.914145 -0.0592216 6.47314e-19)
(0.922671 -0.066637 1.3674e-18)
(0.930793 -0.0736898 1.38609e-18)
(0.938421 -0.0801424 0)
(0.945573 -0.0858442 -7.46308e-19)
(0.952354 -0.090749 0)
(0.958938 -0.0949195 0)
(0.965531 -0.0985254 -1.53239e-18)
(0.972337 -0.101834 -7.58647e-19)
(0.979504 -0.105189 3.70912e-20)
(0.987084 -0.108981 0)
(0.994985 -0.113604 0)
(1.00294 -0.119391 0)
(1.0105 -0.126532 1.50173e-18)
(1.01711 -0.135005 -1.38144e-18)
(1.02217 -0.144541 -1.35042e-18)
(1.02515 -0.154646 0)
(1.02576 -0.164675 -1.35991e-18)
(1.02395 -0.173938 1.05881e-19)
(1.01997 -0.181825 -1.49872e-18)
(1.01426 -0.187882 1.68907e-18)
(1.00743 -0.191846 -5.0517e-20)
(1.00015 -0.193627 -1.92272e-18)
(0.993069 -0.19327 -2.09993e-18)
(0.986822 -0.190933 0)
(0.981964 -0.186866 0)
(0.978959 -0.181386 0)
(0.978175 -0.174858 0)
(0.979898 -0.167669 -2.86231e-18)
(0.984339 -0.16022 -2.90568e-18)
(0.991679 -0.15291 0)
(1.00199 -0.146119 -2.76285e-18)
(1.01551 -0.140196 4.98496e-18)
(1.03162 -0.135456 0)
(1.05221 -0.13211 0)
(1.06964 -0.13036 0)
(1.106 -0.130411 9.28203e-19)
(0.975035 0.218503 8.32697e-18)
(0.977128 0.207478 0)
(0.979624 0.200813 1.42509e-17)
(0.980944 0.197727 0)
(0.98075 0.195188 6.20261e-18)
(0.979843 0.191833 0)
(0.978663 0.187922 5.46274e-18)
(0.977192 0.183684 0)
(0.975618 0.179021 -5.02678e-18)
(0.97446 0.173934 0)
(0.9743 0.168596 8.86189e-18)
(0.975623 0.16317 -4.10164e-18)
(0.978726 0.157689 0)
(0.983629 0.152054 7.28771e-18)
(0.989987 0.146115 -1.87031e-19)
(0.997139 0.139789 -6.66136e-18)
(1.00422 0.133214 6.45494e-18)
(1.01055 0.126479 0)
(1.01575 0.119441 0)
(1.01958 0.112004 6.06322e-18)
(1.02188 0.104237 0)
(1.02273 0.0962826 -2.94903e-18)
(1.02233 0.0882626 0)
(1.02095 0.0802473 2.79205e-18)
(1.0189 0.0722699 0)
(1.01642 0.0643452 2.88246e-18)
(1.01372 0.056479 0)
(1.011 0.048667 0)
(1.00838 0.0409046 1.43998e-18)
(1.00595 0.0332116 6.91959e-19)
(1.00378 0.0256363 0)
(1.00191 0.0182394 0)
(1.00042 0.0110784 -1.0886e-18)
(0.999384 0.00419801 0)
(0.998837 -0.00236509 0)
(0.99881 -0.00871723 0)
(0.999367 -0.0150091 -1.79252e-19)
(1.0005 -0.0213803 0)
(1.00211 -0.0279454 -1.1028e-18)
(1.00407 -0.034771 -7.4463e-19)
(1.00619 -0.0418582 7.12742e-19)
(1.00828 -0.0491504 0)
(1.01014 -0.0565419 0)
(1.01161 -0.0638707 1.51029e-18)
(1.01255 -0.0709349 -1.46256e-18)
(1.01294 -0.0775372 -1.48979e-18)
(1.01282 -0.083528 0)
(1.01235 -0.0888313 -5.52491e-20)
(1.01172 -0.0934542 1.65633e-18)
(1.01115 -0.0974872 0)
(1.01085 -0.101099 1.68463e-18)
(1.011 -0.104523 1.75701e-18)
(1.01171 -0.108043 -1.73359e-18)
(1.01299 -0.11196 0)
(1.01474 -0.116566 0)
(1.01672 -0.122092 0)
(1.0186 -0.128657 -1.68889e-18)
(1.01996 -0.136223 0)
(1.02042 -0.144572 0)
(1.01966 -0.153326 0)
(1.01754 -0.161998 3.55253e-18)
(1.0141 -0.170075 -1.73028e-18)
(1.00957 -0.177092 0)
(1.00431 -0.182691 -1.92651e-18)
(0.998767 -0.186638 -2.15726e-18)
(0.993403 -0.188819 4.48935e-18)
(0.988649 -0.189227 -4.78287e-18)
(0.98489 -0.187946 -5.08814e-18)
(0.982457 -0.185146 0)
(0.981628 -0.18107 -5.66864e-18)
(0.982637 -0.176019 0)
(0.985685 -0.170336 0)
(0.990958 -0.164388 0)
(0.998648 -0.158549 6.06311e-18)
(1.00888 -0.153178 -5.82137e-18)
(1.02196 -0.148593 -8.13066e-18)
(1.03738 -0.145053 0)
(1.05705 -0.142691 3.67559e-18)
(1.07371 -0.14159 0)
(1.10858 -0.141764 -1.53194e-18)
(0.975434 0.217691 -9.44534e-18)
(0.979143 0.206093 -9.1944e-18)
(0.983424 0.200249 -1.64136e-17)
(0.985582 0.198002 0)
(0.985489 0.195687 -1.41032e-17)
(0.984791 0.192425 -6.71853e-18)
(0.984208 0.188742 0)
(0.983464 0.18474 1.19731e-17)
(0.982369 0.18022 1.11762e-17)
(0.981055 0.17513 0)
(0.979733 0.169558 -1.00222e-17)
(0.978646 0.163604 0)
(0.978109 0.157329 0)
(0.978456 0.150757 8.6861e-18)
(0.979908 0.14389 8.04856e-18)
(0.982527 0.136763 -1.82346e-19)
(0.986164 0.129587 1.84396e-19)
(0.990548 0.122517 0)
(0.995387 0.115452 0)
(1.00033 0.108272 -6.94748e-18)
(1.00506 0.100956 -7.03809e-18)
(1.00932 0.093542 1.03136e-17)
(1.01304 0.0860778 3.4374e-18)
(1.0162 0.0785896 3.40881e-18)
(1.01883 0.0710869 0)
(1.02097 0.0635692 -3.25601e-18)
(1.02265 0.0560341 0)
(1.02392 0.0484813 0)
(1.02482 0.0409199 -3.29015e-18)
(1.02536 0.033378 0)
(1.02557 0.0259033 0)
(1.02551 0.0185521 0)
(1.02524 0.0113772 8.20991e-19)
(1.02485 0.00441818 -4.28468e-19)
(1.02447 -0.00234653 2.14401e-19)
(1.02413 -0.00895269 0)
(1.02392 -0.0154896 0)
(1.02384 -0.0220577 0)
(1.02382 -0.0287331 8.3163e-19)
(1.02376 -0.0355539 8.3204e-19)
(1.02353 -0.0425096 -1.73054e-18)
(1.02302 -0.0495451 0)
(1.02211 -0.0565721 0)
(1.02074 -0.0634705 -3.46293e-18)
(1.01888 -0.0700962 -1.78621e-18)
(1.01659 -0.0763102 0)
(1.01399 -0.0820114 0)
(1.01126 -0.0871572 1.83313e-18)
(1.00859 -0.0917705 5.12928e-20)
(1.0062 -0.0959387 0)
(1.00427 -0.0998087 0)
(1.00294 -0.103575 -1.99802e-18)
(1.00229 -0.107464 0)
(1.00232 -0.111715 0)
(1.00293 -0.116547 0)
(1.00395 -0.122133 0)
(1.00512 -0.128553 0)
(1.00613 -0.13577 -4.16203e-18)
(1.0067 -0.143613 0)
(1.00661 -0.151787 0)
(1.00573 -0.159912 1.83427e-19)
(1.00408 -0.167575 0)
(1.0018 -0.174383 0)
(0.999117 -0.180011 0)
(0.996301 -0.184219 9.66578e-18)
(0.993635 -0.186868 -5.08458e-18)
(0.991382 -0.187909 5.40939e-18)
(0.989779 -0.187386 2.54641e-20)
(0.989046 -0.18543 0)
(0.98939 -0.182252 6.39515e-18)
(0.991022 -0.178131 -6.53583e-18)
(0.994165 -0.173402 0)
(0.999056 -0.168426 0)
(1.00597 -0.163574 -1.50227e-19)
(1.01511 -0.159198 6.58438e-18)
(1.02691 -0.155596 6.07899e-18)
(1.04096 -0.152976 0)
(1.05923 -0.151418 -4.17265e-18)
(1.07479 -0.150822 0)
(1.10794 -0.151138 1.15532e-18)
(0.975986 0.216475 0)
(0.981693 0.204217 2.11807e-17)
(0.987771 0.199651 1.87893e-17)
(0.990444 0.198417 0)
(0.990126 0.196245 8.01488e-18)
(0.989277 0.192985 -7.75598e-18)
(0.988781 0.189404 0)
(0.988293 0.185482 -1.35385e-17)
(0.987628 0.181024 0)
(0.986876 0.176027 0)
(0.986072 0.170551 0)
(0.98519 0.164624 0)
(0.984264 0.158254 0)
(0.983418 0.151444 1.82714e-19)
(0.982796 0.144203 -9.50209e-18)
(0.982541 0.136584 -1.82194e-19)
(0.982796 0.128841 1.83631e-19)
(0.983659 0.121211 0)
(0.985129 0.113673 0)
(0.987083 0.106152 0)
(0.989335 0.0986286 -2.02785e-19)
(0.991718 0.091125 2.06679e-19)
(0.994122 0.0836672 -3.93636e-18)
(0.996474 0.0762623 -3.90481e-18)
(0.99872 0.0689011 0)
(1.00081 0.0615672 -3.96835e-18)
(1.00269 0.0542467 3.95554e-18)
(1.00433 0.0469325 0)
(1.00568 0.0396277 1.91667e-18)
(1.00672 0.0323511 1.97655e-18)
(1.00744 0.0251371 0)
(1.00786 0.0180288 0)
(1.00801 0.0110628 1.00219e-18)
(1.00798 0.00428038 -1.45496e-20)
(1.00787 -0.00237237 -4.96149e-19)
(1.00774 -0.00890982 0)
(1.00763 -0.0153867 0)
(1.00757 -0.0218771 -1.01152e-18)
(1.00751 -0.0284406 0)
(1.00737 -0.0351035 -1.01515e-18)
(1.00707 -0.0418536 -6.1568e-20)
(1.00654 -0.0486434 0)
(1.00569 -0.0553977 2.05781e-18)
(1.00451 -0.0620184 4.08974e-18)
(1.00299 -0.0683925 2.03916e-18)
(1.0012 -0.0744153 0)
(0.999229 -0.0800143 -4.334e-18)
(0.997235 -0.085165 0)
(0.995378 -0.0898961 -2.20055e-18)
(0.993821 -0.0942885 0)
(0.992712 -0.0984699 0)
(0.992165 -0.102605 0)
(0.992243 -0.106883 0)
(0.99295 -0.111496 0)
(0.994218 -0.116622 -4.87952e-18)
(0.995908 -0.122393 4.88831e-18)
(0.997823 -0.128869 0)
(0.999729 -0.136014 4.72372e-18)
(1.00139 -0.143684 -4.8869e-18)
(1.00262 -0.15163 0)
(1.00329 -0.159529 -4.79341e-18)
(1.00337 -0.167021 0)
(1.0029 -0.173749 0)
(1.00199 -0.179403 0)
(1.00078 -0.18374 -5.50287e-18)
(0.99942 -0.186603 5.84928e-18)
(0.998069 -0.187925 -6.13298e-18)
(0.996891 -0.18773 1.28839e-17)
(0.996072 -0.18614 -6.73899e-18)
(0.995832 -0.183364 0)
(0.996431 -0.179688 7.38498e-18)
(0.998175 -0.175457 -7.46763e-18)
(1.0014 -0.171045 0)
(1.00649 -0.16683 -1.20089e-19)
(1.01375 -0.163156 -7.22264e-18)
(1.0237 -0.160314 0)
(1.03604 -0.158452 0)
(1.0528 -0.157643 -4.67004e-18)
(1.06726 -0.157469 0)
(1.09918 -0.158114 -1.31567e-18)
(0.976761 0.214805 0)
(0.984936 0.202012 -1.2203e-17)
(0.992772 0.199208 -1.06852e-17)
(0.995652 0.198996 0)
(0.994987 0.196879 1.83929e-17)
(0.993964 0.193646 1.73683e-17)
(0.993399 0.190154 0)
(0.992842 0.186223 1.5635e-17)
(0.99218 0.181708 -1.48464e-17)
(0.991586 0.176691 0)
(0.99111 0.171238 0)
(0.990682 0.165356 0)
(0.990243 0.159037 0)
(0.989772 0.152263 -1.12927e-17)
(0.989258 0.145023 -1.10965e-17)
(0.988709 0.137339 1.01971e-17)
(0.988197 0.129448 -3.01815e-17)
(0.987846 0.121598 0)
(0.987737 0.113809 0)
(0.987874 0.106042 9.66811e-18)
(0.988206 0.0982991 1.89058e-17)
(0.988681 0.090611 -9.25547e-18)
(0.989269 0.0830072 0)
(0.989951 0.0754962 0)
(0.990704 0.0680694 -4.64035e-18)
(0.991496 0.0607113 9.13995e-18)
(0.992287 0.0534075 -9.11668e-18)
(0.993034 0.0461492 0)
(0.993696 0.0389352 0)
(0.99424 0.0317766 -2.25242e-18)
(0.994643 0.0246965 0)
(0.994906 0.0177234 2.32724e-18)
(0.995051 0.0108839 -1.14181e-18)
(0.995139 0.00418206 -1.42428e-20)
(0.995226 -0.00241668 -7.11021e-21)
(0.995349 -0.00892607 0)
(0.995541 -0.0153848 0)
(0.995814 -0.0218528 -2.87919e-20)
(0.996136 -0.028376 1.18056e-18)
(0.996451 -0.0349708 3.51982e-18)
(0.99669 -0.0416217 4.68661e-18)
(0.996786 -0.0482848 2.38343e-18)
(0.996685 -0.0548941 -2.3368e-18)
(0.99635 -0.0613673 -2.35669e-18)
(0.995775 -0.0676148 2.44266e-18)
(0.994994 -0.073556 0)
(0.994083 -0.0791381 4.91403e-18)
(0.993147 -0.0843479 -5.11133e-18)
(0.992312 -0.0892176 0)
(0.991708 -0.0938226 0)
(0.991458 -0.0982774 0)
(0.991659 -0.102726 0)
(0.992372 -0.107329 0)
(0.993609 -0.112251 0)
(0.995323 -0.117634 5.51013e-18)
(0.997406 -0.123584 -1.11666e-17)
(0.999699 -0.130143 -5.65717e-18)
(1.00201 -0.137269 5.66234e-18)
(1.00412 -0.144829 5.50971e-18)
(1.00584 -0.1526 -5.70438e-18)
(1.00703 -0.160288 5.76241e-18)
(1.00758 -0.16756 0)
(1.00745 -0.174079 5.99266e-18)
(1.00663 -0.179541 -6.17234e-18)
(1.00516 -0.183701 0)
(1.00313 -0.186397 -1.32539e-17)
(1.00063 -0.187562 6.92532e-18)
(0.997847 -0.187231 -1.45462e-17)
(0.995019 -0.185543 7.63573e-18)
(0.992458 -0.182734 0)
(0.990543 -0.179119 8.20183e-18)
(0.989708 -0.175064 8.5179e-18)
(0.990407 -0.170958 -8.53104e-18)
(0.993123 -0.167185 -8.5744e-18)
(0.998249 -0.164077 8.28663e-18)
(1.00636 -0.161916 0)
(1.01722 -0.16078 0)
(1.03294 -0.160786 5.3737e-18)
(1.04674 -0.161046 0)
(1.0787 -0.162371 1.5171e-18)
(0.977833 0.212618 1.61841e-17)
(0.988995 0.199652 0)
(0.998473 0.199062 -2.40542e-17)
(1.00126 0.199739 2.17907e-17)
(1.00018 0.197597 -2.078e-17)
(0.999037 0.194444 1.99306e-17)
(0.998409 0.191046 0)
(0.997738 0.187075 1.60047e-19)
(0.996965 0.182477 1.67615e-17)
(0.996305 0.177394 0)
(0.995828 0.171891 0)
(0.995489 0.16597 0)
(0.995249 0.159632 2.7643e-17)
(0.995081 0.152863 0)
(0.994942 0.145648 2.46246e-17)
(0.994783 0.137993 0)
(0.994593 0.13011 4.60441e-17)
(0.994413 0.122235 0)
(0.994284 0.114396 0)
(0.99421 0.106567 -2.20073e-17)
(0.994168 0.0987539 -1.07768e-17)
(0.994144 0.0909902 0)
(0.994143 0.0833057 0)
(0.994182 0.0757129 0)
(0.994272 0.0682091 5.23978e-18)
(0.99441 0.060785 -5.22215e-18)
(0.994584 0.0534311 -1.08472e-19)
(0.994776 0.0461409 0)
(0.994962 0.0389134 5.32025e-18)
(0.995122 0.031757 0)
(0.995244 0.0246893 0)
(0.995327 0.0177292 -2.63029e-18)
(0.995391 0.0108918 1.34896e-18)
(0.995465 0.00417191 -1.41944e-20)
(0.995586 -0.0024517 3.30435e-19)
(0.995784 -0.00899929 0)
(0.996081 -0.0155052 0)
(0.996486 -0.0220158 1.32835e-18)
(0.996975 -0.0285656 -1.3308e-18)
(0.997501 -0.0351641 -2.66743e-18)
(0.998007 -0.041794 -2.67529e-18)
(0.998431 -0.0484138 -2.68645e-18)
(0.99872 -0.0549637 0)
(0.998835 -0.0613722 0)
(0.99876 -0.0675641 -2.75239e-18)
(0.998509 -0.0734742 -5.69061e-18)
(0.998131 -0.0790626 0)
(0.997704 -0.0843253 1.1621e-17)
(0.997324 -0.0892981 0)
(0.997095 -0.0940548 0)
(0.99712 -0.0987019 -6.1678e-18)
(0.997484 -0.103369 6.26136e-18)
(0.998241 -0.108199 6.34268e-18)
(0.999403 -0.113329 0)
(1.00093 -0.11888 6.45648e-18)
(1.00272 -0.124932 1.28451e-17)
(1.00462 -0.131507 -1.43821e-19)
(1.00645 -0.138554 -6.37269e-18)
(1.00797 -0.145936 0)
(1.00897 -0.153436 6.42418e-18)
(1.00924 -0.160771 1.62393e-19)
(1.0086 -0.167617 0)
(1.00693 -0.173649 -1.36704e-17)
(1.00417 -0.178569 -1.16685e-19)
(1.00031 -0.182147 0)
(0.995445 -0.184242 7.55844e-18)
(0.989753 -0.184816 0)
(0.983515 -0.183948 8.29925e-18)
(0.977119 -0.181819 -8.67121e-18)
(0.971033 -0.178709 -9.04045e-18)
(0.965788 -0.174962 -9.44678e-18)
(0.961946 -0.170966 9.64684e-18)
(0.960055 -0.167114 9.87302e-18)
(0.960654 -0.16378 0)
(0.964157 -0.161274 0)
(0.971158 -0.159861 0)
(0.981358 -0.15954 0)
(0.997066 -0.160529 0)
(1.01106 -0.161322 0)
(1.04494 -0.163787 0)
(0.979275 0.209853 1.98541e-17)
(0.993932 0.197334 0)
(1.00486 0.199296 2.71994e-17)
(1.00729 0.20062 -2.19976e-20)
(1.00582 0.198419 0)
(1.0046 0.195402 -4.50714e-17)
(1.00392 0.19208 0)
(1.00316 0.18805 -2.00731e-17)
(1.00231 0.183373 1.92641e-17)
(1.00158 0.178228 -1.83335e-17)
(1.00104 0.172661 3.48708e-17)
(1.00064 0.166673 -3.3162e-17)
(1.00038 0.160272 -3.11693e-17)
(1.00023 0.153453 0)
(1.00018 0.146206 2.85628e-17)
(1.00018 0.138535 0)
(1.00023 0.130637 -5.27075e-17)
(1.0003 0.122746 2.61208e-17)
(1.00043 0.114891 0)
(1.00057 0.107048 1.2511e-17)
(1.00071 0.0992226 0)
(1.00083 0.0914411 0)
(1.00092 0.0837302 -1.23739e-17)
(1.001 0.0761026 0)
(1.00108 0.0685584 0)
(1.00118 0.0610917 0)
(1.00128 0.0536964 5.98967e-18)
(1.00139 0.0463687 0)
(1.00149 0.0391084 1.11608e-19)
(1.00157 0.0319241 6.11409e-18)
(1.00162 0.0248305 0)
(1.00166 0.0178421 0)
(1.00168 0.0109641 -1.51281e-18)
(1.00173 0.00419734 7.56576e-19)
(1.00183 -0.0024786 0)
(1.00202 -0.00908929 3.86422e-19)
(1.0023 -0.0156655 7.74395e-19)
(1.00269 -0.022243 0)
(1.00317 -0.0288478 0)
(1.00371 -0.035484 3.12013e-18)
(1.00424 -0.0421315 0)
(1.00472 -0.0487488 -3.14404e-18)
(1.00509 -0.0552788 3.16199e-18)
(1.00531 -0.0616558 0)
(1.00533 -0.0678137 0)
(1.00517 -0.0736978 -1.14193e-19)
(1.00484 -0.0792779 0)
(1.00439 -0.0845573 -6.58982e-18)
(1.00389 -0.0895753 6.80845e-18)
(1.00343 -0.0944051 0)
(1.00308 -0.0991471 6.93614e-18)
(1.00292 -0.10392 1.05058e-19)
(1.00299 -0.108848 -7.13751e-18)
(1.00329 -0.11405 0)
(1.00377 -0.11962 -7.27217e-18)
(1.00431 -0.125614 -7.31306e-18)
(1.00473 -0.132032 1.48274e-17)
(1.00483 -0.138804 0)
(1.00434 -0.145782 7.56068e-18)
(1.00299 -0.152744 7.61815e-18)
(1.00052 -0.15941 1.56852e-19)
(0.996736 -0.165469 0)
(0.99149 -0.170613 2.38605e-17)
(0.984745 -0.174578 8.10684e-18)
(0.976579 -0.177171 -1.69897e-17)
(0.967202 -0.178305 0)
(0.956952 -0.178 -1.84015e-17)
(0.946295 -0.176391 -1.92353e-17)
(0.935793 -0.17371 1.0078e-17)
(0.926073 -0.170274 1.05399e-17)
(0.917782 -0.166447 -2.18224e-17)
(0.911553 -0.162617 1.11869e-17)
(0.90796 -0.159162 0)
(0.907526 -0.156427 0)
(0.910614 -0.154684 2.22379e-17)
(0.91778 -0.154182 0)
(0.928607 -0.154829 0)
(0.945641 -0.157012 0)
(0.960872 -0.158493 0)
(0.998723 -0.162551 0)
(0.981152 0.206468 -4.33689e-17)
(0.999746 0.195257 -3.76356e-17)
(1.01186 0.199927 -2.99324e-17)
(1.01377 0.201609 -5.71417e-21)
(1.01196 0.199375 0)
(1.01072 0.196539 2.54171e-17)
(1.01002 0.193258 0)
(1.00921 0.189154 0)
(1.00833 0.184408 -2.16643e-17)
(1.00758 0.179208 2.0621e-17)
(1.00701 0.173581 -7.88276e-17)
(1.00658 0.167528 3.73128e-17)
(1.00626 0.16106 3.58758e-17)
(1.00607 0.154178 3.41565e-17)
(1.00598 0.146874 3.77424e-19)
(1.00598 0.13915 0)
(1.00604 0.131204 6.01419e-17)
(1.00617 0.123266 -2.94069e-17)
(1.00637 0.11537 0)
(1.00662 0.107495 -2.90201e-17)
(1.00687 0.0996446 0)
(1.00711 0.0918408 -1.4234e-17)
(1.00732 0.0841062 1.39247e-17)
(1.00752 0.0764519 1.40581e-17)
(1.00771 0.0688779 1.40005e-17)
(1.00789 0.0613796 1.39608e-17)
(1.00806 0.0539529 0)
(1.00821 0.0465951 0)
(1.00834 0.0393061 -6.86026e-18)
(1.00843 0.0320948 -6.87371e-18)
(1.00849 0.0249744 0)
(1.00851 0.0179552 0)
(1.00851 0.0110412 -1.75398e-18)
(1.00853 0.00423023 0)
(1.00858 -0.00249827 -4.39238e-19)
(1.00869 -0.00917014 -4.3291e-19)
(1.00888 -0.0158116 1.43978e-20)
(1.00914 -0.0224508 0)
(1.00947 -0.0291064 -3.54703e-18)
(1.00981 -0.0357767 5.93744e-20)
(1.01011 -0.042437 3.57086e-18)
(1.01031 -0.0490434 3.52731e-18)
(1.01034 -0.0555384 -3.54875e-18)
(1.01014 -0.0618582 0)
(1.00966 -0.0679413 0)
(1.00887 -0.0737394 7.31417e-18)
(1.00778 -0.0792292 0)
(1.00643 -0.0844196 0)
(1.00486 -0.0893534 -1.54469e-17)
(1.00316 -0.0941037 0)
(1.00139 -0.0987664 0)
(0.999619 -0.10345 -8.07752e-18)
(0.997875 -0.108265 0)
(0.996139 -0.113307 -8.41627e-18)
(0.994334 -0.118647 0)
(0.992319 -0.124316 0)
(0.989889 -0.130288 -1.71698e-17)
(0.986787 -0.136475 -1.74357e-17)
(0.982728 -0.142716 8.9387e-18)
(0.977426 -0.14879 -8.72464e-18)
(0.970634 -0.15443 -8.84806e-18)
(0.962181 -0.159351 0)
(0.952006 -0.163287 -3.72366e-17)
(0.940188 -0.166027 0)
(0.926962 -0.167445 3.97493e-17)
(0.912714 -0.167517 -2.07526e-17)
(0.897968 -0.166327 2.15978e-17)
(0.883355 -0.164063 2.26526e-17)
(0.869574 -0.160995 0)
(0.857339 -0.157452 -2.48111e-17)
(0.847339 -0.153796 2.58774e-17)
(0.840199 -0.150394 -2.66893e-17)
(0.836443 -0.147587 0)
(0.836523 -0.145685 0)
(0.840702 -0.144909 1.79536e-20)
(0.84947 -0.145494 0)
(0.862237 -0.14725 0)
(0.88186 -0.1508 0)
(0.899261 -0.153135 0)
(0.942873 -0.159147 0)
(0.983507 0.202469 0)
(1.00638 0.193567 1.98156e-19)
(1.01938 0.200876 3.36378e-17)
(1.02068 0.202656 -6.20593e-17)
(1.01864 0.200478 0)
(1.01745 0.197851 0)
(1.01676 0.194575 0)
(1.01593 0.190389 2.5868e-17)
(1.01505 0.185583 0)
(1.0143 0.180331 0)
(1.01372 0.174644 4.44276e-17)
(1.01326 0.168527 -4.26731e-17)
(1.0129 0.161993 3.79672e-19)
(1.01266 0.155046 -3.83506e-17)
(1.01251 0.147678 -3.65315e-17)
(1.01243 0.139892 0)
(1.01243 0.131882 3.80942e-19)
(1.01249 0.12388 0)
(1.01262 0.115924 0)
(1.0128 0.107997 -4.03434e-19)
(1.01299 0.100101 0)
(1.01318 0.0922566 1.59975e-17)
(1.01334 0.0844833 0)
(1.01347 0.076791 -1.57995e-17)
(1.01359 0.0691797 2.15079e-19)
(1.01369 0.0616453 -1.56892e-17)
(1.01375 0.0541854 -7.94135e-18)
(1.01377 0.046798 0)
(1.01374 0.0394824 0)
(1.01363 0.032248 7.96349e-18)
(1.01347 0.0251065 0)
(1.01324 0.0180654 0)
(1.01295 0.0111277 3.95374e-18)
(1.01261 0.00428924 0)
(1.01224 -0.00246856 9.9112e-19)
(1.01186 -0.00916899 0)
(1.01145 -0.0158345 -9.89184e-19)
(1.01101 -0.0224861 -2.01347e-18)
(1.01051 -0.0291344 3.9824e-18)
(1.00989 -0.0357703 -3.99746e-18)
(1.00909 -0.0423629 -4.01539e-18)
(1.00802 -0.0488633 0)
(1.0066 -0.0552114 0)
(1.00476 -0.0613439 0)
(1.00247 -0.0672029 8.40744e-18)
(0.999688 -0.0727468 0)
(0.996444 -0.0779602 0)
(0.992785 -0.0828599 0)
(0.988786 -0.0874946 -1.02272e-19)
(0.984532 -0.0919394 0)
(0.980104 -0.0962868 -9.28644e-18)
(0.975556 -0.100636 -9.4574e-18)
(0.970901 -0.105082 -9.6198e-18)
(0.966097 -0.109701 9.65801e-18)
(0.961036 -0.114539 0)
(0.955544 -0.119604 0)
(0.949386 -0.12485 9.99714e-18)
(0.94229 -0.130173 2.01927e-17)
(0.933971 -0.135414 -2.04122e-17)
(0.924173 -0.140362 0)
(0.912706 -0.144778 0)
(0.899493 -0.148421 0)
(0.8846 -0.151083 2.20599e-17)
(0.868255 -0.152619 -2.29698e-17)
(0.850852 -0.152966 -2.3655e-17)
(0.832931 -0.152165 2.46761e-17)
(0.815151 -0.150348 -2.58968e-17)
(0.798243 -0.147736 0)
(0.78296 -0.144609 2.84089e-17)
(0.770031 -0.141293 2.97221e-17)
(0.760117 -0.138124 3.08712e-17)
(0.753779 -0.135432 0)
(0.751457 -0.133516 0)
(0.753507 -0.132641 3.22685e-17)
(0.760082 -0.132987 6.28192e-20)
(0.771596 -0.134771 2.90343e-17)
(0.787302 -0.137717 0)
(0.810458 -0.142721 0)
(0.830612 -0.146033 0)
(0.88111 -0.154208 0)
(0.98634 0.197925 -6.17389e-17)
(1.01372 0.192422 5.3158e-19)
(1.02734 0.202083 -3.64346e-17)
(1.02804 0.203759 3.46889e-17)
(1.02584 0.20174 0)
(1.02462 0.1993 0)
(1.02379 0.195967 0)
(1.02276 0.191673 -2.88935e-17)
(1.02165 0.186781 0)
(1.02064 0.181442 0)
(1.01976 0.175661 5.04946e-17)
(1.01899 0.169447 -3.78333e-19)
(1.01832 0.16282 -4.55245e-17)
(1.01774 0.155783 0)
(1.01724 0.148331 0)
(1.01681 0.140464 0)
(1.01644 0.132374 -7.75053e-17)
(1.01613 0.124296 0)
(1.01587 0.116271 0)
(1.01565 0.108283 3.70796e-17)
(1.01541 0.100334 0)
(1.01515 0.0924432 0)
(1.01482 0.0846288 0)
(1.01444 0.0768998 -1.82149e-17)
(1.01399 0.0692567 -3.60884e-17)
(1.01347 0.0616968 1.81094e-17)
(1.01286 0.0542186 -9.15351e-18)
(1.01213 0.0468234 0)
(1.01128 0.0395026 9.05816e-18)
(1.0103 0.0322804 -8.95309e-18)
(1.00917 0.0251616 0)
(1.00787 0.0181515 0)
(1.0064 0.0112543 -6.76675e-18)
(1.00474 0.00446603 -2.26944e-18)
(1.00292 -0.00222878 -1.13115e-18)
(1.00093 -0.00884999 0)
(0.998765 -0.0154153 0)
(0.996387 -0.0219382 2.27663e-18)
(0.993755 -0.0284212 4.63242e-18)
(0.990804 -0.0348477 -4.65777e-18)
(0.987457 -0.0411808 4.68664e-18)
(0.98364 -0.0473685 0)
(0.979289 -0.053351 0)
(0.974364 -0.059069 0)
(0.968857 -0.0644729 -9.63421e-18)
(0.962797 -0.0695321 9.88339e-18)
(0.956251 -0.0742434 0)
(0.949313 -0.078634 0)
(0.942091 -0.0827598 -9.50201e-20)
(0.934689 -0.0866978 0)
(0.927186 -0.0905363 1.07909e-17)
(0.919621 -0.0943641 -9.44139e-20)
(0.911977 -0.0982593 2.25485e-17)
(0.904174 -0.102279 0)
(0.896062 -0.106449 0)
(0.887433 -0.110757 0)
(0.878032 -0.115145 2.40739e-17)
(0.867582 -0.119505 0)
(0.85582 -0.123685 -2.47169e-17)
(0.842538 -0.127499 0)
(0.827624 -0.130746 -2.55579e-17)
(0.811099 -0.133236 0)
(0.793144 -0.134817 0)
(0.774108 -0.135403 2.754e-17)
(0.754497 -0.13499 0)
(0.734948 -0.13366 0)
(0.716189 -0.131577 3.12111e-17)
(0.698985 -0.128971 0)
(0.684091 -0.12612 -6.8503e-17)
(0.672207 -0.123326 3.57461e-17)
(0.663933 -0.120891 -3.71012e-17)
(0.659757 -0.119106 3.81129e-17)
(0.660033 -0.118226 -3.86267e-17)
(0.665025 -0.118478 4.89442e-20)
(0.674784 -0.119994 9.73027e-20)
(0.689726 -0.123005 -3.34164e-17)
(0.708891 -0.127138 -2.90249e-17)
(0.736003 -0.133578 0)
(0.759018 -0.137907 1.43581e-17)
(0.816765 -0.148292 -7.05851e-18)
(0.989625 0.192955 6.51392e-17)
(1.02178 0.191898 8.59732e-19)
(1.03581 0.203484 6.2029e-19)
(1.03563 0.204919 -3.86603e-17)
(1.0326 0.203038 0)
(1.0303 0.200576 3.58741e-17)
(1.02804 0.196954 0)
(1.02541 0.192345 0)
(1.02264 0.187166 0)
(1.01998 0.181555 0)
(1.0175 0.17552 3.67824e-19)
(1.0152 0.169081 5.38929e-17)
(1.01308 0.16226 0)
(1.01114 0.155062 0)
(1.00935 0.147478 0)
(1.00765 0.139506 -4.51323e-17)
(1.00606 0.131335 -3.6913e-19)
(1.00457 0.123198 0)
(1.00315 0.115133 0)
(1.00176 0.107125 0)
(1.00033 0.0991741 -4.23203e-17)
(0.99882 0.0912962 -2.10162e-17)
(0.997198 0.0835079 0)
(0.995445 0.075818 2.06206e-17)
(0.993546 0.0682274 4.1335e-17)
(0.991484 0.0607341 -2.05355e-17)
(0.989241 0.0533407 -2.07577e-19)
(0.986787 0.0460315 0)
(0.984112 0.0388381 -2.06725e-17)
(0.981181 0.0317714 1.03816e-17)
(0.977967 0.024827 0)
(0.97446 0.0180123 0)
(0.970662 0.011333 5.1604e-18)
(0.966582 0.00478604 -2.58233e-20)
(0.962224 -0.00164147 6.50842e-19)
(0.957582 -0.00796599 0)
(0.952636 -0.0142008 -2.66055e-18)
(0.947353 -0.0203536 0)
(0.94168 -0.0264208 5.16239e-20)
(0.935554 -0.0323818 5.38561e-18)
(0.928914 -0.0381983 -5.43215e-18)
(0.921713 -0.0438206 -1.1072e-17)
(0.913931 -0.0491953 0)
(0.905584 -0.0542734 -1.13357e-17)
(0.896726 -0.0590185 1.15019e-17)
(0.887451 -0.0634145 -1.16032e-17)
(0.877881 -0.0674712 0)
(0.868151 -0.0712257 -1.2159e-17)
(0.85839 -0.0747382 1.23425e-17)
(0.848701 -0.0780844 0)
(0.839141 -0.0813448 0)
(0.829711 -0.0845955 1.32006e-17)
(0.820348 -0.0878978 -1.34767e-17)
(0.810918 -0.0912906 0)
(0.801228 -0.0947827 0)
(0.79103 -0.0983479 0)
(0.78005 -0.101921 -5.78264e-17)
(0.768011 -0.105398 0)
(0.75467 -0.108642 2.96773e-17)
(0.739863 -0.111494 0)
(0.723538 -0.11379 3.07833e-17)
(0.705792 -0.115388 3.16882e-17)
(0.686886 -0.116185 0)
(0.667247 -0.116145 3.36164e-17)
(0.647452 -0.115302 3.48559e-17)
(0.62819 -0.113769 0)
(0.610218 -0.111723 -3.78573e-17)
(0.594307 -0.109396 0)
(0.581191 -0.107048 -1.50104e-20)
(0.571528 -0.104954 5.83602e-21)
(0.56586 -0.103382 0)
(0.564608 -0.102581 1.66721e-20)
(0.568049 -0.102768 4.56466e-17)
(0.576381 -0.104136 -4.45675e-17)
(0.589607 -0.106782 -4.20259e-17)
(0.608105 -0.11095 0)
(0.630699 -0.116174 3.29298e-17)
(0.661679 -0.123922 0)
(0.687206 -0.129216 -1.61204e-17)
(0.751808 -0.141694 7.87015e-18)
(0.993547 0.187731 0)
(1.03075 0.191951 4.78356e-17)
(1.04375 0.204768 4.08316e-17)
(1.03991 0.205567 -1.02057e-19)
(1.03196 0.203219 0)
(1.02393 0.199931 -7.95791e-17)
(1.01579 0.195292 0)
(1.00755 0.189754 7.29276e-17)
(0.999673 0.183786 0)
(0.992456 0.177517 0)
(0.985975 0.170959 3.42778e-19)
(0.980182 0.164126 0)
(0.974998 0.157028 -5.89261e-17)
(0.97033 0.149657 5.63782e-17)
(0.966069 0.141991 5.39314e-17)
(0.962092 0.134016 1.0285e-16)
(0.958379 0.125906 5.02722e-17)
(0.95492 0.117882 0)
(0.951631 0.109972 0)
(0.948406 0.102155 4.91787e-17)
(0.945146 0.0944245 4.84934e-17)
(0.941776 0.0867922 2.41179e-17)
(0.938245 0.0792714 0)
(0.934525 0.0718695 0)
(0.930594 0.0645873 -2.39378e-17)
(0.926435 0.0574232 0)
(0.922024 0.0503755 2.39691e-17)
(0.917342 0.0434443 0)
(0.91236 0.0366755 2.41068e-17)
(0.907063 0.0300484 -1.20182e-17)
(0.901449 0.0235643 1.2137e-17)
(0.895528 0.0172348 0)
(0.889315 0.0110647 0)
(0.882825 0.00505001 3.05682e-18)
(0.876065 -0.000821127 0)
(0.869025 -0.00656305 -7.81223e-19)
(0.86168 -0.0121865 3.12931e-18)
(0.853986 -0.0176958 0)
(0.845889 -0.0230855 -6.37433e-18)
(0.837334 -0.0283349 0)
(0.828279 -0.0334097 6.55009e-18)
(0.81871 -0.0382678 1.31692e-17)
(0.808654 -0.0428664 0)
(0.79818 -0.0471699 2.71622e-17)
(0.787397 -0.0511561 -1.37673e-17)
(0.776449 -0.0548222 0)
(0.765496 -0.0581879 0)
(0.754691 -0.0612955 1.46249e-17)
(0.744163 -0.0642045 0)
(0.733995 -0.066984 0)
(0.724206 -0.0697036 -1.57382e-17)
(0.71475 -0.0724244 3.21865e-17)
(0.705508 -0.0751913 0)
(0.696295 -0.0780266 0)
(0.686872 -0.0809253 -3.41202e-17)
(0.676956 -0.0838515 0)
(0.666253 -0.0867376 -1.48966e-19)
(0.654482 -0.0894862 -3.57287e-17)
(0.641416 -0.0919759 -3.62766e-17)
(0.626921 -0.094074 0)
(0.610988 -0.0956523 -3.76069e-17)
(0.593767 -0.0966075 -3.83375e-17)
(0.575577 -0.0968802 0)
(0.556901 -0.0964704 -8.1374e-17)
(0.538361 -0.0954445 -4.20894e-17)
(0.520678 -0.0939325 4.3792e-17)
(0.504622 -0.0921185 4.55217e-17)
(0.490954 -0.0902239 -4.74299e-17)
(0.480379 -0.0884892 9.85498e-17)
(0.473507 -0.087159 -5.09814e-17)
(0.470825 -0.0864648 -5.23948e-17)
(0.472693 -0.0866209 -5.32251e-17)
(0.479328 -0.0878057 0)
(0.490893 -0.0901868 0)
(0.507306 -0.093828 0)
(0.528961 -0.0989819 0)
(0.554434 -0.105101 0)
(0.588673 -0.11391 -2.98733e-17)
(0.615868 -0.120005 0)
(0.686094 -0.134269 0)
(0.9988 0.182496 0)
(1.03779 0.192019 0)
(1.04101 0.204233 4.13591e-17)
(1.0221 0.202593 4.39882e-17)
(0.998573 0.197931 0)
(0.976578 0.192307 4.41775e-17)
(0.956663 0.185627 0)
(0.938865 0.178532 -8.22932e-17)
(0.923383 0.171442 0)
(0.910179 0.164416 0)
(0.898965 0.157403 -1.47339e-16)
(0.88938 0.150364 -7.08939e-17)
(0.881101 0.143262 6.77381e-17)
(0.873845 0.13605 -6.49338e-17)
(0.867355 0.128681 -6.22102e-17)
(0.861394 0.121119 -1.19435e-16)
(0.855891 0.11351 0)
(0.850812 0.106044 5.83962e-17)
(0.846017 0.0987336 0)
(0.841346 0.091549 -1.15006e-16)
(0.836662 0.0844779 5.73801e-17)
(0.831864 0.0775251 0)
(0.826893 0.0706999 -2.8541e-17)
(0.821718 0.0640081 0)
(0.816323 0.0574501 0)
(0.810692 0.0510247 0)
(0.804816 0.0447218 0)
(0.798679 0.0385849 0)
(0.792276 0.0326016 -1.43071e-17)
(0.785609 0.0267603 0)
(0.778691 0.0210743 -2.89015e-17)
(0.771544 0.0155535 -7.284e-18)
(0.764191 0.0101989 0)
(0.756648 0.00500474 0)
(0.74892 -4.04494e-05 -9.32044e-19)
(0.740991 -0.00494952 9.36648e-19)
(0.732823 -0.0097315 0)
(0.724364 -0.0143895 -3.84058e-18)
(0.715555 -0.0189179 0)
(0.706344 -0.0232992 0)
(0.696703 -0.0275052 -1.58609e-17)
(0.686643 -0.0315031 0)
(0.676222 -0.0352618 1.63253e-17)
(0.665545 -0.0387579 -1.65197e-17)
(0.654759 -0.0419811 0)
(0.644035 -0.0449375 0)
(0.633551 -0.0476519 0)
(0.623465 -0.0501662 0)
(0.613892 -0.0525344 -1.83169e-17)
(0.604889 -0.0548155 0)
(0.596438 -0.0570655 1.91147e-17)
(0.588448 -0.0593301 -3.90656e-17)
(0.580755 -0.0616384 3.99619e-17)
(0.57313 -0.0639985 4.07142e-17)
(0.565295 -0.066394 4.13087e-17)
(0.556944 -0.0687826 0)
(0.547765 -0.0710969 4.25519e-17)
(0.53748 -0.0732471 8.64048e-17)
(0.525874 -0.0751289 8.76571e-17)
(0.51284 -0.0766342 -4.45814e-17)
(0.498407 -0.0776667 9.06907e-17)
(0.482771 -0.0781585 4.63683e-17)
(0.466296 -0.078086 0)
(0.449508 -0.0774799 9.77164e-17)
(0.43306 -0.0764289 0)
(0.417684 -0.0750732 -1.04369e-16)
(0.40414 -0.0735935 5.408e-17)
(0.393157 -0.0721952 -2.78859e-20)
(0.385391 -0.0710923 -5.78132e-17)
(0.381392 -0.0704965 0)
(0.381589 -0.0706032 6.0609e-17)
(0.386282 -0.0715923 6.09109e-17)
(0.395645 -0.0736096 0)
(0.409793 -0.0767964 -5.72663e-17)
(0.428578 -0.0811864 5.36759e-17)
(0.452441 -0.0870387 0)
(0.479662 -0.0937416 0)
(0.515937 -0.103217 3.2926e-17)
(0.543366 -0.109793 0)
(0.617001 -0.125305 0)
(1.00402 0.17724 7.54504e-17)
(1.02676 0.189399 0)
(0.997031 0.196787 -8.68918e-17)
(0.944556 0.189392 0)
(0.89556 0.180298 -4.96636e-17)
(0.856807 0.171517 0)
(0.826322 0.162885 0)
(0.80184 0.154763 0)
(0.782098 0.147265 0)
(0.766145 0.140245 -8.89541e-17)
(0.753114 0.133533 8.56056e-17)
(0.74229 0.12701 -2.05557e-19)
(0.733139 0.120588 0)
(0.725248 0.114186 0)
(0.718271 0.107736 0)
(0.711915 0.101188 1.40061e-16)
(0.706082 0.0946558 0)
(0.700726 0.0882899 -6.86533e-17)
(0.695692 0.0820905 0)
(0.690803 0.0760236 -1.99457e-19)
(0.685907 0.0700738 2.01262e-19)
(0.6809 0.0642416 6.81036e-17)
(0.675728 0.0585332 3.39484e-17)
(0.670371 0.0529527 0)
(0.664822 0.0475005 -3.4155e-17)
(0.659075 0.0421765 0)
(0.653128 0.0369788 0)
(0.646992 0.0319271 0)
(0.64066 0.0270043 1.73026e-17)
(0.63414 0.0222184 -1.73864e-17)
(0.627453 0.0175801 1.74418e-17)
(0.620628 0.0130929 8.78338e-18)
(0.613688 0.00875475 0)
(0.606653 0.00455968 0)
(0.599521 0.000497734 1.12808e-18)
(0.592267 -0.00344177 0)
(0.584845 -0.00726603 0)
(0.577194 -0.0109771 9.33322e-18)
(0.569248 -0.0145701 9.45201e-18)
(0.560955 -0.018031 -9.56468e-18)
(0.552294 -0.0213385 -2.14129e-20)
(0.54329 -0.0244685 0)
(0.534019 -0.0274001 4.08932e-20)
(0.524605 -0.0301198 0)
(0.515212 -0.0326252 0)
(0.506024 -0.0349274 -2.0933e-17)
(0.497222 -0.0370518 0)
(0.488957 -0.0390359 0)
(0.481332 -0.040925 2.22182e-17)
(0.474379 -0.0427659 0)
(0.468053 -0.0446005 0)
(0.46223 -0.0464595 4.73526e-17)
(0.456716 -0.0483582 6.35105e-20)
(0.451255 -0.0502928 -4.90014e-17)
(0.445547 -0.0522388 -4.98223e-17)
(0.439276 -0.0541506 -5.0514e-17)
(0.432131 -0.0559637 -5.11605e-17)
(0.423841 -0.0575987 -5.17203e-17)
(0.414215 -0.0589686 -1.04835e-16)
(0.403177 -0.0599902 1.06307e-16)
(0.390795 -0.0605971 -5.39776e-17)
(0.377303 -0.0607534 -5.49997e-17)
(0.363101 -0.0604652 5.62671e-17)
(0.348735 -0.0597863 4.85254e-20)
(0.334857 -0.0588174 -5.92537e-17)
(0.322173 -0.0576978 6.09506e-17)
(0.311392 -0.0565945 2.76027e-20)
(0.303175 -0.0556878 6.45589e-17)
(0.298103 -0.0551595 0)
(0.29665 -0.0551855 0)
(0.299179 -0.0559257 0)
(0.305938 -0.0575271 -6.76368e-17)
(0.317051 -0.0601042 0)
(0.332607 -0.0637738 -9.83365e-20)
(0.352397 -0.0685453 -5.89173e-17)
(0.376929 -0.0746744 0)
(0.40416 -0.0815115 4.56454e-17)
(0.440574 -0.0910917 0)
(0.466206 -0.0976419 0)
(0.539941 -0.113622 1.18093e-17)
(0.997056 0.17083 2.35234e-18)
(0.960101 0.177927 0)
(0.870034 0.174913 4.71796e-17)
(0.779143 0.160016 0)
(0.713832 0.147325 5.61512e-17)
(0.670876 0.137277 0)
(0.64063 0.128669 0)
(0.61766 0.121197 0)
(0.599705 0.114628 1.06078e-16)
(0.58553 0.108681 2.05643e-16)
(0.574162 0.103136 9.94842e-17)
(0.564846 0.097846 1.91827e-16)
(0.55705 0.0927104 0)
(0.550379 0.0876462 8.88282e-17)
(0.544513 0.0825858 8.52749e-17)
(0.539185 0.0774796 -1.63446e-16)
(0.534304 0.0724117 0)
(0.529836 0.0674925 0)
(0.525648 0.0627171 0)
(0.521578 0.0580554 1.61484e-16)
(0.517488 0.0534926 -8.07127e-17)
(0.513287 0.0490272 -8.08056e-17)
(0.508937 0.0446634 -4.05429e-17)
(0.504431 0.0404047 4.06574e-17)
(0.499777 0.036252 4.0746e-17)
(0.494974 0.0322115 0)
(0.490031 0.028276 -4.11781e-17)
(0.484958 0.0244286 0)
(0.479748 0.0206906 -2.07613e-17)
(0.474413 0.0170716 2.08921e-17)
(0.468977 0.0135728 -2.10723e-17)
(0.463469 0.0101936 0)
(0.457916 0.0069317 1.0718e-17)
(0.452334 0.00378249 0)
(0.446719 0.000738386 0)
(0.441042 -0.00220866 0)
(0.435249 -0.00506379 0)
(0.429276 -0.00782813 -5.64536e-18)
(0.423055 -0.0104976 -1.14219e-17)
(0.416533 -0.0130619 1.15578e-17)
(0.409693 -0.0155056 -1.24044e-20)
(0.402563 -0.0178129 0)
(0.395223 -0.0199708 -2.40294e-17)
(0.387801 -0.0219729 -2.44073e-17)
(0.38046 -0.0238217 0)
(0.373377 -0.0255297 2.51942e-17)
(0.366726 -0.0271194 0)
(0.360648 -0.0286218 0)
(0.355228 -0.0300719 2.66643e-17)
(0.350484 -0.031504 5.43628e-17)
(0.346358 -0.0329466 0)
(0.342712 -0.0344177 -5.63446e-17)
(0.339343 -0.0359214 -5.72754e-17)
(0.33599 -0.0374459 0)
(0.332359 -0.0389622 5.88949e-17)
(0.328141 -0.0404257 5.95836e-17)
(0.323045 -0.0417783 6.02149e-17)
(0.316829 -0.0429536 6.08673e-17)
(0.309335 -0.0438844 1.22944e-16)
(0.300521 -0.044512 4.4183e-20)
(0.290492 -0.0447974 -6.29902e-17)
(0.279503 -0.0447314 0)
(0.267959 -0.0443412 -6.50215e-17)
(0.256381 -0.0436917 -1.3265e-16)
(0.245371 -0.0428828 1.35514e-16)
(0.235553 -0.0420394 -6.92966e-17)
(0.22754 -0.0413034 -7.08265e-17)
(0.221887 -0.040822 0)
(0.219073 -0.0407406 -7.35735e-17)
(0.219488 -0.0411967 0)
(0.223423 -0.0423201 0)
(0.231077 -0.0442207 -7.34429e-17)
(0.242535 -0.0469866 0)
(0.257869 -0.0507105 6.81208e-17)
(0.276822 -0.0553834 -6.35958e-17)
(0.299963 -0.0612418 0)
(0.324983 -0.0676418 -4.87654e-17)
(0.358988 -0.0766022 0)
(0.380514 -0.0824867 0)
(0.449875 -0.097908 -1.25186e-17)
(0.943677 0.159905 -7.90563e-17)
(0.79233 0.149735 0)
(0.646354 0.134633 5.26379e-17)
(0.546516 0.116146 0)
(0.491787 0.104372 6.35196e-17)
(0.460778 0.0963128 0)
(0.439226 0.0897674 0)
(0.422515 0.0841938 0)
(0.409476 0.0793796 4.78431e-20)
(0.399337 0.0750958 4.89047e-20)
(0.391307 0.0711537 -1.12776e-16)
(0.384768 0.0674277 -1.09017e-16)
(0.379318 0.0638345 0)
(0.374674 0.0603098 -2.0251e-16)
(0.370599 0.0568015 -9.72957e-17)
(0.366899 0.0532716 1.86823e-16)
(0.363508 0.0497761 0)
(0.360414 0.0463897 9.32288e-17)
(0.35752 0.0431079 9.35521e-17)
(0.354698 0.0399082 -9.38172e-17)
(0.351838 0.0367787 0)
(0.348871 0.0337176 -9.45801e-17)
(0.345782 0.0307283 4.74739e-17)
(0.342579 0.0278139 -4.77098e-17)
(0.339276 0.0249776 4.79983e-17)
(0.335875 0.0222152 0)
(0.332383 0.0195197 -2.68077e-20)
(0.328808 0.0168878 0)
(0.325143 0.0143309 0)
(0.321395 0.0118579 0)
(0.31759 0.00946874 -1.32595e-20)
(0.313756 0.00716306 0)
(0.309919 0.00493934 -1.27309e-17)
(0.306094 0.0027942 6.43388e-18)
(0.302277 0.000722413 0)
(0.298438 -0.00128144 0)
(0.294527 -0.0032206 -6.64667e-18)
(0.290483 -0.00509545 0)
(0.286242 -0.00690294 0)
(0.281754 -0.00863601 1.37483e-17)
(0.277001 -0.0102849 -5.76887e-21)
(0.272008 -0.0118399 -2.815e-17)
(0.266843 -0.0132942 -2.85046e-17)
(0.261619 -0.0146458 2.88743e-17)
(0.256476 -0.0158991 0)
(0.25157 -0.0170652 0)
(0.247051 -0.0181622 0)
(0.243042 -0.0192129 0)
(0.239617 -0.0202422 -3.12351e-17)
(0.236789 -0.0212729 1.82356e-20)
(0.234501 -0.0223225 0)
(0.232626 -0.0233992 0)
(0.230979 -0.0244999 6.65112e-17)
(0.229326 -0.0256091 0)
(0.227404 -0.0266986 0)
(0.224943 -0.0277293 -6.86905e-17)
(0.221697 -0.0286542 0)
(0.217469 -0.0294232 -6.97141e-17)
(0.212141 -0.0299896 -1.40446e-16)
(0.205707 -0.0303178 -7.07465e-17)
(0.198283 -0.0303911 7.13646e-17)
(0.190114 -0.0302175 0)
(0.181556 -0.0298325 7.29764e-17)
(0.17305 -0.0292981 1.47903e-16)
(0.165084 -0.0286987 -7.50292e-17)
(0.158153 -0.0281328 7.61679e-17)
(0.152728 -0.0277083 7.73002e-17)
(0.149231 -0.0275343 0)
(0.148024 -0.027717 -1.86177e-20)
(0.149404 -0.0283555 0)
(0.153587 -0.0295515 0)
(0.160726 -0.0313759 7.75528e-17)
(0.170874 -0.0338941 0)
(0.184089 -0.0371734 0)
(0.2001 -0.041193 6.67245e-17)
(0.219481 -0.04615 -6.02251e-17)
(0.239904 -0.0514721 0)
(0.268422 -0.0589674 -4.08643e-17)
(0.283957 -0.0635509 0)
(0.343167 -0.0770682 0)
(0.781195 0.136258 0)
(0.508929 0.100281 5.5461e-17)
(0.371093 0.0813095 -5.95717e-17)
(0.305403 0.0672005 6.72519e-17)
(0.276719 0.0601223 -1.2043e-20)
(0.260888 0.0554793 6.87761e-17)
(0.248824 0.0516148 0)
(0.239125 0.0483051 1.3307e-16)
(0.231654 0.0454743 -1.30253e-16)
(0.225952 0.0429826 -1.27015e-16)
(0.221468 0.0407057 0)
(0.217818 0.0385613 0)
(0.21478 0.036499 0)
(0.212198 0.0344809 1.11651e-16)
(0.209934 0.0324757 0)
(0.207874 0.0304601 -1.03393e-16)
(0.205987 0.0284653 0)
(0.204272 0.0265349 1.17978e-20)
(0.202672 0.0246661 -1.05112e-16)
(0.2011 0.0228454 0)
(0.199485 0.0210624 0)
(0.19779 0.0193173 1.075e-16)
(0.196013 0.0176128 0)
(0.194172 0.0159512 5.45673e-17)
(0.192278 0.0143344 -5.49828e-17)
(0.190331 0.0127536 0)
(0.188333 0.0112159 5.58644e-17)
(0.186288 0.0097232 0)
(0.184187 0.00826818 0)
(0.182037 0.00686004 0)
(0.179858 0.00549942 2.89201e-17)
(0.177673 0.00418628 0)
(0.175505 0.00291985 0)
(0.173364 0.00169774 -7.45449e-18)
(0.171251 0.000516981 0)
(0.169144 -0.000624715 0)
(0.167006 -0.00172892 -8.97079e-22)
(0.164789 -0.00279562 0)
(0.162443 -0.00382285 0)
(0.159926 -0.0048065 1.76295e-21)
(0.157221 -0.00574122 1.60703e-17)
(0.154337 -0.00662209 3.24861e-17)
(0.151322 -0.0074461 3.28463e-17)
(0.14825 -0.00821332 3.3231e-17)
(0.145222 -0.00892756 0)
(0.14235 -0.00959677 3.40759e-17)
(0.139745 -0.0102327 0)
(0.137501 -0.0108498 0)
(0.135677 -0.011463 3.55475e-17)
(0.134289 -0.0120857 6.45256e-21)
(0.133298 -0.0127268 0)
(0.132614 -0.0133886 -7.40809e-17)
(0.132101 -0.0140651 -1.49873e-16)
(0.131586 -0.0147425 0)
(0.130876 -0.0154005 7.63053e-17)
(0.129774 -0.0160114 7.67839e-17)
(0.128105 -0.0165434 0)
(0.125732 -0.0169653 0)
(0.122585 -0.0172507 7.77076e-17)
(0.118671 -0.0173828 0)
(0.114089 -0.0173584 0)
(0.10902 -0.0171907 0)
(0.103719 -0.0169092 -7.90385e-17)
(0.0984864 -0.0165584 -7.95684e-17)
(0.0936474 -0.0161946 0)
(0.0895227 -0.015881 -8.08049e-17)
(0.0864155 -0.0156852 -8.13943e-17)
(0.0845953 -0.0156745 8.18866e-17)
(0.0842949 -0.0159143 1.6427e-16)
(0.0857045 -0.0164692 0)
(0.0889652 -0.017398 0)
(0.0941787 -0.0187461 0)
(0.101371 -0.0205537 0)
(0.110582 -0.0228614 -7.35355e-17)
(0.121588 -0.0256451 6.83903e-17)
(0.134856 -0.0290405 6.14155e-17)
(0.148495 -0.0326337 -5.25016e-17)
(0.168192 -0.037751 -2.4269e-19)
(0.177009 -0.0405854 0)
(0.218959 -0.0503828 1.4396e-17)
(0.40858 0.0780679 8.07489e-17)
(0.163851 0.0347339 -9.40053e-17)
(0.114654 0.0266908 0)
(0.0943106 0.0215943 5.61826e-21)
(0.0870923 0.0193605 -5.32494e-17)
(0.0827515 0.0178899 -5.29802e-17)
(0.0789343 0.0166276 0)
(0.0758181 0.015542 -1.04011e-16)
(0.0734857 0.0146195 0)
(0.0717409 0.0138128 0)
(0.0703707 0.0130786 0)
(0.0692516 0.0123881 0)
(0.0683214 0.0117248 0)
(0.0675337 0.0110767 9.2313e-17)
(0.0668424 0.0104333 0)
(0.0662111 0.00978696 8.70033e-17)
(0.0656329 0.00914728 8.79037e-17)
(0.0651117 0.00852866 -1.79491e-16)
(0.0646261 0.00793044 0)
(0.0641433 0.00734796 9.30311e-17)
(0.0636369 0.00677649 -9.45267e-17)
(0.0630973 0.00621681 0)
(0.0625299 0.00566969 -4.86677e-17)
(0.0619433 0.00513598 -4.93362e-17)
(0.0613422 0.00461589 0)
(0.0607247 0.00410904 -5.06227e-17)
(0.0600906 0.00361666 5.12454e-17)
(0.0594397 0.00313863 0)
(0.0587667 0.00267399 0)
(0.058074 0.00222385 2.6538e-17)
(0.057372 0.00178826 -2.6845e-17)
(0.056672 0.00136746 0)
(0.0559839 0.000961351 0)
(0.0553158 0.000569012 -6.94524e-18)
(0.0546692 0.000189721 3.51162e-18)
(0.0540371 -0.000176743 0)
(0.0534042 -0.000530786 7.17456e-18)
(0.0527502 -0.000872301 0)
(0.0520515 -0.00120058 0)
(0.0512866 -0.00151434 1.6337e-22)
(0.0504422 -0.00181207 2.97689e-17)
(0.0495176 -0.00209251 0)
(0.0485265 -0.00235512 0)
(0.0474962 -0.00260036 -3.05011e-17)
(0.0464656 -0.00282996 3.0761e-17)
(0.0454818 -0.00304693 -3.10362e-17)
(0.044594 -0.00325545 0)
(0.0438468 -0.00346038 3.16392e-17)
(0.0432717 -0.00366661 -3.19566e-17)
(0.0428814 -0.00387817 9.69352e-22)
(0.0426661 -0.00409739 0)
(0.042592 -0.00432398 -1.48361e-21)
(0.0426035 -0.00455449 1.32219e-16)
(0.042628 -0.00478293 0)
(0.042583 -0.00500194 2.97431e-21)
(0.0423849 -0.00520117 0)
(0.041959 -0.00536943 0)
(0.0412496 -0.00549646 0)
(0.0402286 -0.00557436 6.59616e-17)
(0.0389021 -0.00559915 0)
(0.0373119 -0.00557194 6.52093e-17)
(0.0355328 -0.00549939 0)
(0.0336656 -0.00539342 0)
(0.0318267 -0.00527038 0)
(0.0301389 -0.00515035 0)
(0.0287221 -0.00505525 -2.32424e-21)
(0.0276888 -0.0050082 0)
(0.0271395 -0.00503219 -1.26522e-16)
(0.0271618 -0.00514916 -6.28271e-17)
(0.0278279 -0.00538292 6.21568e-17)
(0.0291928 -0.00574941 0)
(0.0312953 -0.00626689 0)
(0.0341428 -0.0069476 0)
(0.0377511 -0.00780431 5.43126e-17)
(0.0420173 -0.00882648 3.72592e-20)
(0.0471524 -0.0100587 0)
(0.0522982 -0.0113601 3.81332e-17)
(0.0600295 -0.0131913 3.01554e-17)
(0.0626609 -0.014181 0)
(0.0796719 -0.0178861 -1.03246e-17)
)
;

boundaryField
{
    inlet
    {
        type            fixedValue;
        value           uniform (0.97437 0.22495 0);
    }
    outlet
    {
        type            zeroGradient;
    }
    fixedWalls
    {
        type            noSlip;
    }
    frontAndBack
    {
        type            empty;
    }
}


// ************************************************************************* //
