0.25	6
0.5	6
0.75	3
1	4
1.25	3
1.5	3
1.75	4
2	3
2.25	3
2.5	3
2.75	3
3	3
3.25	4
3.5	4
3.75	4
4	4
4.25	4
4.5	4
4.75	4
5	4
5.25	4
5.5	4
5.75	4
6	4
6.25	4
6.5	4
6.75	4
7	4
7.25	4
7.5	4
7.75	3
8	3
8.25	3
8.5	3
8.75	3
9	3
9.25	3
9.5	3
9.75	3
10	3
10.25	3
10.5	3
10.75	3
11	3
11.25	3
11.5	3
11.75	3
12	3
12.25	3
12.5	3
12.75	3
13	3
13.25	3
13.5	3
13.75	3
14	3
14.25	3
14.5	3
14.75	3
15	3
15.25	3
15.5	3
15.75	4
16	4
16.25	4
16.5	4
16.75	4
17	4
17.25	4
17.5	4
17.75	4
18	4
18.25	4
18.5	4
18.75	4
19	4
19.25	4
19.5	4
19.75	4
20	4
20.25	4
20.5	4
20.75	4
21	4
21.25	4
21.5	4
21.75	4
22	4
22.25	4
22.5	4
22.75	4
23	4
23.25	4
23.5	4
23.75	4
24	4
24.25	4
24.5	4
24.75	4
25	3
25.25	3
25.5	3
25.75	3
26	3
26.25	3
26.5	3
26.75	3
27	3
27.25	3
27.5	3
27.75	3
28	3
28.25	3
28.5	3
28.75	3
29	3
29.25	3
29.5	3
29.75	3
30	3
30.25	3
30.5	3
30.75	3
31	3
31.25	3
31.5	3
31.75	3
32	3
32.25	3
32.5	3
32.75	3
33	3
33.25	3
33.5	3
33.75	3
34	3
34.25	3
34.5	3
34.75	3
35	3
35.25	3
35.5	3
35.75	3
36	3
36.25	3
36.5	3
36.75	3
37	3
37.25	3
37.5	3
37.75	3
38	3
38.25	3
38.5	3
38.75	3
39	3
39.25	3
39.5	3
39.75	3
40	4
40.25	4
40.5	4
40.75	4
41	4
41.25	4
41.5	4
41.75	4
42	4
42.25	4
42.5	4
42.75	4
43	4
43.25	4
43.5	4
43.75	3
44	4
44.25	3
44.5	3
44.75	3
45	3
45.25	3
45.5	3
45.75	3
46	3
46.25	3
46.5	3
46.75	3
47	3
47.25	3
47.5	3
47.75	4
48	3
48.25	3
48.5	3
48.75	3
49	3
49.25	3
49.5	4
49.75	3
50	3
50.25	3
50.5	3
50.75	3
51	3
51.25	3
51.5	3
51.75	3
52	4
52.25	4
52.5	4
52.75	4
53	4
53.25	4
53.5	4
53.75	5
54	5
54.25	5
54.5	5
54.75	5
55	5
55.25	5
55.5	5
55.75	5
56	5
56.25	4
56.5	4
56.75	4
57	4
57.25	4
57.5	4
57.75	4
58	4
58.25	4
58.5	4
58.75	4
59	4
59.25	4
59.5	4
59.75	4
60	4
60.25	4
60.5	4
60.75	4
61	4
61.25	4
61.5	4
61.75	4
62	4
62.25	4
62.5	4
62.75	4
63	4
63.25	4
63.5	4
63.75	4
64	4
64.25	4
64.5	4
64.75	4
65	4
65.25	4
65.5	4
65.75	4
66	4
66.25	4
66.5	4
66.75	4
67	4
67.25	4
67.5	4
67.75	4
68	4
68.25	4
68.5	4
68.75	4
69	4
69.25	4
69.5	4
69.75	4
70	4
70.25	4
70.5	4
70.75	4
71	4
71.25	4
71.5	4
71.75	4
72	4
72.25	4
72.5	4
72.75	4
73	4
73.25	4
73.5	4
73.75	4
74	4
74.25	4
74.5	4
74.75	4
75	4
75.25	4
75.5	4
75.75	4
76	4
76.25	4
76.5	4
76.75	4
77	4
77.25	4
77.5	4
77.75	4
78	4
78.25	4
78.5	4
78.75	4
79	4
79.25	4
79.5	4
79.75	4
80	4
80.25	4
80.5	4
80.75	4
81	4
81.25	4
81.5	4
81.75	4
82	4
82.25	4
82.5	4
82.75	4
83	4
83.25	4
83.5	4
83.75	4
84	4
84.25	4
84.5	4
84.75	4
85	4
85.25	4
85.5	4
85.75	4
86	4
86.25	4
86.5	4
86.75	4
87	4
87.25	4
87.5	4
87.75	4
88	4
88.25	4
88.5	4
88.75	4
89	4
89.25	4
89.5	4
89.75	4
90	4
90.25	4
90.5	4
90.75	4
91	4
91.25	4
91.5	4
91.75	4
92	4
92.25	4
92.5	4
92.75	4
93	4
93.25	4
93.5	4
93.75	4
94	4
94.25	4
94.5	4
94.75	4
95	4
95.25	4
95.5	4
95.75	4
96	4
96.25	4
96.5	4
96.75	4
97	4
97.25	4
97.5	4
97.75	4
98	4
98.25	4
98.5	4
98.75	4
99	4
99.25	4
99.5	4
99.75	4
100	4
100.25	4
100.5	4
100.75	4
101	4
101.25	4
101.5	4
101.75	4
102	4
102.25	4
102.5	4
102.75	4
103	4
103.25	4
103.5	4
103.75	4
104	4
104.25	4
104.5	4
104.75	4
105	4
105.25	4
105.5	4
105.75	4
106	4
106.25	4
106.5	4
106.75	4
107	4
107.25	4
107.5	4
107.75	4
108	4
108.25	4
108.5	4
108.75	4
109	4
109.25	4
109.5	4
109.75	4
110	4
110.25	4
110.5	4
110.75	4
111	4
111.25	4
111.5	4
111.75	4
112	4
112.25	4
112.5	4
112.75	4
113	4
113.25	3
113.5	4
113.75	4
114	4
114.25	4
114.5	4
114.75	4
115	4
115.25	4
115.5	4
115.75	4
116	4
116.25	4
116.5	4
116.75	4
117	4
117.25	4
117.5	4
117.75	4
118	4
118.25	4
118.5	4
118.75	4
119	4
119.25	4
119.5	4
119.75	4
120	4
120.25	4
120.5	4
120.75	4
121	4
121.25	4
121.5	4
121.75	4
122	4
122.25	4
122.5	4
122.75	4
123	4
123.25	4
123.5	4
123.75	4
124	4
124.25	4
124.5	4
124.75	4
125	4
125.25	4
125.5	4
125.75	4
126	4
126.25	4
126.5	4
126.75	4
127	4
127.25	4
127.5	4
127.75	4
128	4
128.25	4
128.5	4
128.75	4
129	4
129.25	4
129.5	4
129.75	4
130	4
130.25	4
130.5	4
130.75	4
131	4
131.25	4
131.5	4
131.75	4
132	4
132.25	4
132.5	4
132.75	4
133	4
133.25	4
133.5	4
133.75	4
134	4
134.25	4
134.5	4
134.75	4
135	4
135.25	4
135.5	4
135.75	4
136	4
136.25	4
136.5	4
136.75	4
137	4
137.25	4
137.5	4
137.75	4
138	4
138.25	4
138.5	4
138.75	4
139	4
139.25	4
139.5	4
139.75	4
140	4
140.25	4
140.5	4
140.75	4
141	4
141.25	4
141.5	4
141.75	4
142	4
142.25	4
142.5	4
142.75	4
143	4
143.25	4
143.5	4
143.75	4
144	4
144.25	4
144.5	4
144.75	4
145	4
145.25	4
145.5	4
145.75	4
146	4
146.25	4
146.5	4
146.75	4
147	4
147.25	4
147.5	4
147.75	4
148	4
148.25	4
148.5	4
148.75	4
149	4
149.25	4
149.5	4
149.75	4
150	4
150.25	4
150.5	4
150.75	4
151	4
151.25	4
151.5	4
151.75	4
152	4
152.25	4
152.5	4
152.75	4
153	4
153.25	4
153.5	4
153.75	4
154	4
154.25	4
154.5	4
154.75	4
155	4
155.25	4
155.5	4
155.75	4
156	4
156.25	4
156.5	4
156.75	4
157	4
157.25	4
157.5	4
157.75	4
158	4
158.25	4
158.5	4
158.75	4
159	4
159.25	4
159.5	4
159.75	4
160	4
160.25	4
160.5	4
160.75	4
161	4
161.25	4
161.5	4
161.75	4
162	4
162.25	4
162.5	4
162.75	4
163	4
163.25	4
163.5	4
163.75	4
164	4
164.25	4
164.5	4
164.75	4
165	4
165.25	4
165.5	4
165.75	4
166	4
166.25	4
166.5	4
166.75	4
167	4
167.25	4
167.5	4
167.75	4
168	4
168.25	4
168.5	4
168.75	4
169	4
169.25	4
169.5	4
169.75	4
170	4
170.25	4
170.5	4
170.75	4
171	4
171.25	4
171.5	4
171.75	4
172	4
172.25	4
172.5	4
172.75	4
173	4
173.25	4
173.5	4
173.75	4
174	4
174.25	4
174.5	4
174.75	4
175	4
175.25	4
175.5	4
175.75	4
176	4
176.25	4
176.5	4
176.75	4
177	3
177.25	4
177.5	3
177.75	3
178	3
178.25	3
178.5	3
178.75	3
179	3
179.25	3
179.5	3
179.75	3
180	3
180.25	3
180.5	3
180.75	3
181	3
181.25	2
181.5	3
181.75	2
182	3
182.25	3
182.5	3
182.75	3
183	3
183.25	3
183.5	3
183.75	3
184	3
184.25	3
184.5	3
184.75	3
185	3
185.25	3
185.5	3
185.75	3
186	3
186.25	3
186.5	3
186.75	3
187	3
187.25	3
187.5	3
187.75	3
188	3
188.25	3
188.5	3
188.75	3
189	3
189.25	3
189.5	3
189.75	3
190	3
190.25	3
190.5	3
190.75	3
191	3
191.25	3
191.5	3
191.75	3
192	3
192.25	3
192.5	3
192.75	3
193	3
193.25	3
193.5	3
193.75	3
194	3
194.25	3
194.5	3
194.75	3
195	3
195.25	3
195.5	3
195.75	3
196	3
196.25	3
196.5	3
196.75	3
197	3
197.25	3
197.5	3
197.75	3
198	3
198.25	3
198.5	3
198.75	3
199	3
199.25	3
199.5	3
199.75	3
200	3
200.25	3
200.5	3
200.75	3
201	3
201.25	3
201.5	3
201.75	3
202	3
202.25	3
202.5	2
202.75	2
203	2
203.25	2
203.5	2
203.75	2
204	3
204.25	3
204.5	3
204.75	3
205	3
205.25	3
205.5	3
205.75	3
206	3
206.25	3
206.5	3
206.75	3
207	3
207.25	3
207.5	3
207.75	3
208	3
208.25	3
208.5	3
208.75	3
209	3
209.25	3
209.5	3
209.75	3
210	3
210.25	3
210.5	3
210.75	3
211	3
211.25	3
211.5	3
211.75	3
212	3
212.25	3
212.5	3
212.75	3
213	3
213.25	3
213.5	3
213.75	3
214	3
214.25	3
214.5	3
214.75	3
215	3
215.25	3
215.5	3
215.75	3
216	3
216.25	3
216.5	2
216.75	2
217	2
217.25	2
217.5	2
217.75	2
218	2
218.25	2
218.5	2
218.75	2
219	2
219.25	2
219.5	2
219.75	2
220	2
220.25	2
220.5	2
220.75	2
221	2
221.25	2
221.5	2
221.75	2
222	2
222.25	2
222.5	2
222.75	2
223	2
223.25	2
223.5	2
223.75	2
224	2
224.25	2
224.5	2
224.75	2
225	2
225.25	2
225.5	2
225.75	2
226	2
226.25	2
226.5	2
226.75	2
227	2
227.25	2
227.5	2
227.75	2
228	2
228.25	1
228.5	1
228.75	1
229	1
229.25	1
229.5	1
229.75	1
230	1
230.25	1
230.5	1
230.75	1
231	1
231.25	1
231.5	1
231.75	1
232	1
232.25	1
232.5	1
232.75	1
233	1
233.25	1
233.5	1
233.75	1
234	1
234.25	1
234.5	1
234.75	1
235	1
235.25	1
235.5	1
235.75	1
236	1
236.25	1
236.5	1
236.75	1
237	1
237.25	1
237.5	1
237.75	1
238	1
238.25	1
238.5	1
238.75	1
239	1
239.25	1
239.5	1
239.75	1
240	1
240.25	1
240.5	1
240.75	1
241	1
241.25	1
241.5	1
241.75	1
242	0
242.25	0
242.5	1
242.75	0
243	0
243.25	0
243.5	1
243.75	0
244	0
244.25	0
244.5	1
244.75	0
245	0
245.25	0
245.5	0
245.75	1
246	0
246.25	0
246.5	0
246.75	0
247	1
247.25	0
247.5	0
247.75	0
248	0
248.25	1
248.5	1
248.75	1
249	1
249.25	0
249.5	0
249.75	0
250	1
250.25	1
250.5	1
250.75	1
251	1
251.25	1
251.5	1
251.75	1
252	1
252.25	0
252.5	0
252.75	0
253	0
253.25	1
253.5	1
253.75	1
254	1
254.25	1
254.5	1
254.75	0
255	0
255.25	0
255.5	0
255.75	1
256	1
256.25	1
256.5	1
256.75	1
257	1
257.25	0
257.5	0
257.75	0
258	1
258.25	1
258.5	1
258.75	1
259	1
259.25	1
259.5	1
259.75	1
260	1
260.25	0
260.5	0
260.75	0
261	0
261.25	1
261.5	1
261.75	1
262	1
262.25	1
262.5	1
262.75	1
263	0
263.25	0
263.5	0
263.75	0
264	1
264.25	1
264.5	1
264.75	1
265	1
265.25	1
265.5	0
265.75	0
266	0
266.25	0
266.5	1
266.75	1
267	1
267.25	1
267.5	1
267.75	1
268	0
268.25	0
268.5	0
268.75	1
269	1
269.25	1
269.5	1
269.75	1
270	1
270.25	1
270.5	1
270.75	1
271	1
271.25	0
271.5	0
271.75	0
272	0
272.25	1
272.5	1
272.75	1
273	1
273.25	1
273.5	1
273.75	0
274	0
274.25	0
274.5	0
274.75	1
275	1
275.25	1
275.5	1
275.75	1
276	1
276.25	0
276.5	0
276.75	0
277	0
277.25	1
277.5	1
277.75	1
278	1
278.25	1
278.5	1
278.75	1
279	0
279.25	0
279.5	0
279.75	0
280	1
280.25	1
280.5	1
280.75	1
281	1
281.25	1
281.5	0
281.75	0
282	0
282.25	0
282.5	1
282.75	1
283	1
283.25	1
283.5	1
283.75	1
284	0
284.25	0
284.5	0
284.75	0
285	1
285.25	1
285.5	1
285.75	1
286	1
286.25	1
286.5	0
286.75	0
287	0
287.25	0
287.5	1
287.75	1
288	1
288.25	1
288.5	1
288.75	1
289	0
289.25	0
289.5	0
289.75	0
290	1
290.25	1
290.5	1
290.75	1
291	1
291.25	1
291.5	0
291.75	0
292	0
292.25	0
292.5	1
292.75	1
293	1
293.25	1
293.5	1
293.75	1
294	0
294.25	0
294.5	0
294.75	0
295	1
295.25	1
295.5	1
295.75	1
296	1
296.25	1
296.5	0
296.75	0
297	0
297.25	0
297.5	1
297.75	1
298	1
298.25	1
298.5	1
298.75	1
299	1
299.25	0
299.5	0
299.75	0
300	1
300.25	1
300.5	1
300.75	1
301	1
301.25	1
301.5	1
301.75	1
302	1
302.25	1
302.5	0
302.75	0
303	0
303.25	0
303.5	1
303.75	1
304	1
304.25	1
304.5	1
304.75	1
305	1
305.25	0
305.5	0
305.75	0
306	0
306.25	1
306.5	1
306.75	1
307	1
307.25	1
307.5	1
307.75	1
308	0
308.25	0
308.5	0
308.75	1
309	1
309.25	1
309.5	1
309.75	1
310	1
310.25	1
310.5	1
310.75	1
311	1
311.25	0
311.5	0
311.75	0
312	0
312.25	1
312.5	1
312.75	1
313	1
313.25	1
313.5	1
313.75	1
314	0
314.25	0
314.5	0
314.75	0
315	1
315.25	1
315.5	1
315.75	1
316	1
316.25	1
316.5	1
316.75	0
317	0
317.25	0
317.5	0
317.75	1
318	1
318.25	1
318.5	1
318.75	1
319	1
319.25	0
319.5	0
319.75	0
320	0
320.25	1
320.5	1
320.75	1
321	1
321.25	1
321.5	1
321.75	0
322	0
322.25	0
322.5	0
322.75	1
323	1
323.25	1
323.5	1
323.75	1
324	1
324.25	0
324.5	0
324.75	0
325	0
325.25	1
325.5	1
325.75	1
326	1
326.25	1
326.5	1
326.75	0
327	0
327.25	0
327.5	0
327.75	1
328	1
328.25	1
328.5	1
328.75	1
329	1
329.25	0
329.5	0
329.75	0
330	0
330.25	1
330.5	1
330.75	1
331	1
331.25	1
331.5	1
331.75	0
332	0
332.25	0
332.5	0
332.75	1
333	1
333.25	1
333.5	1
333.75	1
334	1
334.25	1
334.5	0
334.75	0
335	0
335.25	1
335.5	1
335.75	1
336	1
336.25	1
336.5	1
336.75	1
337	1
337.25	1
337.5	1
337.75	0
338	0
338.25	0
338.5	0
338.75	1
339	1
339.25	1
339.5	1
339.75	1
340	1
340.25	1
340.5	0
340.75	0
341	0
341.25	0
341.5	1
341.75	1
342	1
342.25	1
342.5	1
342.75	1
343	1
343.25	0
343.5	0
343.75	0
344	0
344.25	1
344.5	1
344.75	1
345	1
345.25	1
345.5	1
345.75	1
346	0
346.25	0
346.5	0
346.75	1
347	1
347.25	1
347.5	1
347.75	1
348	1
348.25	1
348.5	1
348.75	1
349	1
349.25	0
349.5	0
349.75	0
350	0
350.25	1
350.5	1
350.75	1
351	1
351.25	1
351.5	1
351.75	1
352	0
352.25	0
352.5	0
352.75	0
353	1
353.25	1
353.5	1
353.75	1
354	1
354.25	1
354.5	1
354.75	0
355	0
355.25	0
355.5	0
355.75	1
356	1
356.25	1
356.5	1
356.75	1
357	1
357.25	0
357.5	0
357.75	0
358	0
358.25	1
358.5	1
358.75	1
359	1
359.25	1
359.5	1
359.75	0
360	0
360.25	0
360.5	0
360.75	1
361	1
361.25	1
361.5	1
361.75	1
362	1
362.25	0
362.5	0
362.75	0
363	0
363.25	1
363.5	1
363.75	1
364	1
364.25	1
364.5	1
364.75	0
365	0
365.25	0
365.5	0
365.75	1
366	1
366.25	1
366.5	1
366.75	1
367	1
367.25	0
367.5	0
367.75	0
368	0
368.25	1
368.5	1
368.75	1
369	1
369.25	1
369.5	1
369.75	0
370	0
370.25	0
370.5	0
370.75	1
371	1
371.25	1
371.5	1
371.75	1
372	1
372.25	1
372.5	0
372.75	0
373	0
373.25	0
373.5	1
373.75	1
374	1
374.25	1
374.5	1
374.75	1
375	0
375.25	0
375.5	0
375.75	0
376	1
376.25	1
376.5	1
376.75	1
377	1
377.25	1
377.5	0
377.75	0
378	0
378.25	0
378.5	1
378.75	1
379	1
379.25	1
379.5	1
379.75	1
380	0
380.25	0
380.5	0
380.75	0
381	1
381.25	1
381.5	1
381.75	1
382	1
382.25	1
382.5	0
382.75	0
383	0
383.25	0
383.5	1
383.75	1
384	1
384.25	1
384.5	1
384.75	1
385	0
385.25	0
385.5	0
385.75	0
386	1
386.25	1
386.5	1
386.75	1
387	1
387.25	1
387.5	0
387.75	0
388	0
388.25	0
388.5	1
388.75	1
389	1
389.25	1
389.5	1
389.75	1
390	0
390.25	0
390.5	0
390.75	0
391	1
391.25	1
391.5	1
391.75	1
392	1
392.25	1
392.5	1
392.75	0
393	0
393.25	0
393.5	0
393.75	1
394	1
394.25	1
394.5	1
394.75	1
395	1
395.25	0
395.5	0
395.75	0
396	0
396.25	1
396.5	1
396.75	1
397	1
397.25	1
397.5	1
397.75	0
398	0
398.25	0
398.5	0
398.75	1
399	1
399.25	1
399.5	1
399.75	1
400	1
400.25	0
400.5	0
400.75	0
401	0
401.25	1
401.5	1
401.75	1
402	1
402.25	1
402.5	1
402.75	0
403	0
403.25	0
403.5	0
403.75	1
404	1
404.25	1
404.5	1
404.75	1
405	1
405.25	0
405.5	0
405.75	0
406	0
406.25	1
406.5	1
406.75	1
407	1
407.25	1
407.5	1
407.75	0
408	0
408.25	0
408.5	0
408.75	1
409	1
409.25	1
409.5	1
409.75	1
410	1
410.25	1
410.5	0
410.75	0
411	0
411.25	1
411.5	1
411.75	1
412	1
412.25	1
412.5	1
412.75	1
413	1
413.25	1
413.5	1
413.75	1
414	0
414.25	0
414.5	0
414.75	0
415	1
415.25	1
415.5	1
415.75	1
416	1
416.25	1
416.5	0
416.75	0
417	0
417.25	0
417.5	1
417.75	1
418	1
418.25	1
418.5	1
418.75	1
419	1
419.25	0
419.5	0
419.75	0
420	0
420.25	1
420.5	1
420.75	1
421	1
421.25	1
421.5	1
421.75	0
422	0
422.25	0
422.5	0
422.75	1
423	1
423.25	1
423.5	1
423.75	1
424	1
424.25	0
424.5	0
424.75	0
425	0
425.25	1
425.5	1
425.75	1
426	1
426.25	1
426.5	1
426.75	0
427	0
427.25	0
427.5	0
427.75	1
428	1
428.25	1
428.5	1
428.75	1
429	1
429.25	1
429.5	0
429.75	0
430	0
430.25	1
430.5	1
430.75	1
431	1
431.25	1
431.5	1
431.75	1
432	1
432.25	1
432.5	1
432.75	0
433	0
433.25	0
433.5	0
433.75	1
434	1
434.25	1
434.5	1
434.75	1
435	1
435.25	1
435.5	0
435.75	0
436	0
436.25	0
436.5	1
436.75	1
437	1
437.25	1
437.5	1
437.75	1
438	1
438.25	0
438.5	0
438.75	0
439	0
439.25	1
439.5	1
439.75	1
440	1
440.25	1
440.5	1
440.75	1
441	0
441.25	0
441.5	0
441.75	1
442	1
442.25	1
442.5	1
442.75	1
443	1
443.25	1
443.5	1
443.75	1
444	1
444.25	0
444.5	0
444.75	0
445	0
445.25	1
445.5	1
445.75	1
446	1
446.25	1
446.5	1
446.75	1
447	0
447.25	0
447.5	0
447.75	0
448	1
448.25	1
448.5	1
448.75	1
449	1
449.25	1
449.5	1
449.75	0
450	0
450.25	0
450.5	0
450.75	1
451	1
451.25	1
451.5	1
451.75	1
452	1
452.25	0
452.5	0
452.75	0
453	0
453.25	1
453.5	1
453.75	1
454	1
454.25	1
454.5	1
454.75	0
455	0
455.25	0
455.5	0
455.75	1
456	1
456.25	1
456.5	1
456.75	1
457	1
457.25	0
457.5	0
457.75	0
458	0
458.25	1
458.5	1
458.75	1
459	1
459.25	1
459.5	1
459.75	0
460	0
460.25	0
460.5	0
460.75	1
461	1
461.25	1
461.5	1
461.75	1
462	1
462.25	0
462.5	0
462.75	0
463	0
463.25	1
463.5	1
463.75	1
464	1
464.25	1
464.5	1
464.75	0
465	0
465.25	0
465.5	0
465.75	1
466	1
466.25	1
466.5	1
466.75	1
467	1
467.25	1
467.5	0
467.75	0
468	0
468.25	0
468.5	1
468.75	1
469	1
469.25	1
469.5	1
469.75	1
470	0
470.25	0
470.5	0
470.75	0
471	1
471.25	1
471.5	1
471.75	1
472	1
472.25	1
472.5	0
472.75	0
473	0
473.25	0
473.5	1
473.75	1
474	1
474.25	1
474.5	1
474.75	1
475	0
475.25	0
475.5	0
475.75	0
476	1
476.25	1
476.5	1
476.75	1
477	1
477.25	1
477.5	0
477.75	0
478	0
478.25	0
478.5	1
478.75	1
479	1
479.25	1
479.5	1
479.75	1
480	0
480.25	0
480.5	0
480.75	0
481	1
481.25	1
481.5	1
481.75	1
482	1
482.25	1
482.5	0
482.75	0
483	0
483.25	0
483.5	1
483.75	1
484	1
484.25	1
484.5	1
484.75	1
485	1
485.25	0
485.5	0
485.75	0
486	1
486.25	1
486.5	1
486.75	1
487	1
487.25	1
487.5	1
487.75	1
488	1
488.25	1
488.5	1
488.75	0
489	0
489.25	0
489.5	0
489.75	1
490	1
490.25	1
490.5	1
490.75	1
491	1
491.25	0
491.5	0
491.75	0
492	0
492.25	1
492.5	1
492.75	1
493	1
493.25	1
493.5	1
493.75	1
494	0
494.25	0
494.5	0
494.75	1
495	1
495.25	1
495.5	1
495.75	1
496	1
496.25	1
496.5	1
496.75	1
497	1
497.25	1
497.5	0
497.75	0
498	0
498.25	0
498.5	1
498.75	1
499	1
499.25	1
499.5	1
499.75	1
500	0
500.25	0
500.5	0
500.75	0
501	1
501.25	1
501.5	1
501.75	1
502	1
502.25	1
502.5	1
502.75	0
503	0
503.25	0
503.5	0
503.75	1
504	1
504.25	1
504.5	1
504.75	1
505	1
505.25	0
505.5	0
505.75	0
506	0
506.25	1
506.5	1
506.75	1
507	1
507.25	1
507.5	1
507.75	0
508	0
508.25	0
508.5	0
508.75	1
509	1
509.25	1
509.5	1
509.75	1
510	1
510.25	0
510.5	0
510.75	0
511	0
511.25	1
511.5	1
511.75	1
512	1
512.25	1
512.5	1
512.75	0
513	0
513.25	0
513.5	0
513.75	1
514	1
514.25	1
514.5	1
514.75	1
515	1
515.25	1
515.5	0
515.75	0
516	0
516.25	1
516.5	1
516.75	1
517	1
517.25	1
517.5	1
517.75	1
518	1
518.25	1
518.5	1
518.75	0
519	0
519.25	0
519.5	0
519.75	1
520	1
520.25	1
520.5	1
520.75	1
521	1
521.25	1
521.5	0
521.75	0
522	0
522.25	0
522.5	1
522.75	1
523	1
523.25	1
523.5	1
523.75	1
524	1
524.25	0
524.5	0
524.75	0
525	0
525.25	1
525.5	1
525.75	1
526	1
526.25	1
526.5	1
526.75	0
527	0
527.25	0
527.5	0
527.75	1
528	1
528.25	1
528.5	1
528.75	1
529	1
529.25	0
529.5	0
529.75	0
530	0
530.25	1
530.5	1
530.75	1
531	1
531.25	1
531.5	1
531.75	0
532	0
532.25	0
532.5	0
532.75	1
533	1
533.25	1
533.5	1
533.75	1
534	1
534.25	0
534.5	0
534.75	0
535	0
535.25	1
535.5	1
535.75	1
536	1
536.25	1
536.5	1
536.75	0
537	0
537.25	0
537.5	0
537.75	1
538	1
538.25	1
538.5	1
538.75	1
539	1
539.25	0
539.5	0
539.75	0
540	0
540.25	1
540.5	1
540.75	1
541	1
541.25	1
541.5	1
541.75	1
542	0
542.25	0
542.5	0
542.75	1
543	1
543.25	1
543.5	1
543.75	1
544	1
544.25	1
544.5	1
544.75	1
545	1
545.25	0
545.5	0
545.75	0
546	0
546.25	1
546.5	1
546.75	1
547	1
547.25	1
547.5	1
547.75	1
548	0
548.25	0
548.5	0
548.75	0
549	1
549.25	1
549.5	1
549.75	1
550	1
550.25	1
550.5	1
550.75	0
551	0
551.25	0
551.5	0
551.75	1
552	1
552.25	1
552.5	1
552.75	1
553	1
553.25	1
553.5	0
553.75	0
554	0
554.25	1
554.5	1
554.75	1
555	1
555.25	1
555.5	1
555.75	1
556	1
556.25	1
556.5	1
556.75	0
557	0
557.25	0
557.5	0
557.75	1
558	1
558.25	1
558.5	1
558.75	1
559	1
559.25	1
559.5	0
559.75	0
560	0
560.25	0
560.5	1
560.75	1
561	1
561.25	1
561.5	1
561.75	1
562	1
562.25	0
562.5	0
562.75	0
563	1
563.25	1
563.5	1
563.75	1
564	1
564.25	1
564.5	1
564.75	1
565	1
565.25	1
565.5	0
565.75	0
566	0
566.25	0
566.5	1
566.75	1
567	1
567.25	1
567.5	1
567.75	1
568	1
568.25	0
568.5	0
568.75	0
569	0
569.25	1
569.5	1
569.75	1
570	1
570.25	1
570.5	1
570.75	1
571	0
571.25	0
571.5	0
571.75	0
572	1
572.25	1
572.5	1
572.75	1
573	1
573.25	1
573.5	0
573.75	0
574	0
574.25	0
574.5	1
574.75	1
575	1
575.25	1
575.5	1
575.75	1
576	0
576.25	0
576.5	0
576.75	0
577	1
577.25	1
577.5	1
577.75	1
578	1
578.25	1
578.5	0
578.75	0
579	0
579.25	0
579.5	1
579.75	1
580	1
580.25	1
580.5	1
580.75	1
581	0
581.25	0
581.5	0
581.75	0
582	1
582.25	1
582.5	1
582.75	1
583	1
583.25	1
583.5	0
583.75	0
584	0
584.25	0
584.5	1
584.75	1
585	1
585.25	1
585.5	1
585.75	1
586	0
586.25	0
586.5	0
586.75	0
587	1
587.25	1
587.5	1
587.75	1
588	1
588.25	1
588.5	1
588.75	0
589	0
589.25	0
589.5	0
589.75	1
590	1
590.25	1
590.5	1
590.75	1
591	1
591.25	0
591.5	0
591.75	0
592	0
592.25	1
592.5	1
592.75	1
593	1
593.25	1
593.5	1
593.75	0
594	0
594.25	0
594.5	0
594.75	1
595	1
595.25	1
595.5	1
595.75	1
596	1
596.25	0
596.5	0
596.75	0
597	0
597.25	1
597.5	1
597.75	1
598	1
598.25	1
598.5	1
598.75	0
599	0
599.25	0
599.5	0
599.75	1
600	1
600.25	1
600.5	1
600.75	1
601	1
601.25	0
601.5	0
601.75	0
602	0
602.25	1
602.5	1
602.75	1
603	1
603.25	1
603.5	1
603.75	0
604	0
604.25	0
604.5	0
604.75	1
605	1
605.25	1
605.5	1
605.75	1
606	1
606.25	1
606.5	0
606.75	0
607	0
607.25	1
607.5	1
607.75	1
608	1
608.25	1
608.5	1
608.75	1
609	1
609.25	1
609.5	1
609.75	1
610	0
610.25	0
610.5	0
610.75	0
611	1
611.25	1
611.5	1
611.75	1
612	1
612.25	1
612.5	0
612.75	0
613	0
613.25	0
613.5	1
613.75	1
614	1
614.25	1
614.5	1
614.75	1
615	1
615.25	0
615.5	0
615.75	0
616	1
616.25	1
616.5	1
616.75	1
617	1
617.25	1
617.5	1
617.75	1
618	1
618.25	1
618.5	1
618.75	0
619	0
619.25	0
619.5	0
619.75	1
620	1
620.25	1
620.5	1
620.75	1
621	1
621.25	0
621.5	0
621.75	0
622	0
622.25	1
622.5	1
622.75	1
623	1
623.25	1
623.5	1
623.75	1
624	0
624.25	0
624.5	0
624.75	0
625	1
625.25	1
625.5	1
625.75	1
626	1
626.25	1
626.5	0
626.75	0
627	0
627.25	0
627.5	1
627.75	1
628	1
628.25	1
628.5	1
628.75	1
629	0
629.25	0
629.5	0
629.75	0
630	1
630.25	1
630.5	1
630.75	1
631	1
631.25	1
631.5	0
631.75	0
632	0
632.25	0
632.5	1
632.75	1
633	1
633.25	1
633.5	1
633.75	1
634	0
634.25	0
634.5	0
634.75	0
635	1
635.25	1
635.5	1
635.75	1
636	1
636.25	1
636.5	1
636.75	0
637	0
637.25	0
637.5	1
637.75	1
638	1
638.25	1
638.5	1
638.75	1
639	1
639.25	1
639.5	1
639.75	1
640	0
640.25	0
640.5	0
640.75	0
641	1
641.25	1
641.5	1
641.75	1
642	1
642.25	1
642.5	1
642.75	0
643	0
643.25	0
643.5	0
643.75	1
644	1
644.25	1
644.5	1
644.75	1
645	1
645.25	1
645.5	0
645.75	0
646	0
646.25	1
646.5	1
646.75	1
647	1
647.25	1
647.5	1
647.75	1
648	1
648.25	1
648.5	1
648.75	0
649	0
649.25	0
649.5	0
649.75	1
650	1
650.25	1
650.5	1
650.75	1
651	1
651.25	1
651.5	0
651.75	0
652	0
652.25	0
652.5	1
652.75	1
653	1
653.25	1
653.5	1
653.75	1
654	1
654.25	0
654.5	0
654.75	0
655	1
655.25	1
655.5	1
655.75	1
656	1
656.25	1
656.5	1
656.75	1
657	1
657.25	1
657.5	0
657.75	0
658	0
658.25	0
658.5	1
658.75	1
659	1
659.25	1
659.5	1
659.75	1
660	1
660.25	0
660.5	0
660.75	0
661	0
661.25	1
661.5	1
661.75	1
662	1
662.25	1
662.5	1
662.75	1
663	0
663.25	0
663.5	0
663.75	0
664	1
664.25	1
664.5	1
664.75	1
665	1
665.25	1
665.5	0
665.75	0
666	0
666.25	0
666.5	1
666.75	1
667	1
667.25	1
667.5	1
667.75	1
668	0
668.25	0
668.5	0
668.75	0
669	1
669.25	1
669.5	1
669.75	1
670	1
670.25	1
670.5	0
670.75	0
671	0
671.25	0
671.5	1
671.75	1
672	1
672.25	1
672.5	1
672.75	1
673	0
673.25	0
673.5	0
673.75	0
674	1
674.25	1
674.5	1
674.75	1
675	1
675.25	1
675.5	0
675.75	0
676	0
676.25	0
676.5	1
676.75	1
677	1
677.25	1
677.5	1
677.75	1
678	0
678.25	0
678.5	0
678.75	0
679	1
679.25	1
679.5	1
679.75	1
680	1
680.25	1
680.5	1
680.75	0
681	0
681.25	0
681.5	0
681.75	1
682	1
682.25	1
682.5	1
682.75	1
683	1
683.25	0
683.5	0
683.75	0
684	0
684.25	1
684.5	1
684.75	1
685	1
685.25	1
685.5	1
685.75	0
686	0
686.25	0
686.5	0
686.75	1
687	1
687.25	1
687.5	1
687.75	1
688	1
688.25	0
688.5	0
688.75	0
689	0
689.25	1
689.5	1
689.75	1
690	1
690.25	1
690.5	1
690.75	0
691	0
691.25	0
691.5	0
691.75	1
692	1
692.25	1
692.5	1
692.75	1
693	1
693.25	0
693.5	0
693.75	0
694	0
694.25	1
694.5	1
694.75	1
695	1
695.25	1
695.5	1
695.75	0
696	0
696.25	0
696.5	0
696.75	1
697	1
697.25	1
697.5	1
697.75	1
698	1
698.25	0
698.5	0
698.75	0
699	0
699.25	1
699.5	1
699.75	1
700	1
700.25	1
700.5	1
700.75	1
701	0
701.25	0
701.5	0
701.75	1
702	1
702.25	1
702.5	1
702.75	1
703	1
703.25	1
703.5	1
703.75	1
704	1
704.25	0
704.5	0
704.75	0
705	0
705.25	1
705.5	1
705.75	1
706	1
706.25	1
706.5	1
706.75	1
707	0
707.25	0
707.5	0
707.75	0
708	1
708.25	1
708.5	1
708.75	1
709	1
709.25	1
709.5	1
709.75	0
710	0
710.25	0
710.5	1
710.75	1
711	1
711.25	1
711.5	1
711.75	1
712	1
712.25	1
712.5	1
712.75	1
713	0
713.25	0
713.5	0
713.75	0
714	1
714.25	1
714.5	1
714.75	1
715	1
715.25	1
715.5	1
715.75	0
716	0
716.25	0
716.5	0
716.75	1
717	1
717.25	1
717.5	1
717.75	1
718	1
718.25	1
718.5	0
718.75	0
719	0
719.25	0
719.5	1
719.75	1
720	1
720.25	1
720.5	1
720.75	1
721	0
721.25	0
721.5	0
721.75	0
722	1
722.25	1
722.5	1
722.75	1
723	1
723.25	1
723.5	0
723.75	0
724	0
724.25	0
724.5	1
724.75	1
725	1
725.25	1
725.5	1
725.75	1
726	0
726.25	0
726.5	0
726.75	0
727	1
727.25	1
727.5	1
727.75	1
728	1
728.25	1
728.5	0
728.75	0
729	0
729.25	0
729.5	1
729.75	1
730	1
730.25	1
730.5	1
730.75	1
731	0
731.25	0
731.5	0
731.75	0
732	1
732.25	1
732.5	1
732.75	1
733	1
733.25	1
733.5	0
733.75	0
734	0
734.25	0
734.5	1
734.75	1
735	1
735.25	1
735.5	1
735.75	1
736	1
736.25	0
736.5	0
736.75	0
737	1
737.25	1
737.5	1
737.75	1
738	1
738.25	1
738.5	1
738.75	1
739	1
739.25	1
739.5	0
739.75	0
740	0
740.25	0
740.5	1
740.75	1
741	1
741.25	1
741.5	1
741.75	1
742	1
742.25	0
742.5	0
742.75	0
743	0
743.25	1
743.5	1
743.75	1
744	1
744.25	1
744.5	1
744.75	1
745	0
745.25	0
745.5	0
745.75	0
746	1
746.25	1
746.5	1
746.75	1
747	1
747.25	1
747.5	1
747.75	0
748	0
748.25	0
748.5	1
748.75	1
749	1
749.25	1
749.5	1
749.75	1
750	1
750.25	1
750.5	1
750.75	1
751	0
751.25	0
751.5	0
751.75	0
752	1
752.25	1
752.5	1
752.75	1
753	1
753.25	1
753.5	1
753.75	0
754	0
754.25	0
754.5	0
754.75	1
755	1
755.25	1
755.5	1
755.75	1
756	1
756.25	1
756.5	0
756.75	0
757	0
757.25	0
757.5	1
757.75	1
758	1
758.25	1
758.5	1
758.75	1
759	0
759.25	0
759.5	0
759.75	0
760	1
760.25	1
760.5	1
760.75	1
761	1
761.25	1
761.5	0
761.75	0
762	0
762.25	0
762.5	1
762.75	1
763	1
763.25	1
763.5	1
763.75	1
764	0
764.25	0
764.5	0
764.75	0
765	1
765.25	1
765.5	1
765.75	1
766	1
766.25	1
766.5	0
766.75	0
767	0
767.25	0
767.5	1
767.75	1
768	1
768.25	1
768.5	1
768.75	1
769	0
769.25	0
769.5	0
769.75	0
770	1
770.25	1
770.5	1
770.75	1
771	1
771.25	1
771.5	0
771.75	0
772	0
772.25	0
772.5	1
772.75	1
773	1
773.25	1
773.5	1
773.75	1
774	1
774.25	0
774.5	0
774.75	0
775	1
775.25	1
775.5	1
775.75	1
776	1
776.25	1
776.5	1
776.75	1
777	1
777.25	1
777.5	0
777.75	0
778	0
778.25	0
778.5	1
778.75	1
779	1
779.25	1
779.5	1
779.75	1
780	1
780.25	0
780.5	0
780.75	0
781	0
781.25	1
781.5	1
781.75	1
782	1
782.25	1
782.5	1
782.75	1
783	0
783.25	0
783.5	0
783.75	0
784	1
784.25	1
784.5	1
784.75	1
785	1
785.25	1
785.5	1
785.75	0
786	0
786.25	0
786.5	1
786.75	1
787	1
787.25	1
787.5	1
787.75	1
788	1
788.25	1
788.5	1
788.75	1
789	0
789.25	0
789.5	0
789.75	0
790	1
790.25	1
790.5	1
790.75	1
791	1
791.25	1
791.5	1
791.75	0
792	0
792.25	0
792.5	0
792.75	1
793	1
793.25	1
793.5	1
793.75	1
794	1
794.25	1
794.5	0
794.75	0
795	0
795.25	0
795.5	1
795.75	1
796	1
796.25	1
796.5	1
796.75	1
797	0
797.25	0
797.5	0
797.75	0
798	1
798.25	1
798.5	1
798.75	1
799	1
799.25	1
799.5	0
799.75	0
800	0
800.25	0
800.5	1
800.75	1
801	1
801.25	1
801.5	1
801.75	1
802	0
802.25	0
802.5	0
802.75	0
803	1
803.25	1
803.5	1
803.75	1
804	1
804.25	1
804.5	0
804.75	0
805	0
805.25	0
805.5	1
805.75	1
806	1
806.25	1
806.5	1
806.75	1
807	0
807.25	0
807.5	0
807.75	0
808	1
808.25	1
808.5	1
808.75	1
809	1
809.25	1
809.5	0
809.75	0
810	0
810.25	0
810.5	1
810.75	1
811	1
811.25	1
811.5	1
811.75	1
812	1
812.25	0
812.5	0
812.75	0
813	0
813.25	1
813.5	1
813.75	1
814	1
814.25	1
814.5	1
814.75	0
815	0
815.25	0
815.5	0
815.75	1
816	1
816.25	1
816.5	1
816.75	1
817	1
817.25	0
817.5	0
817.75	0
818	0
818.25	1
818.5	1
818.75	1
819	1
819.25	1
819.5	1
819.75	0
820	0
820.25	0
820.5	0
820.75	1
821	1
821.25	1
821.5	1
821.75	1
822	1
822.25	0
822.5	0
822.75	0
823	0
823.25	1
823.5	1
823.75	1
824	1
824.25	1
824.5	1
824.75	0
825	0
825.25	0
825.5	0
825.75	1
826	1
826.25	1
826.5	1
826.75	1
827	1
827.25	0
827.5	0
827.75	0
828	0
828.25	1
828.5	1
828.75	1
829	1
829.25	1
829.5	1
829.75	0
830	0
830.25	0
830.5	0
830.75	1
831	1
831.25	1
831.5	1
831.75	1
832	1
832.25	1
832.5	0
832.75	0
833	0
833.25	0
833.5	1
833.75	1
834	1
834.25	1
834.5	1
834.75	1
835	0
835.25	0
835.5	0
835.75	0
836	1
836.25	1
836.5	1
836.75	1
837	1
837.25	1
837.5	0
837.75	0
838	0
838.25	0
838.5	1
838.75	1
839	1
839.25	1
839.5	1
839.75	1
840	0
840.25	0
840.5	0
840.75	0
841	1
841.25	1
841.5	1
841.75	1
842	1
842.25	1
842.5	0
842.75	0
843	0
843.25	0
843.5	1
843.75	1
844	1
844.25	1
844.5	1
844.75	1
845	0
845.25	0
845.5	0
845.75	0
846	1
846.25	1
846.5	1
846.75	1
847	1
847.25	1
847.5	0
847.75	0
848	0
848.25	0
848.5	1
848.75	1
849	1
849.25	1
849.5	1
849.75	1
850	1
850.25	0
850.5	0
850.75	0
851	1
851.25	1
851.5	1
851.75	1
852	1
852.25	1
852.5	1
852.75	1
853	1
853.25	1
853.5	1
853.75	0
854	0
854.25	0
854.5	0
854.75	1
855	1
855.25	1
855.5	1
855.75	1
856	1
856.25	0
856.5	0
856.75	0
857	0
857.25	1
857.5	1
857.75	1
858	1
858.25	1
858.5	1
858.75	1
859	0
859.25	0
859.5	0
859.75	0
860	1
860.25	1
860.5	1
860.75	1
861	1
861.25	1
861.5	0
861.75	0
862	0
862.25	0
862.5	1
862.75	1
863	1
863.25	1
863.5	1
863.75	1
864	0
864.25	0
864.5	0
864.75	0
865	1
865.25	1
865.5	1
865.75	1
866	1
866.25	1
866.5	0
866.75	0
867	0
867.25	0
867.5	1
867.75	1
868	1
868.25	1
868.5	1
868.75	1
869	1
869.25	0
869.5	0
869.75	0
870	1
870.25	1
870.5	1
870.75	1
871	1
871.25	1
871.5	1
871.75	1
872	1
872.25	1
872.5	1
872.75	0
873	0
873.25	0
873.5	0
873.75	1
874	1
874.25	1
874.5	1
874.75	1
875	1
875.25	0
875.5	0
875.75	0
876	0
876.25	1
876.5	1
876.75	1
877	1
877.25	1
877.5	1
877.75	1
878	0
878.25	0
878.5	0
878.75	0
879	1
879.25	1
879.5	1
879.75	1
880	1
880.25	1
880.5	0
880.75	0
881	0
881.25	0
881.5	1
881.75	1
882	1
882.25	1
882.5	1
882.75	1
883	0
883.25	0
883.5	0
883.75	0
884	1
884.25	1
884.5	1
884.75	1
885	1
885.25	1
885.5	0
885.75	0
886	0
886.25	0
886.5	1
886.75	1
887	1
887.25	1
887.5	1
887.75	1
888	1
888.25	0
888.5	0
888.75	0
889	1
889.25	1
889.5	1
889.75	1
890	1
890.25	1
890.5	1
890.75	1
891	1
891.25	1
891.5	1
891.75	0
892	0
892.25	0
892.5	0
892.75	1
893	1
893.25	1
893.5	1
893.75	1
894	1
894.25	0
894.5	0
894.75	0
895	0
895.25	1
895.5	1
895.75	1
896	1
896.25	1
896.5	1
896.75	1
897	0
897.25	0
897.5	0
897.75	0
898	1
898.25	1
898.5	1
898.75	1
899	1
899.25	1
899.5	0
899.75	0
900	0
900.25	0
900.5	1
900.75	1
901	1
901.25	1
901.5	1
901.75	1
902	0
902.25	0
902.5	0
902.75	0
903	1
903.25	1
903.5	1
903.75	1
904	1
904.25	1
904.5	0
904.75	0
905	0
905.25	0
905.5	1
905.75	1
906	1
906.25	1
906.5	1
906.75	1
907	1
907.25	0
907.5	0
907.75	0
908	1
908.25	1
908.5	1
908.75	1
909	1
909.25	1
909.5	1
909.75	1
910	1
910.25	1
910.5	0
910.75	0
911	0
911.25	0
911.5	1
911.75	1
912	1
912.25	1
912.5	1
912.75	1
913	1
913.25	0
913.5	0
913.75	0
914	0
914.25	1
914.5	1
914.75	1
915	1
915.25	1
915.5	1
915.75	1
916	0
916.25	0
916.5	0
916.75	0
917	1
917.25	1
917.5	1
917.75	1
918	1
918.25	1
918.5	1
918.75	0
919	0
919.25	0
919.5	1
919.75	1
920	1
920.25	1
920.5	1
920.75	1
921	1
921.25	1
921.5	1
921.75	1
922	0
922.25	0
922.5	0
922.75	0
923	1
923.25	1
923.5	1
923.75	1
924	1
924.25	1
924.5	1
924.75	0
925	0
925.25	0
925.5	0
925.75	1
926	1
926.25	1
926.5	1
926.75	1
927	1
927.25	1
927.5	0
927.75	0
928	0
928.25	0
928.5	1
928.75	1
929	1
929.25	1
929.5	1
929.75	1
930	0
930.25	0
930.5	0
930.75	0
931	1
931.25	1
931.5	1
931.75	1
932	1
932.25	1
932.5	0
932.75	0
933	0
933.25	0
933.5	1
933.75	1
934	1
934.25	1
934.5	1
934.75	1
935	0
935.25	0
935.5	0
935.75	0
936	1
936.25	1
936.5	1
936.75	1
937	1
937.25	1
937.5	0
937.75	0
938	0
938.25	0
938.5	1
938.75	1
939	1
939.25	1
939.5	1
939.75	1
940	0
940.25	0
940.5	0
940.75	0
941	1
941.25	1
941.5	1
941.75	1
942	1
942.25	1
942.5	0
942.75	0
943	0
943.25	0
943.5	1
943.75	1
944	1
944.25	1
944.5	1
944.75	1
945	1
945.25	0
945.5	0
945.75	0
946	0
946.25	1
946.5	1
946.75	1
947	1
947.25	1
947.5	1
947.75	0
948	0
948.25	0
948.5	0
948.75	1
949	1
949.25	1
949.5	1
949.75	1
950	1
950.25	0
950.5	0
950.75	0
951	0
951.25	1
951.5	1
951.75	1
952	1
952.25	1
952.5	1
952.75	0
953	0
953.25	0
953.5	0
953.75	1
954	1
954.25	1
954.5	1
954.75	1
955	1
955.25	0
955.5	0
955.75	0
956	0
956.25	1
956.5	1
956.75	1
957	1
957.25	1
957.5	1
957.75	0
958	0
958.25	0
958.5	0
958.75	1
959	1
959.25	1
959.5	1
959.75	1
960	1
960.25	0
960.5	0
960.75	0
961	0
961.25	1
961.5	1
961.75	1
962	1
962.25	1
962.5	1
962.75	1
963	0
963.25	0
963.5	0
963.75	1
964	1
964.25	1
964.5	1
964.75	1
965	1
965.25	1
965.5	1
965.75	1
966	1
966.25	1
966.5	0
966.75	0
967	0
967.25	0
967.5	1
967.75	1
968	1
968.25	1
968.5	1
968.75	1
969	0
969.25	0
969.5	0
969.75	0
970	1
970.25	1
970.5	1
970.75	1
971	1
971.25	1
971.5	1
971.75	0
972	0
972.25	0
972.5	1
972.75	1
973	1
973.25	1
973.5	1
973.75	1
974	1
974.25	1
974.5	1
974.75	1
975	1
975.25	0
975.5	0
975.75	0
976	0
976.25	1
976.5	1
976.75	1
977	1
977.25	1
977.5	1
977.75	0
978	0
978.25	0
978.5	0
978.75	1
979	1
979.25	1
979.5	1
979.75	1
980	1
980.25	1
980.5	0
980.75	0
981	0
981.25	0
981.5	1
981.75	1
982	1
982.25	1
982.5	1
982.75	1
983	0
983.25	0
983.5	0
983.75	0
984	1
984.25	1
984.5	1
984.75	1
985	1
985.25	1
985.5	0
985.75	0
986	0
986.25	0
986.5	1
986.75	1
987	1
987.25	1
987.5	1
987.75	1
988	0
988.25	0
988.5	0
988.75	0
989	1
989.25	1
989.5	1
989.75	1
990	1
990.25	1
990.5	0
990.75	0
991	0
991.25	0
991.5	1
991.75	1
992	1
992.25	1
992.5	1
992.75	1
993	1
993.25	0
993.5	0
993.75	0
994	1
994.25	1
994.5	1
994.75	1
995	1
995.25	1
995.5	1
995.75	1
996	1
996.25	1
996.5	0
996.75	0
997	0
997.25	0
997.5	1
997.75	1
998	1
998.25	1
998.5	1
998.75	1
999	1
999.25	0
999.5	0
999.75	0
1000	0
