1	0.00375176
2	0.00700575
3	0.0079738
4	0.00409699
5	0.00379291
6	0.00183673
7	0.00209281
8	0.0027439
9	0.00342741
10	0.004057
11	0.00346421
12	0.00697449
13	0.00802983
14	0.00408584
15	0.00840524
16	0.00933401
17	0.00942437
18	0.00996583
19	0.0101663
20	0.0113311
21	0.0130116
22	0.0132198
23	0.0145628
24	0.0155628
25	0.0151076
26	0.0161478
27	0.0153604
28	0.0144221
29	0.0132
30	0.011148
31	0.0118829
32	0.0121172
33	0.0114437
34	0.0114653
35	0.0107647
36	0.00931247
37	0.0086113
38	0.00865489
39	0.00929763
40	0.0101124
41	0.0110185
42	0.0112507
43	0.0115363
44	0.0124786
45	0.0128031
46	0.0126623
47	0.0118636
48	0.00924785
49	0.00852586
50	0.00795992
51	0.00754982
52	0.00787479
53	0.00964874
54	0.0105854
55	0.010204
56	0.0105796
57	0.00888129
58	0.0084391
59	0.00773426
60	0.00730651
61	0.00626024
62	0.00605557
63	0.00588013
64	0.00562108
65	0.00524211
66	0.0053589
67	0.0060503
68	0.00643904
69	0.00687862
70	0.00732009
71	0.00716582
72	0.00695804
73	0.00650491
74	0.00626636
75	0.00579342
76	0.00534328
77	0.00523856
78	0.00477856
79	0.00469208
80	0.00456873
81	0.00421057
82	0.00431597
83	0.00441875
84	0.0041785
85	0.00402965
86	0.00386558
87	0.00367385
88	0.00354893
89	0.00346409
90	0.0033844
91	0.00336055
92	0.00295998
93	0.00278841
94	0.00265934
95	0.00251028
96	0.00252127
97	0.0023254
98	0.00230007
99	0.00221462
100	0.00225079
101	0.00219216
102	0.00238062
103	0.0024275
104	0.00252566
105	0.00246145
106	0.00242688
107	0.00251452
108	0.00267405
109	0.0027165
110	0.00276267
111	0.00262579
112	0.00238686
113	0.00208375
114	0.00189096
115	0.00179888
116	0.00155211
117	0.00135677
118	0.0012463
119	0.00121532
120	0.0011422
121	0.00113427
122	0.00105078
123	0.000996926
124	0.000904386
125	0.000846267
126	0.000794687
127	0.000799304
128	0.00081229
129	0.00084627
130	0.000873317
131	0.000867964
132	0.000843176
133	0.000848629
134	0.000850587
135	0.000852666
136	0.00088451
137	0.000839504
138	0.000874697
139	0.000826502
140	0.000783621
141	0.000780317
142	0.000756616
143	0.000726592
144	0.000687021
145	0.000650163
146	0.000612881
147	0.000576553
148	0.000544246
149	0.000514944
150	0.000486383
151	0.000459422
152	0.000436444
153	0.000420709
154	0.000410567
155	0.000402356
156	0.00039487
157	0.000391136
158	0.000394107
159	0.000401883
160	0.000413192
161	0.000428514
162	0.000437057
163	0.000440784
164	0.000439258
165	0.00043186
166	0.000420562
167	0.000407535
168	0.000395262
169	0.000392097
170	0.000394179
171	0.000395519
172	0.000396627
173	0.000404809
174	0.000419656
175	0.000432849
176	0.000444315
177	0.00045405
178	0.000465681
179	0.000480173
180	0.000496705
181	0.000512656
182	0.00052754
183	0.000535954
184	0.000539955
185	0.000538194
186	0.000531481
187	0.000520383
188	0.000503391
189	0.000482311
190	0.000460115
191	0.000440979
192	0.000424838
193	0.000412812
194	0.000404641
195	0.000399484
196	0.000397165
197	0.000395108
198	0.000391787
199	0.000385101
200	0.000373674
201	0.000360859
202	0.000348609
203	0.000338448
204	0.000330007
205	0.000326482
206	0.00032732
207	0.00033364
208	0.00033835
209	0.000338956
210	0.000332635
211	0.000323557
212	0.000313973
213	0.00031004
214	0.00031163
215	0.000316971
216	0.000324068
217	0.000330432
218	0.000334792
219	0.000337322
220	0.000337832
221	0.000333461
222	0.000326726
223	0.000320424
224	0.000318603
225	0.000319832
226	0.000317088
227	0.000311002
228	0.000308852
229	0.000317641
230	0.00033302
231	0.00034952
232	0.000362639
233	0.00036791
234	0.00036345
235	0.000352063
236	0.000335335
237	0.000316334
238	0.000298209
239	0.000283639
240	0.000275393
241	0.000272341
242	0.000271043
243	0.00026788
244	0.000261451
245	0.000253857
246	0.000243999
247	0.000233733
248	0.000222654
249	0.00021033
250	0.000197375
251	0.000184294
252	0.00017192
253	0.000160432
254	0.000150537
255	0.000143779
256	0.000141478
257	0.000142195
258	0.000144115
259	0.000146275
260	0.000147988
261	0.00014945
262	0.000151824
263	0.000154547
264	0.000155975
265	0.000153253
266	0.000147155
267	0.000141036
268	0.000135319
269	0.000130693
270	0.000127592
271	0.000124543
272	0.000109232
273	0.000115426
274	0.000110611
275	0.000102374
276	9.91567e-05
277	9.95279e-05
278	9.9164e-05
279	9.77419e-05
280	9.40598e-05
281	8.92793e-05
282	8.31562e-05
283	8.12453e-05
284	8.28527e-05
285	8.30956e-05
286	8.20901e-05
287	8.03597e-05
288	8.03955e-05
289	8.26304e-05
290	8.44744e-05
291	8.56711e-05
292	8.52351e-05
293	8.39821e-05
294	8.3013e-05
295	8.29791e-05
296	8.37824e-05
297	8.33937e-05
298	7.99755e-05
299	7.34225e-05
300	6.6385e-05
301	6.27976e-05
302	6.14198e-05
303	6.02019e-05
304	5.90208e-05
305	5.7026e-05
306	5.49219e-05
307	5.29002e-05
308	5.06164e-05
309	4.36764e-05
310	4.88032e-05
311	4.79068e-05
312	4.92294e-05
313	4.32023e-05
314	4.17577e-05
315	4.01416e-05
316	4.246e-05
317	4.35494e-05
318	4.22854e-05
319	4.01748e-05
320	3.9584e-05
321	3.98921e-05
322	4.04683e-05
323	4.00702e-05
324	3.85148e-05
325	3.64995e-05
326	3.44851e-05
327	3.32742e-05
328	3.33797e-05
329	3.38239e-05
330	3.39599e-05
331	3.31811e-05
332	3.12628e-05
333	2.96475e-05
334	2.9598e-05
335	2.99185e-05
336	3.00797e-05
337	2.96449e-05
338	2.78133e-05
339	2.52094e-05
340	2.26329e-05
341	2.02409e-05
342	1.83516e-05
343	1.77099e-05
344	1.70412e-05
345	1.70591e-05
346	1.70106e-05
347	1.63279e-05
348	1.59635e-05
349	1.65723e-05
350	1.75939e-05
351	1.79391e-05
352	1.69658e-05
353	1.45247e-05
354	1.55995e-05
355	1.58814e-05
356	1.63426e-05
357	1.65824e-05
358	1.6178e-05
359	1.51468e-05
360	1.38361e-05
361	1.24694e-05
362	1.15788e-05
363	1.1443e-05
364	1.16435e-05
365	1.15124e-05
366	1.0767e-05
367	1.01732e-05
368	9.66131e-06
369	9.16777e-06
370	7.94935e-06
371	8.10563e-06
372	6.72739e-06
373	7.04607e-06
374	6.72449e-06
375	6.24887e-06
376	5.74868e-06
377	5.49114e-06
378	5.58397e-06
379	5.56314e-06
380	5.22218e-06
381	4.70691e-06
382	4.28517e-06
383	3.95508e-06
384	3.90267e-06
385	3.87989e-06
386	3.82355e-06
387	3.84491e-06
388	3.60486e-06
389	3.90545e-06
390	3.29719e-06
391	3.19529e-06
392	3.2983e-06
393	2.18554e-06
394	3.43085e-06
395	2.24861e-06
396	3.20636e-06
397	2.2392e-06
398	3.0359e-06
399	2.21251e-06
400	3.03547e-06
401	2.08763e-06
402	2.91825e-06
403	2.79433e-06
404	2.00706e-06
405	2.61739e-06
406	1.82226e-06
407	2.5517e-06
408	1.76809e-06
409	2.49222e-06
410	1.7543e-06
411	2.32094e-06
412	1.36397e-06
413	2.08616e-06
414	1.20326e-06
415	1.21074e-06
416	2.20252e-06
417	1.33633e-06
418	1.95104e-06
419	1.30845e-06
420	2.59553e-06
421	2.61815e-06
422	2.42971e-06
423	1.99318e-06
424	2.49738e-06
425	1.56257e-06
426	2.6933e-06
427	2.631e-06
428	2.4409e-06
429	1.63291e-06
430	2.72162e-06
431	2.91117e-06
432	2.82368e-06
433	2.52932e-06
434	2.49911e-06
435	2.46835e-06
436	1.67372e-06
437	2.66572e-06
438	2.60623e-06
439	2.57385e-06
440	2.61053e-06
441	1.81608e-06
442	2.81684e-06
443	2.75404e-06
444	2.50449e-06
445	1.26713e-06
446	2.36834e-06
447	1.42723e-06
448	2.62907e-06
449	1.15268e-06
450	2.94997e-06
451	2.59612e-06
452	1.764e-06
453	2.72528e-06
454	2.77299e-06
455	2.76207e-06
456	2.54411e-06
457	1.65128e-06
458	2.80584e-06
459	2.52581e-06
460	1.52121e-06
461	2.74006e-06
462	2.61508e-06
463	2.48288e-06
464	1.79789e-06
465	2.71332e-06
466	2.64411e-06
467	2.68077e-06
468	2.6568e-06
469	2.70487e-06
470	2.62866e-06
471	2.54463e-06
472	2.4386e-06
473	1.28601e-06
474	2.59651e-06
475	1.49992e-06
476	2.56531e-06
477	1.34072e-06
478	1.23764e-06
479	2.55553e-06
480	2.51445e-06
481	1.82018e-06
482	2.86501e-06
483	2.76733e-06
484	2.78308e-06
485	2.64073e-06
486	2.76231e-06
487	2.09474e-06
488	2.99826e-06
489	2.83128e-06
490	2.72314e-06
491	2.67133e-06
492	2.73985e-06
493	2.60917e-06
494	2.50446e-06
495	2.58181e-06
496	2.67978e-06
497	2.64219e-06
498	2.52209e-06
499	2.42113e-06
500	2.43087e-06
