1	0.0025912
2	0.00861084
3	0.00386917
4	0.00391813
5	0.00447325
6	0.00529115
7	0.00621402
8	0.00666202
9	0.0076378
10	0.00820108
11	0.00892495
12	0.00958319
13	0.0108643
14	0.0118297
15	0.00531449
16	0.00558949
17	0.005628
18	0.00577865
19	0.0056961
20	0.00575438
21	0.00590639
22	0.00598136
23	0.0059088
24	0.00611262
25	0.00622688
26	0.00636117
27	0.00661335
28	0.00651282
29	0.00623245
30	0.00617951
31	0.00637403
32	0.00622391
33	0.00587298
34	0.005374
35	0.00984338
36	0.00941558
37	0.00884171
38	0.00883719
39	0.00417106
40	0.00423271
41	0.00406659
42	0.00858222
43	0.00844465
44	0.00815115
45	0.00846478
46	0.00869552
47	0.00842068
48	0.00788345
49	0.00764436
50	0.00714911
51	0.00645754
52	0.00617606
53	0.00645395
54	0.0065238
55	0.00647182
56	0.0062834
57	0.00635041
58	0.00609723
59	0.00574564
60	0.00541863
61	0.0048649
62	0.0041106
63	0.00352326
64	0.00172712
65	0.00186304
66	0.0019539
67	0.0018587
68	0.00178386
69	0.00182689
70	0.00190414
71	0.00199636
72	0.0019828
73	0.00186896
74	0.00371682
75	0.00335567
76	0.00289177
77	0.00254479
78	0.00236792
79	0.00239427
80	0.00247939
81	0.00249454
82	0.0024541
83	0.00224791
84	0.00194995
85	0.00178893
86	0.00165533
87	0.00159611
88	0.00156828
89	0.000693631
90	0.000683528
91	0.000702319
92	0.000702234
93	0.000656716
94	0.000591078
95	0.000533205
96	0.00114924
97	0.00110244
98	0.001036
99	0.00100436
100	0.000976282
101	0.000933633
102	0.000407581
103	0.000424209
104	0.000443758
105	0.000453632
106	0.000448928
107	0.000432059
108	0.00100232
109	0.000985385
110	0.000932755
111	0.000922241
112	0.000908859
113	0.000402266
114	0.000379084
115	0.000351888
116	0.000313991
117	0.000284719
118	0.000263516
119	0.000246745
120	0.000232458
121	0.00021171
122	0.000194435
123	0.000171407
124	0.000151121
125	0.000305278
126	0.000296804
127	0.000282001
128	0.000271201
129	0.000262549
130	0.000260365
131	0.000258732
132	0.000259274
133	0.000256028
134	0.000248129
135	0.000234454
136	0.000218277
137	0.000201631
138	0.000193227
139	0.000187951
140	0.000183092
141	0.00017799
142	0.000174383
143	0.000170772
144	0.000166486
145	0.000161427
146	0.000156594
147	0.000152178
148	0.000147343
149	0.000142401
150	0.000137263
151	0.000131925
152	0.000127398
153	0.000123732
154	0.000119723
155	0.000115119
156	0.000109547
157	0.000103932
158	9.83902e-05
159	9.30774e-05
160	8.82719e-05
161	8.44183e-05
162	8.25747e-05
163	8.24903e-05
164	8.44492e-05
165	8.66972e-05
166	8.86548e-05
167	8.96921e-05
168	8.99691e-05
169	8.93839e-05
170	8.83617e-05
171	8.66873e-05
172	8.47424e-05
173	8.32035e-05
174	8.20345e-05
175	8.17616e-05
176	8.24014e-05
177	8.38733e-05
178	8.62817e-05
179	8.90394e-05
180	9.12278e-05
181	9.25408e-05
182	9.246e-05
183	9.11524e-05
184	8.84291e-05
185	8.49552e-05
186	8.10905e-05
187	7.78127e-05
188	7.56963e-05
189	7.48585e-05
190	7.52443e-05
191	7.62005e-05
192	7.7002e-05
193	7.71978e-05
194	7.6477e-05
195	7.50471e-05
196	7.35375e-05
197	7.25879e-05
198	7.26186e-05
199	7.32342e-05
200	7.47114e-05
201	7.79758e-05
202	8.24748e-05
203	8.6709e-05
204	8.97213e-05
205	9.06819e-05
206	9.00542e-05
207	8.86168e-05
208	8.70689e-05
209	8.56082e-05
210	8.39967e-05
211	8.17906e-05
212	7.86951e-05
213	7.4776e-05
214	7.07214e-05
215	6.6578e-05
216	6.22655e-05
217	5.81858e-05
218	5.46128e-05
219	5.25096e-05
220	5.22561e-05
221	5.26269e-05
222	5.36076e-05
223	5.46455e-05
224	5.50714e-05
225	5.48204e-05
226	5.415e-05
227	5.37533e-05
228	5.40898e-05
229	5.59655e-05
230	5.82655e-05
231	5.87622e-05
232	5.67702e-05
233	5.28007e-05
234	4.73192e-05
235	4.173e-05
236	3.76622e-05
237	3.51945e-05
238	3.45755e-05
239	3.43742e-05
240	3.38588e-05
241	3.31829e-05
242	3.23456e-05
243	3.14565e-05
244	3.03961e-05
245	2.96121e-05
246	2.92574e-05
247	2.90698e-05
248	2.8715e-05
249	2.81861e-05
250	2.78345e-05
251	2.7714e-05
252	2.8096e-05
253	2.89077e-05
254	2.98281e-05
255	3.05937e-05
256	3.13064e-05
257	3.12352e-05
258	2.93287e-05
259	2.58726e-05
260	2.19753e-05
261	1.89044e-05
262	1.75588e-05
263	1.76605e-05
264	1.78553e-05
265	1.7862e-05
266	1.78973e-05
267	1.78355e-05
268	1.74449e-05
269	1.67822e-05
270	1.60055e-05
271	1.54367e-05
272	1.52603e-05
273	1.68892e-05
274	1.78896e-05
275	1.77429e-05
276	1.76007e-05
277	1.71486e-05
278	1.51089e-05
279	1.30977e-05
280	1.17656e-05
281	1.19364e-05
282	1.22967e-05
283	1.21389e-05
284	1.12205e-05
285	1.01316e-05
286	9.25479e-06
287	8.44462e-06
288	7.68148e-06
289	7.10163e-06
290	6.93883e-06
291	7.21566e-06
292	7.73436e-06
293	8.25788e-06
294	8.86966e-06
295	9.5389e-06
296	1.01053e-05
297	1.00272e-05
298	9.01262e-06
299	8.14387e-06
300	8.03366e-06
301	8.33449e-06
302	8.22109e-06
303	7.61227e-06
304	6.79679e-06
305	6.12503e-06
306	5.67279e-06
307	5.30019e-06
308	4.52961e-06
309	3.93954e-06
310	4.44815e-06
311	4.66233e-06
312	5.16178e-06
313	5.73541e-06
314	6.35333e-06
315	6.96299e-06
316	7.37507e-06
317	6.97432e-06
318	6.00495e-06
319	5.48302e-06
320	5.25795e-06
321	5.11879e-06
322	4.67211e-06
323	4.08132e-06
324	3.57464e-06
325	3.33953e-06
326	3.10409e-06
327	2.71375e-06
328	2.6163e-06
329	2.98914e-06
330	3.2921e-06
331	3.47141e-06
332	3.66739e-06
333	4.01741e-06
334	4.53053e-06
335	4.85368e-06
336	4.69544e-06
337	4.07899e-06
338	3.6172e-06
339	3.42775e-06
340	3.38652e-06
341	3.1885e-06
342	9.70174e-06
343	9.22379e-06
344	8.45588e-06
345	8.01129e-06
346	7.44078e-06
347	6.99423e-06
348	7.10946e-06
349	7.62758e-06
350	8.28278e-06
351	8.50274e-06
352	8.30093e-06
353	8.20802e-06
354	8.68041e-06
355	9.23331e-06
356	9.81218e-06
357	9.90866e-06
358	9.34251e-06
359	8.60138e-06
360	8.00585e-06
361	7.48602e-06
362	7.07255e-06
363	6.69157e-06
364	6.10118e-06
365	5.51856e-06
366	5.00493e-06
367	4.56514e-06
368	4.16781e-06
369	3.79832e-06
370	3.54957e-06
371	3.41558e-06
372	3.211e-06
373	3.24242e-06
374	3.14661e-06
375	3.13724e-06
376	3.14493e-06
377	3.20915e-06
378	3.37826e-06
379	3.40447e-06
380	3.22975e-06
381	3.01234e-06
382	2.86676e-06
383	2.76347e-06
384	2.64635e-06
385	2.47506e-06
386	2.31399e-06
387	2.24026e-06
388	2.17944e-06
389	2.13719e-06
390	2.00994e-06
391	1.9112e-06
392	1.82775e-06
393	9.6203e-06
394	2.21751e-06
395	9.54644e-06
396	2.25685e-06
397	9.55856e-06
398	2.40094e-06
399	9.66515e-06
400	2.69611e-06
401	9.76893e-06
402	2.76105e-06
403	2.21267e-06
404	9.87173e-06
405	2.60789e-06
406	9.43432e-06
407	2.60716e-06
408	8.899e-06
409	2.53529e-06
410	8.55582e-06
411	2.41566e-06
412	8.67193e-06
413	2.44241e-06
414	8.57498e-06
415	9.95674e-06
416	2.72737e-06
417	8.46464e-06
418	2.45514e-06
419	8.96387e-06
420	2.89603e-06
421	2.85763e-06
422	2.77851e-06
423	9.79263e-06
424	3.16005e-06
425	9.7426e-06
426	3.27388e-06
427	3.04289e-06
428	2.94641e-06
429	9.68877e-06
430	3.24488e-06
431	2.92154e-06
432	2.97346e-06
433	3.08283e-06
434	3.06226e-06
435	2.89977e-06
436	9.96405e-06
437	3.52829e-06
438	3.32327e-06
439	3.29284e-06
440	3.1667e-06
441	9.97212e-06
442	3.56717e-06
443	3.13117e-06
444	3.02495e-06
445	9.34054e-06
446	3.32016e-06
447	9.5123e-06
448	3.28165e-06
449	9.98373e-06
450	3.52267e-06
451	3.2161e-06
452	9.66881e-06
453	3.46341e-06
454	3.06257e-06
455	3.11476e-06
456	3.16565e-06
457	9.79136e-06
458	3.66956e-06
459	3.03892e-06
460	9.80893e-06
461	3.56426e-06
462	3.35706e-06
463	3.22643e-06
464	9.67072e-06
465	3.61674e-06
466	3.33796e-06
467	3.41111e-06
468	3.46196e-06
469	3.35622e-06
470	3.17575e-06
471	3.17313e-06
472	3.18773e-06
473	9.84545e-06
474	3.76545e-06
475	9.81789e-06
476	3.59324e-06
477	9.83418e-06
478	3.58712e-06
479	3.37552e-06
480	3.23308e-06
481	9.5778e-06
482	3.5835e-06
483	3.17692e-06
484	3.2438e-06
485	3.3512e-06
486	3.29548e-06
487	9.96337e-06
488	3.76874e-06
489	3.39918e-06
490	3.44318e-06
491	3.47568e-06
492	3.34788e-06
493	3.21988e-06
494	3.30696e-06
495	3.44205e-06
496	3.4857e-06
497	3.35756e-06
498	3.21527e-06
499	3.19983e-06
500	3.1938e-06
