1	0.00235174
2	0.0296641
3	0.0066654
4	0.00522625
5	0.00447318
6	0.00490006
7	0.00453331
8	0.0048264
9	0.00517838
10	0.00634034
11	0.00803185
12	0.0100652
13	0.0117129
14	0.0138494
15	0.0161711
16	0.0179868
17	0.0191137
18	0.0194972
19	0.0202913
20	0.0209148
21	0.0102002
22	0.0202464
23	0.0099532
24	0.0093125
25	0.0198806
26	0.00970939
27	0.00918556
28	0.00862251
29	0.00771585
30	0.00692268
31	0.0062082
32	0.00608705
33	0.0129304
34	0.0125892
35	0.0124873
36	0.0124947
37	0.0133965
38	0.0138694
39	0.0139342
40	0.00657319
41	0.00623043
42	0.00598224
43	0.0128198
44	0.0130972
45	0.00633666
46	0.00637293
47	0.0139385
48	0.0138017
49	0.0131718
50	0.012839
51	0.0125149
52	0.0123718
53	0.0124531
54	0.0127212
55	0.0129751
56	0.0129636
57	0.0127363
58	0.0127559
59	0.0126302
60	0.0118521
61	0.0107293
62	0.00940625
63	0.00846342
64	0.00739263
65	0.00740459
66	0.00370686
67	0.00403373
68	0.00456393
69	0.00496307
70	0.00529696
71	0.00536513
72	0.0049957
73	0.00461835
74	0.00438191
75	0.00891913
76	0.00887177
77	0.0038459
78	0.00360445
79	0.00354497
80	0.00301802
81	0.00629134
82	0.00626265
83	0.0059949
84	0.00584468
85	0.0055382
86	0.00503489
87	0.00452545
88	0.00410315
89	0.00397426
90	0.00425094
91	0.00199215
92	0.00442296
93	0.00208046
94	0.00196057
95	0.00409307
96	0.0017277
97	0.00331064
98	0.00301223
99	0.00266772
100	0.00254166
101	0.00255857
102	0.00117239
103	0.00119548
104	0.00117283
105	0.00117163
106	0.00121648
107	0.00130465
108	0.00136105
109	0.00134076
110	0.00133695
111	0.00290229
112	0.00278199
113	0.00114508
114	0.00099133
115	0.00085897
116	0.00198184
117	0.00183593
118	0.00171052
119	0.000723574
120	0.00148833
121	0.000604884
122	0.00130722
123	0.000531831
124	0.000495159
125	0.000460957
126	0.00096499
127	0.000905411
128	0.00084088
129	0.000796527
130	0.00077919
131	0.000788493
132	0.000804762
133	0.000817758
134	0.000839614
135	0.00084645
136	0.00036765
137	0.000813428
138	0.000339095
139	0.000315717
140	0.000711456
141	0.000672865
142	0.000621192
143	0.000562336
144	0.000505842
145	0.000471599
146	0.000454135
147	0.000444395
148	0.000434864
149	0.000423157
150	0.000410018
151	0.000398421
152	0.000388676
153	0.000379403
154	0.000368913
155	0.000357779
156	0.000346044
157	0.00033175
158	0.000317609
159	0.000303482
160	0.000288805
161	0.000274019
162	0.000261352
163	0.000256931
164	0.000264692
165	0.000279927
166	0.000292693
167	0.000300674
168	0.000306255
169	0.000307557
170	0.000304057
171	0.000299022
172	0.000291813
173	0.000285511
174	0.000279573
175	0.000275442
176	0.000273145
177	0.000274031
178	0.000278431
179	0.000284936
180	0.000291361
181	0.000295334
182	0.000296365
183	0.000294028
184	0.000288544
185	0.000280753
186	0.000271494
187	0.000262528
188	0.000254318
189	0.000247369
190	0.000242206
191	0.000239418
192	0.000240332
193	0.000241798
194	0.000242106
195	0.000240597
196	0.000237238
197	0.000233052
198	0.000228371
199	0.000225545
200	0.000225899
201	0.000230678
202	0.000240575
203	0.000252449
204	0.000263531
205	0.000271641
206	0.000275706
207	0.000277254
208	0.000276314
209	0.000273954
210	0.000270218
211	0.000265751
212	0.000261085
213	0.000254838
214	0.000246845
215	0.000237706
216	0.000227146
217	0.000215923
218	0.000206162
219	0.000197924
220	0.000191015
221	0.000185695
222	0.000186022
223	0.000187551
224	0.000186125
225	0.0001828
226	0.000176086
227	0.000167453
228	0.000163117
229	0.000169098
230	0.000177784
231	0.000183642
232	0.000185134
233	0.000181409
234	0.000173523
235	0.000163267
236	0.000151808
237	0.000140113
238	0.000129403
239	0.000122541
240	0.000120545
241	0.000119617
242	0.000117857
243	0.000115301
244	0.000111832
245	0.000107491
246	0.000103371
247	9.98035e-05
248	9.63912e-05
249	9.28758e-05
250	8.98692e-05
251	8.7714e-05
252	8.69141e-05
253	8.72286e-05
254	8.86592e-05
255	9.11516e-05
256	9.41477e-05
257	9.57051e-05
258	9.52332e-05
259	9.21925e-05
260	8.62446e-05
261	7.97914e-05
262	7.34272e-05
263	6.76183e-05
264	6.3208e-05
265	6.00138e-05
266	5.83187e-05
267	5.76234e-05
268	5.67865e-05
269	5.52577e-05
270	5.3352e-05
271	5.15142e-05
272	5.0187e-05
273	5.26634e-05
274	5.30351e-05
275	5.51143e-05
276	5.50709e-05
277	5.50881e-05
278	5.27731e-05
279	4.88061e-05
280	4.46121e-05
281	4.23227e-05
282	4.25066e-05
283	4.26502e-05
284	4.09574e-05
285	3.74444e-05
286	3.35653e-05
287	3.03642e-05
288	2.84424e-05
289	2.68721e-05
290	2.57385e-05
291	2.55323e-05
292	2.56865e-05
293	2.6374e-05
294	2.81237e-05
295	2.974e-05
296	3.06793e-05
297	3.12943e-05
298	3.06989e-05
299	2.90456e-05
300	2.75171e-05
301	2.7291e-05
302	2.753e-05
303	2.68049e-05
304	2.48167e-05
305	2.23087e-05
306	2.00445e-05
307	1.84977e-05
308	1.70102e-05
309	1.51862e-05
310	1.43157e-05
311	1.44459e-05
312	1.51135e-05
313	1.51563e-05
314	1.65295e-05
315	1.80782e-05
316	2.01803e-05
317	2.11339e-05
318	2.07303e-05
319	1.93998e-05
320	1.81341e-05
321	1.75276e-05
322	1.66556e-05
323	1.51415e-05
324	1.33333e-05
325	1.17981e-05
326	1.08938e-05
327	1.01485e-05
328	9.40666e-06
329	9.16885e-06
330	9.65665e-06
331	1.0411e-05
332	1.04569e-05
333	1.12055e-05
334	1.24815e-05
335	1.32775e-05
336	1.36722e-05
337	1.36376e-05
338	1.26079e-05
339	1.13349e-05
340	1.0746e-05
341	1.03154e-05
342	9.5561e-06
343	8.0042e-06
344	7.10786e-06
345	6.32411e-06
346	6.00988e-06
347	5.59613e-06
348	5.30184e-06
349	5.43525e-06
350	5.98867e-06
351	6.63255e-06
352	6.99802e-06
353	6.87511e-06
354	6.91615e-06
355	7.1441e-06
356	7.56085e-06
357	7.87777e-06
358	7.91869e-06
359	7.4306e-06
360	6.71416e-06
361	6.11956e-06
362	5.93672e-06
363	5.76264e-06
364	5.45477e-06
365	4.98999e-06
366	4.42795e-06
367	3.88798e-06
368	3.43833e-06
369	3.08719e-06
370	9.9923e-06
371	2.84012e-06
372	9.53082e-06
373	9.78301e-06
374	9.65462e-06
375	9.176e-06
376	8.88968e-06
377	8.68625e-06
378	8.7502e-06
379	9.21398e-06
380	9.47442e-06
381	9.20877e-06
382	8.60694e-06
383	8.03207e-06
384	7.6402e-06
385	7.45366e-06
386	7.112e-06
387	6.6101e-06
388	6.19553e-06
389	6.06455e-06
390	5.75847e-06
391	5.50142e-06
392	5.19851e-06
393	5.03405e-06
394	3.88111e-06
395	4.4438e-06
396	3.44441e-06
397	4.12942e-06
398	3.44296e-06
399	4.68793e-06
400	4.09364e-06
401	5.40892e-06
402	4.53199e-06
403	5.63656e-06
404	5.61898e-06
405	4.66384e-06
406	5.37295e-06
407	4.29838e-06
408	5.26626e-06
409	4.15986e-06
410	5.02985e-06
411	3.745e-06
412	4.35593e-06
413	3.26892e-06
414	4.10469e-06
415	3.58616e-06
416	3.31899e-06
417	4.31282e-06
418	3.55223e-06
419	4.42785e-06
420	3.9286e-06
421	5.53037e-06
422	6.94133e-06
423	7.54927e-06
424	6.09609e-06
425	6.41901e-06
426	5.03205e-06
427	5.65227e-06
428	6.49441e-06
429	7.24939e-06
430	6.03756e-06
431	6.31875e-06
432	5.96255e-06
433	6.70828e-06
434	7.54872e-06
435	7.95395e-06
436	7.73076e-06
437	6.16961e-06
438	6.55668e-06
439	7.24486e-06
440	8.33762e-06
441	8.52939e-06
442	6.86001e-06
443	6.67967e-06
444	6.17024e-06
445	6.92903e-06
446	5.9198e-06
447	6.43444e-06
448	5.17147e-06
449	5.53434e-06
450	4.74645e-06
451	6.12237e-06
452	7.22096e-06
453	6.19684e-06
454	6.81233e-06
455	6.50504e-06
456	7.13663e-06
457	7.92881e-06
458	6.84743e-06
459	7.35394e-06
460	6.99581e-06
461	5.67402e-06
462	6.41801e-06
463	7.55408e-06
464	8.2002e-06
465	6.84733e-06
466	6.99408e-06
467	6.73204e-06
468	7.87357e-06
469	8.76498e-06
470	8.95995e-06
471	8.47403e-06
472	7.56111e-06
473	7.50329e-06
474	6.4924e-06
475	7.24043e-06
476	5.97203e-06
477	6.40407e-06
478	4.92329e-06
479	5.86608e-06
480	6.95259e-06
481	7.92063e-06
482	6.62347e-06
483	7.17951e-06
484	6.73951e-06
485	7.43999e-06
486	8.33975e-06
487	8.76528e-06
488	7.28179e-06
489	7.38055e-06
490	6.89362e-06
491	7.96713e-06
492	8.83447e-06
493	8.92343e-06
494	8.39773e-06
495	7.76719e-06
496	8.30284e-06
497	9.00029e-06
498	8.94776e-06
499	8.21448e-06
500	7.36051e-06
