/*--------------------------------*- C++ -*----------------------------------*\
| =========                 |                                                 |
| \\      /  F ield         | OpenFOAM: The Open Source CFD Toolbox           |
|  \\    /   O peration     | Version:  v1912                                 |
|   \\  /    A nd           | Website:  www.openfoam.com                      |
|    \\/     M anipulation  |                                                 |
\*---------------------------------------------------------------------------*/
FoamFile
{
    version     2.0;
    format      ascii;
    class       surfaceScalarField;
    location    "1332";
    object      phi;
}
// * * * * * * * * * * * * * * * * * * * * * * * * * * * * * * * * * * * * * //

dimensions      [0 3 -1 0 0 0 0];
oriented        oriented;


internalField   nonuniform List<scalar> 
4874
(
0.000996569
3.56223e-06
0.000987236
9.33289e-06
0.000972633
1.46038e-05
0.000952068
2.05642e-05
0.000923101
2.89672e-05
0.000879979
4.31225e-05
0.000814693
6.52859e-05
0.000685319
0.000129374
0.000456777
0.000228542
0.000456777
0.000996754
7.26545e-06
0.000987327
1.87596e-05
0.000972793
2.91382e-05
0.000952342
4.10149e-05
0.000923525
5.77839e-05
0.000880825
8.58226e-05
0.000816228
0.000129883
0.000692791
0.00025281
0.000496787
0.000424546
0.000953564
0.000996762
1.09758e-05
0.000987344
2.81775e-05
0.000972832
4.36506e-05
0.000952482
6.13643e-05
0.000923707
8.65597e-05
0.000882068
0.000127461
0.000818519
0.000193433
0.000711908
0.000359421
0.000542399
0.000594055
0.00149596
-4.02705e-05
4.02702e-05
-6.71535e-05
2.68828e-05
-8.85718e-05
2.14183e-05
-0.00011418
2.5608e-05
-0.000153519
3.93396e-05
-0.000216094
6.25746e-05
-0.000306667
9.05735e-05
-0.000419908
0.000113242
-0.000537504
0.000117597
-0.000633977
9.64725e-05
-0.000685986
5.20082e-05
-0.00068286
-3.12815e-06
-0.000623829
-5.90296e-05
-0.000477319
-0.000146508
-0.000216056
-0.000261264
6.4576e-05
-0.000280632
0.000272455
-0.00020788
0.000409871
-0.000137418
0.000519726
-0.000109856
-7.164e-05
-4.05967e-05
8.08666e-05
-6.4643e-05
5.0929e-05
-8.36094e-05
4.03849e-05
-0.000106714
4.87131e-05
-0.000142798
7.54231e-05
-0.000200891
0.000120669
-0.00028577
0.000175455
-0.000392136
0.00021961
-0.000501769
0.00022723
-0.000590284
0.000184986
-0.000634973
9.66961e-05
-0.000624852
-1.32525e-05
-0.000561088
-0.00012279
-0.000409322
-0.000298269
-0.000143378
-0.000527202
0.000130996
-0.000555004
0.000326684
-0.000403571
0.000455874
-0.000266611
0.000558168
-0.00021215
-0.000139991
-4.2923e-05
0.000123789
-5.97984e-05
6.78041e-05
-7.35402e-05
5.41269e-05
-9.18535e-05
6.70267e-05
-0.000121834
0.000105403
-0.000172197
0.000171032
-0.000247708
0.000250967
-0.000343027
0.00031493
-0.000440309
0.00032451
-0.00051698
0.000261655
-0.000552838
0.000132554
-0.000537449
-2.86453e-05
-0.000468628
-0.000191609
-0.000306061
-0.000460832
-3.79881e-05
-0.000795271
0.000223347
-0.000816337
0.000408938
-0.000589164
0.000530808
-0.000388482
0.000624741
-0.000306083
-0.00020128
0.00112558
1.52207e-05
0.00111493
3.8825e-05
0.00109861
5.99746e-05
0.00107583
8.41362e-05
0.00104355
0.000118846
0.000998584
0.000172425
0.000928658
0.000263359
0.000835123
0.000452956
0.000721667
0.000707511
0.00137519
0.000842438
0.00115236
1.95813e-05
0.00114149
4.97034e-05
0.00112486
7.65985e-05
0.00110179
0.000107205
0.00106927
0.00015137
0.00102557
0.000216124
0.000960382
0.000328547
0.000897879
0.000515459
0.000859362
0.000746028
0.00122574
0.00100881
0.00117978
2.40475e-05
0.00116869
6.0803e-05
0.0011518
9.34855e-05
0.00112846
0.000130547
0.00109615
0.000183679
0.00105373
0.000258546
0.000997584
0.000384689
0.000951548
0.000561494
0.000943673
0.000753903
0.00108116
0.00108826
0.00120786
2.86167e-05
0.00119655
7.21168e-05
0.00117944
0.000110597
0.00115588
0.000154103
0.00112415
0.000215409
0.0010833
0.000299394
0.00103684
0.000431151
0.00100008
0.000598256
0.00100663
0.000747352
0.000953316
0.00113448
0.00123661
3.32862e-05
0.00122509
8.36345e-05
0.00120779
0.000127898
0.00118412
0.000177772
0.00115318
0.000246349
0.00111451
0.000338066
0.00107613
0.000469529
0.00104953
0.000624858
0.00106319
0.000733692
0.000851039
0.00116546
0.00126604
3.80534e-05
0.00125434
9.5342e-05
0.00123688
0.000145357
0.00121322
0.000201429
0.0011832
0.000276374
0.00114731
0.000373958
0.00111538
0.000501454
0.00109943
0.000640805
0.00111671
0.00071642
0.000770775
0.00119697
0.00129618
4.29151e-05
0.0012843
0.000107223
0.00126672
0.000162938
0.00124321
0.000224944
0.00121422
0.000305364
0.00118147
0.0004067
0.00115506
0.000527867
0.00114783
0.000648037
0.00116777
0.000696479
0.000706323
0.00123222
0.00132704
4.78674e-05
0.00131501
0.00011926
0.00129734
0.000180599
0.00127409
0.000248199
0.00124627
0.000333181
0.0012168
0.000436176
0.00119539
0.000549269
0.00119441
0.000649024
0.00121652
0.00067437
0.000653205
0.00126963
0.00135864
5.29054e-05
0.00134647
0.000131434
0.00132877
0.000198296
0.00130588
0.000271086
0.00127938
0.000359684
0.00125313
0.000462426
0.00123634
0.000566056
0.00123979
0.000645579
0.00126315
0.000651005
0.000608519
0.00130784
0.001391
5.80234e-05
0.00137871
0.000143725
0.00136102
0.000215978
0.00133861
0.000293505
0.00131354
0.000384746
0.00129042
0.00048555
0.00127781
0.000578664
0.0012845
0.000638895
0.00130818
0.000627317
0.000570262
0.00134644
0.00142413
6.3215e-05
0.00141174
0.000156109
0.00139413
0.000233593
0.00137227
0.000315361
0.00134875
0.000408269
0.00132862
0.000505678
0.00131973
0.000587561
0.0013288
0.00062982
0.00135218
0.000603937
0.000537003
0.00138544
0.00145805
6.84726e-05
0.0014456
0.000168562
0.0014281
0.000251086
0.0014069
0.000336565
0.00138499
0.000430178
0.00136772
0.000522953
0.00136207
0.000593207
0.00137288
0.000619007
0.0013956
0.000581223
0.000507701
0.0014249
0.00149279
7.37881e-05
0.00148029
0.00018106
0.00146298
0.000268403
0.0014425
0.000357035
0.00142226
0.000450424
0.00140768
0.000537531
0.00140485
0.000596034
0.0014169
0.000606961
0.00143874
0.000559378
0.000481591
0.00146485
0.00152836
7.91525e-05
0.00151585
0.000193574
0.00149876
0.000285487
0.0014791
0.000376697
0.00146055
0.000468978
0.0014485
0.000549581
0.0014481
0.000596434
0.00146099
0.00059407
0.00148186
0.000538507
0.0004581
0.00150535
0.00156478
8.45558e-05
0.00155228
0.000206076
0.00153548
0.000302286
0.0015167
0.000395482
0.00149985
0.00048583
0.00149015
0.000559276
0.00149183
0.000594758
0.00150527
0.000580626
0.00152513
0.000518647
0.000436794
0.00154644
0.00160208
8.99873e-05
0.00158962
0.000218535
0.00157317
0.000318743
0.00155532
0.000413332
0.00154016
0.000500984
0.00153265
0.000566789
0.00153608
0.000591322
0.00154986
0.000566852
0.00156872
0.000499788
0.000417336
0.00158818
0.00164027
9.54358e-05
0.00162789
0.00023092
0.00161183
0.000334806
0.00159496
0.000430195
0.00158149
0.000514461
0.00157598
0.000572293
0.0015809
0.0005864
0.00159484
0.000552918
0.00161273
0.000481891
0.000399454
0.00163062
0.00167938
0.000100889
0.0016671
0.000243198
0.00165149
0.000350424
0.00163565
0.000446029
0.00162382
0.000526292
0.00162016
0.000575953
0.00162633
0.000580235
0.00164029
0.000538949
0.00165728
0.000464904
0.00038293
0.00167381
0.00171943
0.000106334
0.00170729
0.000255336
0.00169217
0.000365548
0.0016774
0.0004608
0.00166717
0.00053652
0.00166519
0.000577932
0.00167239
0.000573035
0.0016863
0.000525039
0.00170244
0.000448763
0.000367585
0.00171779
0.00176044
0.000111757
0.00174847
0.000267302
0.00173389
0.000380131
0.00172021
0.00047448
0.00171153
0.000545194
0.00171108
0.000578383
0.00171914
0.000564979
0.00173292
0.000511256
0.00174828
0.000433406
0.000353267
0.0017626
0.00180243
0.000117144
0.00179067
0.00027906
0.00177667
0.00039413
0.0017641
0.00048705
0.00175692
0.000552373
0.00175786
0.00057745
0.00176661
0.000556221
0.00178022
0.000497649
0.00179486
0.000418771
0.000339849
0.00180827
0.00184543
0.000122482
0.00183391
0.000290579
0.00182054
0.000407504
0.00180909
0.000498501
0.00180334
0.000558118
0.00180552
0.00057527
0.00181485
0.000546892
0.00182825
0.000484251
0.00184222
0.000404797
0.000327223
0.00185485
0.00188946
0.000127754
0.00187821
0.000301823
0.0018655
0.000420218
0.00185518
0.000508826
0.0018508
0.000562497
0.0018541
0.000571971
0.00186388
0.000537104
0.00187705
0.000471085
0.00189042
0.000391429
0.000315297
0.00190234
0.00193455
0.000132946
0.00192361
0.000312761
0.00191159
0.000432237
0.00190239
0.000518029
0.0018993
0.000565579
0.0019036
0.000567671
0.00191376
0.000526951
0.00192668
0.000458163
0.00193949
0.000378616
0.000303994
0.0019508
0.00198071
0.000138043
0.00197011
0.000323362
0.00195882
0.000443533
0.00195073
0.000526119
0.00194887
0.000567435
0.00195406
0.000562478
0.0019645
0.000516513
0.00197717
0.000445493
0.00198947
0.000366312
0.000293245
0.00200022
0.00202799
0.000143029
0.00201775
0.000333593
0.0020072
0.000454082
0.00200021
0.000533109
0.00199951
0.000568139
0.00200549
0.000556493
0.00201615
0.000505857
0.00202856
0.000433079
0.0020404
0.000354476
0.000282994
0.00205065
0.00207639
0.00014789
0.00206656
0.000343427
0.00205677
0.000463864
0.00205086
0.000539021
0.00205124
0.000567764
0.00205792
0.00054981
0.00206874
0.000495043
0.00208089
0.000420921
0.0020923
0.00034307
0.00027319
0.0021021
0.00212595
0.000152611
0.00211654
0.000352835
0.00210755
0.000472862
0.00210269
0.00054388
0.00210407
0.000566382
0.00211137
0.000542513
0.00212229
0.000484117
0.0021342
0.000409016
0.0021452
0.000332062
0.000263793
0.0021546
0.0021767
0.000157177
0.00216774
0.000361793
0.00215954
0.000481066
0.0021557
0.000547714
0.00215802
0.000564067
0.00216585
0.00053468
0.00217685
0.000473124
0.0021885
0.000397361
0.00219914
0.000321423
0.000254765
0.00220817
0.00222866
0.000161574
0.00222018
0.000370277
0.00221278
0.00048847
0.00220993
0.000550559
0.00221311
0.000560889
0.00222141
0.000526383
0.00223243
0.000462099
0.00224384
0.000385954
0.00225413
0.000311128
0.000246078
0.00226282
0.00228186
0.00016579
0.00227388
0.000378267
0.00226727
0.00049507
0.00226538
0.000552451
0.00226935
0.000556918
0.00227805
0.000517689
0.00228907
0.000451075
0.00230023
0.00037479
0.00231021
0.000301157
0.000237704
0.00231858
0.00233634
0.000169813
0.00232886
0.000385744
0.00232306
0.000500871
0.00232208
0.000553432
0.00232677
0.000552224
0.0023358
0.000508658
0.0023468
0.000440079
0.00235772
0.000363868
0.00236739
0.000291491
0.000229622
0.00237547
0.00239211
0.000173631
0.00238516
0.000392693
0.00238015
0.000505878
0.00238004
0.000553546
0.00238539
0.000546873
0.0023947
0.000499347
0.00240564
0.000429136
0.00241632
0.000353185
0.0024257
0.000282114
0.000221814
0.00243351
0.00244921
0.000177235
0.0024428
0.000399103
0.00243857
0.000510104
0.00243928
0.00055284
0.00244522
0.000540932
0.00245476
0.000489809
0.00246562
0.000418271
0.00247607
0.00034274
0.00248517
0.000273016
0.000214266
0.00249271
0.00250766
0.000180615
0.0025018
0.000404966
0.00249834
0.000513564
0.00249982
0.000551362
0.00250629
0.000534463
0.00251601
0.000480092
0.00252677
0.000407504
0.00253698
0.000332534
0.00254581
0.000264186
0.000206966
0.00255311
0.00256751
0.000183765
0.0025622
0.000410275
0.00255949
0.000516279
0.00256169
0.000549164
0.00256862
0.000527528
0.00257847
0.000470244
0.00258912
0.000396857
0.00259908
0.000322566
0.00260765
0.000255616
0.000199903
0.00261472
0.00262878
0.000186678
0.00262403
0.00041503
0.00262204
0.000518273
0.0026249
0.000546299
0.00263224
0.00052019
0.00264217
0.000460307
0.00265268
0.000386347
0.00266241
0.000312839
0.00267072
0.000247302
0.000193072
0.00267756
0.00269151
0.000189352
0.00268731
0.000419234
0.00268601
0.000519575
0.00268948
0.000542822
0.00269717
0.000512507
0.00270715
0.000450325
0.0027175
0.000375995
0.00272698
0.000303357
0.00273504
0.00023924
0.000186466
0.00274165
0.00275572
0.000191783
0.00275207
0.000422891
0.00275143
0.000520216
0.00275546
0.000538789
0.00276343
0.000504537
0.00277342
0.000440336
0.00278359
0.00036582
0.00279282
0.000294125
0.00280064
0.000231428
0.000180082
0.00280702
0.00282146
0.000193971
0.00281834
0.000426013
0.00281832
0.000520234
0.00282285
0.000534258
0.00283105
0.000496337
0.00284101
0.00043038
0.00285099
0.000355839
0.00285997
0.000285147
0.00286753
0.000223866
0.000173917
0.00287369
0.00288875
0.000195917
0.00288615
0.000428613
0.00288672
0.000519668
0.00289169
0.000529288
0.00290007
0.000487964
0.00290995
0.000420495
0.00291972
0.000346073
0.00292843
0.000276432
0.00293574
0.000216556
0.000167973
0.00294169
0.00295764
0.000197626
0.00295554
0.000430709
0.00295665
0.00051856
0.002962
0.000523937
0.0029705
0.000479471
0.00298027
0.000410717
0.00298981
0.00033654
0.00299825
0.000267986
0.00300531
0.000209501
0.000162248
0.00301103
0.00302816
0.000199103
0.00302654
0.000432322
0.00302814
0.000516958
0.00303381
0.000518267
0.00304237
0.000470915
0.003052
0.000401083
0.00306128
0.00032726
0.00306945
0.00025982
0.00307625
0.000202703
0.000156744
0.00308175
0.00310034
0.000200354
0.00309918
0.00043348
0.00310123
0.000514911
0.00310716
0.00051234
0.00311572
0.000462348
0.00312518
0.00039163
0.00313418
0.000318253
0.00314206
0.000251943
0.0031486
0.000196169
0.000151465
0.00315387
0.00317423
0.000201389
0.0031735
0.00043421
0.00317594
0.000512472
0.00318206
0.000506217
0.00319058
0.000453824
0.00319982
0.000382393
0.00320853
0.00030954
0.00321611
0.000244366
0.00322237
0.000189904
0.000146413
0.00322743
0.00324986
0.00020222
0.00324952
0.000434546
0.0032523
0.000509695
0.00325856
0.000499963
0.00326698
0.000445396
0.00327597
0.000373408
0.00328437
0.000301143
0.00329163
0.000237102
0.00329762
0.000183916
0.000141593
0.00330244
0.00332728
0.00020286
0.0033273
0.000434525
0.00333036
0.000506639
0.00333668
0.000493641
0.00334496
0.000437118
0.00335365
0.000364712
0.00336171
0.000293083
0.00336865
0.000230164
0.00337435
0.000178213
0.000137011
0.00337894
0.00340653
0.000203323
0.00340686
0.000434186
0.00341014
0.000503363
0.00341646
0.000487316
0.00342454
0.000429044
0.00343291
0.000356341
0.00344061
0.000285384
0.00344721
0.000223567
0.00345262
0.000172803
0.000132672
0.00345695
0.00348764
0.000203626
0.00348825
0.000433573
0.00349169
0.00049993
0.00349795
0.000481054
0.00350577
0.000421227
0.00351377
0.000348334
0.00352109
0.00027807
0.00352733
0.000217324
0.00353243
0.000167698
0.000128584
0.00353652
0.00357067
0.000203788
0.00357151
0.000432731
0.00357504
0.000496405
0.00358117
0.000474921
0.00358868
0.000413721
0.00359628
0.000340728
0.00360319
0.000271166
0.00360906
0.000211454
0.00361385
0.000162908
0.000124754
0.00361768
0.00365565
0.000203828
0.00365668
0.000431708
0.00366023
0.000492853
0.00366617
0.000468984
0.00367331
0.000406581
0.00368047
0.000333562
0.00368694
0.000264699
0.00369242
0.000205974
0.00369688
0.000158446
0.00012119
0.00370045
0.00374265
0.000203766
0.0037438
0.000430554
0.00374731
0.000489342
0.00375298
0.000463311
0.0037597
0.000399863
0.00376639
0.000326878
0.00377239
0.000258697
0.00377746
0.000200904
0.00378158
0.000154324
0.000117903
0.00378487
0.00383169
0.000203624
0.00383292
0.000429321
0.00383632
0.00048594
0.00384166
0.00045797
0.0038479
0.000393623
0.00385406
0.000320716
0.00385957
0.000253188
0.00386421
0.000196263
0.00386798
0.000150558
0.000114904
0.00387098
0.00392283
0.000203423
0.00392409
0.000428063
0.00392731
0.000482717
0.00393225
0.000453033
0.00393795
0.000387921
0.00394355
0.000315122
0.00394853
0.000248206
0.00395272
0.000192076
0.00395611
0.000147165
0.000112203
0.00395881
0.00401613
0.000203186
0.00401736
0.000426832
0.00402033
0.000479742
0.0040248
0.000448568
0.0040299
0.000382815
0.00403489
0.000310139
0.00403931
0.000243784
0.00404302
0.000188366
0.00404602
0.000144162
0.000109815
0.00404841
0.00411163
0.000202934
0.00411278
0.00042568
0.00411543
0.000477085
0.00411935
0.000444647
0.0041238
0.000378367
0.00412812
0.000305818
0.00413195
0.000239957
0.00413516
0.00018516
0.00413775
0.000141569
0.000107755
0.00413981
0.00420938
0.000202688
0.0042104
0.000424661
0.00421267
0.000474816
0.00421598
0.000441341
0.0042197
0.000374639
0.00422331
0.000302208
0.0042265
0.000236766
0.00422917
0.000182489
0.00423133
0.000139411
0.00010604
0.00423305
0.00430945
0.000202467
0.00431029
0.000423823
0.0043121
0.000473001
0.00431472
0.000438724
0.00431766
0.000371699
0.0043205
0.000299363
0.00432302
0.00023425
0.00432513
0.000180382
0.00432683
0.000137706
0.000104686
0.00432819
0.00441188
0.000202287
0.0044125
0.000423212
0.00441379
0.000471705
0.00441565
0.000436866
0.00441773
0.000369614
0.00441975
0.000297343
0.00442154
0.000232462
0.00442304
0.000178883
0.00442425
0.000136492
0.000103717
0.00442522
0.00451675
0.00451708
0.00451778
0.00451876
0.00451986
0.00452093
0.00452188
0.00452268
0.00452333
0.00452384
0.000759592
8.28464e-05
0.000717766
4.18265e-05
0.000602425
0.00011534
0.000423936
0.00017849
0.000216979
0.000206957
3.87667e-05
0.000178212
-5.4575e-05
9.33415e-05
-6.85818e-05
1.40067e-05
-5.31079e-05
-1.54739e-05
1.55791e-05
-6.86873e-05
0.00108359
8.06999e-06
0.00113035
-4.93769e-06
0.0011266
0.000119091
0.00103834
0.000266751
0.000851223
0.000394072
0.000574217
0.000455218
0.00026239
0.000405169
1.65656e-05
0.00025983
-7.20179e-05
7.31094e-05
4.13783e-05
-9.78176e-05
0.0011671
-7.07748e-05
0.00120843
-4.62653e-05
0.00124153
8.59933e-05
0.00124768
0.000260598
0.00119598
0.000445767
0.00103834
0.000612857
0.000753417
0.000690097
0.000392545
0.000620703
8.12013e-05
0.000384452
0.000210641
-8.80615e-05
0.00121084
-0.000147143
0.00124517
-8.0589e-05
0.0012722
5.89572e-05
0.00129292
0.000239877
0.00130382
0.000434874
0.00127076
0.000645917
0.00112798
0.000832876
0.000836441
0.00091224
0.000436965
0.000783928
0.000576213
7.13932e-05
0.00123424
-0.000215921
0.00126693
-0.000113277
0.00129063
3.52619e-05
0.001309
0.000221506
0.00132647
0.000417401
0.00134296
0.000629428
0.00131745
0.000858388
0.00117296
0.00105673
0.00085684
0.00110005
0.000957272
0.000475782
0.00125656
-0.00027551
0.00128791
-0.000144633
0.00130924
1.39369e-05
0.00132633
0.000204417
0.00133978
0.000403951
0.0013586
0.000610604
0.00138003
0.000836958
0.00135559
0.00108117
0.00118981
0.00126582
0.00124416
0.000902921
0.00128281
-0.000326098
0.00131229
-0.000174112
0.00133176
-5.53984e-06
0.00134794
0.000188238
0.00136006
0.000391837
0.00137224
0.000598426
0.00139493
0.000814262
0.00142368
0.00105242
0.00138294
0.00130657
0.0014012
0.0012259
0.00131214
-0.000368602
0.00133922
-0.000201192
0.00135741
-2.37321e-05
0.0013727
0.000172953
0.00138512
0.000379411
0.00139511
0.000588442
0.00140856
0.000800804
0.00144096
0.00102003
0.00146448
0.00128305
0.00145363
0.00141205
0.00134334
-0.000404098
0.0013678
-0.000225653
0.00138495
-4.08831e-05
0.00139948
0.000158416
0.00141221
0.000366686
0.00142304
0.000577616
0.00143248
0.00079136
0.00145239
0.00100012
0.00149029
0.00124515
0.00144949
0.00149442
0.00137596
-0.000433617
0.00139779
-0.000247486
0.00141391
-5.69988e-05
0.00142781
0.000144512
0.00144056
0.000353933
0.00145237
0.000565809
0.00146271
0.000781027
0.00147401
0.000988813
0.00150389
0.00121527
0.00142751
0.00152587
0.00140991
-0.000458085
0.0014292
-0.000266779
0.00144424
-7.20364e-05
0.00145753
0.00013122
0.00147019
0.000341275
0.00148241
0.000553588
0.0014946
0.000768839
0.00150437
0.000979041
0.0015244
0.00119524
0.00140597
0.00154594
0.00144511
-0.000478294
0.001462
-0.000283675
0.00147593
-8.59596e-05
0.00148861
0.000118539
0.00150111
0.000328777
0.00151349
0.000541206
0.00152673
0.0007556
0.00153828
0.000967492
0.00155371
0.00117981
0.00138815
0.00157153
0.00148146
-0.000494901
0.00149614
-0.000298352
0.00150893
-9.87529e-05
0.00152101
0.000106465
0.00153328
0.0003165
0.00154581
0.000528677
0.00155942
0.000741989
0.0015729
0.000954011
0.00158789
0.00116483
0.00137181
0.00160423
0.00151889
-0.000508442
0.00153154
-0.000310999
0.00154321
-0.000110423
0.00155468
9.49954e-05
0.00156668
0.000304492
0.00157935
0.000516012
0.00159315
0.000728191
0.00160781
0.00093935
0.00162378
0.00114885
0.00135488
0.00164072
0.00155734
-0.000519349
0.00156815
-0.000321805
0.00157872
-0.000120997
0.00158958
8.41343e-05
0.0016013
0.000292781
0.00161403
0.000503274
0.00162804
0.000714182
0.00164336
0.000924033
0.0016603
0.00113191
0.00133671
0.00167847
0.0015968
-0.000527974
0.00160594
-0.000330941
0.00161545
-0.000130514
0.00162571
7.38838e-05
0.00163711
0.000281381
0.00164985
0.000490531
0.00166408
0.000699947
0.00167987
0.000908248
0.0016975
0.00111428
0.00131745
0.00171676
0.00163724
-0.0005346
0.00164487
-0.000338565
0.00165338
-0.000139025
0.00166302
6.42417e-05
0.0016741
0.000270301
0.0016868
0.000477836
0.00170123
0.000685516
0.00171743
0.000892048
0.00173561
0.00109609
0.00129736
0.0017557
0.00167866
-0.000539458
0.00168491
-0.000344816
0.00169247
-0.000146583
0.00170151
5.52001e-05
0.00171227
0.000259547
0.00172488
0.00046522
0.00173946
0.000670936
0.00175604
0.000875472
0.00177473
0.0010774
0.00127657
0.00179552
0.00172106
-0.000542737
0.00172606
-0.000349813
0.00173272
-0.000153242
0.00174117
4.67463e-05
0.0017516
0.000249126
0.00176411
0.000452707
0.0017788
0.000656245
0.0017957
0.00085857
0.00181488
0.00105823
0.00125513
0.00183632
0.00176445
-0.00054459
0.0017683
-0.000353661
0.00177411
-0.000159053
0.00178199
3.8864e-05
0.00179208
0.00023904
0.00180447
0.000440313
0.00181924
0.000641474
0.00183642
0.000841388
0.00185605
0.0010386
0.00123307
0.0018781
0.00180883
-0.000545144
0.00181162
-0.00035645
0.00181663
-0.000164065
0.00182396
3.15353e-05
0.00183371
0.000229289
0.00184597
0.000428054
0.00186079
0.000626648
0.00187822
0.000823966
0.00189825
0.00101857
0.00121045
0.00192088
0.00185421
-0.000544505
0.00185601
-0.000358256
0.00186027
-0.000168323
0.00186707
2.47414e-05
0.00187648
0.000219871
0.0018886
0.000415939
0.00190346
0.000611788
0.00192109
0.000806337
0.00194149
0.000998161
0.00118728
0.00196466
0.0019006
-0.000542761
0.00190149
-0.000359145
0.00190503
-0.000171866
0.00191131
1.84633e-05
0.0019204
0.000210781
0.00193236
0.000403976
0.00194724
0.000596911
0.00196505
0.000788526
0.00198579
0.00097742
0.00116363
0.00200945
0.00194802
-0.000539984
0.00194805
-0.000359172
0.00195091
-0.000174731
0.00195669
1.26832e-05
0.00196546
0.000202016
0.00197726
0.000392171
0.00199214
0.000582031
0.00201011
0.000770558
0.00203116
0.000956372
0.00113952
0.00205527
0.00199647
-0.000536236
0.00199569
-0.000358384
0.0019979
-0.000176948
0.0020032
7.384e-06
0.00201165
0.000193569
0.00202329
0.000380528
0.00203816
0.000567162
0.00205627
0.000752451
0.0020776
0.000935043
0.00111498
0.00210213
0.00204598
-0.000531566
0.00204442
-0.000356821
0.00204601
-0.000178544
0.00205085
2.55052e-06
0.00205898
0.000185436
0.00207046
0.00036905
0.00208531
0.000552312
0.00210354
0.000734222
0.00212512
0.000913456
0.00109005
0.00215006
0.00209655
-0.000526016
0.00209425
-0.000354515
0.00209525
-0.000179544
0.00209963
-1.83105e-06
0.00210745
0.000177611
0.00211877
0.000357738
0.00213359
0.000537492
0.00215192
0.000715887
0.00217375
0.000891631
0.00106474
0.00219905
0.00214821
-0.000519622
0.00214519
-0.000351496
0.00214561
-0.000179965
0.00214955
-5.77262e-06
0.00215707
0.000170089
0.00216822
0.000346596
0.002183
0.000522707
0.00220143
0.000697457
0.00222348
0.000869584
0.00103909
0.00224913
0.00220096
-0.000512411
0.00219725
-0.000347785
0.00219711
-0.000179826
0.00220062
-9.28436e-06
0.00220784
0.000162867
0.00221881
0.000335623
0.00223356
0.000507964
0.00225207
0.000678944
0.00227432
0.000847332
0.00101311
0.0023003
0.00225482
-0.000504408
0.00225043
-0.000343402
0.00224975
-0.000179139
0.00225284
-1.23748e-05
0.00225976
0.00015594
0.00227057
0.00032482
0.00228526
0.000493268
0.00230385
0.000660356
0.00232629
0.000824888
0.000986816
0.00235259
0.0023098
-0.00049563
0.00230476
-0.000338361
0.00230354
-0.000177917
0.00230621
-1.50508e-05
0.00231285
0.000149305
0.00232348
0.000314188
0.00233813
0.000478624
0.00235678
0.000641703
0.0023794
0.000802262
0.00096023
0.00240599
0.00236593
-0.000486092
0.00236025
-0.000332675
0.0023585
-0.000176166
0.00236076
-1.73179e-05
0.00236711
0.00014296
0.00237757
0.000303729
0.00239215
0.000464036
0.00241087
0.00062299
0.00243366
0.000779466
0.000933363
0.00246053
0.00242322
-0.000475806
0.0024169
-0.000326353
0.00241463
-0.000173895
0.00241649
-1.91802e-05
0.00242255
0.000136905
0.00243283
0.000293443
0.00244736
0.000449506
0.00246613
0.000604225
0.00248908
0.000756507
0.000906227
0.00251622
0.00248169
-0.000464779
0.00247474
-0.000319401
0.00247195
-0.000171108
0.00247341
-2.06404e-05
0.00247918
0.000131137
0.00248929
0.000283332
0.00250375
0.00043504
0.00252257
0.000585412
0.00254568
0.000733394
0.000878832
0.00257308
0.00254135
-0.000453019
0.00253377
-0.000311825
0.00253047
-0.000167808
0.00253153
-2.17003e-05
0.00253701
0.000125657
0.00254695
0.000273397
0.00256135
0.000420639
0.0025802
0.000566556
0.00260347
0.000710131
0.000851185
0.00263111
0.00260223
-0.000440527
0.00259403
-0.000303626
0.00259021
-0.000163997
0.00259087
-2.23605e-05
0.00259607
0.000120465
0.00260582
0.000263639
0.00262016
0.000406305
0.00263905
0.000547661
0.00266246
0.000686725
0.000823294
0.00269035
0.00266433
-0.000427306
0.00265551
-0.000294805
0.00265119
-0.000159674
0.00265145
-2.26207e-05
0.00265635
0.000115563
0.00266593
0.00025406
0.0026802
0.000392043
0.00269913
0.00052873
0.00272267
0.000663179
0.000795164
0.0027508
0.0027277
-0.000413355
0.00271826
-0.000285363
0.00271342
-0.000154841
0.00271328
-2.24798e-05
0.00271789
0.000110951
0.00272729
0.000244662
0.00274148
0.000377853
0.00276044
0.000509766
0.00278413
0.000639497
0.000766799
0.00281249
0.00279234
-0.000398672
0.00278227
-0.000275297
0.00277692
-0.000149493
0.00277638
-2.19359e-05
0.0027807
0.000106632
0.00278991
0.000235447
0.00280403
0.000363738
0.00282302
0.000490772
0.00284684
0.000615681
0.000738203
0.00287544
0.00285827
-0.000383254
0.00284758
-0.000264604
0.00284172
-0.000143629
0.00284077
-2.09866e-05
0.00284479
0.000102607
0.00285382
0.000226418
0.00286786
0.000349701
0.00288688
0.000471749
0.00291083
0.000591734
0.000709377
0.00293966
0.00292553
-0.000367097
0.00291421
-0.000253281
0.00290782
-0.000137245
0.00290646
-1.96285e-05
0.00291019
9.88804e-05
0.00291903
0.000217575
0.00293299
0.000335742
0.00295204
0.000452698
0.00297612
0.000567656
0.000680322
0.00300518
0.00299413
-0.000350194
0.00298217
-0.000241322
0.00297526
-0.000130337
0.00297349
-1.78581e-05
0.00297692
9.54541e-05
0.00298557
0.000208923
0.00299945
0.000321863
0.00301852
0.000433622
0.00304273
0.000543448
0.000651039
0.00307202
0.0030641
-0.00033254
0.0030515
-0.00022872
0.00304406
-0.000122899
0.00304187
-1.56711e-05
0.00304499
9.23318e-05
0.00305345
0.000200462
0.00306725
0.000308067
0.00308635
0.00041452
0.00311069
0.00051911
0.000621528
0.0031402
0.00313546
-0.000314125
0.00312221
-0.000215471
0.00311424
-0.000114926
0.00311163
-1.30625e-05
0.00311444
8.95173e-05
0.00312271
0.000192197
0.00313642
0.000294355
0.00315555
0.000395394
0.00318001
0.000494643
0.000591786
0.00320976
0.00320824
-0.000294941
0.00319434
-0.000201564
0.00318582
-0.000106411
0.00318279
-1.00272e-05
0.00318529
8.70146e-05
0.00319336
0.00018413
0.00320698
0.000280729
0.00322613
0.000376244
0.00325073
0.000470044
0.000561813
0.00328071
0.00328247
-0.000274979
0.0032679
-0.000186993
0.00325884
-9.73473e-05
0.00325537
-6.55929e-06
0.00325756
8.4828e-05
0.00326542
0.000176263
0.00327896
0.000267189
0.00329814
0.00035707
0.00332287
0.000445314
0.000531606
0.00335308
0.00335818
-0.000254227
0.00334294
-0.000171747
0.00333332
-8.77262e-05
0.00332941
-2.65246e-06
0.00333128
8.29627e-05
0.00333894
0.0001686
0.00335239
0.000253739
0.00337159
0.000337873
0.00339645
0.000420451
0.000501162
0.00342689
0.0034354
-0.000232674
0.00341947
-0.000155817
0.00340928
-7.75394e-05
0.00340493
1.70025e-06
0.00340647
8.14236e-05
0.00341393
0.000161146
0.00342728
0.000240379
0.00344651
0.000318653
0.0034715
0.000395454
0.000470479
0.00350219
0.00351416
-0.000210307
0.00349753
-0.000139192
0.00348677
-6.67778e-05
0.00348196
6.50648e-06
0.00348317
8.02166e-05
0.00349041
0.000153903
0.00350368
0.000227113
0.00352292
0.00029941
0.00354805
0.000370321
0.000439555
0.00357898
0.00359448
-0.000187112
0.00357715
-0.000121859
0.0035658
-5.5431e-05
0.00356053
1.17745e-05
0.0035614
7.93482e-05
0.00356843
0.000146876
0.0035816
0.000213943
0.00360086
0.000280145
0.00362613
0.000345053
0.000408385
0.0036573
0.00367641
-0.000163073
0.00365835
-0.000103805
0.00364641
-4.3488e-05
0.00364067
1.75134e-05
0.00364119
7.88254e-05
0.003648
0.000140071
0.00366107
0.000200872
0.00368036
0.00026086
0.00370576
0.000319648
0.000376969
0.00373718
0.00375997
-0.000138176
0.00374118
-8.50157e-05
0.00372863
-3.09367e-05
0.00372241
2.3733e-05
0.00372258
7.8656e-05
0.00372916
0.000133493
0.00374213
0.000187903
0.00376143
0.000241557
0.00378697
0.000294106
0.000345304
0.00381864
0.0038452
-0.000112401
0.00382566
-6.54762e-05
0.00381249
-1.77637e-05
0.00380578
3.04446e-05
0.00380559
7.8849e-05
0.00381193
0.000127148
0.00382479
0.000175042
0.00384411
0.000222237
0.00386979
0.000268428
0.00031339
0.0039017
0.00393214
-8.57295e-05
0.00391183
-4.51694e-05
0.00389803
-3.95472e-06
0.00389081
3.76601e-05
0.00389024
7.94141e-05
0.00389635
0.000121046
0.0039091
0.000162294
0.00392843
0.000202906
0.00395424
0.000242616
0.000281225
0.0039864
0.00402082
-5.81405e-05
0.00399973
-2.40766e-05
0.00398527
1.05067e-05
0.00397753
4.53936e-05
0.00397658
8.03629e-05
0.00398244
0.000115194
0.00399506
0.000149666
0.0040144
0.000183566
0.00404035
0.000216673
0.000248812
0.00407276
0.00411128
-2.96116e-05
0.00408938
-2.17807e-06
0.00407425
2.56376e-05
0.00406599
5.36595e-05
0.00406464
8.17077e-05
0.00407023
0.000109603
0.00408273
0.000137167
0.00410207
0.000164226
0.00412814
0.000190603
0.000216153
0.0041608
0.00420355
-1.15869e-07
0.00418082
2.05502e-05
0.004165
4.1459e-05
0.00415619
6.24762e-05
0.00415443
8.34638e-05
0.00415975
0.000104285
0.00417211
0.000124806
0.00419144
0.000144893
0.00421763
0.000164412
0.000183253
0.00425053
0.0042977
3.03718e-05
0.00427412
4.41308e-05
0.00425759
5.79915e-05
0.0042482
7.18619e-05
0.00424602
8.56477e-05
0.00425104
9.92561e-05
0.00426325
0.000112596
0.00428257
0.000125577
0.00430887
0.00013811
0.000150119
0.00434201
0.00439371
6.18843e-05
0.00436925
6.85928e-05
0.00435198
7.52599e-05
0.004342
8.18378e-05
0.00433937
8.82771e-05
0.0043441
9.45298e-05
0.00435615
0.000100549
0.00437543
0.00010629
0.00440184
0.000111706
0.000116759
0.0044352
0.00449122
0.0044658
0.00444772
0.00443708
0.00443393
0.00443828
0.00445009
0.00446927
0.0044957
0.00452921
-5.54728e-05
0.000110574
-5.8247e-05
7.0578e-05
-6.58031e-05
6.16831e-05
-7.87227e-05
7.99468e-05
-0.000102321
0.000129001
-0.000146087
0.000214799
-0.000215967
0.000320848
-0.000307207
0.00040617
-0.000401365
0.000418667
-0.000475395
0.000335683
-0.000508545
0.000165704
-0.000488434
-4.87595e-05
-0.000409146
-0.000270894
-0.000215565
-0.000654406
8.98659e-05
-0.00110069
0.000372657
-0.00109912
0.000572581
-0.000789091
0.000702512
-0.000518416
0.000799036
-0.000402608
-0.000263086
-5.87076e-05
7.14639e-05
-4.33808e-05
5.52512e-05
-4.31262e-05
6.14289e-05
-4.70016e-05
8.38228e-05
-5.75001e-05
0.0001395
-8.48501e-05
0.00024215
-0.000137032
0.00037303
-0.00021162
0.000480756
-0.000291806
0.00049885
-0.000355704
0.000399578
-0.000384151
0.00019415
-0.000364977
-6.79365e-05
-0.000284017
-0.000351854
-7.53297e-05
-0.000863087
0.000235649
-0.00141167
0.000511467
-0.00137494
0.000706054
-0.000983679
0.000830808
-0.000643171
0.000920151
-0.00049195
-0.000318916
-4.05576e-05
2.39606e-05
-1.30488e-05
2.77425e-05
-1.10805e-05
5.94609e-05
-8.41465e-06
8.11578e-05
-4.68209e-06
0.000135769
-1.1785e-05
0.000249253
-4.26883e-05
0.000403933
-9.90478e-05
0.000537113
-0.000165646
0.000565445
-0.000219845
0.000453772
-0.00024326
0.000217565
-0.000228423
-8.2778e-05
-0.000147239
-0.000433037
7.70609e-05
-0.00108738
0.000387785
-0.00172239
0.000655127
-0.00164228
0.000840151
-0.0011687
0.000956453
-0.000759475
0.00103676
-0.000572254
-0.000368425
4.71006e-05
4.82533e-05
5.0738e-05
2.41052e-05
4.7964e-05
6.22351e-05
4.50744e-05
8.40479e-05
5.45357e-05
0.000126308
6.70028e-05
0.000236787
6.10088e-05
0.000409926
2.64946e-05
0.000571625
-2.60289e-05
0.000617964
-7.16002e-05
0.000499337
-8.82682e-05
0.000234233
-7.93737e-05
-9.16774e-05
1.3203e-06
-0.00051373
0.000241255
-0.00132731
0.000546962
-0.00202809
0.000800385
-0.0018957
0.000969704
-0.00133802
0.00107309
-0.000862855
0.00114159
-0.000640761
-0.000410802
0.000358946
0.000165089
0.000261338
0.000121713
0.000195362
0.000128212
0.000150014
0.000129395
0.000134123
0.000142201
0.00014921
0.0002217
0.000167793
0.000391344
0.000159268
0.000580147
0.000122806
0.000654421
8.44272e-05
0.000537708
7.0494e-05
0.000248165
7.77219e-05
-9.89125e-05
0.000168818
-0.000604827
0.00041645
-0.00157494
0.000711968
-0.0023236
0.000942579
-0.00212631
0.00108896
-0.0014844
0.00117503
-0.000948928
0.00122959
-0.000695324
-0.000445614
0.000793784
0.000274226
0.000659413
0.000256084
0.000532247
0.000255378
0.00041058
0.000251062
0.000310624
0.000242157
0.000264786
0.000267539
0.000274344
0.000381786
0.000290701
0.000563789
0.000277395
0.000667724
0.000247213
0.000567885
0.000231857
0.000263518
0.000242927
-0.000109987
0.000348872
-0.000710771
0.000602884
-0.00182895
0.000878753
-0.00259947
0.00107551
-0.00232307
0.00119204
-0.00160094
0.00125779
-0.00101468
0.001298
-0.000735528
-0.000473418
0.00116134
0.000338788
0.00105843
0.000358993
0.000938454
0.000375355
0.00079774
0.000391777
0.000640996
0.000398901
0.000500612
0.000407922
0.000426902
0.000455497
0.000421302
0.000569389
0.000426553
0.000662469
0.000413698
0.000580734
0.000400492
0.000276719
0.000414459
-0.000123963
0.000540843
-0.000837156
0.000798932
-0.00208703
0.00104098
-0.00284151
0.00119243
-0.00247452
0.00127448
-0.001683
0.00131953
-0.00105973
0.00134726
-0.000763251
-0.000495895
0.00138955
0.000361285
0.00133888
0.000409668
0.0012656
0.00044863
0.00116357
0.000493804
0.00102416
0.000538314
0.000854402
0.000577682
0.000695515
0.000614384
0.000604292
0.000660612
0.000578622
0.000688139
0.00057215
0.000587204
0.000565527
0.000283339
0.000594161
-0.000152601
0.000750286
-0.00099328
0.00100058
-0.00233733
0.00119016
-0.00303108
0.00128754
-0.0025719
0.00133491
-0.00173037
0.0013622
-0.00108702
0.00138131
-0.000782366
-0.000515453
0.0014954
0.00036031
0.00148495
0.000420112
0.00145903
0.000474556
0.0014127
0.000540133
0.001333
0.000618011
0.00120881
0.000701873
0.00104597
0.000777219
0.000889909
0.000816675
0.000791033
0.000787014
0.000749492
0.000628744
0.000738843
0.000293984
0.000796251
-0.000210016
0.000982242
-0.00117927
0.0011985
-0.00255358
0.00131698
-0.00314955
0.0013583
-0.00261323
0.00137628
-0.00174835
0.00139147
-0.00110221
0.00140662
-0.000797518
-0.000534449
0.00153327
0.000352916
0.00154132
0.000412059
0.00154354
0.000472331
0.00153823
0.000545449
0.00151655
0.000639688
0.00146425
0.000754169
0.00136605
0.000875421
0.00122793
0.000954798
0.00109279
0.000922155
0.00100333
0.000718203
0.000974371
0.00032294
0.00105111
-0.000286755
0.00123231
-0.00136047
0.00137711
-0.00269837
0.00141451
-0.00318696
0.00140725
-0.00260596
0.00140542
-0.00174652
0.00141496
-0.00111175
0.00142995
-0.000812508
-0.000554431
0.00155167
0.000347188
0.00156248
0.000401249
0.00157358
0.000461231
0.00158576
0.00053327
0.00159706
0.000628383
0.00159989
0.000751335
0.00157851
0.000896805
0.00151481
0.00101849
0.00141642
0.00102054
0.00132373
0.000810892
0.00128544
0.000361228
0.00135073
-0.000352049
0.00147269
-0.00148243
0.00151928
-0.00274496
0.00148226
-0.00314993
0.00144173
-0.00256544
0.00143056
-0.00173535
0.00143939
-0.00112057
0.00145611
-0.000829225
-0.000575846
0.00157476
0.000343952
0.00158258
0.000393435
0.00159265
0.000451157
0.00160645
0.000519466
0.00162658
0.000608257
0.00165334
0.000724579
0.0016811
0.000869036
0.00169127
0.00100832
0.00166652
0.0010453
0.00161934
0.000858067
0.00159374
0.000386835
0.00162668
-0.000384996
0.00166221
-0.00151796
0.00161592
-0.00269866
0.00152733
-0.00306134
0.00147092
-0.00250903
0.00145805
-0.00172248
0.00146837
-0.00113089
0.00148684
-0.000847697
-0.000598324
0.00160673
0.000341448
0.00161199
0.000388179
0.00161939
0.000443756
0.00162994
0.000508916
0.0016473
0.000590901
0.00167573
0.00069615
0.00171861
0.000826153
0.00176865
0.000958287
0.00180452
0.00100943
0.00181357
0.000849015
0.0018116
0.000388807
0.00181384
-0.000387235
0.00177829
-0.00148241
0.00167273
-0.0025931
0.00156105
-0.00294966
0.00150181
-0.00244978
0.00149052
-0.0017112
0.0015022
-0.00114257
0.00152149
-0.000866986
-0.000621236
0.00164387
0.000338295
0.00164848
0.000383573
0.00165477
0.000437457
0.00166322
0.000500466
0.00167671
0.000577417
0.00169971
0.000673153
0.00173855
0.000787304
0.00179548
0.000901366
0.00185731
0.000947591
0.00190172
0.000804603
0.00191855
0.000371987
0.00190397
-0.000372659
0.0018332
-0.00141164
0.00170704
-0.00246694
0.00159348
-0.0028361
0.00153722
-0.00239351
0.00152741
-0.00170138
0.00153935
-0.00115451
0.00155851
-0.000886144
-0.000644111
0.00168266
0.000334106
0.00168777
0.000378463
0.00169436
0.000430864
0.00170273
0.000492104
0.0017148
0.000565342
0.001734
0.000653957
0.00176559
0.000755711
0.00181457
0.000852381
0.00187585
0.000886317
0.00192945
0.000750995
0.00195388
0.000347558
0.00193535
-0.000354125
0.00185897
-0.00133527
0.00173641
-0.00234437
0.00162966
-0.00272935
0.00157659
-0.00234044
0.00156688
-0.00169167
0.00157812
-0.00116576
0.00159665
-0.000904673
-0.000666758
0.00172183
0.000329033
0.00172771
0.000372579
0.00173505
0.000423526
0.00174423
0.000482924
0.00175667
0.000552901
0.00177495
0.00063568
0.00180267
0.000727994
0.0018436
0.000811454
0.00189568
0.000834231
0.00194431
0.000702369
0.00196824
0.000323633
0.0019516
-0.000337483
0.00188217
-0.00126584
0.00177002
-0.00223222
0.00166989
-0.00262922
0.0016182
-0.00228875
0.0016075
-0.00168097
0.00161763
-0.00117589
0.00163542
-0.000922466
-0.000689158
0.00176143
0.000323301
0.00176799
0.000366018
0.00177601
0.000415508
0.00178603
0.000472906
0.00179926
0.000539666
0.00181789
0.000617056
0.00184458
0.000701296
0.00188154
0.000774498
0.00192661
0.000789161
0.00196843
0.000660546
0.00198946
0.000302604
0.00197509
-0.000323117
0.00191287
-0.00120361
0.0018088
-0.00212815
0.00171252
-0.00253295
0.00166081
-0.00223703
0.00164875
-0.00166891
0.00165774
-0.00118488
0.00167485
-0.000939581
-0.00071134
0.00180177
0.000317053
0.00180888
0.000358907
0.00181743
0.000406956
0.00182807
0.000462273
0.00184191
0.000525824
0.00186091
0.000598056
0.00188739
0.000674813
0.00192279
0.000739096
0.00196446
0.000747497
0.00200225
0.000622752
0.00202116
0.000283702
0.00200785
-0.000309813
0.00194971
-0.00114547
0.00185039
-0.00202882
0.0017562
-0.00243876
0.00170403
-0.00218487
0.00169067
-0.00165555
0.00169861
-0.00119282
0.0017151
-0.000956068
-0.000733307
0.00184301
0.000310366
0.00185059
0.000351322
0.0018596
0.000397952
0.00187068
0.000451184
0.00188491
0.000511597
0.00190403
0.000578942
0.00193012
0.000648716
0.0019644
0.00070482
0.00200417
0.00070772
0.00203994
0.000586984
0.00205775
0.000265892
0.00204481
-0.000296873
0.00198892
-0.00108959
0.00189294
-0.00193283
0.00180046
-0.00234628
0.00174797
-0.00213238
0.00173345
-0.00164103
0.0017404
-0.00119977
0.00175627
-0.000971933
-0.000755037
0.00188517
0.000303296
0.00189318
0.000343316
0.00190259
0.00038854
0.00191406
0.000439717
0.00192856
0.0004971
0.00194762
0.000559874
0.00197311
0.000623228
0.00200606
0.000671871
0.00204403
0.000669751
0.00207821
0.000552802
0.00209529
0.000248819
0.00208262
-0.000284204
0.00202866
-0.00103563
0.00193594
-0.00184011
0.00184538
-0.00225573
0.00179277
-0.00207977
0.00177721
-0.00162546
0.00178319
-0.00120575
0.00179841
-0.000987152
-0.000776494
0.00192828
0.000295898
0.00193665
0.00033494
0.00194643
0.000378763
0.00195822
0.000427923
0.00197293
0.000482394
0.0019919
0.000540909
0.00201671
0.00059841
0.00204823
0.00064035
0.00208425
0.000633739
0.00211672
0.00052033
0.00213302
0.000232515
0.00212071
-0.000271894
0.00206882
-0.00098373
0.00197956
-0.00175085
0.00189113
-0.0021673
0.00183853
-0.00202717
0.00182197
-0.00160891
0.00182699
-0.00121077
0.00184154
-0.0010017
-0.000797644
0.00197233
0.000288226
0.00198102
0.00032625
0.00199111
0.000368671
0.00200318
0.000415855
0.00201804
0.000467531
0.00203687
0.000522075
0.00206103
0.00057425
0.00209118
0.000610208
0.00212525
0.00059967
0.00215594
0.00048964
0.0021714
0.000217051
0.00215949
-0.000259985
0.00210973
-0.000933972
0.00202399
-0.00166511
0.00193777
-0.00208108
0.00188525
-0.00197465
0.00186775
-0.00159141
0.0018718
-0.00121482
0.00188565
-0.00101555
-0.000818452
0.00201734
0.000280333
0.00202629
0.000317303
0.00203664
0.000358318
0.00204892
0.00040357
0.00206389
0.000452568
0.00208256
0.000503406
0.00210607
0.000550733
0.00213492
0.000581361
0.00216716
0.000567434
0.00219612
0.00046068
0.00221074
0.000202434
0.00219924
-0.000248485
0.00215158
-0.000886319
0.0020693
-0.00158283
0.00198532
-0.0019971
0.00193294
-0.00192227
0.00191454
-0.001573
0.00191763
-0.00121791
0.00193078
-0.0010287
-0.000838888
0.00206333
0.000272269
0.00207248
0.000308153
0.00208304
0.000347759
0.00209549
0.000391123
0.0021105
0.000437559
0.00212896
0.000484941
0.00215184
0.000527855
0.00217946
0.000553741
0.00220998
0.000536917
0.00223729
0.000433365
0.00225108
0.000188646
0.00223999
-0.000237388
0.00219438
-0.000840716
0.0021155
-0.00150394
0.00203378
-0.00191539
0.00198161
-0.00187009
0.00196236
-0.00155375
0.00196451
-0.00122006
0.00197693
-0.00104111
-0.000858917
0.00211033
0.000264078
0.00211963
0.00029885
0.00213034
0.000337049
0.00214289
0.000378568
0.00215789
0.000422557
0.00217612
0.000466716
0.00219836
0.000505616
0.00222481
0.000527292
0.0022537
0.000508021
0.00227945
0.000407617
0.00229244
0.000175663
0.00228174
-0.000226694
0.00223814
-0.000797112
0.00216257
-0.00142837
0.00208316
-0.00183598
0.00203127
-0.0018182
0.00201123
-0.00153371
0.00201245
-0.00122128
0.00202413
-0.00105279
-0.00087851
0.00215833
0.000255804
0.00216774
0.000289444
0.00217855
0.000326237
0.00219116
0.000365958
0.00220611
0.000407611
0.00222406
0.000448766
0.00224566
0.000484016
0.00227098
0.000501965
0.00229835
0.000480659
0.0023226
0.000383363
0.0023348
0.000163464
0.00232451
-0.000216397
0.00228286
-0.000755462
0.00221055
-0.00135607
0.00213347
-0.0017589
0.00208193
-0.00176666
0.00206115
-0.00151293
0.00206147
-0.0012216
0.0020724
-0.00106372
-0.000897631
0.00220737
0.000247486
0.00221684
0.000279979
0.0022277
0.000315374
0.00224032
0.00035334
0.00225516
0.000392765
0.00227281
0.000431122
0.00229377
0.000463054
0.00231802
0.000477715
0.00234393
0.000454747
0.00236676
0.00036053
0.0023782
0.000152023
0.0023683
-0.000206496
0.00232856
-0.000715721
0.00225945
-0.00128696
0.00218473
-0.00168417
0.00213361
-0.00171554
0.00211216
-0.00149148
0.00211159
-0.00122104
0.00212177
-0.0010739
-0.00091625
0.00225745
0.000239162
0.00226694
0.000270498
0.0022778
0.000304504
0.00229038
0.000340762
0.00230508
0.000378064
0.00232239
0.000413812
0.00234272
0.000442732
0.00236593
0.000454497
0.00239047
0.000430207
0.00241196
0.000339047
0.00242267
0.000141313
0.00241316
-0.000196984
0.00237528
-0.000677844
0.00230929
-0.00122098
0.00223695
-0.00161183
0.00218633
-0.00166492
0.00216426
-0.00146941
0.00216283
-0.00121962
0.00217224
-0.0010833
-0.000934334
0.0023086
0.000230865
0.00231806
0.00026104
0.00232889
0.000293672
0.00234139
0.000328268
0.0023559
0.000363545
0.00237285
0.000396863
0.00239254
0.000423048
0.00241476
0.000432273
0.002438
0.000406965
0.00245821
0.000318843
0.00246822
0.000131302
0.00245909
-0.000187856
0.00242303
-0.000641783
0.00236009
-0.00115803
0.00229014
-0.00154188
0.00224009
-0.00161487
0.00221746
-0.00144678
0.00221521
-0.00121736
0.00222385
-0.00109194
-0.000951852
0.00236082
0.000222626
0.00237022
0.00025164
0.00238098
0.000282916
0.00239335
0.000315897
0.00240765
0.000349245
0.00242421
0.000380299
0.00244326
0.000404001
0.00246453
0.000411006
0.00248654
0.000384952
0.00250554
0.000299848
0.00251488
0.000121961
0.00250613
-0.000179105
0.00247184
-0.00060749
0.00241187
-0.00109806
0.00234433
-0.00147435
0.00229492
-0.00156546
0.0022718
-0.00142365
0.00226874
-0.00121431
0.00227661
-0.00109981
-0.000968774
0.00241414
0.000214472
0.00242345
0.000242333
0.00243409
0.000272273
0.0024463
0.000303688
0.00246035
0.000335198
0.00247651
0.000364141
0.00249492
0.000385591
0.00251526
0.000390662
0.00253611
0.000364103
0.00255396
0.000281994
0.00256267
0.000113254
0.00255429
-0.000170726
0.00252172
-0.000574919
0.00246464
-0.00104099
0.00239953
-0.00140924
0.00235084
-0.00151677
0.00232728
-0.00140009
0.00232345
-0.00121048
0.00233055
-0.00110691
-0.00098507
0.00246857
0.000206429
0.00247776
0.000233148
0.00248825
0.000261777
0.00250027
0.000291675
0.00251403
0.000321434
0.00252976
0.00034841
0.00254754
0.000367817
0.00256699
0.000371209
0.00258674
0.000344357
0.00260351
0.000265218
0.00261162
0.000105147
0.0026036
-0.000162711
0.0025727
-0.000544019
0.00251844
-0.000986725
0.00245575
-0.00134655
0.00240785
-0.00146886
0.00238392
-0.00137616
0.00237936
-0.00120592
0.00238569
-0.00111325
-0.00100071
0.00252413
0.00019852
0.00253317
0.000224112
0.00254348
0.000251458
0.00255527
0.000279888
0.00256872
0.000307982
0.00258401
0.000333123
0.00260115
0.000350676
0.00261974
0.000352617
0.00263844
0.000325658
0.0026542
0.000249456
0.00266175
9.76057e-05
0.00265409
-0.000155055
0.00262481
-0.00051474
0.00257329
-0.0009352
0.00251302
-0.00128628
0.00246597
-0.00142182
0.00244174
-0.00135193
0.00243648
-0.00120066
0.00244206
-0.00111883
-0.00101567
0.00258083
0.000190765
0.00258969
0.000215249
0.00259981
0.000241342
0.00261134
0.000268356
0.00262446
0.000294864
0.00263929
0.000318296
0.0026558
0.000334166
0.00267355
0.000334859
0.00269126
0.000307953
0.00270607
0.00023465
0.00271308
9.05951e-05
0.00270577
-0.000147751
0.00267807
-0.000487035
0.0026292
-0.000886332
0.00257135
-0.00122843
0.00252523
-0.0013757
0.00250076
-0.00132746
0.00249484
-0.00119474
0.00249967
-0.00112366
-0.00102991
0.0026387
0.000183182
0.00264737
0.000206581
0.00265725
0.000231456
0.0026685
0.000257103
0.00268126
0.000282105
0.00269562
0.000303941
0.0027115
0.000318286
0.00272845
0.00031791
0.00274521
0.000291193
0.00275912
0.000220744
0.00276563
8.40799e-05
0.00275868
-0.000140794
0.00273249
-0.000460851
0.0026862
-0.000840042
0.00263076
-0.00117299
0.00258564
-0.00133058
0.002561
-0.00130282
0.00255446
-0.00118819
0.00255855
-0.00112775
-0.00104343
0.00269775
0.000175786
0.0027062
0.000198127
0.00271584
0.000221819
0.00272679
0.000246152
0.00273917
0.000269723
0.00275304
0.00029007
0.0027683
0.00030303
0.00278446
0.000301744
0.00280032
0.000275332
0.00281338
0.000207683
0.00281944
7.80265e-05
0.00281282
-0.000134179
0.00278811
-0.00043614
0.00274432
-0.000796252
0.00269128
-0.00111995
0.00264722
-0.00128652
0.00262248
-0.00127808
0.00261535
-0.00118106
0.00261872
-0.00113113
-0.00105618
0.002758
0.000168592
0.00276622
0.000189904
0.00277559
0.000212451
0.00278622
0.000235522
0.00279821
0.000257734
0.00281158
0.000276693
0.00282622
0.000288397
0.00284162
0.000286339
0.00285663
0.000260328
0.00286889
0.000195418
0.00287452
7.24015e-05
0.00286824
-0.0001279
0.00284495
-0.000412851
0.00280358
-0.000754882
0.00275291
-0.00106928
0.00270999
-0.0012436
0.00268522
-0.00125331
0.00267755
-0.00117339
0.00268022
-0.00113379
-0.00106815
0.00281947
0.000161612
0.00282745
0.000181927
0.00283653
0.000203369
0.00284682
0.00022523
0.0028584
0.000246154
0.00287128
0.000263817
0.00288529
0.00027438
0.00289996
0.000271673
0.00291415
0.000246141
0.00292566
0.000183902
0.00293089
6.71734e-05
0.00292495
-0.000121954
0.00290303
-0.000390936
0.002864
-0.000715857
0.0028157
-0.00102098
0.00277396
-0.00120186
0.00274923
-0.00122858
0.00274108
-0.00116523
0.00274306
-0.00113578
-0.00107931
0.00288219
0.000154857
0.00288991
0.000174208
0.00289869
0.000194586
0.00290863
0.000215291
0.00291979
0.000234995
0.00293216
0.00025145
0.00294556
0.000260977
0.00295951
0.000257726
0.00297291
0.000232735
0.00298372
0.000173092
0.00298859
6.23118e-05
0.00298297
-0.000116336
0.00296238
-0.000370347
0.00292562
-0.000679098
0.00287965
-0.000975007
0.00283917
-0.00116138
0.00281455
-0.00120397
0.00280595
-0.00115663
0.00280727
-0.0011371
-0.00108965
0.00294618
0.000148337
0.00295363
0.000166759
0.0029621
0.000186116
0.00297167
0.000205716
0.0029824
0.000224267
0.00299425
0.000239595
0.00300705
0.000248181
0.0030203
0.000244479
0.00303296
0.000220076
0.0030431
0.000162947
0.00304763
5.77881e-05
0.00304233
-0.000111041
0.00302302
-0.000351036
0.00298845
-0.000644532
0.00294479
-0.000931344
0.00290562
-0.00112221
0.0028812
-0.00117955
0.0028722
-0.00114763
0.00287288
-0.00113779
-0.00109915
0.00301145
0.000142059
0.00301862
0.000159588
0.00302677
0.000177969
0.00303597
0.000196517
0.00304626
0.000213978
0.0030576
0.000228256
0.00306979
0.000235987
0.00308236
0.000231914
0.0030943
0.000208132
0.00310382
0.000153429
0.00310803
5.35755e-05
0.00310306
-0.000106066
0.00308498
-0.000332958
0.00305253
-0.000612084
0.00301115
-0.000889959
0.00297334
-0.0010844
0.00294919
-0.00115539
0.00293984
-0.00113828
0.00293992
-0.00113786
-0.00110779
0.00307804
0.00013603
0.00308493
0.000152706
0.00309274
0.000170153
0.00310156
0.000187702
0.0031114
0.000204135
0.00312222
0.000217436
0.00313382
0.000224389
0.00314572
0.000220013
0.00315698
0.000196875
0.0031659
0.000144504
0.00316983
4.96493e-05
0.00316517
-0.000101407
0.00314828
-0.000316069
0.00311788
-0.000581686
0.00307874
-0.000850824
0.00304236
-0.00104802
0.00301855
-0.00113158
0.00300891
-0.00112865
0.00300841
-0.00113736
-0.00111555
0.00314597
0.000130257
0.00315256
0.000146118
0.00316004
0.000162677
0.00316846
0.000179279
0.00317785
0.000194745
0.00318815
0.000207136
0.00319916
0.000213381
0.00321041
0.000208761
0.00322101
0.000186278
0.00322937
0.00013614
0.00323304
4.59865e-05
0.00322869
-9.70587e-05
0.00321295
-0.000300325
0.00318453
-0.000553267
0.00314761
-0.000813906
0.0031127
-0.00101311
0.00308931
-0.00110819
0.00307944
-0.00111877
0.00307838
-0.0011363
-0.00112242
0.00321527
0.000124744
0.00322156
0.00013983
0.00322869
0.000155546
0.00323671
0.000171253
0.00324565
0.00018581
0.00325543
0.000197355
0.00326585
0.000202958
0.00327647
0.000198142
0.00328643
0.000176316
0.00329426
0.000128309
0.00329768
4.25665e-05
0.00329364
-9.30183e-05
0.003279
-0.000285687
0.0032525
-0.000526763
0.00321776
-0.000779173
0.00318437
-0.000979719
0.00316149
-0.00108531
0.00315144
-0.00110872
0.00314987
-0.00113473
-0.00112838
0.00328595
0.000119498
0.00329193
0.000133848
0.00329871
0.000148767
0.00330634
0.00016363
0.00331481
0.000177335
0.00332407
0.000188095
0.00333392
0.000193113
0.00334391
0.000188143
0.00335326
0.000166969
0.00336059
0.000120985
0.00336378
3.93705e-05
0.00336005
-8.92809e-05
0.00334647
-0.000272116
0.00332182
-0.000502111
0.00328924
-0.000746593
0.00325742
-0.000947896
0.00323512
-0.001063
0.00322495
-0.00109856
0.0032229
-0.00113268
-0.00113341
0.00335805
0.000114521
0.00336372
0.000128177
0.00337015
0.000142344
0.00337736
0.000156413
0.00338538
0.000169323
0.00339412
0.000179355
0.00340339
0.000183842
0.00341278
0.000178751
0.00342153
0.000158215
0.00342837
0.000114144
0.00343136
3.63818e-05
0.00342792
-8.58426e-05
0.00341538
-0.000259576
0.00339253
-0.000479254
0.00336207
-0.000716136
0.00333186
-0.000917685
0.00331022
-0.00104137
0.0033
-0.00108833
0.0032975
-0.00113018
-0.0011375
0.0034316
0.000109819
0.00343695
0.000122821
0.00344301
0.000136281
0.00344982
0.000149608
0.00345737
0.000161775
0.00346559
0.000171134
0.00347429
0.000175138
0.00348309
0.000169955
0.00349127
0.000150037
0.00349764
0.000107766
0.00350044
3.3586e-05
0.0034973
-8.26988e-05
0.00348575
-0.000248033
0.00346464
-0.000458135
0.00343627
-0.000687772
0.00340772
-0.000889131
0.00338683
-0.00102049
0.00337662
-0.00107812
0.00337372
-0.00112727
-0.00114062
0.00350661
0.000105394
0.00351165
0.000117783
0.00351735
0.000130583
0.00352374
0.000143217
0.00353082
0.000154693
0.00353852
0.000163432
0.00354666
0.000166997
0.00355487
0.000161745
0.00356249
0.000142421
0.00356842
0.000101834
0.00357104
3.09702e-05
0.00356818
-7.98454e-05
0.00355761
-0.000237458
0.00353818
-0.000438706
0.00351188
-0.000661475
0.00348503
-0.000862278
0.00346498
-0.00100044
0.00345485
-0.001068
0.00345157
-0.001124
-0.00114276
0.00358312
0.000101251
0.00358784
0.000113069
0.00359317
0.000125253
0.00359914
0.000137243
0.00360575
0.000148081
0.00361294
0.000156249
0.00362052
0.000159416
0.00362815
0.000154113
0.00363522
0.000135353
0.00364072
9.63316e-05
0.00364317
2.85241e-05
0.0036406
-7.72781e-05
0.00363096
-0.000227821
0.00361318
-0.000420923
0.00358892
-0.00063722
0.00356381
-0.000837168
0.00354469
-0.000981312
0.00353471
-0.00105802
0.00353111
-0.0011204
-0.00114389
0.00366116
9.73931e-05
0.00366554
0.000108682
0.0036705
0.000120296
0.00367605
0.00013169
0.0036822
0.000141941
0.00368886
0.000149585
0.00369588
0.000152393
0.00370294
0.000147052
0.00370947
0.000128822
0.00371456
9.12468e-05
0.00371684
2.62389e-05
0.00371456
-7.49929e-05
0.00370584
-0.0002191
0.00368966
-0.000404747
0.00366743
-0.000614989
0.00364411
-0.000813846
0.00362599
-0.000963197
0.00361625
-0.00104828
0.00361236
-0.00111651
-0.00114398
0.00374074
9.38257e-05
0.0037448
0.000104626
0.00374938
0.000115716
0.00375451
0.000126564
0.00376017
0.000136275
0.00376631
0.000143442
0.00377278
0.000145926
0.00377928
0.000140558
0.00378528
0.00012282
0.00378995
8.65699e-05
0.00379209
2.41082e-05
0.00379008
-7.29861e-05
0.00378225
-0.000211274
0.00376765
-0.000390146
0.00374743
-0.00059477
0.00372594
-0.000792358
0.00370893
-0.000946182
0.0036995
-0.00103884
0.00369536
-0.00111238
-0.00114298
0.00382191
9.05533e-05
0.00382563
0.000100907
0.00382982
0.000111518
0.00383452
0.000121868
0.00383971
0.000131089
0.00384533
0.000137824
0.00385124
0.000140016
0.00385716
0.000134629
0.00386264
0.000117343
0.00386692
8.22943e-05
0.0038689
2.21272e-05
0.00386717
-7.12545e-05
0.00386022
-0.000204326
0.00384717
-0.000377095
0.00382896
-0.000576557
0.00380935
-0.000772756
0.00379353
-0.000930361
0.00378449
-0.0010298
0.00378016
-0.00110804
-0.00114085
0.00390467
8.75817e-05
0.00390805
9.75314e-05
0.00391186
0.000107709
0.00391612
0.000117608
0.00392082
0.000126388
0.00392591
0.000132734
0.00393126
0.000134666
0.00393662
0.000129265
0.00394158
0.000112387
0.00394546
7.84164e-05
0.00394729
2.02936e-05
0.00394583
-6.97958e-05
0.00393975
-0.000198247
0.00392824
-0.00036558
0.00391203
-0.000560352
0.00389437
-0.000755092
0.00387983
-0.000915826
0.00387128
-0.00102125
0.00386678
-0.00110355
-0.00113754
0.00398907
8.49176e-05
0.00399209
9.4506e-05
0.00399551
0.000104297
0.00399932
0.000113794
0.00400353
0.000122179
0.00400808
0.000128181
0.00401287
0.000129881
0.00401766
0.00012447
0.00402209
0.000107956
0.00402557
7.49361e-05
0.00402726
1.86072e-05
0.00402607
-6.86087e-05
0.00402086
-0.00019303
0.00401087
-0.000355595
0.00399669
-0.00054617
0.00398103
-0.000739429
0.00396787
-0.000902674
0.00395989
-0.00101327
0.00395528
-0.00109893
-0.00113298
0.00407511
8.25689e-05
0.00407778
9.18394e-05
0.00408078
0.000101289
0.00408414
0.000110433
0.00408785
0.000118473
0.00409186
0.000124171
0.00409607
0.000125671
0.00410029
0.00012025
0.00410419
0.000104052
0.00410727
7.18573e-05
0.00410881
1.70704e-05
0.00410789
-6.76931e-05
0.00410354
-0.000188677
0.00409509
-0.000347147
0.00408296
-0.000534038
0.00406937
-0.000725835
0.00405769
-0.000891002
0.00405039
-0.00100597
0.00404574
-0.00109428
-0.00112708
0.00416283
8.05457e-05
0.00416512
8.95424e-05
0.00416771
9.86996e-05
0.00417061
0.000107539
0.0041738
0.000115281
0.00417725
0.00012072
0.00418087
0.000122046
0.00418451
0.000116616
0.00418787
0.000100687
0.00419054
6.91891e-05
0.00419192
1.56887e-05
0.00419128
-6.70496e-05
0.00418779
-0.000185193
0.00418089
-0.000340248
0.00417084
-0.000523981
0.00415938
-0.000714377
0.00414931
-0.000880935
0.00414289
-0.000999541
0.0041384
-0.00108979
-0.00111977
0.00425222
7.8858e-05
0.00425414
8.76266e-05
0.0042563
9.65392e-05
0.00425871
0.000105125
0.00426137
0.000112619
0.00426425
0.00011784
0.00426728
0.000119021
0.00427031
0.000113584
0.00427312
9.78749e-05
0.00427537
6.69453e-05
0.00427659
1.44673e-05
0.00427622
-6.66834e-05
0.00427362
-0.000182589
0.00426828
-0.000334914
0.00426036
-0.00051606
0.00425121
-0.000705227
0.00424301
-0.000872738
0.00423774
-0.000994268
0.00423327
-0.00108532
-0.00111115
0.00434334
7.75225e-05
0.00434486
8.61098e-05
0.00434657
9.48284e-05
0.00434848
0.000103212
0.00435059
0.000110508
0.00435288
0.000115555
0.00435528
0.000116619
0.00435769
0.000111175
0.00435993
9.5638e-05
0.00436172
6.51531e-05
0.00436277
1.34104e-05
0.00436273
-6.66368e-05
0.00436112
-0.000180977
0.00435759
-0.000331389
0.00435218
-0.00051065
0.00434567
-0.00069872
0.0043393
-0.000866362
0.00433473
-0.000989706
0.00432872
-0.00107931
-0.00109942
0.00443618
7.65469e-05
0.00443728
8.50031e-05
0.00443853
9.35793e-05
0.00443993
0.000101814
0.00444147
0.000108964
0.00444314
0.000113882
0.0044449
0.000114861
0.00444667
0.000109411
0.0044483
9.4002e-05
0.00444958
6.3871e-05
0.00445044
1.25566e-05
0.00445083
-6.70328e-05
0.00445049
-0.000180639
0.00444902
-0.000329913
0.00444591
-0.000507545
0.00444108
-0.00069389
0.00443503
-0.000860312
0.00442981
-0.000984482
0.00442193
-0.00107143
-0.00108158
0.00452973
0.00453033
0.00453101
0.00453178
0.00453264
0.00453358
0.00453457
0.0045356
0.00453657
0.00453739
0.00453781
0.00453757
0.00453657
0.00453466
0.00453167
0.00452777
0.00452358
0.00452041
0.004517
)
;

boundaryField
{
    inlet
    {
        type            calculated;
        value           nonuniform List<scalar> 
63
(
-0.00100013
-0.00100046
-0.00100047
-0.00112982
-0.00115672
-0.00118425
-0.00121243
-0.00124128
-0.00127081
-0.00130104
-0.001332
-0.00136368
-0.00139611
-0.00142932
-0.00146331
-0.0014981
-0.00153372
-0.00157019
-0.00160751
-0.00164572
-0.00168484
-0.00172487
-0.00176586
-0.00180782
-0.00185077
-0.00189473
-0.00193974
-0.00198581
-0.00203297
-0.00208125
-0.00213067
-0.00218127
-0.00223306
-0.00228608
-0.00234036
-0.00239592
-0.00245281
-0.00251104
-0.00257066
-0.0026317
-0.00269418
-0.00275816
-0.00282365
-0.0028907
-0.00295935
-0.00302963
-0.00310159
-0.00317526
-0.00325069
-0.00332792
-0.00340699
-0.00348794
-0.00357083
-0.00365569
-0.00374258
-0.00383155
-0.00392263
-0.00401589
-0.00411137
-0.00420914
-0.00430923
-0.0044117
-0.00451662
)
;
    }
    outlet
    {
        type            calculated;
        value           nonuniform List<scalar> 
63
(
0.000591366
0.000626518
0.000686029
0.000860841
0.00097598
0.00108627
0.00118397
0.0012644
0.0013258
0.00136973
0.00140087
0.00142562
0.00144994
0.00147752
0.00150932
0.0015444
0.00158138
0.00161929
0.00165783
0.00169703
0.00173706
0.001778
0.00181987
0.00186268
0.00190646
0.00195121
0.00199696
0.00204372
0.00209152
0.00214038
0.00219033
0.00224137
0.00229353
0.00234685
0.00240133
0.00245702
0.00251392
0.00257206
0.00263148
0.00269219
0.00275423
0.00281761
0.00288238
0.00294856
0.00301617
0.00308525
0.00315582
0.00322793
0.00330159
0.00337684
0.00345371
0.00353224
0.00361245
0.00369437
0.00377803
0.00386347
0.00395072
0.00403983
0.00413109
0.00422465
0.00431699
0.0044041
0.00450452
)
;
    }
    lowerSymmetry
    {
        type            symmetryPlane;
        value           uniform 0;
    }
    obstical
    {
        type            calculated;
        value           uniform 0;
    }
    top
    {
        type            calculated;
        value           nonuniform List<scalar> 
40
(
0.000202162
0.000422875
0.000471011
0.000435884
0.000368514
0.000296275
0.000231511
0.000178082
0.000135843
0.000103207
9.45021e-05
9.40145e-05
9.33412e-05
9.24802e-05
9.14275e-05
9.01809e-05
8.87395e-05
8.71037e-05
8.52736e-05
8.32544e-05
7.60232e-05
8.4404e-05
9.28976e-05
0.000101046
0.000108107
0.000112945
0.000113862
0.000108389
9.30263e-05
6.305e-05
1.21418e-05
-6.67965e-05
-0.000179638
-0.000328001
-0.000504561
-0.000689983
-0.00085612
-0.000981314
-0.00106802
-0.0010691
)
;
    }
    defaultFaces
    {
        type            empty;
        value           nonuniform 0();
    }
}


// ************************************************************************* //
