1	0.046189
2	0.0033645
3	0.00571337
4	0.00148485
5	0.00118837
6	0.00084273
7	0.000607523
8	0.000496971
9	0.000535945
10	0.000608448
11	0.000754141
12	0.000798391
13	0.000978018
14	0.000999666
15	0.00108495
16	0.00102462
17	0.000885927
18	0.000499406
19	0.000414812
20	0.000351387
21	0.000308174
22	0.000284326
23	0.000274307
24	0.000256865
25	0.000264711
26	0.000267083
27	0.000267616
28	0.00026819
29	0.00026228
30	0.000265026
31	0.000253359
32	0.000246068
33	0.000236689
34	0.000222225
35	0.000208975
36	0.000197271
37	0.000188076
38	0.000180551
39	0.00016856
40	0.000158611
41	0.000150698
42	0.000142867
43	0.000137508
44	0.000131702
45	0.000127775
46	0.000122792
47	0.000119457
48	0.000117186
49	7.49699e-05
50	7.40788e-05
51	7.24377e-05
52	7.25936e-05
53	0.000109295
54	0.000108479
55	0.000107585
56	0.000107984
57	0.000106908
58	0.000107574
59	0.000107137
60	0.000107791
61	0.000106813
62	0.000108152
63	0.000108876
64	0.000110111
65	0.00011005
66	0.000111174
67	0.00011172
68	0.00011324
69	0.000113488
70	0.000116479
71	0.000116825
72	0.000120582
73	0.000121935
74	0.000124599
75	0.000125639
76	8.3157e-05
77	8.45168e-05
78	8.7266e-05
79	8.87873e-05
80	9.20864e-05
81	9.34418e-05
82	9.69614e-05
83	9.82748e-05
84	0.000103036
85	0.000105029
86	0.000110358
87	0.000112556
88	0.000117493
89	0.00011914
90	0.0001245
91	0.000126481
92	0.000132126
93	0.000134561
94	0.000139869
95	0.000142182
96	0.000146914
97	0.000149232
98	0.000153535
99	0.000156802
100	0.000161896
101	0.000163657
102	0.000168839
103	0.000170539
104	0.000176157
105	0.000178511
106	0.000183797
107	0.000185904
108	0.000191173
109	0.000193036
110	0.000197964
111	0.000199899
112	0.000204907
113	0.000206731
114	0.00021211
115	0.000214936
116	0.000218707
117	0.000220881
118	0.000223789
119	0.000225939
120	0.000229703
121	0.00023274
122	0.00023606
123	0.000239323
124	0.000241245
125	0.000243953
126	0.000243948
127	0.000246073
128	0.000247329
129	0.000249017
130	0.000251122
131	0.000252198
132	0.000252355
133	0.000252225
134	0.000249614
135	0.000247846
136	0.000246281
137	0.000244345
138	0.000155983
139	0.000238974
140	0.00015312
141	0.000232914
142	0.000146744
143	0.000219853
144	0.000137634
145	0.000206065
146	0.000128393
147	0.000122182
148	0.000114139
149	0.000162929
150	0.000149234
151	0.000135065
152	0.000120514
153	0.000106614
154	9.38337e-05
155	8.10969e-05
156	6.95931e-05
157	5.85893e-05
158	4.87623e-05
159	3.97179e-05
160	3.20286e-05
161	2.51254e-05
162	1.9449e-05
163	2.43335e-05
164	1.85884e-05
165	1.36574e-05
166	1.00867e-05
167	1.2866e-05
168	1.00388e-05
169	7.1365e-06
170	5.75238e-06
171	9.35319e-06
172	8.93673e-06
173	6.73334e-06
174	7.25464e-06
175	5.89327e-06
176	6.71325e-06
177	5.10186e-06
178	5.97653e-06
179	4.68007e-06
180	5.56387e-06
181	4.07575e-06
182	5.00958e-06
183	3.81092e-06
184	4.84316e-06
185	3.61331e-06
186	4.73843e-06
187	3.5809e-06
188	4.61764e-06
189	3.35675e-06
190	4.46973e-06
191	3.4058e-06
192	4.44149e-06
193	3.24631e-06
194	4.32187e-06
195	3.2925e-06
196	4.28305e-06
197	3.18486e-06
198	4.23426e-06
199	3.22806e-06
200	4.21244e-06
201	3.09414e-06
202	4.15501e-06
203	3.17485e-06
204	4.1659e-06
205	3.06968e-06
206	4.13256e-06
207	3.12122e-06
208	4.12074e-06
209	3.04516e-06
210	4.10469e-06
211	3.10482e-06
212	4.10301e-06
213	3.01558e-06
214	4.0873e-06
215	3.10503e-06
216	4.09536e-06
217	3.0022e-06
218	4.0739e-06
219	3.07445e-06
220	4.07272e-06
221	3.01278e-06
222	4.08559e-06
223	3.07964e-06
224	4.07664e-06
225	2.98594e-06
226	4.05627e-06
227	3.0747e-06
228	4.0811e-06
229	2.99975e-06
230	4.07405e-06
231	3.06671e-06
232	4.06478e-06
233	2.99897e-06
234	4.06838e-06
235	3.06758e-06
236	4.07008e-06
237	2.99336e-06
238	4.06815e-06
239	3.08225e-06
240	4.0769e-06
241	2.9885e-06
242	4.06397e-06
243	3.06076e-06
244	4.06396e-06
245	3.01372e-06
246	4.07547e-06
247	3.06449e-06
248	4.07494e-06
249	2.98668e-06
250	4.05419e-06
251	3.06762e-06
252	4.07953e-06
253	3.00586e-06
254	4.07153e-06
255	3.05669e-06
256	4.06397e-06
257	3.00747e-06
258	4.06665e-06
259	3.06331e-06
260	4.07015e-06
261	2.99358e-06
262	4.0678e-06
263	3.07909e-06
264	4.07687e-06
265	2.99768e-06
266	4.0629e-06
267	3.05366e-06
268	4.06276e-06
269	3.01354e-06
270	4.07909e-06
271	3.06258e-06
272	4.07276e-06
273	2.98991e-06
274	4.05609e-06
275	3.06838e-06
276	4.07427e-06
277	3.00614e-06
278	4.07511e-06
279	3.06045e-06
280	4.06123e-06
281	3.00267e-06
282	4.07133e-06
283	3.06294e-06
284	4.06843e-06
285	3.00052e-06
286	4.06545e-06
287	3.07319e-06
288	4.07551e-06
289	2.99733e-06
290	4.06465e-06
291	3.05484e-06
292	4.06327e-06
293	3.0136e-06
294	4.07821e-06
295	3.0629e-06
296	4.07047e-06
297	2.98793e-06
298	4.05724e-06
299	3.06872e-06
300	4.07584e-06
301	3.00397e-06
302	4.07455e-06
303	3.05878e-06
304	4.06313e-06
305	3.01235e-06
306	4.06686e-06
307	3.05554e-06
308	4.07122e-06
309	3.00254e-06
310	4.06659e-06
311	3.07238e-06
312	4.07596e-06
313	2.99648e-06
314	4.06764e-06
315	3.05413e-06
316	4.05949e-06
317	3.0148e-06
318	4.08098e-06
319	3.0647e-06
320	4.06916e-06
321	2.98855e-06
322	4.05809e-06
323	3.07097e-06
324	4.07446e-06
325	3.00742e-06
326	4.07486e-06
327	3.05317e-06
328	4.06305e-06
329	3.01186e-06
330	4.07043e-06
331	3.06004e-06
332	4.06784e-06
333	2.99991e-06
334	4.06906e-06
335	3.07369e-06
336	4.07325e-06
337	3.00292e-06
338	4.06744e-06
339	3.04601e-06
340	4.06202e-06
341	3.02042e-06
342	4.07964e-06
343	3.06201e-06
344	4.06961e-06
345	2.99034e-06
346	4.05778e-06
347	3.06895e-06
348	4.07759e-06
349	3.00708e-06
350	4.07415e-06
351	3.05494e-06
352	4.06453e-06
353	3.01008e-06
354	4.06962e-06
355	3.05785e-06
356	4.06907e-06
357	3.00663e-06
358	4.06798e-06
359	3.06597e-06
360	4.07566e-06
361	3.00414e-06
362	4.06742e-06
363	3.05357e-06
364	4.05844e-06
365	3.01569e-06
366	4.08214e-06
367	3.06223e-06
368	4.0702e-06
369	2.99579e-06
370	4.0586e-06
371	3.06136e-06
372	4.07456e-06
373	3.01064e-06
374	4.07604e-06
375	3.05098e-06
376	4.06182e-06
377	3.01589e-06
378	4.07334e-06
379	3.05363e-06
380	4.068e-06
381	3.00587e-06
382	4.06923e-06
383	3.07352e-06
384	4.0731e-06
385	2.99863e-06
386	4.06725e-06
387	3.05137e-06
388	4.0632e-06
389	3.02328e-06
390	4.07882e-06
391	3.05326e-06
392	4.0705e-06
393	2.9981e-06
394	4.05861e-06
395	3.06565e-06
396	4.07319e-06
397	3.00853e-06
398	4.07724e-06
399	3.05255e-06
400	4.06243e-06
401	3.01644e-06
402	4.07025e-06
403	3.0527e-06
404	4.07042e-06
405	3.00674e-06
406	4.06673e-06
407	3.06609e-06
408	4.07796e-06
409	3.00574e-06
410	4.06707e-06
411	3.04632e-06
412	4.06033e-06
413	3.02385e-06
414	4.08116e-06
415	3.0608e-06
416	4.06616e-06
417	2.9934e-06
418	4.06307e-06
419	3.06662e-06
420	4.0721e-06
421	3.01102e-06
422	4.07574e-06
423	3.04874e-06
424	4.06081e-06
425	3.01607e-06
426	4.07264e-06
427	3.0538e-06
428	4.0704e-06
429	3.00728e-06
430	4.06865e-06
431	3.06562e-06
432	4.07529e-06
433	3.00799e-06
434	4.06744e-06
435	3.0496e-06
436	4.05983e-06
437	3.01912e-06
438	4.08161e-06
439	3.05668e-06
440	4.06885e-06
441	2.9996e-06
442	4.05901e-06
443	3.06066e-06
444	4.07463e-06
445	3.01429e-06
446	4.07467e-06
447	3.04865e-06
448	4.06401e-06
449	3.01714e-06
450	4.0716e-06
451	3.05138e-06
452	4.06958e-06
453	3.00827e-06
454	4.06671e-06
455	3.06988e-06
456	4.07459e-06
457	3.00238e-06
458	4.07046e-06
459	3.05051e-06
460	4.05933e-06
461	3.01899e-06
462	4.08218e-06
463	3.06007e-06
464	4.06786e-06
465	2.99419e-06
466	4.06057e-06
467	3.06742e-06
468	4.07427e-06
469	3.01195e-06
470	4.07545e-06
471	3.04784e-06
472	4.06197e-06
473	3.01819e-06
474	4.07307e-06
475	3.05776e-06
476	4.06599e-06
477	3.00228e-06
478	4.07088e-06
479	3.06972e-06
480	4.07347e-06
481	3.00169e-06
482	4.06875e-06
483	3.05054e-06
484	4.06163e-06
485	3.01969e-06
486	4.07987e-06
487	3.05901e-06
488	4.072e-06
489	3.00067e-06
490	4.05788e-06
491	3.05727e-06
492	4.07537e-06
493	3.01611e-06
494	4.07529e-06
495	3.0463e-06
496	4.06197e-06
497	3.01922e-06
498	4.07432e-06
499	3.05112e-06
500	4.06869e-06
501	3.00874e-06
502	4.06831e-06
503	3.07061e-06
504	4.07417e-06
505	3.00173e-06
506	4.06854e-06
507	3.05095e-06
508	4.06186e-06
509	3.02366e-06
510	4.0804e-06
511	3.05357e-06
512	4.06924e-06
513	3.00061e-06
514	4.06074e-06
515	3.06129e-06
516	4.07283e-06
517	3.0138e-06
518	4.07852e-06
519	3.04695e-06
520	4.05962e-06
521	3.01832e-06
522	4.07388e-06
523	3.05707e-06
524	4.06581e-06
525	3.00227e-06
526	4.06932e-06
527	3.07074e-06
528	4.07523e-06
529	3.00737e-06
530	4.0678e-06
531	3.04417e-06
532	4.0621e-06
533	3.02426e-06
534	4.07933e-06
535	3.05632e-06
536	4.0687e-06
537	2.99553e-06
538	4.06166e-06
539	3.063e-06
540	4.07362e-06
541	3.01624e-06
542	4.07435e-06
543	3.04613e-06
544	4.06283e-06
545	3.0191e-06
546	4.07227e-06
547	3.05154e-06
548	4.071e-06
549	3.00739e-06
550	4.06717e-06
551	3.06222e-06
552	4.07475e-06
553	3.00921e-06
554	4.06904e-06
555	3.0504e-06
556	4.05751e-06
557	3.01906e-06
558	4.08367e-06
559	3.05872e-06
560	4.06762e-06
561	2.99973e-06
562	4.06053e-06
563	3.06151e-06
564	4.07386e-06
565	3.01135e-06
566	4.07551e-06
567	3.04849e-06
568	4.063e-06
569	3.01854e-06
570	4.07316e-06
571	3.05125e-06
572	4.06751e-06
573	3.01036e-06
574	4.06931e-06
575	3.06941e-06
576	4.07147e-06
577	3.00322e-06
578	4.07186e-06
579	3.04835e-06
580	4.06037e-06
581	3.01932e-06
582	4.08023e-06
583	3.0581e-06
584	4.07055e-06
585	2.99599e-06
586	4.05892e-06
587	3.06661e-06
588	4.07674e-06
589	3.01488e-06
590	4.07343e-06
591	3.04514e-06
592	4.06348e-06
593	3.01931e-06
594	4.07255e-06
595	3.05484e-06
596	4.06698e-06
597	3.00424e-06
598	4.07043e-06
599	3.06731e-06
600	4.07412e-06
601	3.0089e-06
602	4.0685e-06
603	3.04502e-06
604	4.05987e-06
605	3.02311e-06
606	4.08122e-06
607	3.05499e-06
608	4.07022e-06
609	2.99939e-06
610	4.06099e-06
611	3.06078e-06
612	4.07398e-06
613	3.01359e-06
614	4.07606e-06
615	3.05346e-06
616	4.05925e-06
617	3.01333e-06
618	4.07522e-06
619	3.05543e-06
620	4.06652e-06
621	3.00382e-06
622	4.07001e-06
623	3.0701e-06
624	4.07343e-06
625	3.00388e-06
626	4.06901e-06
627	3.05048e-06
628	4.06261e-06
629	3.0252e-06
630	4.07856e-06
631	3.0504e-06
632	4.07047e-06
633	3.00106e-06
634	4.05962e-06
635	3.06394e-06
636	4.07283e-06
637	3.01046e-06
638	4.07693e-06
639	3.05049e-06
640	4.06252e-06
641	3.01958e-06
642	4.07174e-06
643	3.05198e-06
644	4.07024e-06
645	3.00716e-06
646	4.06652e-06
647	3.06481e-06
648	4.07801e-06
649	3.00723e-06
650	4.06816e-06
651	3.04463e-06
652	4.05962e-06
653	3.026e-06
654	4.08246e-06
655	3.05891e-06
656	4.06576e-06
657	2.99649e-06
658	4.06502e-06
659	3.0653e-06
660	4.07215e-06
661	3.00774e-06
662	4.07744e-06
663	3.05374e-06
664	4.06059e-06
665	3.01368e-06
666	4.07219e-06
667	3.05927e-06
668	4.06821e-06
669	3.00818e-06
670	4.06749e-06
671	3.06344e-06
672	4.0749e-06
673	3.00833e-06
674	4.06993e-06
675	3.04969e-06
676	4.05957e-06
677	3.01982e-06
678	4.08134e-06
679	3.05576e-06
680	4.06945e-06
681	2.99565e-06
682	4.06126e-06
683	3.06538e-06
684	4.07531e-06
685	3.01189e-06
686	4.0748e-06
687	3.05251e-06
688	4.06284e-06
689	3.01943e-06
690	4.07184e-06
691	3.04964e-06
692	4.07063e-06
693	3.00878e-06
694	4.06856e-06
695	3.06902e-06
696	4.07389e-06
697	3.0038e-06
698	4.07034e-06
699	3.04964e-06
700	4.05973e-06
701	3.02361e-06
702	4.08146e-06
703	3.05399e-06
704	4.06932e-06
705	2.99994e-06
706	4.06042e-06
707	3.06233e-06
708	4.07374e-06
709	3.01285e-06
710	4.07684e-06
711	3.04726e-06
712	4.06136e-06
713	3.02e-06
714	4.07465e-06
715	3.05604e-06
716	4.06469e-06
717	3.00349e-06
718	4.07007e-06
719	3.06863e-06
720	4.07311e-06
721	3.00742e-06
722	4.06853e-06
723	3.04492e-06
724	4.06318e-06
725	3.02419e-06
726	4.07871e-06
727	3.05365e-06
728	4.07145e-06
729	3.0004e-06
730	4.05947e-06
731	3.05741e-06
732	4.07538e-06
733	3.01734e-06
734	4.07573e-06
735	3.05084e-06
736	4.06019e-06
737	3.01524e-06
738	4.07372e-06
739	3.0553e-06
740	4.06895e-06
741	3.0036e-06
742	4.06836e-06
743	3.06918e-06
744	4.07608e-06
745	3.00327e-06
746	4.06814e-06
747	3.05186e-06
748	4.05996e-06
749	3.02374e-06
750	4.07992e-06
751	3.05296e-06
752	4.06965e-06
753	3.00046e-06
754	4.06101e-06
755	3.06611e-06
756	4.07283e-06
757	3.00742e-06
758	4.07667e-06
759	3.05135e-06
760	4.06045e-06
761	3.01836e-06
762	4.07304e-06
763	3.05132e-06
764	4.06785e-06
765	3.00871e-06
766	4.06994e-06
767	3.06623e-06
768	4.07451e-06
769	3.00819e-06
770	4.06929e-06
771	3.0448e-06
772	4.06216e-06
773	3.02475e-06
774	4.07919e-06
775	3.05624e-06
776	4.06943e-06
777	2.99637e-06
778	4.06071e-06
779	3.06321e-06
780	4.07406e-06
781	3.0163e-06
782	4.07441e-06
783	3.04592e-06
784	4.06234e-06
785	3.01931e-06
786	4.07168e-06
787	3.05646e-06
788	4.06871e-06
789	3.00254e-06
790	4.06783e-06
791	3.06642e-06
792	4.07605e-06
793	3.00952e-06
794	4.06942e-06
795	3.04518e-06
796	4.05924e-06
797	3.02449e-06
798	4.08141e-06
799	3.05325e-06
800	4.06834e-06
