1	1
2	0.0384549
3	0.0876938
4	0.0152524
5	0.0138286
6	0.00982364
7	0.00933378
8	0.0089116
9	0.00915876
10	0.00998192
11	0.0126412
12	0.0135641
13	0.0145036
14	0.0136761
15	0.0122854
16	0.0109809
17	0.00891578
18	0.00784791
19	0.00635299
20	0.00551574
21	0.00492359
22	0.0045438
23	0.00414311
24	0.00394806
25	0.00402586
26	0.0040205
27	0.00417397
28	0.00425284
29	0.00409702
30	0.00399396
31	0.00372636
32	0.00351717
33	0.00319267
34	0.00295302
35	0.00277868
36	0.00257339
37	0.00240411
38	0.0022421
39	0.00206563
40	0.00189694
41	0.00175068
42	0.00162277
43	0.00152288
44	0.00141696
45	0.00134318
46	0.00126943
47	0.00121533
48	0.00117543
49	0.00116016
50	0.00113954
51	0.00111662
52	0.00112371
53	0.00109575
54	0.00109686
55	0.00108612
56	0.00110013
57	0.00108434
58	0.00110131
59	0.00108437
60	0.00110488
61	0.00108665
62	0.00110647
63	0.00109483
64	0.00111752
65	0.00111066
66	0.00113995
67	0.00113867
68	0.00116846
69	0.00115923
70	0.00119089
71	0.00118734
72	0.00121263
73	0.00122724
74	0.00124799
75	0.00125932
76	0.0012874
77	0.00129735
78	0.00132225
79	0.00133532
80	0.0013707
81	0.00137501
82	0.00141853
83	0.00142721
84	0.00147605
85	0.00146157
86	0.00151131
87	0.00153201
88	0.00157763
89	0.0015857
90	0.00165374
91	0.00162733
92	0.00170632
93	0.00170586
94	0.00179253
95	0.00178412
96	0.00184802
97	0.00186773
98	0.00190667
99	0.00192268
100	0.00197275
101	0.00197781
102	0.00203574
103	0.0020413
104	0.00209841
105	0.00210157
106	0.00213899
107	0.00213874
108	0.00217892
109	0.00218938
110	0.00221862
111	0.00223603
112	0.00221966
113	0.0022265
114	0.00224136
115	0.00229332
116	0.0023065
117	0.002355
118	0.00236055
119	0.00240626
120	0.00241735
121	0.00245923
122	0.00246916
123	0.00253835
124	0.00257549
125	0.00263795
126	0.00262072
127	0.00266302
128	0.00265538
129	0.00268381
130	0.00259869
131	0.00258765
132	0.00256895
133	0.00258662
134	0.00253874
135	0.00254628
136	0.00250932
137	0.00252597
138	0.00240146
139	0.00239763
140	0.00234179
141	0.00233938
142	0.0022497
143	0.00221764
144	0.00212291
145	0.00207834
146	0.00194484
147	0.00186435
148	0.00173571
149	0.00163052
150	0.00150209
151	0.00139044
152	0.00125502
153	0.00114247
154	0.00102459
155	0.000920226
156	0.000810617
157	0.000720462
158	0.000617094
159	0.000535214
160	0.000450079
161	0.000385847
162	0.000317459
163	0.00027168
164	0.000218807
165	0.00018788
166	0.000151328
167	0.000134988
168	0.000109097
169	0.000103906
170	8.55159e-05
171	8.63334e-05
172	7.04911e-05
173	6.95251e-05
174	6.20777e-05
175	6.88125e-05
176	5.99652e-05
177	6.3678e-05
178	5.76015e-05
179	6.51285e-05
180	5.67971e-05
181	6.13094e-05
182	5.5158e-05
183	6.25228e-05
184	5.48152e-05
185	5.95649e-05
186	5.41349e-05
187	6.15409e-05
188	5.40347e-05
189	5.91729e-05
190	5.36779e-05
191	6.10351e-05
192	5.35764e-05
193	5.88758e-05
194	5.35653e-05
195	6.10897e-05
196	5.38277e-05
197	5.9132e-05
198	5.36792e-05
199	6.10276e-05
200	5.37222e-05
201	5.89857e-05
202	5.33279e-05
203	6.05748e-05
204	5.34269e-05
205	5.89801e-05
206	5.31593e-05
207	6.04809e-05
208	5.34394e-05
209	5.8666e-05
210	5.28384e-05
211	6.02304e-05
212	5.32039e-05
213	5.87081e-05
214	5.30634e-05
215	6.02559e-05
216	5.31105e-05
217	5.8421e-05
218	5.27478e-05
219	6.01865e-05
220	5.31785e-05
221	5.85519e-05
222	5.28765e-05
223	6.01501e-05
224	5.30919e-05
225	5.85175e-05
226	5.27639e-05
227	5.98469e-05
228	5.30513e-05
229	5.86194e-05
230	5.28419e-05
231	6.01633e-05
232	5.31711e-05
233	5.83433e-05
234	5.26431e-05
235	5.99711e-05
236	5.30587e-05
237	5.86335e-05
238	5.29717e-05
239	6.00817e-05
240	5.30463e-05
241	5.83514e-05
242	5.27045e-05
243	5.99888e-05
244	5.31559e-05
245	5.86485e-05
246	5.27807e-05
247	5.98794e-05
248	5.31222e-05
249	5.85345e-05
250	5.27593e-05
251	5.97658e-05
252	5.30955e-05
253	5.86603e-05
254	5.28146e-05
255	5.99879e-05
256	5.31858e-05
257	5.84655e-05
258	5.2622e-05
259	5.98877e-05
260	5.30731e-05
261	5.86169e-05
262	5.29848e-05
263	5.99534e-05
264	5.30628e-05
265	5.85187e-05
266	5.26855e-05
267	5.9859e-05
268	5.31529e-05
269	5.86085e-05
270	5.28208e-05
271	5.98692e-05
272	5.3118e-05
273	5.85092e-05
274	5.27748e-05
275	5.97542e-05
276	5.30301e-05
277	5.86232e-05
278	5.28609e-05
279	6.00562e-05
280	5.31574e-05
281	5.83393e-05
282	5.26997e-05
283	5.98288e-05
284	5.30526e-05
285	5.87293e-05
286	5.29445e-05
287	5.98431e-05
288	5.30432e-05
289	5.84791e-05
290	5.27109e-05
291	5.98962e-05
292	5.31904e-05
293	5.85388e-05
294	5.28088e-05
295	5.98727e-05
296	5.30876e-05
297	5.84419e-05
298	5.2786e-05
299	5.97682e-05
300	5.30528e-05
301	5.8571e-05
302	5.28659e-05
303	5.99622e-05
304	5.31837e-05
305	5.85256e-05
306	5.26352e-05
307	5.96824e-05
308	5.30979e-05
309	5.87471e-05
310	5.29553e-05
311	5.98618e-05
312	5.30716e-05
313	5.83811e-05
314	5.27399e-05
315	5.98981e-05
316	5.31303e-05
317	5.85268e-05
318	5.28409e-05
319	5.99229e-05
320	5.3078e-05
321	5.84434e-05
322	5.28204e-05
323	5.97481e-05
324	5.30338e-05
325	5.8626e-05
326	5.28659e-05
327	5.98406e-05
328	5.31783e-05
329	5.85013e-05
330	5.26745e-05
331	5.97891e-05
332	5.307e-05
333	5.86367e-05
334	5.29828e-05
335	5.98843e-05
336	5.30441e-05
337	5.8485e-05
338	5.27364e-05
339	5.9742e-05
340	5.31702e-05
341	5.86317e-05
342	5.28321e-05
343	5.98115e-05
344	5.3073e-05
345	5.84753e-05
346	5.28034e-05
347	5.97085e-05
348	5.30802e-05
349	5.86096e-05
350	5.28588e-05
351	5.98938e-05
352	5.32236e-05
353	5.84009e-05
354	5.26601e-05
355	5.97474e-05
356	5.30773e-05
357	5.87541e-05
358	5.29556e-05
359	5.97295e-05
360	5.30744e-05
361	5.85115e-05
362	5.27542e-05
363	5.98356e-05
364	5.31271e-05
365	5.85373e-05
366	5.28604e-05
367	5.98267e-05
368	5.30843e-05
369	5.85714e-05
370	5.28136e-05
371	5.96147e-05
372	5.30472e-05
373	5.86172e-05
374	5.28744e-05
375	5.98275e-05
376	5.31863e-05
377	5.84973e-05
378	5.27129e-05
379	5.96641e-05
380	5.30726e-05
381	5.87354e-05
382	5.29881e-05
383	5.98216e-05
384	5.30324e-05
385	5.84152e-05
386	5.2734e-05
387	5.97929e-05
388	5.31866e-05
389	5.86848e-05
390	5.28187e-05
391	5.96676e-05
392	5.31141e-05
393	5.85517e-05
394	5.28099e-05
395	5.96819e-05
396	5.30284e-05
397	5.85613e-05
398	5.28829e-05
399	5.98744e-05
400	5.31886e-05
401	5.85195e-05
402	5.26846e-05
403	5.95952e-05
404	5.31036e-05
405	5.87652e-05
406	5.29491e-05
407	5.96627e-05
408	5.30991e-05
409	5.85403e-05
410	5.27292e-05
411	5.97114e-05
412	5.31622e-05
413	5.86338e-05
414	5.28353e-05
415	5.98274e-05
416	5.30525e-05
417	5.84505e-05
418	5.2875e-05
419	5.97215e-05
420	5.30216e-05
421	5.86173e-05
422	5.28805e-05
423	5.97413e-05
424	5.31603e-05
425	5.85158e-05
426	5.27053e-05
427	5.96191e-05
428	5.30987e-05
429	5.87601e-05
430	5.29722e-05
431	5.97085e-05
432	5.30785e-05
433	5.85343e-05
434	5.27279e-05
435	5.9789e-05
436	5.31518e-05
437	5.85371e-05
438	5.2837e-05
439	5.97385e-05
440	5.3088e-05
441	5.85794e-05
442	5.28305e-05
443	5.95427e-05
444	5.30537e-05
445	5.86966e-05
446	5.28627e-05
447	5.9755e-05
448	5.32058e-05
449	5.85388e-05
450	5.26942e-05
451	5.96026e-05
452	5.31022e-05
453	5.873e-05
454	5.29437e-05
455	5.97712e-05
456	5.30657e-05
457	5.84149e-05
458	5.27755e-05
459	5.9815e-05
460	5.31504e-05
461	5.85524e-05
462	5.28562e-05
463	5.97686e-05
464	5.30609e-05
465	5.84935e-05
466	5.2841e-05
467	5.9676e-05
468	5.30461e-05
469	5.86478e-05
470	5.28721e-05
471	5.97477e-05
472	5.31971e-05
473	5.85035e-05
474	5.27116e-05
475	5.97508e-05
476	5.30447e-05
477	5.86144e-05
478	5.29954e-05
479	5.97896e-05
480	5.30502e-05
481	5.8415e-05
482	5.27727e-05
483	5.97533e-05
484	5.31743e-05
485	5.85793e-05
486	5.28225e-05
487	5.97418e-05
488	5.31216e-05
489	5.86299e-05
490	5.28e-05
491	5.95295e-05
492	5.3068e-05
493	5.86847e-05
494	5.28603e-05
495	5.97366e-05
496	5.3194e-05
497	5.8521e-05
498	5.27295e-05
499	5.96238e-05
500	5.30866e-05
501	5.87643e-05
502	5.29768e-05
503	5.97563e-05
504	5.30496e-05
505	5.84315e-05
506	5.27541e-05
507	5.97652e-05
508	5.31744e-05
509	5.86501e-05
510	5.28268e-05
511	5.96512e-05
512	5.30989e-05
513	5.85704e-05
514	5.28299e-05
515	5.95954e-05
516	5.30364e-05
517	5.86418e-05
518	5.28974e-05
519	5.97562e-05
520	5.31643e-05
521	5.85084e-05
522	5.27383e-05
523	5.96866e-05
524	5.30404e-05
525	5.8656e-05
526	5.29855e-05
527	5.97624e-05
528	5.30643e-05
529	5.85525e-05
530	5.27515e-05
531	5.96669e-05
532	5.31956e-05
533	5.86201e-05
534	5.28067e-05
535	5.97171e-05
536	5.30829e-05
537	5.84662e-05
538	5.28388e-05
539	5.96355e-05
540	5.3045e-05
541	5.86966e-05
542	5.28564e-05
543	5.96875e-05
544	5.32016e-05
545	5.85509e-05
546	5.27113e-05
547	5.95822e-05
548	5.31094e-05
549	5.8764e-05
550	5.29537e-05
551	5.96417e-05
552	5.30708e-05
553	5.85396e-05
554	5.27583e-05
555	5.98027e-05
556	5.31284e-05
557	5.8525e-05
558	5.28737e-05
559	5.9783e-05
560	5.30708e-05
561	5.85649e-05
562	5.28471e-05
563	5.95539e-05
564	5.30362e-05
565	5.86202e-05
566	5.28617e-05
567	5.97358e-05
568	5.31985e-05
569	5.85449e-05
570	5.27167e-05
571	5.95998e-05
572	5.30886e-05
573	5.878e-05
574	5.2981e-05
575	5.97763e-05
576	5.30266e-05
577	5.84226e-05
578	5.27943e-05
579	5.97761e-05
580	5.31599e-05
581	5.85524e-05
582	5.28346e-05
583	5.97123e-05
584	5.31027e-05
585	5.85081e-05
586	5.28253e-05
587	5.96533e-05
588	5.30827e-05
589	5.86974e-05
590	5.28384e-05
591	5.9694e-05
592	5.32169e-05
593	5.85191e-05
594	5.26944e-05
595	5.96879e-05
596	5.30641e-05
597	5.86542e-05
598	5.29911e-05
599	5.97393e-05
600	5.30711e-05
601	5.85409e-05
602	5.27688e-05
603	5.96516e-05
604	5.31473e-05
605	5.86453e-05
606	5.28402e-05
607	5.96676e-05
608	5.30906e-05
609	5.85869e-05
610	5.28487e-05
611	5.9591e-05
612	5.30552e-05
613	5.86262e-05
614	5.2877e-05
615	5.98681e-05
616	5.31607e-05
617	5.83948e-05
618	5.27346e-05
619	5.97017e-05
620	5.30572e-05
621	5.86614e-05
622	5.29919e-05
623	5.97512e-05
624	5.3045e-05
625	5.847e-05
626	5.27683e-05
627	5.9769e-05
628	5.31944e-05
629	5.86932e-05
630	5.28109e-05
631	5.95954e-05
632	5.31142e-05
633	5.85708e-05
634	5.28183e-05
635	5.96421e-05
636	5.3029e-05
637	5.85776e-05
638	5.28796e-05
639	5.98196e-05
640	5.32019e-05
641	5.85369e-05
642	5.27132e-05
643	5.9584e-05
644	5.30995e-05
645	5.87342e-05
646	5.29453e-05
647	5.96339e-05
648	5.31039e-05
649	5.85436e-05
650	5.27499e-05
651	5.96759e-05
652	5.31599e-05
653	5.86648e-05
654	5.28485e-05
655	5.97883e-05
656	5.305e-05
657	5.84853e-05
658	5.28943e-05
659	5.96831e-05
660	5.30229e-05
661	5.85322e-05
662	5.28993e-05
663	5.98285e-05
664	5.31573e-05
665	5.84441e-05
666	5.27047e-05
667	5.97245e-05
668	5.30732e-05
669	5.87743e-05
670	5.29651e-05
671	5.96662e-05
672	5.30794e-05
673	5.8516e-05
674	5.27737e-05
675	5.9786e-05
676	5.31535e-05
677	5.85356e-05
678	5.28325e-05
679	5.97217e-05
680	5.30912e-05
681	5.84949e-05
682	5.28523e-05
683	5.96343e-05
684	5.30628e-05
685	5.86504e-05
686	5.28583e-05
687	5.98137e-05
688	5.31948e-05
689	5.85575e-05
690	5.26967e-05
691	5.95628e-05
692	5.31152e-05
693	5.87323e-05
694	5.29579e-05
695	5.97534e-05
696	5.30528e-05
697	5.84298e-05
698	5.27709e-05
699	5.97892e-05
700	5.31572e-05
701	5.86227e-05
702	5.28456e-05
703	5.96313e-05
704	5.30856e-05
705	5.85875e-05
706	5.283e-05
707	5.95758e-05
708	5.30388e-05
709	5.86576e-05
710	5.28857e-05
711	5.97383e-05
712	5.31964e-05
713	5.85235e-05
714	5.27378e-05
715	5.97109e-05
716	5.30344e-05
717	5.86407e-05
718	5.29857e-05
719	5.97698e-05
720	5.30432e-05
721	5.85185e-05
722	5.27642e-05
723	5.96448e-05
724	5.31974e-05
725	5.86572e-05
726	5.28101e-05
727	5.96266e-05
728	5.3113e-05
729	5.86023e-05
730	5.28227e-05
731	5.95239e-05
732	5.30729e-05
733	5.87052e-05
734	5.28615e-05
735	5.98277e-05
736	5.31698e-05
737	5.84303e-05
738	5.27251e-05
739	5.97052e-05
740	5.30906e-05
741	5.8662e-05
742	5.29816e-05
743	5.97202e-05
744	5.30721e-05
745	5.84549e-05
746	5.27496e-05
747	5.97879e-05
748	5.31495e-05
749	5.8661e-05
750	5.28296e-05
751	5.96466e-05
752	5.31113e-05
753	5.85644e-05
754	5.28465e-05
755	5.96923e-05
756	5.30364e-05
757	5.8509e-05
758	5.28681e-05
759	5.9839e-05
760	5.31677e-05
761	5.85089e-05
762	5.2718e-05
763	5.95691e-05
764	5.30718e-05
765	5.87753e-05
766	5.29979e-05
767	5.96765e-05
768	5.30577e-05
769	5.85609e-05
770	5.27726e-05
771	5.96729e-05
772	5.31875e-05
773	5.86349e-05
774	5.28072e-05
775	5.97112e-05
776	5.30981e-05
777	5.84795e-05
778	5.28297e-05
779	5.96364e-05
780	5.30592e-05
781	5.87009e-05
782	5.28597e-05
783	5.96886e-05
784	5.31923e-05
785	5.85428e-05
786	5.26973e-05
787	5.96765e-05
788	5.30767e-05
789	5.86545e-05
790	5.2962e-05
791	5.97157e-05
792	5.3081e-05
793	5.8534e-05
794	5.27664e-05
795	5.9698e-05
796	5.31509e-05
797	5.8636e-05
798	5.28426e-05
799	5.96701e-05
800	5.3082e-05
