1	3
2	1
3	1
4	1
5	1
6	1
7	1
8	2
9	1
10	1
11	1
12	2
13	2
14	2
15	2
16	2
17	2
18	2
19	2
20	2
21	2
22	2
23	2
24	2
25	2
26	2
27	2
28	2
29	2
30	2
31	2
32	2
33	2
34	2
35	2
36	2
37	2
38	2
39	2
40	2
41	2
42	2
43	2
44	2
45	2
46	2
47	2
48	2
49	2
50	2
51	2
52	2
53	2
54	2
55	2
56	2
57	2
58	2
59	2
60	2
61	1
62	1
63	1
64	1
65	1
66	1
67	1
68	1
69	1
70	1
71	1
72	1
73	1
74	1
75	1
76	1
77	1
78	1
79	1
80	1
81	1
82	1
83	1
84	1
85	1
86	1
87	1
88	1
89	1
90	1
91	1
92	1
93	1
94	1
95	1
96	1
97	1
98	1
99	1
100	1
101	1
102	1
103	1
104	1
105	1
106	1
107	1
108	1
109	1
110	1
111	1
112	1
113	1
114	1
115	1
116	1
117	1
118	1
119	1
120	1
121	1
122	1
123	1
124	1
125	1
126	1
127	1
128	1
129	1
130	1
131	1
132	1
133	1
134	1
135	1
136	1
137	1
138	1
139	1
140	1
141	1
142	1
143	1
144	1
145	1
146	1
147	1
148	1
149	1
150	1
151	1
152	1
153	1
154	1
155	1
156	1
157	1
158	1
159	1
160	1
161	1
162	1
163	1
164	1
165	1
166	1
167	1
168	1
169	1
170	1
171	1
172	1
173	1
174	1
175	1
176	1
177	1
178	1
179	1
180	1
181	1
182	1
183	1
184	1
185	1
186	1
187	1
188	1
189	1
190	1
191	1
192	1
193	1
194	1
195	1
196	1
197	1
198	1
199	1
200	1
201	0
202	0
203	1
204	0
205	0
206	1
207	0
208	0
209	1
210	0
211	0
212	0
213	1
214	0
215	0
216	0
217	0
218	1
219	0
220	0
221	0
222	1
223	0
224	0
225	0
226	1
227	0
228	0
229	0
230	1
231	0
232	0
233	0
234	1
235	0
236	0
237	1
238	0
239	0
240	1
241	0
242	0
243	1
244	0
245	0
246	0
247	1
248	0
249	0
250	1
251	0
252	0
253	1
254	0
255	0
256	1
257	0
258	0
259	1
260	0
261	1
262	0
263	0
264	1
265	0
266	0
267	1
268	0
269	0
270	1
271	0
272	0
273	1
274	0
275	0
276	1
277	0
278	0
279	1
280	0
281	0
282	1
283	0
284	0
285	1
286	0
287	0
288	1
289	0
290	0
291	0
292	1
293	0
294	0
295	1
296	0
297	0
298	0
299	1
300	0
301	0
302	1
303	0
304	0
305	0
306	1
307	0
308	0
309	1
310	0
311	0
312	0
313	1
314	0
315	0
316	0
317	1
318	0
319	0
320	1
321	0
322	0
323	0
324	1
325	0
326	0
327	1
328	0
329	0
330	0
331	1
332	0
333	0
334	1
335	0
336	0
337	1
338	0
339	0
340	1
341	0
342	0
343	1
344	0
345	0
346	1
347	0
348	0
349	1
350	0
351	0
352	1
353	0
354	0
355	1
356	0
357	0
358	1
359	0
360	0
361	1
362	0
363	0
364	1
365	0
366	0
367	0
368	1
369	0
370	0
371	1
372	0
373	0
374	1
375	0
376	0
377	1
378	0
379	0
380	0
381	1
382	0
383	0
384	1
385	0
386	0
387	1
388	0
389	0
390	1
391	0
392	0
393	0
394	1
395	0
396	0
397	1
398	0
399	0
400	0
401	1
402	0
403	0
404	1
405	0
406	0
407	1
408	0
409	0
410	0
411	1
412	0
413	0
414	1
415	0
416	0
417	0
418	1
419	0
420	0
421	1
422	0
423	0
424	0
425	0
426	1
427	0
428	0
429	1
430	0
431	0
432	0
433	1
434	0
435	0
436	1
437	0
438	0
439	1
440	0
441	0
442	1
443	0
444	0
445	1
446	0
447	0
448	1
449	0
450	0
451	1
452	0
453	0
454	1
455	0
456	0
457	1
458	0
459	0
460	1
461	0
462	0
463	1
464	0
465	0
466	1
467	0
468	0
469	1
470	0
471	0
472	0
473	1
474	0
475	0
476	1
477	0
478	0
479	1
480	0
481	0
482	0
483	1
484	0
485	0
486	1
487	0
488	0
489	1
490	0
491	0
492	0
493	1
494	0
495	0
496	1
497	0
498	0
499	1
500	0
501	0
502	1
503	0
504	0
505	1
506	0
507	0
508	0
509	1
510	0
511	0
512	1
513	0
514	0
515	1
516	0
517	0
518	1
519	0
520	0
521	0
522	1
523	0
524	0
525	1
526	0
527	0
528	1
529	0
530	0
531	0
532	1
533	0
534	0
535	1
536	0
537	0
538	0
539	1
540	0
541	0
542	1
543	0
544	0
545	0
546	1
547	0
548	0
549	1
550	0
551	0
552	0
553	1
554	0
555	0
556	1
557	0
558	0
559	1
560	0
561	0
562	0
563	1
564	0
565	0
566	1
567	0
568	0
569	0
570	1
571	0
572	0
573	1
574	0
575	0
576	0
577	1
578	0
579	0
580	1
581	0
582	0
583	1
584	0
585	0
586	1
587	0
588	0
589	1
590	0
591	0
592	1
593	0
594	0
595	1
596	0
597	0
598	1
599	0
600	0
601	1
602	0
603	0
604	0
605	1
606	0
607	0
608	1
609	0
610	0
611	0
612	1
613	0
614	0
615	0
616	1
617	0
618	0
619	1
620	0
621	0
622	0
623	1
624	0
625	0
626	1
627	0
628	0
629	1
630	0
631	0
632	0
633	1
634	0
635	0
636	1
637	0
638	0
639	1
640	0
641	0
642	1
643	0
644	0
645	1
646	0
647	0
648	1
649	0
650	0
651	1
652	0
653	0
654	0
655	1
656	0
657	0
658	1
659	0
660	0
661	1
662	0
663	0
664	1
665	0
666	0
667	0
668	1
669	0
670	0
671	1
672	0
673	0
674	1
675	0
676	0
677	0
678	1
679	0
680	0
681	1
682	0
683	0
684	1
685	0
686	0
687	0
688	1
689	0
690	0
691	1
692	0
693	0
694	0
695	1
696	0
697	0
698	1
699	0
700	0
701	0
702	1
703	0
704	0
705	1
706	0
707	0
708	1
709	0
710	0
711	1
712	0
713	0
714	1
715	0
716	0
717	1
718	0
719	0
720	1
721	0
722	0
723	0
724	1
725	0
726	0
727	1
728	0
729	0
730	1
731	0
732	0
733	1
734	0
735	0
736	0
737	1
738	0
739	0
740	1
741	0
742	0
743	0
744	1
745	0
746	0
747	1
748	0
749	0
750	1
751	0
752	0
753	0
754	1
755	0
756	0
757	1
758	0
759	0
760	1
761	0
762	0
763	0
764	1
765	0
766	0
767	1
768	0
769	0
770	0
771	1
772	0
773	0
774	1
775	0
776	0
777	1
778	0
779	0
780	1
781	0
782	0
783	1
784	0
785	0
786	1
787	0
788	0
789	1
790	0
791	0
792	0
793	1
794	0
795	0
796	1
797	0
798	0
799	0
800	1
