/*--------------------------------*- C++ -*----------------------------------*\
| =========                 |                                                 |
| \\      /  F ield         | OpenFOAM: The Open Source CFD Toolbox           |
|  \\    /   O peration     | Version:  v1912                                 |
|   \\  /    A nd           | Website:  www.openfoam.com                      |
|    \\/     M anipulation  |                                                 |
\*---------------------------------------------------------------------------*/
FoamFile
{
    version     2.0;
    format      ascii;
    class       surfaceScalarField;
    location    "350";
    object      phi;
}
// * * * * * * * * * * * * * * * * * * * * * * * * * * * * * * * * * * * * * //

dimensions      [0 3 -1 0 0 0 0];
oriented        oriented;


internalField   nonuniform List<scalar> 
3895
(
0.000814745
0.000381432
0.000499357
0.000315387
0.000251559
0.000247798
6.48565e-05
0.000186703
-6.22063e-05
0.000127063
-0.000127358
6.5152e-05
-0.000137689
1.03306e-05
-0.00011367
-2.40191e-05
-9.0217e-05
-2.34529e-05
-8.46874e-05
-5.52959e-06
-6.59626e-05
-1.87248e-05
-4.45823e-05
-2.13803e-05
-3.97868e-05
-4.79547e-06
-4.65301e-05
6.74336e-06
-4.01477e-05
-6.38244e-06
-2.23698e-05
-1.77779e-05
-1.20595e-05
-1.03103e-05
-1.0354e-05
-1.70548e-06
-1.13769e-05
1.0229e-06
-1.08177e-05
-5.59224e-07
-7.32473e-06
-3.49299e-06
-8.76542e-07
-6.44819e-06
6.26406e-06
-7.1406e-06
1.20318e-05
-5.7677e-06
1.52852e-05
-3.25342e-06
1.61709e-05
-8.85689e-07
1.5123e-05
1.04785e-06
1.3102e-05
2.02097e-06
1.12851e-05
1.81691e-06
1.00954e-05
1.18975e-06
9.4536e-06
6.41785e-07
9.10962e-06
3.43983e-07
8.83136e-06
2.78259e-07
8.42194e-06
4.09421e-07
7.77859e-06
6.43354e-07
6.89239e-06
8.86195e-07
5.82886e-06
1.06353e-06
4.71719e-06
1.11167e-06
3.69829e-06
1.0189e-06
2.90876e-06
7.8953e-07
2.39019e-06
5.18569e-07
2.20997e-06
1.80211e-07
2.16185e-06
4.81216e-08
1.914e-06
2.4785e-07
8.93244e-07
1.02076e-06
-1.39357e-06
2.28681e-06
-5.60623e-06
4.21265e-06
-1.27836e-05
7.17742e-06
-2.46675e-05
1.18838e-05
-4.37688e-05
1.91014e-05
-7.30871e-05
2.93182e-05
-0.000115436
4.23486e-05
-0.000172848
5.74127e-05
-0.000246312
7.34637e-05
-0.000334439
8.8127e-05
-0.000431791
9.73516e-05
-0.00052947
9.76796e-05
-0.000617607
8.81368e-05
-0.000687054
6.94468e-05
-0.000728686
4.16318e-05
-0.000732542
3.85653e-06
-0.000709987
-2.25554e-05
-0.000664593
-4.53935e-05
-0.000600803
-6.37906e-05
-0.000523391
-7.74114e-05
-0.000436146
-8.72453e-05
-0.00034172
-9.44259e-05
-0.00024224
-9.94802e-05
-0.000139601
-0.000102639
-3.5492e-05
-0.000104109
6.82623e-05
-0.000103754
0.000170295
-0.000102032
0.00026959
-9.92956e-05
0.00036538
-9.57893e-05
0.000457207
-9.18275e-05
0.000545276
-8.80685e-05
0.000629971
-8.46959e-05
0.000714495
-8.45233e-05
0.000798951
-8.44558e-05
-0.000105982
0.00108795
0.000349295
0.00104738
0.000355951
0.000933271
0.00036191
0.000775732
0.000344242
0.000598407
0.000304387
0.000410368
0.000253191
0.000221248
0.00019945
5.38696e-05
0.000143359
-6.05427e-05
9.09594e-05
-0.000110362
4.42893e-05
-0.000132107
3.02083e-06
-0.000124555
-2.89324e-05
-0.000107364
-2.19861e-05
-0.000110428
9.80656e-06
-0.000107779
-9.03127e-06
-9.64643e-05
-2.90925e-05
-8.23837e-05
-2.43909e-05
-8.27136e-05
-1.37554e-06
-8.92191e-05
7.52841e-06
-9.34013e-05
3.62295e-06
-9.2693e-05
-4.2013e-06
-8.71285e-05
-1.20127e-05
-7.90997e-05
-1.51694e-05
-7.01979e-05
-1.46696e-05
-6.13437e-05
-1.21076e-05
-5.35954e-05
-8.63395e-06
-4.73509e-05
-5.19665e-06
-4.29527e-05
-2.37722e-06
-4.05899e-05
-5.45939e-07
-4.01023e-05
7.02201e-07
-4.09899e-05
1.52939e-06
-4.27858e-05
2.1399e-06
-4.53195e-05
2.81187e-06
-4.86231e-05
3.71309e-06
-5.28522e-05
4.8724e-06
-5.81213e-05
6.15532e-06
-6.44231e-05
7.36532e-06
-7.16234e-05
8.31202e-06
-7.94662e-05
8.8617e-06
-8.76325e-05
8.95582e-06
-9.57421e-05
8.62812e-06
-0.000103553
7.99077e-06
-0.000110801
7.29599e-06
-0.000117437
6.88414e-06
-0.000123529
7.11302e-06
-0.000129567
8.32437e-06
-0.000136211
1.08566e-05
-0.000144215
1.51813e-05
-0.000154301
2.19707e-05
-0.000167113
3.19133e-05
-0.000183063
4.52683e-05
-0.000202145
6.14303e-05
-0.000223648
7.89157e-05
-0.00024554
9.53553e-05
-0.000264462
0.00010705
-0.000276197
0.000109086
-0.000275861
9.73437e-05
-0.000259234
7.15099e-05
-0.000225509
3.57211e-05
-0.000184139
2.61659e-07
-0.000135886
-4.43964e-05
-8.13322e-05
-7.71088e-05
-2.30479e-05
-0.000103678
3.81871e-05
-0.000125026
0.000103459
-0.000142683
0.000172862
-0.000156649
0.000245401
-0.000166964
0.000319619
-0.000173699
0.00039393
-0.000176949
0.000466787
-0.000176966
0.000537166
-0.000174133
0.000604132
-0.000168998
0.000666998
-0.000162162
0.000725452
-0.000154243
0.000779549
-0.000145925
0.000829541
-0.00013806
0.000876353
-0.000131508
0.000920007
-0.000128178
0.000963162
-0.000127611
-0.000140124
0.000975282
0.000305927
0.00102604
0.000305192
0.00106097
0.000326983
0.00105861
0.000346597
0.00101216
0.000350838
0.00092503
0.000340324
0.000805722
0.000318759
0.000661719
0.000287362
0.000504818
0.00024786
0.00034564
0.000203467
0.000190062
0.000158599
4.73016e-05
0.000113828
-4.92248e-05
7.45404e-05
-8.60545e-05
4.66363e-05
-0.000107693
1.26074e-05
-0.000118405
-1.83812e-05
-0.000109869
-3.29262e-05
-0.000102396
-8.84922e-06
-0.000111064
1.61967e-05
-0.000121538
1.40967e-05
-0.000129032
3.29346e-06
-0.000134579
-6.46604e-06
-0.000135727
-1.40219e-05
-0.000132725
-1.76707e-05
-0.000128639
-1.61938e-05
-0.000125322
-1.19513e-05
-0.000123665
-6.85331e-06
-0.000123928
-2.11395e-06
-0.000125656
1.18193e-06
-0.000127787
2.83285e-06
-0.00013027
4.01237e-06
-0.000133236
5.10571e-06
-0.000136762
6.3379e-06
-0.000140966
7.91738e-06
-0.000146063
9.96956e-06
-0.000152197
1.22893e-05
-0.000159288
1.44557e-05
-0.000167003
1.60274e-05
-0.000174831
1.66895e-05
-0.000182163
1.6288e-05
-0.000188406
1.48711e-05
-0.000192994
1.25783e-05
-0.000195537
9.8394e-06
-0.000195964
7.31138e-06
-0.000194142
5.29116e-06
-0.000190119
4.30072e-06
-0.000183949
4.68718e-06
-0.000175521
6.75326e-06
-0.000164391
1.08405e-05
-0.000149736
1.72587e-05
-0.000130618
2.61499e-05
-0.000105902
3.67147e-05
-7.42962e-05
4.73096e-05
-3.43232e-05
5.53823e-05
1.49632e-05
5.77632e-05
7.20097e-05
5.204e-05
0.000132372
3.69813e-05
0.000190185
1.36968e-05
0.000244002
-1.80955e-05
0.000297397
-5.31331e-05
0.000343571
-9.05711e-05
0.000390753
-0.00012429
0.000440311
-0.000153236
0.000492833
-0.000177547
0.000547135
-0.000196985
0.000601772
-0.000211286
0.000655186
-0.000220378
0.000705971
-0.000224484
0.000753075
-0.000224053
0.000795814
-0.000219705
0.000833854
-0.000212173
0.000867116
-0.000202261
0.00089575
-0.000190796
0.000920103
-0.000178595
0.000940657
-0.000166479
0.000957896
-0.0001553
0.000972391
-0.000146003
0.000983967
-0.000139753
0.0009937
-0.000137344
-0.000143067
0.000857109
0.000271375
0.000897356
0.000264946
0.000950165
0.000274173
0.00100471
0.000292056
0.00104637
0.000309172
0.0010653
0.000321397
0.00105662
0.00032744
0.00101789
0.000326087
0.000949472
0.000316281
0.000854961
0.000297978
0.000740742
0.000272817
0.000611718
0.000242853
0.000476393
0.000209866
0.000348268
0.000174761
0.000223444
0.000137431
0.000101962
0.000103101
-5.50339e-07
6.95858e-05
-5.36524e-05
4.42528e-05
-6.73777e-05
2.9922e-05
-7.16576e-05
1.83766e-05
-7.75833e-05
9.21913e-06
-8.61802e-05
2.13083e-06
-9.6627e-05
-3.57502e-06
-0.00010811
-6.18784e-06
-0.000117439
-6.86448e-06
-0.000123881
-5.50899e-06
-0.000128701
-2.03332e-06
-0.00013289
2.07504e-06
-0.000136691
4.98202e-06
-0.000140001
6.14375e-06
-0.000142453
6.46343e-06
-0.000144024
6.67722e-06
-0.000144945
7.25914e-06
-0.000145519
8.49082e-06
-0.000146388
1.08385e-05
-0.000147801
1.37022e-05
-0.000149687
1.63422e-05
-0.000151557
1.78972e-05
-0.00015267
1.78023e-05
-0.000152237
1.58554e-05
-0.000149772
1.24062e-05
-0.000144427
7.23364e-06
-0.000135544
9.55983e-07
-0.000123558
-4.67428e-06
-0.000108018
-1.02491e-05
-8.94524e-05
-1.4265e-05
-6.84144e-05
-1.63508e-05
-4.53407e-05
-1.63205e-05
-1.99819e-05
-1.45183e-05
8.6571e-06
-1.13803e-05
4.27347e-05
-7.92771e-06
8.42697e-05
-4.82032e-06
0.00013468
-3.10089e-06
0.000193676
-3.61397e-06
0.000259556
-8.11601e-06
0.000329928
-1.83325e-05
0.000402063
-3.51532e-05
0.000474401
-5.86419e-05
0.000543799
-8.74932e-05
0.000609453
-0.000118787
0.000668998
-0.000150116
0.000723644
-0.000178937
0.000773908
-0.0002035
0.000819362
-0.000223001
0.000859405
-0.000237028
0.000893584
-0.000245465
0.000921709
-0.000248503
0.000943852
-0.000246627
0.000960335
-0.000240537
0.000971678
-0.000231048
0.000978529
-0.000219024
0.000981593
-0.000205325
0.000981576
-0.000190779
0.000979138
-0.000176157
0.000974847
-0.000162188
0.00096912
-0.000149573
0.000962188
-0.00013907
0.000953843
-0.000131408
0.000943951
-0.000127452
-0.000128735
0.000759397
0.000238012
0.000790536
0.000233807
0.000828352
0.000236357
0.000874988
0.00024542
0.000927005
0.000257154
0.000978874
0.000269528
0.00102441
0.000281903
0.00105754
0.000292962
0.00107316
0.000300661
0.00106781
0.000303329
0.00104033
0.000300293
0.000991412
0.000291771
0.000923032
0.000278246
0.000838613
0.00025918
0.000741254
0.00023479
0.00063632
0.000208035
0.000531796
0.000174111
0.000433549
0.000142499
0.000348311
0.000115161
0.000275153
9.1534e-05
0.000212396
7.19771e-05
0.000158432
5.6094e-05
0.000111248
4.36096e-05
7.09549e-05
3.4105e-05
3.73214e-05
2.67691e-05
1.08252e-05
2.09872e-05
-7.54799e-06
1.63398e-05
-1.80642e-05
1.25913e-05
-2.21853e-05
9.10304e-06
-2.18016e-05
5.76012e-06
-1.83209e-05
2.98268e-06
-1.28875e-05
1.24387e-06
-6.3645e-06
7.36097e-07
6.91448e-07
1.43488e-06
8.20365e-06
3.32635e-06
1.59657e-05
5.94017e-06
2.44395e-05
7.86839e-06
3.42598e-05
8.07693e-06
4.63573e-05
5.70477e-06
6.15219e-05
6.90858e-07
7.8931e-05
-5.003e-06
9.94173e-05
-1.32527e-05
0.000123086
-2.27132e-05
0.000150326
-3.19138e-05
0.000180101
-4.00244e-05
0.00021215
-4.63137e-05
0.000246274
-5.04747e-05
0.000282534
-5.25807e-05
0.000321089
-5.30729e-05
0.000362379
-5.26711e-05
0.000406764
-5.23125e-05
0.000454821
-5.28767e-05
0.000506908
-5.51885e-05
0.000563411
-6.01163e-05
0.000623915
-6.86201e-05
0.000686945
-8.13632e-05
0.00075023
-9.84374e-05
0.000810915
-0.000119328
0.000866303
-0.000142881
0.000914872
-0.000167356
0.000955619
-0.000190864
0.000988317
-0.000211634
0.0010131
-0.000228281
0.00103016
-0.000240063
0.0010399
-0.000246765
0.00104295
-0.000248522
0.00104019
-0.000245737
0.00103258
-0.000239017
0.00102114
-0.000229103
0.00100688
-0.000216787
0.000990709
-0.00020285
0.000973414
-0.00018803
0.000955635
-0.000173
0.000937847
-0.000158369
0.000920351
-0.000144693
0.00090326
-0.000132481
0.000886465
-0.000122276
0.000869584
-0.000114527
0.000851996
-0.000109864
-0.000108927
0.000672434
0.000206415
0.000702275
0.000203965
0.000733372
0.00020526
0.000767841
0.000210952
0.000806617
0.000218378
0.000850042
0.000226104
0.000897308
0.000234636
0.000946039
0.000244231
0.000992646
0.000254054
0.00103305
0.000262922
0.00106348
0.000269865
0.00108114
0.000274108
0.00108439
0.000275002
0.00107197
0.000271601
0.00104352
0.000263237
0.00100077
0.000250786
0.000948686
0.000226193
0.000891255
0.00019993
0.000831458
0.000174958
0.000771706
0.000151285
0.000714131
0.000129553
0.00066003
0.000110194
0.00061029
9.33496e-05
0.000565552
7.8843e-05
0.000526052
6.62696e-05
0.000491785
5.52542e-05
0.000462599
4.55258e-05
0.000438381
3.68094e-05
0.000418663
2.88205e-05
0.000402879
2.15439e-05
0.000390744
1.51183e-05
0.00038233
9.65743e-06
0.000377914
5.15198e-06
0.000378001
1.34871e-06
0.000382956
-1.62936e-06
0.000392839
-3.94223e-06
0.000407769
-7.06154e-06
0.000427221
-1.13759e-05
0.000450101
-1.71749e-05
0.000475342
-2.45498e-05
0.000503421
-3.30823e-05
0.000532855
-4.2687e-05
0.000562647
-5.25049e-05
0.00059233
-6.15967e-05
0.000621606
-6.93e-05
0.000650518
-7.52259e-05
0.000679336
-7.9293e-05
0.000708498
-8.1743e-05
0.000738509
-8.30836e-05
0.00076984
-8.40016e-05
0.000802792
-8.52644e-05
0.000837515
-8.76004e-05
0.000873966
-9.16388e-05
0.000911745
-9.78961e-05
0.000949901
-0.000106775
0.000987
-0.000118463
0.00102135
-0.000132788
0.0010512
-0.00014918
0.00107502
-0.0001667
0.00109176
-0.000184093
0.00110089
-0.000199998
0.00110246
-0.0002132
0.00109699
-0.000222812
0.00108532
-0.000228389
0.00106845
-0.000229893
0.00104749
-0.000227568
0.0010236
-0.000221846
0.000997865
-0.000213282
0.000971259
-0.000202497
0.000944594
-0.000190123
0.000918509
-0.000176765
0.000893462
-0.000162982
0.000869739
-0.000149278
0.000847472
-0.000136102
0.000826647
-0.000123867
0.000807105
-0.000112939
0.000788537
-0.000103708
0.000770435
-9.64247e-05
0.000752185
-9.16145e-05
-8.92956e-05
0.000594386
0.000177666
0.00062317
0.000175181
0.000652324
0.000176106
0.000682116
0.000181159
0.000712927
0.000187568
0.000745617
0.000193413
0.000781188
0.000199065
0.000820204
0.000205215
0.000862426
0.000211831
0.00090673
0.000218618
0.000951249
0.000225346
0.000993705
0.000231652
0.00103177
0.000236942
0.00106303
0.000240336
0.00108532
0.000240944
0.0010975
0.000238605
0.00109969
0.000224012
0.00109354
0.000206071
0.00108063
0.000187873
0.00106244
0.000169475
0.00104065
0.000151347
0.00101682
0.000134021
0.000992345
0.000117824
0.000968344
0.000102844
0.000945615
8.89987e-05
0.000924713
7.6156e-05
0.000906034
6.42051e-05
0.000889803
5.30403e-05
0.000876039
4.25846e-05
0.000864708
3.28747e-05
0.000855808
2.4019e-05
0.000849385
1.60798e-05
0.000845538
8.99926e-06
0.000844291
2.59581e-06
0.000846044
-3.38294e-06
0.000851402
-9.29997e-06
0.00086011
-1.57694e-05
0.000871916
-2.31822e-05
0.000886355
-3.16138e-05
0.000902728
-4.09225e-05
0.000920371
-5.07251e-05
0.000938277
-6.05934e-05
0.0009557
-6.99279e-05
0.000972194
-7.80906e-05
0.000987544
-8.46502e-05
0.00100176
-8.94467e-05
0.00101505
-9.25793e-05
0.0010277
-9.43912e-05
0.00104002
-9.54091e-05
0.00105228
-9.62611e-05
0.00106461
-9.75882e-05
0.00107697
-9.99575e-05
0.00108913
-0.000103804
0.00110065
-0.000109418
0.00111083
-0.000116952
0.00111875
-0.000126387
0.00112343
-0.00013746
0.00112389
-0.000149649
0.00111941
-0.00016221
0.00110956
-0.000174248
0.0010944
-0.000184835
0.00107437
-0.00019317
0.00105025
-0.000198691
0.00102298
-0.000201127
0.000993581
-0.00020049
0.000963004
-0.00019699
0.000932128
-0.000190969
0.000901691
-0.000182846
0.000872273
-0.000173078
0.000844282
-0.000162133
0.000817978
-0.000150461
0.000793482
-0.000138486
0.000770804
-0.0001266
0.000749859
-0.000115157
0.000730478
-0.000104487
0.000712407
-9.48677e-05
0.000695308
-8.66096e-05
0.000678677
-7.97937e-05
0.000662062
-7.49996e-05
-7.14833e-05
0.000525111
0.000151817
0.000551937
0.000148355
0.000579147
0.000148896
0.000606469
0.000153837
0.000634009
0.000160028
0.000661957
0.000165465
0.000690634
0.000170389
0.000720614
0.000175235
0.000752548
0.000179896
0.000786896
0.00018427
0.00082376
0.000188483
0.000862788
0.000192624
0.000903164
0.000196565
0.000943597
0.000199903
0.00098244
0.000202102
0.00101817
0.000202876
0.00104847
0.000193715
0.00107292
0.000181619
0.00109175
0.000169041
0.00110536
0.000155865
0.00111438
0.000142322
0.00111962
0.000128788
0.00112189
0.000115547
0.001122
0.000102738
0.00112061
9.03872e-05
0.00111829
7.84782e-05
0.00111549
6.70048e-05
0.00111255
5.59793e-05
0.0011097
4.54378e-05
0.00110711
3.54628e-05
0.00110497
2.61598e-05
0.00110347
1.75811e-05
0.00110279
9.67668e-06
0.00110306
2.32739e-06
0.00110448
-4.80165e-06
0.0011071
-1.19247e-05
0.00111075
-1.94233e-05
0.00111514
-2.75632e-05
0.00111986
-3.63367e-05
0.00112446
-4.55266e-05
0.00112851
-5.47692e-05
0.00113156
-6.3649e-05
0.00113334
-7.17098e-05
0.00113377
-7.85142e-05
0.00113291
-8.37962e-05
0.00113099
-8.75196e-05
0.00112826
-8.98563e-05
0.00112503
-9.11551e-05
0.00112151
-9.18869e-05
0.00111782
-9.25754e-05
0.00111396
-9.37283e-05
0.00110978
-9.5775e-05
0.001105
-9.90271e-05
0.00109925
-0.000103666
0.00109204
-0.000109746
0.00108284
-0.000117183
0.0010711
-0.000125726
0.00105641
-0.000134956
0.00103851
-0.000144312
0.00101742
-0.000153153
0.000993404
-0.000160823
0.000966987
-0.000166753
0.00093883
-0.000170534
0.000909655
-0.000171953
0.000880153
-0.000170987
0.000850929
-0.000167767
0.000822481
-0.000162521
0.000795182
-0.000155547
0.000769287
-0.000147182
0.000744939
-0.000137784
0.000722191
-0.000127713
0.000701027
-0.000117322
0.000681372
-0.000106945
0.000663107
-9.68919e-05
0.00064607
-8.74499e-05
0.000630045
-7.88433e-05
0.000614765
-7.13289e-05
0.000599814
-6.48433e-05
0.000584876
-6.00614e-05
-5.5432e-05
0.00046394
0.000128552
0.00048864
0.000123655
0.000513481
0.000124055
0.000538161
0.000129158
0.000563125
0.000135063
0.000588449
0.000140141
0.000613976
0.000144862
0.000639772
0.000149439
0.000666095
0.000153573
0.000693264
0.000157101
0.000721641
0.000160106
0.000751567
0.000162698
0.000783241
0.000164891
0.000816575
0.00016657
0.000851134
0.000167543
0.000886282
0.000167727
0.00091989
0.000160108
0.000951072
0.000150437
0.000979456
0.000140657
0.00100477
0.000130548
0.00102695
0.000120151
0.00104608
0.000109655
0.0010624
9.9226e-05
0.00107619
8.89448e-05
0.00108775
7.88314e-05
0.00109734
6.88877e-05
0.00110521
5.91321e-05
0.00111158
4.96078e-05
0.00111664
4.03791e-05
0.00112057
3.15339e-05
0.00112357
2.3165e-05
0.00112583
1.53204e-05
0.00112754
7.96595e-06
0.00112883
1.03819e-06
0.00112978
-5.75525e-06
0.00113039
-1.25382e-05
0.00113056
-1.95849e-05
0.00113004
-2.70474e-05
0.00112859
-3.48896e-05
0.00112597
-4.29067e-05
0.00112199
-5.07906e-05
0.00111654
-5.81982e-05
0.00110962
-6.47876e-05
0.00110137
-7.02635e-05
0.00109204
-7.44651e-05
0.00108193
-7.74082e-05
0.00107134
-7.92686e-05
0.00106053
-8.03491e-05
0.00104968
-8.10362e-05
0.00103885
-8.1747e-05
0.001028
-8.28776e-05
0.00101699
-8.47584e-05
0.00100558
-8.76244e-05
0.000993522
-9.16029e-05
0.00098049
-9.67145e-05
0.000966177
-0.000102869
0.000950307
-0.000109857
0.000932695
-0.000117343
0.000913277
-0.000124894
0.00089214
-0.000132015
0.000869518
-0.000138201
0.000845767
-0.000143002
0.000821308
-0.000146075
0.000796575
-0.00014722
0.000771965
-0.000146377
0.00074781
-0.000143612
0.00072437
-0.000139081
0.00070183
-0.000133007
0.000680311
-0.000125663
0.000659878
-0.000117351
0.000640553
-0.000108388
0.000622321
-9.90904e-05
0.000605143
-8.97674e-05
0.000588954
-8.07027e-05
0.000573659
-7.21547e-05
0.000559124
-6.43083e-05
0.000545163
-5.73679e-05
0.000531475
-5.11555e-05
0.000517784
-4.63705e-05
-4.08117e-05
0.000410014
0.000107502
0.000432754
0.000100915
0.000455184
0.000101625
0.000477154
0.000107187
0.000499457
0.00011276
0.000522207
0.000117392
0.000545209
0.00012186
0.000568449
0.000126199
0.000591952
0.00013007
0.000615704
0.000133349
0.000639748
0.000136062
0.000664228
0.000138218
0.000689336
0.000139783
0.00071523
0.000140676
0.000741969
0.000140804
0.000769525
0.00014017
0.000796611
0.000133022
0.000822744
0.000124304
0.0008477
0.000115701
0.00087121
0.000107038
0.000893053
9.83071e-05
0.000913103
8.96056e-05
0.000931308
8.10207e-05
0.000947669
7.25844e-05
0.00096221
6.42903e-05
0.000974971
5.61262e-05
0.000986005
4.80985e-05
0.000995375
4.02378e-05
0.00100316
3.25948e-05
0.00100946
2.52361e-05
0.00101439
1.82281e-05
0.00101811
1.16047e-05
0.00102074
5.33883e-06
0.00102242
-6.40333e-07
0.00102318
-6.51716e-06
0.00102306
-1.2421e-05
0.00102199
-1.85138e-05
0.00101982
-2.48834e-05
0.00101642
-3.14867e-05
0.00101167
-3.81543e-05
0.00100552
-4.46395e-05
0.000997993
-5.06734e-05
0.000989208
-5.60024e-05
0.000979367
-6.04219e-05
0.000968731
-6.38299e-05
0.000957582
-6.62584e-05
0.000946175
-6.78619e-05
0.000934717
-6.88911e-05
0.000923338
-6.96574e-05
0.000912084
-7.04931e-05
0.000900918
-7.17113e-05
0.000889732
-7.3572e-05
0.000878365
-7.62583e-05
0.000866628
-7.98654e-05
0.000854312
-8.43986e-05
0.000841214
-8.97714e-05
0.000827158
-9.58008e-05
0.000812022
-0.000102207
0.000795759
-0.000108631
0.000778409
-0.000114665
0.000760097
-0.00011989
0.000741022
-0.000123926
0.00072142
-0.000126473
0.000701541
-0.000127341
0.000681617
-0.000126453
0.00066185
-0.000123845
0.000642406
-0.000119636
0.000623417
-0.000114018
0.000604986
-0.000107233
0.000587191
-9.95561e-05
0.000570087
-9.1284e-05
0.000553712
-8.27153e-05
0.000538083
-7.41387e-05
0.000523199
-6.5818e-05
0.000509028
-5.79839e-05
0.000495508
-5.07882e-05
0.000482515
-4.43748e-05
0.00046985
-3.84911e-05
0.000457206
-3.37268e-05
-2.75337e-05
0.000362528
8.82941e-05
0.000383496
7.99465e-05
0.000403597
8.15242e-05
0.000423065
8.77195e-05
0.000442883
9.29422e-05
0.000463082
9.71925e-05
0.00048353
0.000101412
0.000504305
0.000105424
0.000525432
0.000108943
0.000546823
0.000111958
0.000568391
0.000114493
0.000590093
0.000116516
0.000611913
0.000117963
0.000633848
0.000118741
0.000655897
0.000118755
0.000678078
0.00011799
0.000699482
0.000111618
0.000719919
0.000103867
0.000739398
9.6222e-05
0.000757854
8.85824e-05
0.000775205
8.0956e-05
0.000791387
7.34234e-05
0.000806355
6.60525e-05
0.000820075
5.88647e-05
0.000832517
5.18487e-05
0.000843655
4.49877e-05
0.000853474
3.82791e-05
0.000861973
3.17393e-05
0.000869168
2.54e-05
0.0008751
1.93036e-05
0.000879838
1.34907e-05
0.000883467
7.97558e-06
0.000886077
2.72874e-06
0.000887763
-2.3265e-06
0.00088857
-7.32424e-06
0.000888518
-1.23687e-05
0.000887561
-1.75569e-05
0.000885615
-2.29376e-05
0.000882595
-2.84665e-05
0.000878444
-3.40036e-05
0.000873155
-3.93499e-05
0.000866773
-4.42917e-05
0.000859405
-4.86341e-05
0.000851212
-5.22291e-05
0.000842393
-5.50115e-05
0.000833156
-5.70214e-05
0.000823691
-5.83971e-05
0.000814153
-5.93521e-05
0.000804641
-6.01462e-05
0.0007952
-6.10522e-05
0.000785814
-6.23245e-05
0.000776413
-6.41714e-05
0.000766891
-6.67359e-05
0.000757112
-7.00864e-05
0.000746926
-7.42126e-05
0.00073618
-7.90257e-05
0.000724735
-8.43559e-05
0.000712483
-8.9955e-05
0.000699361
-9.55096e-05
0.000685362
-0.000100666
0.000670535
-0.000105063
0.000654978
-0.000108369
0.000638822
-0.000110318
0.000622219
-0.000110737
0.000605322
-0.000109556
0.000588281
-0.000106804
0.000571238
-0.000102593
0.000554327
-9.71071e-05
0.000537672
-9.05781e-05
0.000521388
-8.32724e-05
0.000505577
-7.54727e-05
0.000490324
-6.74624e-05
0.000475696
-5.95104e-05
0.000461735
-5.18571e-05
0.000448454
-4.47029e-05
0.000435835
-3.81693e-05
0.000423792
-3.23313e-05
0.000412209
-2.69089e-05
0.000400711
-2.22281e-05
-1.57553e-05
0.000320758
7.05693e-05
0.000340087
6.06173e-05
0.000357963
6.36485e-05
0.000375207
7.04749e-05
0.000392822
7.53278e-05
0.000410693
7.93208e-05
0.000428762
8.33429e-05
0.00044717
8.70162e-05
0.00046595
9.01629e-05
0.000485039
9.28692e-05
0.00050437
9.5163e-05
0.000523878
9.7008e-05
0.000543489
9.83518e-05
0.000563113
9.91168e-05
0.000582654
9.92142e-05
0.000602035
9.86082e-05
0.000620413
9.32405e-05
0.000637629
8.66505e-05
0.000653749
8.0102e-05
0.000668798
7.35337e-05
0.000682787
6.69668e-05
0.000695732
6.04784e-05
0.000707649
5.41351e-05
0.000718551
4.79629e-05
0.000728442
4.1958e-05
0.00073732
3.61098e-05
0.000745182
3.04168e-05
0.000752031
2.48901e-05
0.00075788
1.9551e-05
0.000762757
1.44267e-05
0.000766707
9.54073e-06
0.000769788
4.89408e-06
0.000772068
4.48674e-07
0.000773606
-3.86422e-06
0.000774429
-8.1471e-06
0.000774543
-1.2483e-05
0.000773922
-1.69351e-05
0.000772509
-2.15254e-05
0.000770248
-2.62052e-05
0.000767097
-3.08527e-05
0.000763047
-3.52996e-05
0.000758125
-3.93698e-05
0.0007524
-4.2909e-05
0.00074598
-4.58089e-05
0.000739001
-4.8033e-05
0.000731612
-4.96322e-05
0.000723954
-5.07387e-05
0.000716146
-5.15445e-05
0.000708276
-5.22761e-05
0.000700389
-5.31656e-05
0.000692489
-5.44242e-05
0.000684538
-5.62199e-05
0.000676463
-5.86614e-05
0.000668167
-6.17906e-05
0.000659535
-6.55799e-05
0.000650441
-6.99318e-05
0.000640765
-7.46796e-05
0.0006304
-7.95906e-05
0.000619269
-8.4378e-05
0.000607326
-8.87235e-05
0.000594569
-9.23058e-05
0.000581034
-9.48337e-05
0.000566793
-9.60779e-05
0.000551951
-9.5895e-05
0.000536632
-9.42379e-05
0.000520981
-9.11525e-05
0.000505153
-8.6765e-05
0.00048931
-8.12642e-05
0.000473615
-7.48828e-05
0.000458222
-6.78797e-05
0.000443273
-6.05231e-05
0.000428886
-5.30752e-05
0.000415153
-4.57783e-05
0.000402139
-3.88429e-05
0.00038987
-3.24335e-05
0.000378345
-2.66444e-05
0.000367491
-2.14775e-05
0.000357258
-1.66759e-05
0.000347195
-1.21653e-05
-5.76544e-06
0.000284047
5.39957e-05
0.000301804
4.28598e-05
0.000317587
4.78652e-05
0.000332894
5.51683e-05
0.000348561
5.96608e-05
0.000364359
6.35228e-05
0.000380325
6.73765e-05
0.000396618
7.07235e-05
0.000413247
7.35342e-05
0.000430161
7.59549e-05
0.000447323
7.8001e-05
0.000464693
7.96382e-05
0.00048221
8.08345e-05
0.000499792
8.15352e-05
0.000517336
8.16696e-05
0.000534743
8.12019e-05
0.000551204
7.67795e-05
0.000566541
7.13135e-05
0.000580794
6.58491e-05
0.000593986
6.0341e-05
0.000606142
5.48108e-05
0.000617293
4.93276e-05
0.000627474
4.39537e-05
0.00063672
3.87177e-05
0.000645056
3.3622e-05
0.000652503
2.86625e-05
0.000659078
2.38414e-05
0.000664799
1.91692e-05
0.000669689
1.46616e-05
0.000673777
1.03383e-05
0.000677104
6.21341e-06
0.00067972
2.27892e-06
0.000681671
-1.503e-06
0.000683
-5.1934e-06
0.000683727
-8.87414e-06
0.000683857
-1.26128e-05
0.000683373
-1.64507e-05
0.000682238
-2.03903e-05
0.00068041
-2.4377e-05
0.000677855
-2.82983e-05
0.000674562
-3.20065e-05
0.000670544
-3.53513e-05
0.000665843
-3.82079e-05
0.000660531
-4.04978e-05
0.000654707
-4.22084e-05
0.000648477
-4.34028e-05
0.000641952
-4.42131e-05
0.000635227
-4.48199e-05
0.000628379
-4.54278e-05
0.000621453
-4.62395e-05
0.000614461
-4.74327e-05
0.000607383
-4.91416e-05
0.000600165
-5.14438e-05
0.000592729
-5.43546e-05
0.000584975
-5.78256e-05
0.000576789
-6.17454e-05
0.000568051
-6.59419e-05
0.000558648
-7.01876e-05
0.000548483
-7.4213e-05
0.000537487
-7.77276e-05
0.000525629
-8.04482e-05
0.000512924
-8.21283e-05
0.000499432
-8.25855e-05
0.000485258
-8.17209e-05
0.000470545
-7.95257e-05
0.000455468
-7.60755e-05
0.000440219
-7.15157e-05
0.000424998
-6.60427e-05
0.00041
-5.98851e-05
0.000395407
-5.32868e-05
0.000381375
-4.64914e-05
0.00036803
-3.973e-05
0.000355461
-3.32096e-05
0.000343722
-2.71041e-05
0.000332829
-2.15396e-05
0.000322772
-1.65877e-05
0.000313473
-1.21783e-05
0.000304929
-8.13205e-06
0.00029664
-3.87673e-06
2.16075e-06
0.000251798
3.82838e-05
0.000267991
2.66666e-05
0.000281861
3.39951e-05
0.000295502
4.15276e-05
0.000309435
4.57283e-05
0.000323393
4.95641e-05
0.000337523
5.32463e-05
0.000351967
5.62805e-05
0.000366701
5.87993e-05
0.000381683
6.09729e-05
0.000396887
6.27974e-05
0.000412282
6.42434e-05
0.000427822
6.52948e-05
0.000443444
6.59132e-05
0.000459069
6.60442e-05
0.000474612
6.56592e-05
0.000489342
6.20489e-05
0.000503085
5.75706e-05
0.000515862
5.30717e-05
0.000527687
4.85167e-05
0.000538572
4.39254e-05
0.000548541
3.93583e-05
0.000557624
3.48716e-05
0.000565848
3.04928e-05
0.000573243
2.62274e-05
0.000579831
2.20746e-05
0.000585633
1.80393e-05
0.000590671
1.41312e-05
0.000594971
1.03619e-05
0.000598563
6.74654e-06
0.000601482
3.29378e-06
0.000603771
-1.02147e-08
0.000605471
-3.20259e-06
0.000606616
-6.33838e-06
0.000607227
-9.4853e-06
0.000607312
-1.26973e-05
0.00060686
-1.59996e-05
0.00060585
-1.93797e-05
0.000604249
-2.27761e-05
0.000602031
-2.60807e-05
0.000599183
-2.91585e-05
0.000595709
-3.18769e-05
0.000591633
-3.41325e-05
0.000587005
-3.58697e-05
0.000581893
-3.70958e-05
0.000576377
-3.78869e-05
0.000570542
-3.83787e-05
0.000564469
-3.87463e-05
0.00055822
-3.9179e-05
0.000551837
-3.98567e-05
0.000545333
-4.09285e-05
0.000538689
-4.24977e-05
0.000531857
-4.46117e-05
0.000524761
-4.72584e-05
0.000517302
-5.03664e-05
0.000509365
-5.38083e-05
0.000500828
-5.74053e-05
0.000491576
-6.09356e-05
0.000481512
-6.41495e-05
0.000470575
-6.67907e-05
0.000458749
-6.86221e-05
0.000446072
-6.94514e-05
0.000432639
-6.91517e-05
0.000418593
-6.76748e-05
0.000404119
-6.50518e-05
0.000389428
-6.13849e-05
0.000374743
-5.68308e-05
0.000360283
-5.15828e-05
0.000346251
-4.58526e-05
0.000332821
-3.98568e-05
0.000320134
-3.38041e-05
0.00030829
-2.78866e-05
0.000297351
-2.22707e-05
0.00028734
-1.70929e-05
0.000278242
-1.24417e-05
0.00027003
-8.37516e-06
0.000262606
-4.75485e-06
0.00025601
-1.5361e-06
0.000249737
2.39654e-06
7.91029e-06
0.000223468
2.31981e-05
0.000238065
1.20699e-05
0.000250246
2.18139e-05
0.000262461
2.93128e-05
0.000274841
3.33484e-05
0.00028718
3.72254e-05
0.000299711
4.07152e-05
0.000312537
4.34546e-05
0.000325615
4.57211e-05
0.000338909
4.7679e-05
0.000352398
4.93085e-05
0.000366053
5.05883e-05
0.000379833
5.15146e-05
0.000393686
5.20601e-05
0.000407548
5.21818e-05
0.000421349
5.18581e-05
0.000434443
4.89551e-05
0.000446672
4.53416e-05
0.000458055
4.16886e-05
0.000468603
3.79692e-05
0.000478325
3.4203e-05
0.000487239
3.04448e-05
0.000495365
2.67456e-05
0.000502725
2.31318e-05
0.000509343
1.961e-05
0.000515236
1.61814e-05
0.000520423
1.28523e-05
0.000524923
9.63148e-06
0.000528759
6.52595e-06
0.000531957
3.54869e-06
0.000534548
7.0251e-07
0.000536569
-2.03149e-06
0.000538056
-4.68892e-06
0.000539037
-7.3199e-06
0.000539533
-9.98098e-06
0.00053955
-1.27141e-05
0.000539081
-1.55311e-05
0.000538108
-1.84067e-05
0.000536604
-2.12718e-05
0.000534542
-2.40189e-05
0.000531904
-2.65206e-05
0.000528685
-2.86578e-05
0.000524897
-3.03445e-05
0.000520573
-3.15452e-05
0.000515763
-3.22862e-05
0.000510534
-3.26575e-05
0.000504956
-3.28007e-05
0.000499097
-3.28875e-05
0.000493012
-3.30943e-05
0.000486735
-3.35796e-05
0.000480272
-3.44654e-05
0.0004736
-3.58253e-05
0.000466665
-3.76773e-05
0.00045939
-3.99835e-05
0.000451677
-4.2653e-05
0.000443416
-4.55477e-05
0.000434501
-4.84899e-05
0.000424838
-5.1273e-05
0.000414366
-5.36769e-05
0.000403063
-5.54885e-05
0.000390964
-5.65228e-05
0.000378156
-5.66434e-05
0.00036478
-5.57755e-05
0.000351019
-5.39133e-05
0.000337083
-5.11167e-05
0.000323199
-4.75003e-05
0.000309585
-4.32172e-05
0.000296446
-3.84439e-05
0.000283958
-3.33638e-05
0.000272258
-2.81577e-05
0.000261449
-2.29946e-05
0.000251588
-1.8026e-05
0.000242697
-1.33794e-05
0.000234762
-9.15808e-06
0.000227739
-5.41834e-06
0.00022158
-2.21576e-06
0.000216173
6.51837e-07
0.000211585
3.05182e-06
0.000207377
6.60453e-06
1.15601e-05
0.00019856
8.56717e-06
0.000211522
-8.91215e-07
0.000222268
1.1067e-05
0.000233251
1.83299e-05
0.000244238
2.23618e-05
0.00025516
2.63034e-05
0.000266297
2.95783e-05
0.000277702
3.20496e-05
0.000289323
3.41004e-05
0.000301132
3.58697e-05
0.000313112
3.7328e-05
0.000325236
3.84647e-05
0.000337465
3.92856e-05
0.000349753
3.97719e-05
0.000362045
3.98896e-05
0.00037428
3.96234e-05
0.000385884
3.73509e-05
0.000396718
3.45075e-05
0.0004068
3.16068e-05
0.000416141
2.86287e-05
0.00042475
2.55939e-05
0.000432641
2.25535e-05
0.000439832
1.95554e-05
0.000446338
1.66251e-05
0.000452178
1.377e-05
0.000457367
1.09927e-05
0.000461918
8.30135e-06
0.000465846
5.70312e-06
0.000469171
3.20126e-06
0.000471914
8.05146e-07
0.000474104
-1.48701e-06
0.000475766
-3.69403e-06
0.000476927
-5.8498e-06
0.000477608
-8.0004e-06
0.00047782
-1.01934e-05
0.000477566
-1.24599e-05
0.000476835
-1.47999e-05
0.000475605
-1.71768e-05
0.000473849
-1.95155e-05
0.000471539
-2.1709e-05
0.000468656
-2.36382e-05
0.000465197
-2.51981e-05
0.000461174
-2.63213e-05
0.000456621
-2.69928e-05
0.000451592
-2.72572e-05
0.000446151
-2.72165e-05
0.000440366
-2.70158e-05
0.000434299
-2.682e-05
0.000427994
-2.67897e-05
0.000421475
-2.70604e-05
0.000414737
-2.77271e-05
0.000407747
-2.88353e-05
0.000400447
-3.03781e-05
0.000392763
-3.22988e-05
0.000384606
-3.44958e-05
0.000375889
-3.68314e-05
0.00036654
-3.91402e-05
0.000356507
-4.12408e-05
0.00034578
-4.29497e-05
0.00033439
-4.40987e-05
0.000322419
-4.45515e-05
0.000309994
-4.42179e-05
0.000297281
-4.30625e-05
0.000284474
-4.11064e-05
0.000271779
-3.84219e-05
0.0002594
-3.51214e-05
0.000247525
-3.13427e-05
0.000236318
-2.72363e-05
0.000225907
-2.29525e-05
0.000216384
-1.86354e-05
0.000207805
-1.44155e-05
0.000200188
-1.0409e-05
0.000193519
-6.71003e-06
0.000187756
-3.39589e-06
0.000182836
-4.97946e-07
0.000178697
1.92299e-06
0.000175227
4.12207e-06
0.000172499
5.77971e-06
0.000170198
8.90552e-06
1.33323e-05
0.000176567
-5.6533e-06
0.000187955
-1.22795e-05
0.000197512
1.51012e-06
0.000207404
8.43763e-06
0.000217124
1.26421e-05
0.00022678
1.66476e-05
0.000236649
1.97084e-05
0.000246741
2.19584e-05
0.000257003
2.3838e-05
0.00026742
2.54528e-05
0.000277978
2.677e-05
0.000288652
2.77904e-05
0.00029941
2.85283e-05
0.000310209
2.89724e-05
0.000321001
2.90974e-05
0.00033173
2.88945e-05
0.00034189
2.71907e-05
0.000351358
2.50404e-05
0.000360146
2.28184e-05
0.000368264
2.05102e-05
0.000375721
1.81375e-05
0.000382525
1.57492e-05
0.00038869
1.33907e-05
0.000394228
1.10867e-05
0.000399153
8.84516e-06
0.000403476
6.66981e-06
0.000407207
4.57033e-06
0.000410357
2.55299e-06
0.000412945
6.13777e-07
0.000414987
-1.23676e-06
0.000416498
-2.99814e-06
0.000417495
-4.69127e-06
0.000417995
-6.3504e-06
0.000418013
-8.01746e-06
0.000417551
-9.73203e-06
0.000416607
-1.15156e-05
0.000415166
-1.33589e-05
0.000413208
-1.52187e-05
0.00041071
-1.7018e-05
0.000407657
-1.8656e-05
0.000404046
-2.00265e-05
0.00039989
-2.10422e-05
0.000395224
-2.16553e-05
0.0003901
-2.18689e-05
0.000384583
-2.17406e-05
0.000378743
-2.13769e-05
0.000372645
-2.09177e-05
0.000366339
-2.05139e-05
0.000359855
-2.03051e-05
0.000353196
-2.04019e-05
0.000346343
-2.08736e-05
0.000339251
-2.17433e-05
0.000331859
-2.29871e-05
0.0003241
-2.45393e-05
0.000315903
-2.62991e-05
0.000307211
-2.81392e-05
0.000297986
-2.99151e-05
0.000288221
-3.14754e-05
0.000277944
-3.26728e-05
0.000267224
-3.33788e-05
0.000256168
-3.34958e-05
0.000244917
-3.29668e-05
0.000233635
-3.17805e-05
0.000222499
-2.99707e-05
0.000211687
-2.76098e-05
0.000201364
-2.47986e-05
0.000191675
-2.16535e-05
0.000182736
-1.82972e-05
0.000174632
-1.48481e-05
0.000167413
-1.14171e-05
0.000161101
-8.10264e-06
0.000155684
-4.99208e-06
0.000151127
-2.15334e-06
0.000147376
3.54562e-07
0.000144358
2.52047e-06
0.00014201
4.27057e-06
0.000140223
5.90978e-06
0.000139063
6.9399e-06
0.000138361
9.60702e-06
1.35623e-05
0.000157032
-1.93899e-05
0.000167042
-2.229e-05
0.000175621
-7.06812e-06
0.00018441
-3.51972e-07
0.000192823
4.22956e-06
0.000201131
8.33925e-06
0.000209588
1.12517e-05
0.000218182
1.33643e-05
0.000226887
1.51331e-05
0.000235706
1.66341e-05
0.000244635
1.78406e-05
0.000253658
1.87677e-05
0.000262746
1.94396e-05
0.000271864
1.98544e-05
0.000280965
1.99971e-05
0.000289993
1.98663e-05
0.000298517
1.86668e-05
0.000306425
1.71318e-05
0.000313725
1.55185e-05
0.000320419
1.38167e-05
0.000326507
1.20487e-05
0.000331996
1.02607e-05
0.000336892
8.49474e-06
0.000341205
6.77396e-06
0.000344944
5.10591e-06
0.000348119
3.49458e-06
0.000350739
1.9507e-06
0.000352813
4.789e-07
0.000354358
-9.3132e-07
0.00035538
-2.25849e-06
0.000355893
-3.51162e-06
0.000355915
-4.71312e-06
0.000355459
-5.8946e-06
0.000354535
-7.09301e-06
0.000353143
-8.34038e-06
0.000351278
-9.6506e-06
0.000348929
-1.10095e-05
0.000346083
-1.23726e-05
0.000342733
-1.36686e-05
0.000338886
-1.48083e-05
0.000334562
-1.57028e-05
0.000329803
-1.62838e-05
0.000324668
-1.65201e-05
0.000319226
-1.64262e-05
0.000313548
-1.6063e-05
0.000307702
-1.55309e-05
0.000301739
-1.49551e-05
0.00029569
-1.44649e-05
0.000289561
-1.41758e-05
0.000283333
-1.41737e-05
0.000276966
-1.45072e-05
0.000270407
-1.51838e-05
0.000263592
-1.6172e-05
0.000256459
-1.74064e-05
0.000248956
-1.87957e-05
0.000241047
-2.02302e-05
0.000232721
-2.159e-05
0.000224
-2.27535e-05
0.000214933
-2.36062e-05
0.000205606
-2.40517e-05
0.000196131
-2.40207e-05
0.000186642
-2.3478e-05
0.000177287
-2.24251e-05
0.000168215
-2.08989e-05
0.000159569
-1.89644e-05
0.000151478
-1.6707e-05
0.000144045
-1.4221e-05
0.000137351
-1.16028e-05
0.000131446
-8.94341e-06
0.000126355
-6.32621e-06
0.000122076
-3.82357e-06
0.000118585
-1.50063e-06
0.000115836
5.95228e-07
0.000113774
2.41628e-06
0.000112323
3.97178e-06
0.00011142
5.17323e-06
0.000110971
6.35922e-06
0.000111015
6.89615e-06
0.000111541
9.08117e-06
1.26305e-05
0.000139698
-3.26073e-05
0.000148437
-3.10293e-05
0.000155932
-1.45636e-05
0.000163128
-7.54749e-06
0.000169633
-2.27549e-06
0.000175931
2.0408e-06
0.000182298
4.88464e-06
0.000188758
6.90517e-06
0.000195327
8.56408e-06
0.000202031
9.93015e-06
0.000208872
1.09987e-05
0.000215835
1.18055e-05
0.000222887
1.23874e-05
0.000229988
1.27536e-05
0.000237085
1.28996e-05
0.00024412
1.28313e-05
0.000250741
1.20463e-05
0.000256848
1.10245e-05
0.000262436
9.93004e-06
0.000267498
8.75525e-06
0.000272026
7.52096e-06
0.000276018
6.26812e-06
0.000279479
5.03355e-06
0.000282417
3.83674e-06
0.000284839
2.68352e-06
0.000286757
1.57682e-06
0.000288179
5.28895e-07
0.00028912
-4.62154e-07
0.00028959
-1.40176e-06
0.000289606
-2.27404e-06
0.000289186
-3.09165e-06
0.000288346
-3.87376e-06
0.000287099
-4.64784e-06
0.000285451
-5.4446e-06
0.0002834
-6.28894e-06
0.000280939
-7.18961e-06
0.000278061
-8.13151e-06
0.000274763
-9.07473e-06
0.000271053
-9.95839e-06
0.000266954
-1.07095e-05
0.000262509
-1.12576e-05
0.000257776
-1.15513e-05
0.000252827
-1.15712e-05
0.000247736
-1.13354e-05
0.000242573
-1.08993e-05
0.00023739
-1.03484e-05
0.000232221
-9.78614e-06
0.000227073
-9.31708e-06
0.000221929
-9.03151e-06
0.000216749
-8.99402e-06
0.000211479
-9.23718e-06
0.000206056
-9.76e-06
0.000200414
-1.05304e-05
0.000194498
-1.14908e-05
0.000188267
-1.25644e-05
0.0001817
-1.36629e-05
0.000174802
-1.46919e-05
0.000167606
-1.55582e-05
0.000160176
-1.61754e-05
0.000152596
-1.64725e-05
0.000144976
-1.64005e-05
0.000137436
-1.5938e-05
0.000130103
-1.50921e-05
0.000123101
-1.38966e-05
0.000116543
-1.24066e-05
0.000110527
-1.06908e-05
0.000105129
-8.82303e-06
0.000100403
-6.87678e-06
9.63795e-05
-4.9199e-06
9.30666e-05
-3.01334e-06
9.04513e-05
-1.20828e-06
8.85034e-05
4.47332e-07
8.71771e-05
1.92149e-06
8.6413e-05
3.18035e-06
8.61414e-05
4.24344e-06
8.6299e-05
5.01558e-06
8.68146e-05
5.84362e-06
8.76814e-05
6.02938e-06
8.90458e-05
7.71682e-06
1.09133e-05
0.000124195
-4.51637e-05
0.000131114
-3.79482e-05
0.000136333
-1.97831e-05
0.000140506
-1.17207e-05
0.000143879
-5.64776e-06
0.000147206
-1.28629e-06
0.000150768
1.32239e-06
0.000154596
3.07723e-06
0.000158701
4.45881e-06
0.00016308
5.55096e-06
0.000167703
6.37607e-06
0.000172524
6.98482e-06
0.000177491
7.42002e-06
0.000182549
7.69559e-06
0.000187636
7.81305e-06
0.000192686
7.78102e-06
0.000197429
7.30299e-06
0.000201781
6.67258e-06
0.000205726
5.98571e-06
0.000209245
5.23538e-06
0.000212328
4.43854e-06
0.000214968
3.62835e-06
0.000217167
2.83378e-06
0.000218935
2.06937e-06
0.00022028
1.33829e-06
0.000221215
6.41448e-07
0.000221753
-9.0044e-09
0.000221911
-6.20114e-07
0.000221703
-1.19367e-06
0.000221149
-1.72011e-06
0.000220266
-2.20888e-06
0.000219068
-2.67576e-06
0.000217563
-3.14259e-06
0.000215752
-3.63317e-06
0.000213629
-4.16605e-06
0.000211186
-4.74686e-06
0.000208417
-5.36253e-06
0.000205323
-5.98109e-06
0.00020192
-6.55519e-06
0.00019824
-7.02928e-06
0.000194333
-7.35081e-06
0.000190265
-7.48279e-06
0.000186107
-7.41306e-06
0.000181929
-7.15795e-06
0.000177791
-6.76141e-06
0.000173733
-6.28974e-06
0.000169768
-5.82181e-06
0.000165888
-5.43636e-06
0.000162056
-5.20023e-06
0.000158222
-5.15971e-06
0.000154321
-5.336e-06
0.000150286
-5.72469e-06
0.000146053
-6.29818e-06
0.000141573
-7.01057e-06
0.000136812
-7.80311e-06
0.000131759
-8.60965e-06
0.000126428
-9.36087e-06
0.000120858
-9.98873e-06
0.000115113
-1.04308e-05
0.000109277
-1.06362e-05
0.000103447
-1.05708e-05
9.77308e-05
-1.02214e-05
9.22354e-05
-9.59666e-06
8.70639e-05
-8.72504e-06
8.23074e-05
-7.65023e-06
7.80415e-05
-6.42484e-06
7.43224e-05
-5.10402e-06
7.11871e-05
-3.7414e-06
6.86523e-05
-2.38509e-06
6.67163e-05
-1.07734e-06
6.53602e-05
1.47784e-07
6.4552e-05
1.25556e-06
6.42433e-05
2.23019e-06
6.43784e-05
3.04525e-06
6.48958e-05
3.72602e-06
6.57304e-05
4.18103e-06
6.68431e-05
4.7309e-06
6.81659e-05
4.70655e-06
6.99875e-05
5.89518e-06
8.75116e-06
0.000109445
-5.60709e-05
0.000112552
-4.10548e-05
0.000113318
-2.0549e-05
0.00011302
-1.14232e-05
0.000112713
-5.34041e-06
0.000113149
-1.72208e-06
0.000114326
1.45174e-07
0.000116077
1.32586e-06
0.000118293
2.24293e-06
0.000120889
2.95477e-06
0.000123786
3.4797e-06
0.00012691
3.86067e-06
0.000130198
4.13188e-06
0.00013359
4.30392e-06
0.000137024
4.37833e-06
0.000140443
4.36271e-06
0.00014365
4.09547e-06
0.000146582
3.74102e-06
0.000149218
3.34897e-06
0.000151541
2.91298e-06
0.000153534
2.44525e-06
0.000155193
1.96992e-06
0.000156519
1.50734e-06
0.000157522
1.0666e-06
0.000158212
6.48455e-07
0.000158601
2.52431e-07
0.000158705
-1.13732e-07
0.00015854
-4.54448e-07
0.000158119
-7.72955e-07
0.000157459
-1.06064e-06
0.000156575
-1.32455e-06
0.000155476
-1.5762e-06
0.000154164
-1.83125e-06
0.000152638
-2.10657e-06
0.000150887
-2.41518e-06
0.000148901
-2.76084e-06
0.000146672
-3.13404e-06
0.000144203
-3.5122e-06
0.00014151
-3.86222e-06
0.000138627
-4.14566e-06
0.000135602
-4.32645e-06
0.000132499
-4.37952e-06
0.000129383
-4.29699e-06
0.000126316
-4.09049e-06
0.000123345
-3.7905e-06
0.000120498
-3.44285e-06
0.000117778
-3.10207e-06
0.000115164
-2.82252e-06
0.000112614
-2.64999e-06
0.00011007
-2.6156e-06
0.000107467
-2.73277e-06
0.000104739
-2.99709e-06
0.000101829
-3.38831e-06
9.86928e-05
-3.87414e-06
9.53038e-05
-4.41412e-06
9.16574e-05
-4.96325e-06
8.77711e-05
-5.4746e-06
8.36843e-05
-5.90197e-06
7.94563e-05
-6.20277e-06
7.51626e-05
-6.34239e-06
7.08899e-05
-6.29813e-06
6.67309e-05
-6.06236e-06
6.27772e-05
-5.64294e-06
5.91138e-05
-5.06172e-06
5.58143e-05
-4.35067e-06
5.29366e-05
-3.54715e-06
5.05218e-05
-2.68927e-06
4.85935e-05
-1.81308e-06
4.71584e-05
-9.49973e-07
4.62077e-05
-1.26693e-07
4.57203e-05
6.35171e-07
4.56606e-05
1.31531e-06
4.59853e-05
1.90544e-06
4.6643e-05
2.38762e-06
4.75834e-05
2.78554e-06
4.87397e-05
3.02474e-06
5.01104e-05
3.36027e-06
5.15618e-05
3.25514e-06
5.34893e-05
3.96765e-06
6.43235e-06
9.33263e-05
-6.24224e-05
8.97538e-05
-3.74823e-05
8.50011e-05
-1.57963e-05
8.10066e-05
-7.42872e-06
7.86456e-05
-2.97936e-06
7.78333e-05
-9.09855e-07
7.79936e-05
-1.50352e-08
7.875e-05
5.69448e-07
7.99359e-05
1.05704e-06
8.14539e-05
1.43668e-06
8.32241e-05
1.70953e-06
8.51803e-05
1.90454e-06
8.72685e-05
2.0436e-06
8.94406e-05
2.13183e-06
9.16496e-05
2.16938e-06
9.38509e-05
2.16141e-06
9.5916e-05
2.03035e-06
9.78006e-05
1.8564e-06
9.94887e-05
1.66085e-06
0.000100963
1.43904e-06
0.000102209
1.1989e-06
0.000103223
9.55802e-07
0.000104009
7.21946e-07
0.000104573
5.01685e-07
0.000104928
2.9434e-07
0.000105082
9.81842e-08
0.000105049
-8.12887e-08
0.000104842
-2.47116e-07
0.000104471
-4.01796e-07
0.000103949
-5.38486e-07
0.000103286
-6.61595e-07
0.000102488
-7.78404e-07
0.000101555
-8.98617e-07
0.000100482
-1.03275e-06
9.92553e-05
-1.189e-06
9.78645e-05
-1.36997e-06
9.63005e-05
-1.57011e-06
9.45642e-05
-1.77592e-06
9.26696e-05
-1.9676e-06
9.0646e-05
-2.12202e-06
8.85368e-05
-2.21727e-06
8.63952e-05
-2.23796e-06
8.42771e-05
-2.17883e-06
8.22328e-05
-2.04618e-06
8.02999e-05
-1.85761e-06
7.84972e-05
-1.64022e-06
7.6822e-05
-1.4268e-06
7.52498e-05
-1.25031e-06
7.37385e-05
-1.13871e-06
7.22339e-05
-1.11099e-06
7.06764e-05
-1.17536e-06
6.90085e-05
-1.32917e-06
6.71804e-05
-1.56021e-06
6.51554e-05
-1.84916e-06
6.29132e-05
-2.17186e-06
6.04514e-05
-2.50146e-06
5.77865e-05
-2.80975e-06
5.49533e-05
-3.06871e-06
5.20028e-05
-3.25228e-06
4.89997e-05
-3.33934e-06
4.60179e-05
-3.31634e-06
4.3135e-05
-3.17939e-06
4.04264e-05
-2.93441e-06
3.79606e-05
-2.59591e-06
3.57943e-05
-2.18439e-06
3.39702e-05
-1.72307e-06
3.2516e-05
-1.23499e-06
3.14443e-05
-7.41371e-07
3.07544e-05
-2.60129e-07
3.04339e-05
1.93783e-07
3.04601e-05
6.09052e-07
3.08005e-05
9.74826e-07
3.14186e-05
1.2874e-06
3.22696e-05
1.5366e-06
3.33166e-05
1.73858e-06
3.44943e-05
1.84703e-06
3.58345e-05
2.02e-06
3.71548e-05
1.93487e-06
3.88898e-05
2.23266e-06
4.19246e-06
7.34701e-05
-5.91237e-05
6.21412e-05
-2.61534e-05
5.42486e-05
-7.9037e-06
4.97647e-05
-2.94481e-06
4.77694e-05
-9.84082e-07
4.71477e-05
-2.88096e-07
4.71466e-05
-1.40238e-08
4.75059e-05
2.10152e-07
4.81492e-05
4.13769e-07
4.90179e-05
5.68015e-07
5.00529e-05
6.74538e-07
5.12074e-05
7.50045e-07
5.24464e-05
8.04593e-07
5.3739e-05
8.39187e-07
5.50551e-05
8.53294e-07
5.63668e-05
8.49716e-07
5.7598e-05
7.99168e-07
5.87224e-05
7.32035e-07
5.97283e-05
6.54945e-07
6.06018e-05
5.6549e-07
6.13327e-05
4.68e-07
6.19183e-05
3.70193e-07
6.23627e-05
2.77598e-07
6.26729e-05
1.91447e-07
6.28567e-05
1.1054e-07
6.29208e-05
3.41128e-08
6.28748e-05
-3.53599e-08
6.27272e-05
-9.94542e-08
6.24842e-05
-1.58827e-07
6.21554e-05
-2.09696e-07
6.17479e-05
-2.54045e-07
6.1265e-05
-2.95511e-07
6.07051e-05
-3.38785e-07
6.00615e-05
-3.89067e-07
5.93231e-05
-4.50618e-07
5.84782e-05
-5.25103e-07
5.75184e-05
-6.10275e-07
5.64426e-05
-7.00086e-07
5.52603e-05
-7.85371e-07
5.39934e-05
-8.55122e-07
5.26748e-05
-8.98643e-07
5.13449e-05
-9.08069e-07
5.00463e-05
-8.80194e-07
4.88172e-05
-8.17143e-07
4.76861e-05
-7.26461e-07
4.66664e-05
-6.20507e-07
4.57544e-05
-5.14797e-07
4.49294e-05
-4.25319e-07
4.41566e-05
-3.65921e-07
4.33919e-05
-3.46241e-07
4.25873e-05
-3.70766e-07
4.16968e-05
-4.38733e-07
4.06813e-05
-5.44655e-07
3.95117e-05
-6.79559e-07
3.81719e-05
-8.32067e-07
3.66598e-05
-9.89369e-07
3.49879e-05
-1.13782e-06
3.31829e-05
-1.26374e-06
3.12849e-05
-1.35428e-06
2.93446e-05
-1.39906e-06
2.74198e-05
-1.39155e-06
2.55706e-05
-1.33014e-06
2.38543e-05
-1.21815e-06
2.23215e-05
-1.06309e-06
2.10124e-05
-8.75273e-07
1.99554e-05
-6.66078e-07
1.91669e-05
-4.46519e-07
1.86521e-05
-2.26512e-07
1.84061e-05
-1.41467e-08
1.8416e-05
1.83922e-07
1.86619e-05
3.63149e-07
1.9118e-05
5.18713e-07
1.9756e-05
6.49375e-07
2.05415e-05
7.51125e-07
2.14496e-05
8.30467e-07
2.24257e-05
8.70955e-07
2.35148e-05
9.3089e-07
2.45373e-05
9.12394e-07
2.58502e-05
9.19709e-07
2.22749e-06
4.88073e-05
-4.01708e-05
3.32745e-05
-1.06206e-05
2.70726e-05
-1.70179e-06
2.46493e-05
-5.21538e-07
2.38101e-05
-1.44847e-07
2.35704e-05
-4.84746e-08
2.35623e-05
-5.86963e-09
2.37262e-05
4.62455e-08
2.40453e-05
9.46404e-08
2.44845e-05
1.28866e-07
2.50077e-05
1.5135e-07
2.55903e-05
1.67418e-07
2.62155e-05
1.79346e-07
2.68679e-05
1.86861e-07
2.75315e-05
1.89685e-07
2.81924e-05
1.88731e-07
2.88137e-05
1.77875e-07
2.93824e-05
1.63387e-07
2.98911e-05
1.46192e-07
3.0331e-05
1.25658e-07
3.06957e-05
1.03229e-07
3.09849e-05
8.10782e-08
3.12019e-05
6.05636e-08
3.13516e-05
4.16988e-08
3.14382e-05
2.39688e-08
3.14653e-05
7.0441e-09
3.14381e-05
-8.16475e-09
3.13608e-05
-2.22163e-08
3.12372e-05
-3.52155e-08
3.10732e-05
-4.56821e-08
3.08734e-05
-5.4198e-08
3.06397e-05
-6.1797e-08
3.03706e-05
-6.97488e-08
3.00612e-05
-7.95928e-08
2.97032e-05
-9.26347e-08
2.92877e-05
-1.09649e-07
2.88077e-05
-1.3025e-07
2.82606e-05
-1.53019e-07
2.76508e-05
-1.75575e-07
2.69906e-05
-1.94876e-07
2.62997e-05
-2.0779e-07
2.56035e-05
-2.11843e-07
2.4929e-05
-2.05742e-07
2.43015e-05
-1.8961e-07
2.37401e-05
-1.65094e-07
2.3255e-05
-1.35323e-07
2.28447e-05
-1.04524e-07
2.24967e-05
-7.72821e-08
2.21885e-05
-5.77245e-08
2.18911e-05
-4.88887e-08
2.15728e-05
-5.24327e-08
2.12025e-05
-6.84623e-08
2.07535e-05
-9.56381e-08
2.02056e-05
-1.31635e-07
1.95468e-05
-1.73335e-07
1.87746e-05
-2.17146e-07
1.78959e-05
-2.59165e-07
1.69276e-05
-2.95429e-07
1.58955e-05
-3.2218e-07
1.48328e-05
-3.36365e-07
1.37774e-05
-3.36091e-07
1.27682e-05
-3.20925e-07
1.18419e-05
-2.91879e-07
1.103e-05
-2.51191e-07
1.03566e-05
-2.01871e-07
9.83769e-06
-1.47177e-07
9.48136e-06
-9.0188e-08
9.28846e-06
-3.36162e-08
9.25392e-06
2.03929e-08
9.36768e-06
7.01595e-08
9.61625e-06
1.14582e-07
9.98252e-06
1.52446e-07
1.04484e-05
1.83507e-07
1.09924e-05
2.07142e-07
1.15989e-05
2.2392e-07
1.22361e-05
2.3376e-07
1.29279e-05
2.39151e-07
1.35854e-05
2.54825e-07
1.43203e-05
1.8483e-07
7.1009e-07
1.9638e-05
9.01739e-06
7.3156e-06
6.79406e-06
6.64922e-06
6.60074e-06
6.59487e-06
6.64112e-06
6.73576e-06
6.86462e-06
7.01597e-06
7.18339e-06
7.36274e-06
7.5496e-06
7.73928e-06
7.92801e-06
8.10589e-06
8.26927e-06
8.41547e-06
8.54112e-06
8.64435e-06
8.72543e-06
8.78599e-06
8.82769e-06
8.85166e-06
8.85871e-06
8.85054e-06
8.82833e-06
8.79311e-06
8.74743e-06
8.69323e-06
8.63143e-06
8.56168e-06
8.48209e-06
8.38946e-06
8.27981e-06
8.14956e-06
7.99654e-06
7.82096e-06
7.62609e-06
7.4183e-06
7.20646e-06
7.00071e-06
6.8111e-06
6.64601e-06
6.51069e-06
6.40616e-06
6.32888e-06
6.27116e-06
6.22227e-06
6.16983e-06
6.10137e-06
6.00573e-06
5.8741e-06
5.70076e-06
5.48362e-06
5.22445e-06
4.92902e-06
4.60684e-06
4.27048e-06
3.93439e-06
3.61346e-06
3.32158e-06
3.07039e-06
2.86852e-06
2.72135e-06
2.63116e-06
2.59754e-06
2.61793e-06
2.68809e-06
2.80268e-06
2.95512e-06
3.13863e-06
3.34577e-06
3.56969e-06
3.80345e-06
4.0426e-06
4.29743e-06
4.48226e-06
)
;

boundaryField
{
    inlet
    {
        type            calculated;
        value           nonuniform List<scalar> 
25
(
-0.00119618
-0.00105581
-0.000931914
-0.000822558
-0.000726034
-0.000640837
-0.000565637
-0.000499262
-0.000440675
-0.000388964
-0.00034332
-0.000303033
-0.000267473
-0.000236086
-0.000208382
-0.00018393
-0.000162346
-0.000143295
-0.00012648
-0.000111638
-9.8538e-05
-8.69749e-05
-7.67687e-05
-6.77602e-05
-5.98088e-05
)
;
    }
    outlet
    {
        type            calculated;
        value           nonuniform List<scalar> 
25
(
0.000904933
0.000997304
0.000996643
0.000929618
0.000832188
0.000732554
0.00064425
0.000568825
0.000503164
0.000443929
0.000388932
0.000337205
0.000288714
0.000243988
0.000203727
0.000168426
0.000138131
0.000112472
9.0763e-05
7.21497e-05
5.58081e-05
4.11297e-05
2.78152e-05
1.58377e-05
5.19235e-06
)
;
    }
    fixedWalls
    {
        type            calculated;
        value           uniform 0;
    }
    frontAndBack
    {
        type            empty;
        value           nonuniform 0();
    }
}


// ************************************************************************* //
