0.5025	0.000208246
0.505	0.000111993
0.5075	4.09462e-05
0.51	1.74241e-05
0.5125	4.54273e-06
0.515	1.55126e-06
0.5175	8.7765e-07
0.52	3.52707e-07
0.5225	1.49711e-07
0.525	6.45978e-08
0.5275	2.8212e-08
0.53	2.17435e-08
0.5325	7.37311e-09
0.535	1.37517e-08
0.5375	6.78809e-09
0.54	4.90256e-09
0.5425	7.14696e-09
0.545	4.7959e-09
0.5475	1.05425e-08
0.55	4.89485e-09
0.5525	4.85827e-09
0.555	4.62931e-09
0.5575	9.52772e-09
0.56	4.06023e-09
0.5625	4.20162e-09
0.565	4.77344e-09
0.5675	4.70977e-09
0.57	4.01645e-09
0.5725	3.76497e-09
0.575	3.43379e-09
0.5775	2.14742e-09
0.58	1.59946e-09
0.5825	1.88583e-09
0.585	1.84505e-09
0.5875	2.25618e-09
0.59	2.20746e-09
0.5925	2.11643e-09
0.595	2.11983e-09
0.5975	1.82215e-09
0.6	2.30203e-09
0.6025	2.24887e-09
0.605	2.30067e-09
0.6075	1.96447e-09
0.61	2.079e-09
0.6125	2.02984e-09
0.615	1.58738e-09
0.6175	2.39132e-09
0.62	1.78719e-09
0.6225	2.35912e-09
0.625	2.21016e-09
0.6275	1.9924e-09
0.63	2.24154e-09
0.6325	1.76878e-09
0.635	2.45601e-09
0.6375	1.84465e-09
0.64	2.48628e-09
0.6425	2.27542e-09
0.645	2.44665e-09
0.6475	1.87599e-09
0.65	1.68974e-09
0.6525	1.9786e-09
0.655	2.46461e-09
0.6575	2.27109e-09
0.66	2.24544e-09
0.6625	2.27732e-09
0.665	2.34341e-09
0.6675	2.01345e-09
0.67	2.45462e-09
0.6725	1.6555e-09
0.675	2.4143e-09
0.6775	2.42403e-09
0.68	2.4987e-09
0.6825	2.1829e-09
0.685	2.49726e-09
0.6875	1.75936e-09
0.69	2.49704e-09
0.6925	2.0891e-09
0.695	2.05106e-09
0.6975	2.40118e-09
0.7	1.44441e-09
