0.5025	0.814338
0.505	0.914792
0.5075	0.925933
0.51	0.925332
0.5125	0.926152
0.515	0.926127
0.5175	0.926263
0.52	0.926291
0.5225	0.926336
0.525	0.926356
0.5275	0.926381
0.53	0.926394
0.5325	0.926405
0.535	0.926413
0.5375	0.926419
0.54	0.926424
0.5425	0.926427
0.545	0.926431
0.5475	0.926433
0.55	0.926435
0.5525	0.926436
0.555	0.926437
0.5575	0.926439
0.56	0.92644
0.5625	0.92644
0.565	0.926441
0.5675	0.926441
0.57	0.926442
0.5725	0.926442
0.575	0.926442
0.5775	0.926443
0.58	0.926443
0.5825	0.926443
0.585	0.926443
0.5875	0.926443
0.59	0.926443
0.5925	0.926444
0.595	0.926444
0.5975	0.926444
0.6	0.926444
0.6025	0.926444
0.605	0.926444
0.6075	0.926445
0.61	0.926445
0.6125	0.926445
0.615	0.926445
0.6175	0.926445
0.62	0.926445
0.6225	0.926446
0.625	0.926446
0.6275	0.926446
0.63	0.926446
0.6325	0.926446
0.635	0.926446
0.6375	0.926447
0.64	0.926447
0.6425	0.926447
0.645	0.926447
0.6475	0.926447
0.65	0.926447
0.6525	0.926447
0.655	0.926447
0.6575	0.926447
0.66	0.926448
0.6625	0.926448
0.665	0.926448
0.6675	0.926448
0.67	0.926448
0.6725	0.926448
0.675	0.926448
0.6775	0.926448
0.68	0.926448
0.6825	0.926448
0.685	0.926449
0.6875	0.926449
0.69	0.926449
0.6925	0.926449
0.695	0.926449
0.6975	0.926449
0.7	0.926449
