0.5025	0.0357089
0.505	0.0227616
0.5075	0.0135077
0.51	0.00695389
0.5125	0.00198858
0.515	0.000695912
0.5175	0.000297556
0.52	0.000159652
0.5225	6.71903e-05
0.525	2.89824e-05
0.5275	1.23402e-05
0.53	8.66363e-06
0.5325	3.33827e-06
0.535	4.84096e-06
0.5375	3.08474e-06
0.54	2.19701e-06
0.5425	3.21197e-06
0.545	2.16409e-06
0.5475	4.53797e-06
0.55	2.16429e-06
0.5525	1.93701e-06
0.555	2.00513e-06
0.5575	3.8454e-06
0.56	1.7024e-06
0.5625	1.71581e-06
0.565	2.03371e-06
0.5675	1.94485e-06
0.57	1.75336e-06
0.5725	1.56572e-06
0.575	1.4438e-06
0.5775	9.32827e-07
0.58	6.85305e-07
0.5825	8.17569e-07
0.585	8.00889e-07
0.5875	9.8223e-07
0.59	9.44023e-07
0.5925	9.01785e-07
0.595	8.81797e-07
0.5975	7.55125e-07
0.6	9.81231e-07
0.6025	9.50959e-07
0.605	9.73606e-07
0.6075	7.92152e-07
0.61	8.46429e-07
0.6125	8.28747e-07
0.615	6.33542e-07
0.6175	9.94974e-07
0.62	6.8274e-07
0.6225	9.49136e-07
0.625	8.78314e-07
0.6275	7.81131e-07
0.63	8.9654e-07
0.6325	6.9234e-07
0.635	9.98764e-07
0.6375	6.98982e-07
0.64	9.79503e-07
0.6425	8.9255e-07
0.645	9.71713e-07
0.6475	7.20799e-07
0.65	6.33993e-07
0.6525	7.31835e-07
0.655	9.65985e-07
0.6575	8.89393e-07
0.66	8.84326e-07
0.6625	8.82105e-07
0.665	9.20516e-07
0.6675	7.80825e-07
0.67	9.85207e-07
0.6725	6.09862e-07
0.675	9.60482e-07
0.6775	9.60901e-07
0.68	9.89985e-07
0.6825	8.52802e-07
0.685	9.96385e-07
0.6875	6.62052e-07
0.69	9.92528e-07
0.6925	7.89619e-07
0.695	7.91915e-07
0.6975	9.69987e-07
0.7	5.17752e-07
