/*--------------------------------*- C++ -*----------------------------------*\
| =========                 |                                                 |
| \\      /  F ield         | OpenFOAM: The Open Source CFD Toolbox           |
|  \\    /   O peration     | Version:  v1912                                 |
|   \\  /    A nd           | Website:  www.openfoam.com                      |
|    \\/     M anipulation  |                                                 |
\*---------------------------------------------------------------------------*/
FoamFile
{
    version     2.0;
    format      ascii;
    class       volVectorField;
    location    "50";
    object      U;
}
// * * * * * * * * * * * * * * * * * * * * * * * * * * * * * * * * * * * * * //

dimensions      [0 1 -1 0 0 0 0];


internalField   nonuniform List<vector> 
2000
(
(0.843127 0.195885 0)
(0.511714 0.132638 0)
(0.222223 0.0718496 0)
(0.0612131 0.0151674 7.16823e-20)
(-0.00456401 -0.0306416 2.31813e-17)
(-0.0579418 -0.0458187 2.12305e-17)
(-0.0680661 -0.0364375 0)
(-0.0636293 -0.00597912 0)
(-0.0528468 0.0249214 0)
(-0.049859 0.0218684 4.67663e-17)
(-0.0424597 0.0107478 -2.90056e-17)
(-0.0362341 0.00597235 -2.70525e-17)
(-0.0403892 0.00293003 0)
(-0.0425357 0.000504698 0)
(-0.0400202 0.000129515 -2.11368e-17)
(-0.0368091 0.00212873 0)
(-0.0365376 0.00467924 1.89196e-17)
(-0.0392035 0.00711527 -2.22324e-21)
(-0.0443382 0.00971177 1.80179e-17)
(-0.0516908 0.0120404 -8.78483e-18)
(-0.0606754 0.0134156 1.71547e-17)
(-0.0701859 0.0133449 0)
(-0.0787864 0.0115517 0)
(-0.0848617 0.00805494 -2.8469e-20)
(-0.0869469 0.00307217 0)
(-0.0841297 -0.00298156 -8.07585e-18)
(-0.0768452 -0.00901707 0)
(-0.0652084 -0.014468 8.3453e-18)
(-0.050268 -0.0184241 0)
(-0.0339206 -0.0200786 0)
(-0.0190114 -0.0190291 0)
(-0.00841358 -0.0146831 2.34933e-18)
(-0.00800559 -0.00489874 0)
(-0.0195775 0.0117286 -1.16737e-18)
(-0.0463302 0.0305666 3.65817e-14)
(-0.0887236 0.0475255 3.38224e-14)
(-0.143304 0.0585122 9.45358e-19)
(-0.204491 0.0608554 -8.33191e-19)
(-0.265599 0.0542237 0)
(-0.320629 0.0405851 2.57561e-18)
(-0.365459 0.0231322 0)
(-0.398131 0.00499171 -2.17984e-18)
(-0.41844 -0.0115443 0)
(-0.427308 -0.025106 -3.91841e-18)
(-0.426641 -0.0350879 2.06951e-18)
(-0.421302 -0.0420249 0)
(-0.411507 -0.0470585 0)
(-0.398387 -0.0508542 -2.57796e-18)
(-0.382552 -0.0538072 0)
(-0.364401 -0.0561532 3.09881e-18)
(-0.344129 -0.0580382 0)
(-0.321791 -0.0595486 7.95028e-18)
(-0.297333 -0.0607292 -8.92619e-18)
(-0.270623 -0.061587 1.00443e-17)
(-0.241471 -0.0620911 -5.5601e-18)
(-0.20967 -0.0621759 0)
(-0.175012 -0.0617604 7.14734e-18)
(-0.137354 -0.0607495 -8.14433e-18)
(-0.0967726 -0.0589838 -1.89432e-17)
(-0.0535576 -0.0562206 2.14032e-17)
(-0.00792355 -0.052155 -2.37398e-17)
(0.0402198 -0.0465614 2.43588e-17)
(0.0900126 -0.0394905 -2.40145e-17)
(0.140871 -0.0311637 2.40029e-17)
(0.192148 -0.021791 -4.44339e-19)
(0.24323 -0.0115812 2.24587e-17)
(0.293655 -0.000737652 0)
(0.343125 0.0105571 0)
(0.391481 0.0221501 5.30698e-19)
(0.438687 0.0339224 0)
(0.48481 0.0457846 1.91411e-17)
(0.53002 0.0576777 0)
(0.57457 0.0695655 1.71633e-17)
(0.618848 0.0814397 -6.73339e-19)
(0.663219 0.0932914 1.47039e-17)
(0.708642 0.105147 2.55909e-17)
(0.754667 0.116854 8.16735e-19)
(0.807059 0.128484 -9.11653e-18)
(0.851406 0.138554 -6.16394e-18)
(0.944435 0.147299 0)
(1.01525 0.211437 0)
(0.942831 0.196026 0)
(0.799545 0.18095 -6.20936e-18)
(0.646067 0.151742 1.31607e-17)
(0.49715 0.108961 0)
(0.345493 0.0652794 -1.50123e-17)
(0.198633 0.0244498 0)
(0.0589409 -0.00828915 0)
(-0.0247312 -0.0132115 0)
(-0.0335723 -0.0234361 -3.45528e-17)
(-0.0508361 -0.0178562 3.19029e-17)
(-0.0500742 0.00605125 2.96315e-17)
(-0.0470947 0.0198903 0)
(-0.0498787 0.014445 1.23565e-17)
(-0.0528486 0.00720497 0)
(-0.0553445 0.00719786 0)
(-0.0581273 0.0101067 0)
(-0.0607567 0.013583 9.79398e-18)
(-0.0637084 0.0172653 -1.90567e-17)
(-0.0676497 0.0207325 -9.26737e-18)
(-0.0728281 0.023099 0)
(-0.078958 0.0234637 0)
(-0.0855799 0.0212696 0)
(-0.0922959 0.0163478 -1.26123e-17)
(-0.0986838 0.00883515 0)
(-0.103821 -0.000795052 8.25347e-18)
(-0.106345 -0.0115383 4.03723e-18)
(-0.105908 -0.0214269 0)
(-0.101982 -0.0281434 0)
(-0.0948878 -0.0288654 0)
(-0.0862561 -0.021124 0)
(-0.0788195 -0.00391269 -1.10206e-18)
(-0.0755617 0.0213421 0)
(-0.0810503 0.0527553 5.42792e-19)
(-0.0984925 0.0860056 2.67953e-19)
(-0.126537 0.114384 0)
(-0.159636 0.131425 0)
(-0.191161 0.133645 8.28458e-19)
(-0.21564 0.121531 0)
(-0.23025 0.0988229 -1.29452e-18)
(-0.235224 0.0706236 0)
(-0.232997 0.0416051 -9.64008e-19)
(-0.226674 0.0150188 0)
(-0.218892 -0.00747566 1.09098e-18)
(-0.21234 -0.0253671 9.86586e-19)
(-0.20307 -0.0387579 0)
(-0.192137 -0.049011 0)
(-0.179566 -0.057096 -2.53777e-18)
(-0.165275 -0.0637019 0)
(-0.14923 -0.069297 -1.32745e-19)
(-0.131411 -0.0742139 0)
(-0.111772 -0.0786936 0)
(-0.0902263 -0.0829078 0)
(-0.0666382 -0.0869624 0)
(-0.0408256 -0.0908859 1.14762e-17)
(-0.0125783 -0.0946019 0)
(0.0183095 -0.0979497 -1.39657e-17)
(0.0520319 -0.100688 7.45962e-18)
(0.0885764 -0.102447 -7.53037e-18)
(0.127848 -0.102748 -1.61584e-17)
(0.169502 -0.101071 1.66675e-17)
(0.212908 -0.0970052 -1.70939e-17)
(0.257342 -0.0903561 1.74335e-17)
(0.302238 -0.0812468 0)
(0.347109 -0.0700133 -2.63977e-17)
(0.391544 -0.0570955 -1.78431e-17)
(0.435248 -0.0429483 0)
(0.478052 -0.0279858 8.42151e-18)
(0.519891 -0.0125569 1.72889e-17)
(0.560782 0.00305772 0)
(0.600826 0.018638 0)
(0.640206 0.0340171 0)
(0.679182 0.0490741 0)
(0.718111 0.0637303 -1.4131e-17)
(0.757379 0.0779191 6.07773e-18)
(0.797627 0.0915913 -1.16825e-17)
(0.838795 0.104463 9.99571e-18)
(0.883782 0.116342 -3.46835e-18)
(0.922709 0.125147 0)
(0.991551 0.130646 0)
(0.978937 0.202881 0)
(0.979954 0.196461 -5.50702e-18)
(0.969218 0.209646 6.12611e-18)
(0.935925 0.213138 -5.61237e-18)
(0.870032 0.19854 5.49399e-18)
(0.771697 0.171771 5.58352e-18)
(0.649452 0.139673 0)
(0.514786 0.105254 0)
(0.377019 0.0709722 0)
(0.254677 0.0377831 1.43656e-17)
(0.139273 0.00862572 0)
(0.0405546 -0.00677209 0)
(0.00236157 0.000464044 0)
(-0.00307111 -0.00173639 -1.43043e-17)
(-0.0169522 -9.26485e-05 0)
(-0.0253344 0.0076971 -1.20893e-17)
(-0.0303928 0.013012 0)
(-0.0339176 0.0155047 1.11371e-17)
(-0.0358053 0.0181588 5.41232e-18)
(-0.0363649 0.0217583 0)
(-0.036604 0.0250832 -5.1207e-18)
(-0.0374919 0.0268372 0)
(-0.0396829 0.026256 0)
(-0.0435886 0.022906 9.46963e-18)
(-0.0493596 0.0165228 0)
(-0.056863 0.00709252 2.28335e-18)
(-0.0651607 -0.00511051 -6.78829e-18)
(-0.0731041 -0.0184449 0)
(-0.0797616 -0.0300807 0)
(-0.0834251 -0.0362477 -1.11416e-18)
(-0.0826086 -0.032611 0)
(-0.0766006 -0.0157082 2.23193e-20)
(-0.0664567 0.0152218 0)
(-0.0554964 0.0562804 1.2504e-18)
(-0.0465674 0.0990767 1.55768e-19)
(-0.0404705 0.134172 0)
(-0.0357978 0.153665 2.73507e-19)
(-0.0308633 0.15353 -4.89278e-19)
(-0.0251434 0.13501 -4.28839e-19)
(-0.0193133 0.103879 -7.49595e-19)
(-0.0145009 0.0677882 6.67092e-19)
(-0.011177 0.0333676 5.86371e-19)
(-0.00867914 0.00459496 0)
(-0.00585978 -0.0172837 1.15527e-18)
(-0.00193486 -0.0338504 -2.39223e-18)
(0.00400345 -0.0472183 0)
(0.0118476 -0.0583698 -1.33349e-18)
(0.0215213 -0.0678944 2.93017e-18)
(0.0330077 -0.0762195 0)
(0.0463159 -0.083687 -1.77767e-18)
(0.0614672 -0.0905824 1.82489e-18)
(0.0785068 -0.0971486 -1.98082e-18)
(0.0975117 -0.103588 -2.14625e-18)
(0.118595 -0.11005 0)
(0.141903 -0.116616 -5.16194e-18)
(0.167603 -0.123254 -2.68105e-18)
(0.195825 -0.129775 3.05417e-18)
(0.226602 -0.135776 3.04606e-18)
(0.259837 -0.140637 6.65726e-18)
(0.295227 -0.143598 0)
(0.332253 -0.143928 0)
(0.370252 -0.141112 0)
(0.408585 -0.134973 -3.80253e-18)
(0.446768 -0.125727 0)
(0.484494 -0.113888 8.25269e-18)
(0.521596 -0.100089 0)
(0.557999 -0.0849425 -4.03095e-18)
(0.59368 -0.0689773 -8.38361e-18)
(0.628645 -0.0526282 0)
(0.662933 -0.0362534 -3.91367e-18)
(0.69664 -0.0201508 3.81913e-18)
(0.729943 -0.00456736 0)
(0.763106 0.0103063 0)
(0.796494 0.0243396 0)
(0.83048 0.0374629 -6.36501e-18)
(0.865607 0.0496285 0)
(0.901672 0.0606878 -2.28498e-18)
(0.940894 0.0703709 3.6706e-18)
(0.97431 0.0772986 0)
(1.034 0.0834546 4.45555e-19)
(0.97071 0.210775 0)
(0.964256 0.199133 3.11669e-18)
(0.966626 0.204747 0)
(0.976253 0.213649 3.09784e-18)
(0.978825 0.216462 -5.69387e-18)
(0.961491 0.211848 -2.66981e-18)
(0.919163 0.200905 0)
(0.853468 0.183573 0)
(0.765931 0.1593 0)
(0.662004 0.130901 2.73995e-18)
(0.548412 0.10205 2.84639e-18)
(0.430823 0.0740108 0)
(0.317969 0.0485363 0)
(0.222002 0.0265609 0)
(0.143462 0.0122633 0)
(0.0883852 0.00661557 1.24317e-17)
(0.0606815 0.00643319 -6.1753e-18)
(0.0479818 0.00836631 0)
(0.0405779 0.011785 -5.99108e-18)
(0.0368605 0.0163581 2.93647e-18)
(0.0362177 0.0207304 5.71106e-18)
(0.0373901 0.0237969 0)
(0.0389481 0.0250162 0)
(0.0396925 0.0240197 -5.25687e-18)
(0.0387824 0.0204297 0)
(0.0356763 0.0139569 -2.55371e-18)
(0.0299776 0.00463078 2.5587e-18)
(0.0217875 -0.00727354 0)
(0.0120623 -0.0198664 0)
(0.00237517 -0.0302864 1.29686e-18)
(-0.00457312 -0.0344111 0)
(-0.0055949 -0.0278621 -1.35149e-18)
(0.00255761 -0.00775191 0)
(0.0206337 0.0260636 -3.39407e-19)
(0.0466008 0.0669506 -1.64078e-19)
(0.077183 0.104226 -3.86585e-20)
(0.108607 0.128232 -4.11148e-19)
(0.137403 0.133744 4.75883e-19)
(0.160804 0.121396 4.10933e-19)
(0.177295 0.0964799 1.08945e-18)
(0.187011 0.0659512 -2.95008e-19)
(0.191581 0.0355582 2.72273e-19)
(0.19334 0.00849668 0)
(0.194423 -0.0143966 5.76513e-19)
(0.196236 -0.0333851 5.43766e-19)
(0.199496 -0.0493021 0)
(0.204441 -0.0629238 1.24171e-18)
(0.211154 -0.0748499 6.66494e-19)
(0.219688 -0.085546 0)
(0.230098 -0.0953884 -2.34626e-18)
(0.242452 -0.104694 -1.70964e-18)
(0.256828 -0.113738 9.47405e-19)
(0.273325 -0.12275 2.02279e-18)
(0.292057 -0.131908 0)
(0.31314 -0.141298 1.15985e-18)
(0.336666 -0.150864 3.80892e-18)
(0.362648 -0.160327 2.7499e-18)
(0.390946 -0.169118 -2.9429e-18)
(0.421194 -0.176361 -1.52577e-18)
(0.452787 -0.181021 0)
(0.484979 -0.182176 0)
(0.517077 -0.179312 0)
(0.548626 -0.172459 5.70196e-18)
(0.579474 -0.162121 1.91653e-18)
(0.60969 -0.14905 0)
(0.639415 -0.134005 -4.00585e-18)
(0.668738 -0.117631 4.23566e-18)
(0.697658 -0.100443 -4.06748e-18)
(0.726113 -0.082875 -4.05685e-18)
(0.754054 -0.0653236 1.85724e-19)
(0.781514 -0.04817 -4.13137e-18)
(0.808658 -0.0317653 0)
(0.835795 -0.016398 0)
(0.863368 -0.00224956 0)
(0.891825 0.0106421 0)
(0.921709 0.0223602 0)
(0.952673 0.0329856 5.05183e-18)
(0.986582 0.0423868 -1.90149e-18)
(1.01484 0.0493588 0)
(1.06627 0.0564228 -4.96579e-19)
(0.972919 0.217766 0)
(0.965117 0.206346 3.5988e-18)
(0.957349 0.202105 4.54091e-19)
(0.958481 0.203214 3.4991e-18)
(0.96882 0.205988 0)
(0.980927 0.208422 -3.06444e-18)
(0.986607 0.209002 0)
(0.980286 0.20592 -6.95895e-19)
(0.958041 0.197742 0)
(0.917248 0.184398 -3.19578e-18)
(0.858443 0.167232 -2.51242e-18)
(0.784108 0.146861 -6.36766e-19)
(0.696437 0.123606 6.40018e-19)
(0.601249 0.0992243 0)
(0.503974 0.0759557 6.56008e-19)
(0.40993 0.0552419 0)
(0.328042 0.038329 5.42613e-18)
(0.264329 0.0262768 -7.04198e-19)
(0.219061 0.0191427 0)
(0.189866 0.0160782 -3.5621e-18)
(0.172906 0.0158177 0)
(0.164233 0.0170649 0)
(0.160629 0.0185629 0)
(0.159702 0.019163 0)
(0.159662 0.0179491 -3.26202e-19)
(0.159127 0.0143495 0)
(0.157009 0.00821178 0)
(0.152738 -0.000141338 1.59513e-19)
(0.145987 -0.0100183 0)
(0.13717 -0.0197211 0)
(0.127985 -0.0266719 0)
(0.121436 -0.0275982 -8.42283e-20)
(0.121584 -0.0193474 0)
(0.13232 -0.000713093 -3.88831e-19)
(0.155469 0.0264914 0)
(0.189422 0.0561289 3.83946e-20)
(0.229433 0.079961 1.73644e-19)
(0.269487 0.0917445 3.14285e-20)
(0.304369 0.0896669 -5.57402e-20)
(0.33103 0.0760273 -3.7391e-19)
(0.348936 0.0551908 -3.34601e-19)
(0.359516 0.0314619 3.09218e-19)
(0.365123 0.00789089 -7.96061e-20)
(0.368046 -0.0139029 -5.77203e-19)
(0.370049 -0.0333691 5.78852e-19)
(0.372329 -0.0506019 -7.74946e-20)
(0.375575 -0.065948 0)
(0.380178 -0.0798121 -6.67955e-19)
(0.386387 -0.0925849 0)
(0.394384 -0.10462 7.77298e-19)
(0.404323 -0.116232 0)
(0.41635 -0.127698 9.16247e-19)
(0.430602 -0.139253 0)
(0.447207 -0.151057 -2.67375e-19)
(0.466247 -0.163154 -1.16858e-18)
(0.487708 -0.175384 -1.26204e-18)
(0.511402 -0.18729 3.34531e-19)
(0.536875 -0.198038 0)
(0.563378 -0.206469 1.56238e-18)
(0.589991 -0.211375 -4.06282e-19)
(0.615905 -0.211904 0)
(0.64071 -0.207867 4.52032e-19)
(0.664497 -0.199729 -1.96102e-18)
(0.687703 -0.188327 -2.04261e-18)
(0.710802 -0.174513 0)
(0.734054 -0.158949 4.3293e-18)
(0.757422 -0.142097 0)
(0.780659 -0.124333 4.45217e-18)
(0.80347 -0.106054 4.46873e-18)
(0.825657 -0.0877327 4.45616e-18)
(0.847223 -0.0698961 5.27835e-19)
(0.868402 -0.0530692 0)
(0.889658 -0.0376912 0)
(0.91164 -0.0240218 0)
(0.934987 -0.0120275 -4.71435e-19)
(0.960363 -0.00138087 0)
(0.987202 0.00832057 -2.5131e-18)
(1.017 0.0172557 2.45499e-18)
(1.04094 0.0242369 1.62439e-19)
(1.08704 0.0314942 6.27324e-20)
(0.974031 0.220493 -2.20744e-18)
(0.969589 0.211757 2.12856e-18)
(0.961604 0.205728 -5.14476e-19)
(0.955317 0.202513 0)
(0.954907 0.20062 0)
(0.960604 0.199631 0)
(0.970469 0.199563 0)
(0.981718 0.199682 2.38277e-18)
(0.9907 0.198665 0)
(0.992932 0.195259 -2.14255e-18)
(0.984587 0.188873 -2.70398e-18)
(0.963644 0.179431 6.36288e-19)
(0.929119 0.166869 1.89548e-18)
(0.88102 0.151138 0)
(0.820661 0.133045 -2.99943e-18)
(0.750404 0.113676 0)
(0.67567 0.0943786 -2.42914e-18)
(0.602783 0.076575 6.15617e-19)
(0.535789 0.0610779 -2.55859e-18)
(0.47743 0.0482305 -1.96536e-18)
(0.429493 0.0380967 0)
(0.392564 0.0304905 0)
(0.365954 0.0249673 -1.32473e-18)
(0.347953 0.0208334 0)
(0.336323 0.017227 -9.79179e-19)
(0.328756 0.0132874 0)
(0.323183 0.00836346 0)
(0.317966 0.00220686 -1.58981e-19)
(0.312063 -0.00495886 0)
(0.304808 -0.0123267 0)
(0.296395 -0.0184826 0)
(0.288194 -0.0215428 8.3534e-20)
(0.282835 -0.01949 3.42411e-19)
(0.283741 -0.0109871 2.16022e-19)
(0.294156 0.00356676 0)
(0.315709 0.0216755 0)
(0.346616 0.0388838 -3.64766e-20)
(0.382349 0.0504672 -1.6591e-19)
(0.417588 0.0535706 5.81701e-20)
(0.448151 0.0480183 0)
(0.471968 0.035647 0)
(0.488969 0.0190501 -1.85757e-19)
(0.50034 0.00058351 8.31342e-20)
(0.507761 -0.0181508 -3.42048e-19)
(0.512781 -0.0362522 3.37525e-19)
(0.516709 -0.053344 8.12188e-20)
(0.52052 -0.0693706 0)
(0.524893 -0.0844559 3.67858e-19)
(0.53031 -0.0988157 0)
(0.537133 -0.112703 0)
(0.545645 -0.126379 0)
(0.556083 -0.140086 0)
(0.568637 -0.154022 0)
(0.583426 -0.168284 2.79095e-19)
(0.600444 -0.182796 0)
(0.619479 -0.197201 1.30068e-18)
(0.640016 -0.210755 -3.51177e-19)
(0.661196 -0.222308 0)
(0.681939 -0.230508 1.59852e-18)
(0.701314 -0.234253 4.3378e-19)
(0.718969 -0.233153 1.80339e-18)
(0.735319 -0.227637 -4.89504e-19)
(0.751289 -0.218633 0)
(0.767788 -0.207057 -2.06887e-18)
(0.785248 -0.193483 0)
(0.803495 -0.178158 0)
(0.821951 -0.161224 -2.22722e-18)
(0.83996 -0.142948 0)
(0.857053 -0.123822 0)
(0.873075 -0.104529 -2.29004e-18)
(0.888203 -0.0858423 -6.01034e-19)
(0.902925 -0.0685285 0)
(0.917981 -0.0532117 0)
(0.934343 -0.0402507 0)
(0.952977 -0.0295516 5.47892e-19)
(0.974662 -0.0204173 -2.03613e-18)
(0.998416 -0.0116597 -4.19397e-19)
(1.02529 -0.00291584 -3.1534e-19)
(1.04591 0.0045722 -1.85699e-19)
(1.08794 0.01167 -3.39356e-19)
(0.974216 0.221507 7.61826e-18)
(0.971744 0.214795 -7.30978e-18)
(0.966684 0.209632 0)
(0.960956 0.205936 -4.57664e-18)
(0.956614 0.202342 0)
(0.954611 0.198475 -4.15685e-18)
(0.955657 0.194973 0)
(0.960513 0.192275 5.6025e-18)
(0.969115 0.190149 -7.01033e-18)
(0.979936 0.18803 3.24767e-18)
(0.99038 0.185338 3.05208e-18)
(0.997701 0.181572 0)
(0.999418 0.176134 -8.26412e-18)
(0.993217 0.16838 -5.27527e-18)
(0.977419 0.158272 7.52543e-18)
(0.951307 0.146137 0)
(0.916143 0.132543 2.36983e-18)
(0.874573 0.118244 0)
(0.829028 0.103862 2.40501e-18)
(0.781788 0.089903 2.43221e-18)
(0.735076 0.0767492 0)
(0.690903 0.06462 0)
(0.650914 0.0535819 -1.29011e-18)
(0.616233 0.0435694 0)
(0.587339 0.0344075 1.25537e-18)
(0.564015 0.0258468 0)
(0.545421 0.0176257 0)
(0.53033 0.00958942 0)
(0.517374 0.00179057 0)
(0.505573 -0.00537298 0)
(0.494233 -0.0111526 0)
(0.48324 -0.0145998 0)
(0.473487 -0.0147984 3.51142e-19)
(0.466856 -0.0111642 -1.75388e-19)
(0.465768 -0.00385268 8.68679e-20)
(0.472413 0.005842 0)
(0.487368 0.0156759 0)
(0.508978 0.0229978 1.41451e-19)
(0.533996 0.0256859 -5.23897e-19)
(0.558908 0.0228652 4.80715e-19)
(0.581094 0.0149496 0)
(0.599273 0.00314225 1.04004e-18)
(0.613339 -0.0111556 -8.02975e-19)
(0.623942 -0.026769 -4.09312e-19)
(0.631935 -0.0428669 -3.61628e-19)
(0.638237 -0.0589456 0)
(0.643682 -0.0747672 0)
(0.648962 -0.0902786 -1.21597e-18)
(0.654639 -0.105547 0)
(0.66117 -0.120717 0)
(0.668924 -0.135964 0)
(0.678188 -0.151461 1.0523e-18)
(0.689146 -0.167314 2.2629e-18)
(0.701823 -0.183481 0)
(0.716005 -0.199666 0)
(0.731164 -0.21522 -1.39707e-18)
(0.746416 -0.229075 0)
(0.760635 -0.239868 3.23695e-18)
(0.772856 -0.246373 1.71567e-18)
(0.782849 -0.248062 0)
(0.791415 -0.24535 1.91286e-18)
(0.800047 -0.23927 4.10941e-18)
(0.810108 -0.230783 4.29531e-18)
(0.822092 -0.220284 2.3051e-18)
(0.835468 -0.207629 -4.59338e-18)
(0.8491 -0.192547 4.70882e-18)
(0.861864 -0.175061 7.31967e-18)
(0.873067 -0.155644 0)
(0.882564 -0.135136 0)
(0.890667 -0.114555 2.63508e-18)
(0.89799 -0.0949408 0)
(0.905365 -0.0772636 5.17047e-18)
(0.913831 -0.0623122 5.25564e-18)
(0.924661 -0.0506031 0)
(0.938982 -0.0418747 5.19433e-18)
(0.957418 -0.0346275 -2.51395e-18)
(0.978825 -0.0271522 0)
(1.00416 -0.0188942 0)
(1.02256 -0.0106013 0)
(1.06271 -0.00401988 -2.61259e-19)
(0.974269 0.222122 -5.81181e-18)
(0.972477 0.21662 5.56171e-18)
(0.96903 0.212009 -1.08441e-17)
(0.96512 0.208355 5.18383e-18)
(0.961672 0.204701 0)
(0.958657 0.200453 4.71247e-18)
(0.956079 0.195791 -9.03979e-18)
(0.954713 0.191084 -8.50127e-18)
(0.955662 0.186514 -8.93694e-20)
(0.959606 0.182174 0)
(0.96652 0.178118 0)
(0.975741 0.174233 6.83893e-18)
(0.986089 0.170123 6.34388e-18)
(0.995862 0.16526 -6.18246e-18)
(1.00312 0.159329 -1.71386e-17)
(1.00607 0.152169 0)
(1.00358 0.143806 0)
(0.99544 0.134494 0)
(0.982077 0.124492 0)
(0.964228 0.114031 0)
(0.942807 0.103279 0)
(0.918803 0.0923449 0)
(0.893233 0.0813064 2.52292e-18)
(0.867099 0.0702334 -5.1608e-18)
(0.84133 0.0591902 0)
(0.816671 0.0482443 0)
(0.793582 0.0374926 0)
(0.772182 0.0271023 0)
(0.752277 0.0173663 0)
(0.733404 0.0087279 -1.39307e-18)
(0.715222 0.00175556 0)
(0.697829 -0.00295811 0)
(0.681643 -0.00501291 4.54448e-21)
(0.667593 -0.00441066 0)
(0.657199 -0.00149915 -9.10682e-20)
(0.651933 0.00276391 0)
(0.652717 0.00701276 3.32788e-19)
(0.659373 0.00977166 0)
(0.670571 0.00978526 1.14184e-18)
(0.684304 0.00635228 -5.20213e-19)
(0.698579 -0.000561356 -1.00551e-18)
(0.711931 -0.0104702 -9.10814e-19)
(0.723609 -0.0226492 8.65218e-19)
(0.733405 -0.0363615 8.37521e-19)
(0.741486 -0.0509927 1.74636e-18)
(0.748231 -0.0661176 1.75792e-18)
(0.754097 -0.0814943 0)
(0.759543 -0.0970238 -9.72403e-19)
(0.764993 -0.112711 0)
(0.770825 -0.128629 0)
(0.777341 -0.14488 -2.2054e-18)
(0.78474 -0.161534 -1.14569e-18)
(0.793046 -0.178545 6.5506e-20)
(0.802044 -0.195654 0)
(0.811221 -0.212293 0)
(0.819767 -0.227526 0)
(0.826682 -0.240104 3.3677e-18)
(0.83115 -0.24881 -3.5937e-18)
(0.83317 -0.253045 -3.86083e-18)
(0.833966 -0.253218 0)
(0.835589 -0.250439 -4.38362e-18)
(0.839755 -0.245675 -8.88768e-20)
(0.846775 -0.239039 -4.82924e-18)
(0.855417 -0.229844 4.87629e-18)
(0.863711 -0.21727 1.68281e-19)
(0.869994 -0.201038 -5.3531e-18)
(0.873525 -0.181643 -5.5032e-18)
(0.874503 -0.16016 0)
(0.873738 -0.137892 0)
(0.872267 -0.116111 0)
(0.871117 -0.0959407 0)
(0.871295 -0.0784068 -6.06893e-18)
(0.873856 -0.0643542 -6.14395e-18)
(0.880068 -0.0544261 0)
(0.891297 -0.048064 -5.8251e-18)
(0.908276 -0.043458 1.10544e-17)
(0.929957 -0.0382305 0)
(0.956808 -0.0309636 0)
(0.975369 -0.0214778 0)
(1.01697 -0.0154314 1.16262e-18)
(0.974308 0.222583 1.35383e-17)
(0.972769 0.217882 0)
(0.969898 0.213507 2.47329e-17)
(0.966824 0.209684 0)
(0.964394 0.205983 1.14065e-17)
(0.962431 0.201919 0)
(0.9604 0.197367 1.02439e-17)
(0.958239 0.19239 0)
(0.956385 0.18704 -9.43377e-18)
(0.955441 0.181411 0)
(0.956001 0.175688 1.68097e-17)
(0.958586 0.170038 -7.8633e-18)
(0.963495 0.164468 0)
(0.97059 0.158839 1.40304e-17)
(0.979256 0.15301 -1.98759e-19)
(0.988567 0.146829 -1.27169e-17)
(0.997301 0.140229 1.23338e-17)
(1.00436 0.133251 0)
(1.00913 0.1259 0)
(1.01135 0.118176 1.16815e-17)
(1.01099 0.110073 0)
(1.00816 0.101565 -5.70862e-18)
(1.00304 0.0926221 0)
(0.995889 0.0832226 5.51425e-18)
(0.986992 0.0733719 0)
(0.976648 0.0631354 5.64343e-18)
(0.965133 0.0526745 0)
(0.952669 0.0422746 0)
(0.939404 0.0323624 2.93111e-18)
(0.92539 0.023468 1.46972e-18)
(0.910647 0.0161601 0)
(0.895186 0.0109289 0)
(0.879299 0.00801755 -2.37092e-18)
(0.863601 0.00724701 0)
(0.848864 0.0080158 0)
(0.836184 0.00926586 0)
(0.826807 0.00981553 -3.61475e-19)
(0.821526 0.00869434 0)
(0.820332 0.0053118 -1.92402e-18)
(0.822476 -0.000528663 -1.21429e-18)
(0.826825 -0.00872699 1.10552e-18)
(0.832307 -0.0189752 0)
(0.838081 -0.0308816 0)
(0.843597 -0.04403 2.0376e-18)
(0.848591 -0.0580587 -1.91702e-18)
(0.85302 -0.0727036 -1.93211e-18)
(0.85697 -0.0878011 0)
(0.86059 -0.103274 -9.37651e-20)
(0.864051 -0.119113 2.25022e-18)
(0.867499 -0.135347 0)
(0.871013 -0.151999 2.43897e-18)
(0.874533 -0.169007 2.70275e-18)
(0.877795 -0.186141 -2.81112e-18)
(0.880315 -0.202925 0)
(0.881445 -0.218603 0)
(0.88048 -0.232151 0)
(0.876952 -0.242497 -3.80126e-18)
(0.871203 -0.249049 0)
(0.86486 -0.252168 0)
(0.860406 -0.252963 0)
(0.859695 -0.252305 9.69858e-18)
(0.862527 -0.249926 -5.12278e-18)
(0.866594 -0.244489 0)
(0.868858 -0.234568 -5.5391e-18)
(0.867168 -0.219622 -5.44025e-18)
(0.861025 -0.200277 1.15552e-17)
(0.851374 -0.177965 -1.19235e-17)
(0.839925 -0.154365 -1.22702e-17)
(0.82847 -0.130984 0)
(0.818475 -0.109019 -1.28237e-17)
(0.810936 -0.0893614 0)
(0.806623 -0.0728553 0)
(0.806309 -0.060559 0)
(0.81144 -0.0531653 1.34458e-17)
(0.823187 -0.0500107 -1.34779e-17)
(0.842348 -0.0491506 -1.92173e-17)
(0.867613 -0.0469595 0)
(0.898977 -0.0411712 8.46403e-18)
(0.919873 -0.0300353 0)
(0.964546 -0.0236723 -1.61063e-18)
(0.97432 0.222944 -1.54173e-17)
(0.972875 0.218843 -1.48056e-17)
(0.970233 0.21465 -2.83366e-17)
(0.967453 0.210651 0)
(0.965367 0.206766 -2.60117e-17)
(0.963951 0.202675 -1.24256e-17)
(0.962767 0.198214 0)
(0.961545 0.193368 2.24857e-17)
(0.960246 0.188103 2.11833e-17)
(0.958912 0.182381 0)
(0.957679 0.176244 -1.90927e-17)
(0.956865 0.169803 0)
(0.956925 0.163143 0)
(0.958279 0.156298 1.64967e-17)
(0.961167 0.149302 1.54567e-17)
(0.965659 0.142181 -1.9126e-19)
(0.971471 0.135039 1.942e-19)
(0.978048 0.127976 0)
(0.984868 0.120945 0)
(0.991503 0.113862 -1.34413e-17)
(0.997622 0.106642 -1.34479e-17)
(1.00297 0.0991894 1.97984e-17)
(1.00734 0.0914124 6.56595e-18)
(1.01056 0.0832339 6.51374e-18)
(1.01249 0.0746139 0)
(1.01303 0.0655808 -6.34432e-18)
(1.0121 0.0562659 0)
(1.00971 0.0469294 0)
(1.00594 0.0379716 -6.59329e-18)
(1.001 0.0298957 0)
(0.995201 0.0232296 0)
(0.988962 0.0184026 0)
(0.982738 0.0155935 1.75825e-18)
(0.976911 0.014613 -8.83681e-19)
(0.971628 0.0148103 4.36566e-19)
(0.96681 0.0152439 0)
(0.962327 0.0147823 0)
(0.958166 0.0124228 0)
(0.95451 0.00758368 1.45115e-18)
(0.951616 0.000177377 1.36552e-18)
(0.949646 -0.0095014 -2.6845e-18)
(0.948495 -0.0210163 0)
(0.948058 -0.0338643 0)
(0.948111 -0.0476302 -4.69831e-18)
(0.948368 -0.0620015 -2.3813e-18)
(0.948592 -0.07679 0)
(0.948616 -0.0919114 0)
(0.94833 -0.107348 2.4169e-18)
(0.947636 -0.123107 1.07373e-19)
(0.946406 -0.139191 0)
(0.944434 -0.155539 0)
(0.941394 -0.171973 -3.06026e-18)
(0.936854 -0.188137 0)
(0.930388 -0.203496 0)
(0.921699 -0.217336 0)
(0.910785 -0.228856 0)
(0.898355 -0.237543 0)
(0.886297 -0.243667 -9.52912e-18)
(0.877289 -0.248196 0)
(0.873065 -0.251783 0)
(0.872642 -0.253694 -6.34123e-20)
(0.872412 -0.251916 0)
(0.868222 -0.244459 0)
(0.857602 -0.230619 0)
(0.84061 -0.211273 2.56824e-17)
(0.819267 -0.188316 -1.35215e-17)
(0.79643 -0.163867 1.4043e-17)
(0.774817 -0.139701 3.34152e-19)
(0.756457 -0.11704 0)
(0.742525 -0.0966153 1.50418e-17)
(0.733441 -0.0789148 -1.47504e-17)
(0.729255 -0.0645795 0)
(0.730514 -0.0548671 0)
(0.738261 -0.0504363 -5.34146e-20)
(0.753277 -0.0508484 1.44388e-17)
(0.776556 -0.0540354 1.38433e-17)
(0.806543 -0.0552186 0)
(0.843446 -0.0512574 -8.87839e-18)
(0.867364 -0.0377567 0)
(0.914748 -0.0294055 1.0592e-18)
(0.974305 0.223254 0)
(0.972839 0.219637 3.38139e-17)
(0.970282 0.215581 3.24651e-17)
(0.967665 0.211452 0)
(0.965702 0.207391 1.48447e-17)
(0.96439 0.203168 -1.43189e-17)
(0.963452 0.19862 0)
(0.962737 0.193756 -2.55506e-17)
(0.96219 0.188565 0)
(0.961698 0.182982 0)
(0.961121 0.17697 0)
(0.960407 0.170542 0)
(0.959645 0.163716 0)
(0.95902 0.156496 1.94565e-19)
(0.958746 0.148923 -1.80137e-17)
(0.959073 0.141071 -1.89677e-19)
(0.960202 0.133157 1.90901e-19)
(0.96217 0.125391 0)
(0.964888 0.117788 0)
(0.968212 0.110297 0)
(0.971967 0.102847 -2.07602e-19)
(0.975954 0.0953473 2.15342e-19)
(0.979949 0.087699 -7.59181e-18)
(0.983707 0.0798179 -7.5328e-18)
(0.986967 0.0716544 0)
(0.989472 0.063219 -7.61967e-18)
(0.991001 0.054611 7.64941e-18)
(0.991405 0.0460386 0)
(0.990667 0.0378252 3.83906e-18)
(0.988955 0.0303771 3.95705e-18)
(0.98666 0.0241189 0)
(0.984392 0.0193921 0)
(0.982911 0.0163423 2.04559e-18)
(0.982996 0.0148349 -3.64616e-21)
(0.985227 0.0143897 -1.00788e-18)
(0.989754 0.0142527 0)
(0.996157 0.0134688 0)
(1.0035 0.0111157 -1.82943e-18)
(1.01064 0.00654345 0)
(1.01664 -0.000500675 -1.67032e-18)
(1.02098 -0.00987969 -9.87898e-20)
(1.02358 -0.0212118 0)
(1.02434 -0.0340026 2.99485e-18)
(1.02352 -0.0478194 5.71448e-18)
(1.02145 -0.0622974 2.7622e-18)
(1.01839 -0.0771733 0)
(1.01443 -0.092288 -5.8967e-18)
(1.00954 -0.107565 0)
(1.00358 -0.122964 -3.05596e-18)
(0.996309 -0.138436 0)
(0.987452 -0.153876 0)
(0.976728 -0.169082 0)
(0.963983 -0.18376 0)
(0.949317 -0.197527 0)
(0.933141 -0.209914 -9.29397e-18)
(0.916378 -0.220555 9.91081e-18)
(0.90089 -0.229602 0)
(0.889224 -0.237777 1.09405e-17)
(0.882821 -0.245425 -1.15074e-17)
(0.879912 -0.251351 0)
(0.875709 -0.252942 -1.23843e-17)
(0.865135 -0.247738 0)
(0.845611 -0.234938 0)
(0.817914 -0.215714 0)
(0.78524 -0.192441 -1.49306e-17)
(0.751616 -0.167675 1.53952e-17)
(0.720626 -0.143454 -1.5981e-17)
(0.694782 -0.12105 3.30691e-17)
(0.675408 -0.101065 -1.66196e-17)
(0.662767 -0.0836296 0)
(0.656458 -0.0688203 1.66904e-17)
(0.655906 -0.0572805 -1.56544e-17)
(0.661065 -0.0500599 0)
(0.672598 -0.0482504 -1.66604e-19)
(0.691515 -0.0518262 -1.58767e-17)
(0.718884 -0.0588757 0)
(0.752993 -0.0634506 0)
(0.795028 -0.0616766 -1.14102e-17)
(0.821964 -0.0454215 0)
(0.871316 -0.0330021 -5.90981e-19)
(0.974266 0.223549 0)
(0.972685 0.220332 -1.93197e-17)
(0.97011 0.216339 -1.85453e-17)
(0.967607 0.212094 0)
(0.965755 0.2079 3.42036e-17)
(0.964479 0.203558 3.23826e-17)
(0.963558 0.198893 0)
(0.962928 0.193926 2.94938e-17)
(0.9626 0.188678 -2.8032e-17)
(0.96252 0.183105 0)
(0.962562 0.177168 0)
(0.962603 0.170858 0)
(0.962561 0.164154 0)
(0.962391 0.157023 -2.1494e-17)
(0.962079 0.149459 -2.08283e-17)
(0.961673 0.141499 1.94539e-17)
(0.961307 0.133358 -5.73216e-17)
(0.961128 0.125276 0)
(0.961224 0.11731 0)
(0.961639 0.109449 1.83833e-17)
(0.962374 0.10166 3.61686e-17)
(0.963384 0.0938856 -1.78113e-17)
(0.964572 0.0860565 0)
(0.965789 0.078113 0)
(0.966852 0.0700224 -8.88605e-18)
(0.967558 0.0617995 1.76735e-17)
(0.967716 0.0535302 -1.77586e-17)
(0.967189 0.0453834 0)
(0.96595 0.0376135 0)
(0.964128 0.0305305 -4.56546e-18)
(0.962043 0.0244457 0)
(0.960203 0.0195941 4.72701e-18)
(0.959253 0.0160525 -2.3622e-18)
(0.95988 0.0136801 -5.55921e-21)
(0.962681 0.0120877 -2.49981e-21)
(0.968014 0.0106933 0)
(0.975876 0.00880318 0)
(0.985812 0.00574816 -2.28931e-20)
(0.996954 0.00102405 2.0849e-18)
(1.00822 -0.00562774 5.98611e-18)
(1.01855 -0.0142092 7.68171e-18)
(1.02715 -0.0244988 3.79515e-18)
(1.03356 -0.0361521 -3.55792e-18)
(1.03746 -0.0488365 -3.46905e-18)
(1.03872 -0.0622559 3.55065e-18)
(1.03737 -0.0761655 0)
(1.03351 -0.0903712 6.99664e-18)
(1.02725 -0.104735 -7.45138e-18)
(1.01868 -0.119154 0)
(1.00786 -0.133541 0)
(0.994882 -0.147792 0)
(0.97993 -0.161793 0)
(0.963393 -0.175407 0)
(0.945877 -0.18844 0)
(0.928265 -0.200682 1.08322e-17)
(0.912084 -0.212192 -2.3109e-17)
(0.899486 -0.22343 -1.21889e-17)
(0.891639 -0.234477 1.26497e-17)
(0.886407 -0.243835 1.29831e-17)
(0.878372 -0.248466 -1.35064e-17)
(0.861892 -0.245505 1.40463e-17)
(0.83436 -0.234003 0)
(0.797185 -0.215302 1.55121e-17)
(0.754571 -0.192163 -1.63756e-17)
(0.711533 -0.167538 0)
(0.672338 -0.143716 -3.61403e-17)
(0.639807 -0.122045 1.87248e-17)
(0.615324 -0.103066 -3.78963e-17)
(0.599149 -0.0867525 1.90217e-17)
(0.590802 -0.0727849 0)
(0.589252 -0.0610338 1.75065e-17)
(0.593422 -0.0520304 1.6827e-17)
(0.602867 -0.0468564 -1.56994e-17)
(0.618194 -0.0470963 -1.60921e-17)
(0.640642 -0.0531969 1.64363e-17)
(0.671371 -0.0636052 0)
(0.708293 -0.0713516 0)
(0.754346 -0.0722568 1.16072e-17)
(0.784151 -0.0537546 0)
(0.835367 -0.0352281 5.9769e-19)
(0.974202 0.223848 2.33234e-17)
(0.972429 0.22096 0)
(0.969766 0.216956 -4.27445e-17)
(0.96734 0.212596 4.10254e-17)
(0.965592 0.208305 -3.8969e-17)
(0.964364 0.203867 3.73083e-17)
(0.963459 0.199104 0)
(0.962839 0.194043 2.05139e-19)
(0.962526 0.188711 3.19147e-17)
(0.962498 0.183078 0)
(0.962691 0.177113 0)
(0.963032 0.170812 0)
(0.963457 0.164159 5.22887e-17)
(0.963895 0.15712 0)
(0.964258 0.149672 4.68685e-17)
(0.96448 0.141818 0)
(0.964546 0.133745 8.74003e-17)
(0.964495 0.125683 0)
(0.964378 0.117686 0)
(0.964241 0.109752 -4.19173e-17)
(0.964121 0.101863 -2.06432e-17)
(0.964027 0.093983 0)
(0.963932 0.0860676 0)
(0.963769 0.0780801 0)
(0.96344 0.0700063 1.01141e-17)
(0.96283 0.0618706 -1.01339e-17)
(0.961834 0.0537544 -1.20042e-19)
(0.960385 0.0458023 0)
(0.958498 0.0382229 1.05098e-17)
(0.956305 0.0312616 0)
(0.954075 0.0251571 0)
(0.952211 0.0200816 -5.38947e-18)
(0.951208 0.0160773 2.72678e-18)
(0.951576 0.0130105 -6.95471e-21)
(0.953741 0.0105521 6.7108e-19)
(0.957952 0.00821988 0)
(0.964206 0.00545113 0)
(0.97221 0.00171017 2.49529e-18)
(0.981403 -0.00339782 -2.41241e-18)
(0.991038 -0.0100673 -4.66763e-18)
(1.00032 -0.0182929 -4.53614e-18)
(1.00844 -0.027906 -4.44103e-18)
(1.01496 -0.0386702 0)
(1.01948 -0.0503096 0)
(1.02175 -0.0625692 -4.19216e-18)
(1.0216 -0.0752491 -8.65323e-18)
(1.01895 -0.0881959 0)
(1.01376 -0.101307 1.78578e-17)
(1.00611 -0.114513 0)
(0.9961 -0.127769 0)
(0.983981 -0.141045 -1.0353e-17)
(0.970106 -0.154317 1.09433e-17)
(0.954969 -0.167535 1.15805e-17)
(0.939249 -0.180613 0)
(0.924077 -0.193575 1.28682e-17)
(0.91116 -0.206704 2.66732e-17)
(0.901558 -0.21997 -1.71218e-19)
(0.893387 -0.231864 -1.42088e-17)
(0.881348 -0.239188 0)
(0.85961 -0.238694 1.53663e-17)
(0.825458 -0.229068 -3.23549e-21)
(0.780608 -0.211559 0)
(0.729909 -0.189111 -3.63801e-17)
(0.679066 -0.164992 9.55802e-20)
(0.632837 -0.141762 0)
(0.594275 -0.120907 2.09894e-17)
(0.564805 -0.10299 0)
(0.544694 -0.0879538 2.14593e-17)
(0.533494 -0.0754098 -2.0962e-17)
(0.530313 -0.0648261 -1.99893e-17)
(0.533849 -0.0559412 -1.86883e-17)
(0.542774 -0.0490464 1.69012e-17)
(0.556273 -0.0453913 1.6462e-17)
(0.574976 -0.0470053 0)
(0.600364 -0.0549283 0)
(0.633709 -0.0679826 0)
(0.672081 -0.0784698 0)
(0.720683 -0.0824981 0)
(0.75295 -0.0628179 0)
(0.807031 -0.0366769 0)
(0.97411 0.224165 2.6742e-17)
(0.97208 0.221536 0)
(0.969291 0.217454 4.87595e-17)
(0.966919 0.21299 2.25344e-19)
(0.965257 0.208624 0)
(0.964071 0.204102 -8.52708e-17)
(0.963193 0.199255 0)
(0.962601 0.19412 -3.85057e-17)
(0.962305 0.188722 3.68018e-17)
(0.962275 0.183031 -3.49624e-17)
(0.962463 0.177017 6.64155e-17)
(0.962825 0.170679 -6.30834e-17)
(0.963332 0.164006 -5.95262e-17)
(0.963945 0.156976 0)
(0.964607 0.149566 5.41571e-17)
(0.965254 0.141773 0)
(0.965831 0.133773 -1.00153e-16)
(0.966312 0.125783 4.94702e-17)
(0.966692 0.11785 0)
(0.966973 0.109966 2.38947e-17)
(0.967161 0.102113 0)
(0.967247 0.0942605 0)
(0.967205 0.0863753 -2.35196e-17)
(0.966982 0.078431 0)
(0.96651 0.0704227 0)
(0.965716 0.0623791 0)
(0.96454 0.0543766 1.1682e-17)
(0.962964 0.0465433 0)
(0.96104 0.0390574 1.13183e-19)
(0.958915 0.0321237 1.21511e-17)
(0.956845 0.0259362 0)
(0.95519 0.0206304 0)
(0.954368 0.0162308 -3.08613e-18)
(0.9548 0.012616 1.54064e-18)
(0.956819 0.00950504 0)
(0.960599 0.00649197 7.55832e-19)
(0.966092 0.00310857 1.48001e-18)
(0.973013 -0.0010896 0)
(0.980879 -0.00642948 0)
(0.989084 -0.0130729 5.47992e-18)
(0.996998 -0.0210101 0)
(1.00404 -0.0301103 -5.28141e-18)
(1.00971 -0.040202 5.15756e-18)
(1.01364 -0.0510597 0)
(1.01558 -0.0624619 0)
(1.01536 -0.0742439 -2.17933e-19)
(1.0129 -0.0862827 0)
(1.00816 -0.0985042 -1.0416e-17)
(1.00118 -0.110866 1.10297e-17)
(0.992019 -0.123362 0)
(0.980843 -0.135997 1.18809e-17)
(0.967912 -0.148787 2.22362e-19)
(0.953704 -0.161753 -1.3207e-17)
(0.939064 -0.174979 0)
(0.925244 -0.188672 -1.45225e-17)
(0.913101 -0.202815 -1.50834e-17)
(0.901209 -0.216152 3.13789e-17)
(0.884927 -0.225687 0)
(0.85861 -0.227897 1.69461e-17)
(0.819344 -0.220887 1.77878e-17)
(0.768753 -0.205441 2.60726e-21)
(0.71189 -0.184389 0)
(0.654818 -0.161159 6.3872e-17)
(0.602637 -0.138596 2.2495e-17)
(0.558633 -0.11844 -4.67303e-17)
(0.524341 -0.101375 0)
(0.50005 -0.0874215 -4.82087e-17)
(0.485317 -0.076168 -4.75154e-17)
(0.479388 -0.0670857 2.29147e-17)
(0.48119 -0.0596041 2.12374e-17)
(0.489442 -0.0532114 -3.82859e-17)
(0.50269 -0.0480715 1.68034e-17)
(0.519856 -0.0455122 0)
(0.541514 -0.0479305 0)
(0.569386 -0.0569332 3.34449e-17)
(0.604855 -0.0718644 0)
(0.643644 -0.0844789 0)
(0.693284 -0.0917665 0)
(0.72718 -0.0722667 0)
(0.785998 -0.0380492 0)
(0.973988 0.224507 -6.10106e-17)
(0.971647 0.222062 -5.82907e-17)
(0.968715 0.21785 -5.61947e-17)
(0.966388 0.213299 2.31611e-19)
(0.964795 0.208873 0)
(0.963637 0.204272 4.87663e-17)
(0.962779 0.199348 0)
(0.962218 0.194152 0)
(0.961952 0.188703 -4.19643e-17)
(0.961941 0.182968 3.98582e-17)
(0.962134 0.176917 -1.51814e-16)
(0.962491 0.170546 7.18867e-17)
(0.962984 0.163845 6.86831e-17)
(0.963591 0.156795 6.52728e-17)
(0.964274 0.149379 3.95387e-19)
(0.964997 0.141592 0)
(0.965716 0.133608 1.14804e-16)
(0.966401 0.125645 -5.62691e-17)
(0.967037 0.117746 0)
(0.96761 0.1099 -5.51789e-17)
(0.968102 0.102089 0)
(0.968485 0.094285 -2.70779e-17)
(0.968717 0.0864581 2.66952e-17)
(0.968738 0.0785866 2.6816e-17)
(0.968476 0.0706684 2.67935e-17)
(0.967866 0.0627313 2.68499e-17)
(0.966863 0.0548447 0)
(0.965465 0.047121 0)
(0.963743 0.0397141 -1.36108e-17)
(0.961853 0.0327977 -1.37562e-17)
(0.960055 0.0265324 0)
(0.958688 0.0210277 0)
(0.958145 0.0162965 -3.53101e-18)
(0.958801 0.0122294 0)
(0.960951 0.00858347 -8.72625e-19)
(0.964733 0.0050133 -8.55113e-19)
(0.970083 0.00112455 1.0696e-20)
(0.976723 -0.00345548 0)
(0.984195 -0.00900186 -6.42641e-18)
(0.991938 -0.0156543 7.1205e-20)
(0.999372 -0.0234112 6.16271e-18)
(1.00597 -0.0321759 5.98074e-18)
(1.01128 -0.0417834 -5.84471e-18)
(1.01495 -0.0520478 0)
(1.0167 -0.0627808 0)
(1.01637 -0.0738441 1.15488e-17)
(1.01385 -0.0851342 0)
(1.00907 -0.0965956 0)
(1.00201 -0.108202 -2.52688e-17)
(0.99272 -0.119967 0)
(0.981363 -0.13193 0)
(0.968311 -0.144195 -1.44437e-17)
(0.954192 -0.156909 0)
(0.939744 -0.17025 -1.61174e-17)
(0.925302 -0.184184 0)
(0.909669 -0.197824 0)
(0.889177 -0.208746 -3.57612e-17)
(0.858903 -0.213548 -3.73461e-17)
(0.815876 -0.209739 1.96557e-17)
(0.76132 -0.197286 -2.06389e-17)
(0.70006 -0.17849 -2.19924e-17)
(0.638202 -0.156692 0)
(0.581056 -0.134952 -9.92813e-17)
(0.532169 -0.115346 0)
(0.493297 -0.0988627 1.07184e-16)
(0.464821 -0.0856309 -5.41445e-17)
(0.446312 -0.0753402 5.36095e-17)
(0.436953 -0.0674361 5.18712e-17)
(0.435815 -0.0613829 0)
(0.441939 -0.0565338 -4.41805e-17)
(0.454202 -0.0523054 3.9767e-17)
(0.47117 -0.0487274 -3.55905e-17)
(0.491644 -0.0470227 0)
(0.516026 -0.0498519 0)
(0.546161 -0.0592656 -1.46013e-18)
(0.583567 -0.0752451 0)
(0.62226 -0.0892636 0)
(0.671645 -0.0995407 0)
(0.706227 -0.0819996 0)
(0.771991 -0.0409765 0)
(0.973833 0.224878 0)
(0.971137 0.222535 -1.90878e-19)
(0.968062 0.218158 6.42277e-17)
(0.965778 0.213539 -1.23446e-16)
(0.964238 0.209063 0)
(0.963097 0.204387 0)
(0.962251 0.199395 0)
(0.961713 0.194146 5.08684e-17)
(0.96147 0.188652 0)
(0.96148 0.18288 0)
(0.961692 0.1768 8.68267e-17)
(0.962063 0.170407 -8.28654e-17)
(0.962562 0.163689 4.08312e-19)
(0.963162 0.156627 -7.44035e-17)
(0.96383 0.149204 -7.07315e-17)
(0.964536 0.141413 0)
(0.965245 0.133428 3.92731e-19)
(0.965934 0.125467 0)
(0.966594 0.117574 0)
(0.967211 0.109739 -4.08908e-19)
(0.967766 0.101948 0)
(0.968225 0.0941739 3.07835e-17)
(0.968541 0.086392 0)
(0.96865 0.0785835 -3.0466e-17)
(0.968479 0.0707473 2.27194e-19)
(0.967964 0.0629086 -3.04844e-17)
(0.967066 0.0551286 -1.54298e-17)
(0.965791 0.0475045 0)
(0.964216 0.0401686 0)
(0.962505 0.0332683 1.58234e-17)
(0.960911 0.0269365 0)
(0.959764 0.0212626 0)
(0.959435 0.0162517 8.02112e-18)
(0.960273 0.0118058 0)
(0.962544 0.00771429 1.98177e-18)
(0.966367 0.00368235 0)
(0.971672 -0.000623917 -1.90979e-18)
(0.978192 -0.0055191 -3.75776e-18)
(0.985489 -0.0112353 7.28252e-18)
(0.993025 -0.0178923 -7.11642e-18)
(1.00024 -0.0254914 -6.98349e-18)
(1.00662 -0.0339492 0)
(1.01173 -0.043121 0)
(1.01522 -0.0528505 0)
(1.01681 -0.0629761 1.34316e-17)
(1.01632 -0.0733802 0)
(1.01362 -0.0839768 0)
(1.00866 -0.0947293 0)
(1.00144 -0.105633 -1.98889e-19)
(0.992065 -0.116741 0)
(0.980772 -0.128159 -1.60026e-17)
(0.967888 -0.140048 -1.67851e-17)
(0.953584 -0.152517 -1.75875e-17)
(0.937536 -0.165486 1.81492e-17)
(0.918542 -0.178363 0)
(0.89402 -0.189531 0)
(0.860288 -0.196228 2.04369e-17)
(0.814631 -0.195716 4.2822e-17)
(0.757662 -0.186983 -4.52132e-17)
(0.693563 -0.171371 0)
(0.628188 -0.151746 0)
(0.566956 -0.131206 0)
(0.513706 -0.112159 5.74186e-17)
(0.470506 -0.0959952 -5.95558e-17)
(0.437971 -0.0831631 -6.06206e-17)
(0.415703 -0.0734414 6.02554e-17)
(0.402816 -0.0663315 -5.85449e-17)
(0.398295 -0.0612221 0)
(0.401182 -0.0577014 5.09279e-17)
(0.410752 -0.0550265 4.57653e-17)
(0.426159 -0.0526928 4.05825e-17)
(0.446187 -0.0505747 0)
(0.46964 -0.0496952 0)
(0.496701 -0.0527643 2.85064e-17)
(0.529126 -0.0621152 -2.06146e-18)
(0.568583 -0.0782988 3.82782e-17)
(0.607157 -0.0929303 0)
(0.655482 -0.105543 0)
(0.689887 -0.0918894 0)
(0.764648 -0.0468005 0)
(0.973644 0.225282 -8.0027e-17)
(0.970564 0.22295 -2.06629e-19)
(0.967354 0.21839 -7.40748e-17)
(0.965111 0.213725 7.07473e-17)
(0.963611 0.209203 0)
(0.962478 0.204455 0)
(0.961639 0.199404 0)
(0.961114 0.194111 -5.81312e-17)
(0.960886 0.188578 0)
(0.960908 0.182771 0)
(0.961134 0.176664 1.00043e-16)
(0.961519 0.17025 -4.17649e-19)
(0.962032 0.163517 -8.98313e-17)
(0.962643 0.156447 0)
(0.963317 0.149022 0)
(0.964022 0.141233 0)
(0.964723 0.133251 -1.50798e-16)
(0.965398 0.125293 0)
(0.966039 0.117405 0)
(0.966634 0.109578 7.19184e-17)
(0.967167 0.101798 0)
(0.967603 0.0940461 0)
(0.967895 0.0862985 0)
(0.967982 0.0785404 -3.51094e-17)
(0.967796 0.0707721 -6.99117e-17)
(0.967276 0.0630161 3.51267e-17)
(0.96639 0.0553261 -1.77554e-17)
(0.965153 0.0477861 0)
(0.963647 0.0405095 1.79055e-17)
(0.962035 0.0336217 -1.79544e-17)
(0.960569 0.0272321 0)
(0.959564 0.0214155 0)
(0.959369 0.0161718 -1.37221e-17)
(0.960312 0.0114137 -4.56565e-18)
(0.962633 0.00695596 -2.25762e-18)
(0.966439 0.0025452 0)
(0.971656 -0.00210283 0)
(0.978027 -0.00725466 4.26178e-18)
(0.985136 -0.0131059 8.38922e-18)
(0.992471 -0.0197576 -8.21867e-18)
(0.999491 -0.0272106 8.08456e-18)
(1.00569 -0.0353945 0)
(1.01065 -0.0441854 0)
(1.01402 -0.0534478 0)
(1.01553 -0.0630426 -1.52389e-17)
(1.015 -0.0728737 1.55373e-17)
(1.01233 -0.0828761 0)
(1.00748 -0.0930358 0)
(1.00044 -0.10337 -1.89628e-19)
(0.991226 -0.11395 0)
(0.979767 -0.12486 1.80953e-17)
(0.965726 -0.136138 -2.03309e-19)
(0.948314 -0.147651 3.99092e-17)
(0.92637 -0.15903 0)
(0.898316 -0.169382 0)
(0.861872 -0.176907 0)
(0.814796 -0.179151 4.7421e-17)
(0.756948 -0.174352 0)
(0.691471 -0.162653 -5.25093e-17)
(0.623716 -0.146042 0)
(0.559158 -0.127328 -5.9331e-17)
(0.501988 -0.109113 0)
(0.454689 -0.0932044 0)
(0.418199 -0.0804732 6.75675e-17)
(0.392296 -0.0709933 0)
(0.376024 -0.0643009 0)
(0.368204 -0.059827 6.29045e-17)
(0.367716 -0.0569822 0)
(0.373757 -0.0554332 -1.05812e-16)
(0.38589 -0.0545379 4.74736e-17)
(0.403572 -0.0538633 -4.17131e-17)
(0.425985 -0.0531742 3.58762e-17)
(0.452068 -0.0532647 -3.032e-17)
(0.481844 -0.0566273 -2.11885e-18)
(0.516744 -0.0656454 -2.5643e-18)
(0.558597 -0.0812999 -3.92491e-17)
(0.597407 -0.0957207 -4.77625e-17)
(0.644507 -0.109783 0)
(0.67817 -0.101577 3.55e-17)
(0.763431 -0.0561124 -7.33478e-18)
(0.973423 0.225715 9.16761e-17)
(0.969939 0.223302 -2.29113e-19)
(0.96661 0.21856 -2.92593e-19)
(0.964405 0.213869 -8.15499e-17)
(0.962933 0.209302 0)
(0.961802 0.204483 7.39905e-17)
(0.960966 0.199378 0)
(0.960447 0.194047 0)
(0.960224 0.188483 0)
(0.96025 0.182653 0)
(0.960478 0.176529 4.27563e-19)
(0.960868 0.170101 1.08563e-16)
(0.961388 0.163357 0)
(0.962007 0.156281 0)
(0.962689 0.148853 0)
(0.963403 0.141065 -8.88941e-17)
(0.964111 0.133086 -3.96378e-19)
(0.964788 0.125132 0)
(0.965426 0.11725 0)
(0.966014 0.109432 0)
(0.966532 0.101668 -8.18855e-17)
(0.966947 0.0939379 -4.05813e-17)
(0.967213 0.086223 0)
(0.967272 0.0785104 3.99301e-17)
(0.967057 0.0708006 7.99646e-17)
(0.966517 0.0631135 -3.99227e-17)
(0.965625 0.0554961 -2.28667e-19)
(0.964401 0.0480206 0)
(0.962935 0.0407849 -4.07703e-17)
(0.96139 0.033897 2.06076e-17)
(0.960011 0.027446 0)
(0.959105 0.021494 0)
(0.959004 0.0160392 1.03928e-17)
(0.960012 0.0110087 -2.18789e-20)
(0.962354 0.00624053 1.28315e-18)
(0.966123 0.00151447 0)
(0.971242 -0.0034141 -4.99327e-18)
(0.977465 -0.00877282 0)
(0.984395 -0.0147275 6.0461e-20)
(0.991541 -0.0213634 9.32144e-18)
(0.99838 -0.0286809 -9.1677e-18)
(1.00443 -0.0366221 -1.82221e-17)
(1.00929 -0.0450838 0)
(1.01264 -0.0539492 -1.7698e-17)
(1.0142 -0.0630979 1.76572e-17)
(1.01377 -0.0724488 -1.7607e-17)
(1.01115 -0.0819431 0)
(1.00614 -0.0915582 -1.85475e-17)
(0.998469 -0.10128 1.89936e-17)
(0.987718 -0.111113 0)
(0.973289 -0.121021 0)
(0.954367 -0.130897 2.16475e-17)
(0.930104 -0.140526 -2.26945e-17)
(0.899716 -0.149518 0)
(0.861988 -0.156912 0)
(0.815096 -0.160922 0)
(0.758089 -0.159571 -1.08747e-16)
(0.692801 -0.151988 0)
(0.623818 -0.13905 6.04244e-17)
(0.556644 -0.122916 0)
(0.495918 -0.106082 6.83668e-17)
(0.444659 -0.0906427 7.21616e-17)
(0.404261 -0.0779189 0)
(0.374771 -0.068381 7.58411e-17)
(0.3553 -0.0618312 7.46159e-17)
(0.344461 -0.0576419 0)
(0.340929 -0.0552287 -6.69876e-17)
(0.343617 -0.0541676 0)
(0.351987 -0.0541123 -2.24455e-19)
(0.36588 -0.0546462 2.94708e-19)
(0.385074 -0.0554108 0)
(0.409212 -0.0561375 -5.69892e-20)
(0.437503 -0.0574259 3.14711e-17)
(0.469966 -0.0613181 -2.83054e-17)
(0.507544 -0.0699355 -3.05636e-17)
(0.552187 -0.0844702 0)
(0.591811 -0.0979104 4.9967e-17)
(0.638238 -0.112519 0)
(0.671019 -0.110609 -3.78602e-17)
(0.767924 -0.0692527 7.97949e-18)
(0.973172 0.226175 0)
(0.969277 0.223587 1.00839e-16)
(0.965846 0.218678 9.76895e-17)
(0.963676 0.213974 -2.44654e-19)
(0.962219 0.209367 0)
(0.961082 0.204491 -1.69861e-16)
(0.960244 0.199336 0)
(0.959729 0.193957 1.53916e-16)
(0.95951 0.188348 0)
(0.959535 0.182481 0)
(0.959761 0.176334 4.32749e-19)
(0.960148 0.169894 0)
(0.960665 0.163147 -1.18772e-16)
(0.96128 0.156073 1.12803e-16)
(0.961961 0.148652 1.07191e-16)
(0.962676 0.140873 2.03461e-16)
(0.963385 0.132901 9.88729e-17)
(0.964064 0.124953 0)
(0.964703 0.117078 0)
(0.96529 0.10927 9.47697e-17)
(0.965804 0.101519 9.32847e-17)
(0.96621 0.0938111 4.62106e-17)
(0.966463 0.0861295 0)
(0.966504 0.0784635 0)
(0.966273 0.0708137 -4.55997e-17)
(0.96572 0.0631971 0)
(0.964824 0.0556536 4.58092e-17)
(0.963612 0.0482449 0)
(0.962175 0.0410537 4.65256e-17)
(0.960678 0.0341748 -2.33854e-17)
(0.959362 0.0276859 2.36459e-17)
(0.958525 0.021633 0)
(0.958487 0.0160051 0)
(0.95954 0.010735 5.89004e-18)
(0.961892 0.0056905 0)
(0.965629 0.000683513 -1.44425e-18)
(0.970673 -0.0044966 5.64911e-18)
(0.976782 -0.0100442 0)
(0.983564 -0.0160994 -1.0824e-17)
(0.99054 -0.0227328 0)
(0.997189 -0.029944 1.05031e-17)
(1.00302 -0.0376842 2.05439e-17)
(1.00761 -0.0458541 0)
(1.01053 -0.0543434 4.00369e-17)
(1.01139 -0.0630299 -1.98791e-17)
(1.00982 -0.0718206 0)
(1.00542 -0.0806345 0)
(0.997798 -0.0894147 2.08577e-17)
(0.986511 -0.0981066 0)
(0.971101 -0.10667 0)
(0.951091 -0.115042 -2.36787e-17)
(0.926041 -0.123143 4.96877e-17)
(0.895528 -0.130814 0)
(0.858719 -0.137591 0)
(0.813943 -0.142341 -5.70648e-17)
(0.759604 -0.143398 0)
(0.696238 -0.139425 -1.74217e-19)
(0.627421 -0.130328 -6.5636e-17)
(0.558502 -0.117375 -6.95058e-17)
(0.494617 -0.102613 0)
(0.439478 -0.0881402 -7.856e-17)
(0.395095 -0.075599 -8.25083e-17)
(0.361952 -0.0659059 0)
(0.339325 -0.0592104 -1.68767e-16)
(0.32576 -0.0551117 -8.14608e-17)
(0.31958 -0.0529042 7.67303e-17)
(0.319462 -0.0520757 7.08092e-17)
(0.32453 -0.0523125 -6.42746e-17)
(0.334538 -0.053385 1.15839e-16)
(0.349559 -0.0550427 -5.17677e-17)
(0.369661 -0.0570482 -4.60618e-17)
(0.394927 -0.0591717 -3.90598e-17)
(0.424928 -0.0618569 0)
(0.459857 -0.0666045 0)
(0.500127 -0.0748969 0)
(0.547726 -0.0878906 0)
(0.588843 -0.0996404 0)
(0.635822 -0.114124 -6.65655e-17)
(0.668352 -0.118704 0)
(0.777931 -0.0864704 0)
(0.972895 0.226654 0)
(0.968591 0.223808 0)
(0.965074 0.218769 1.12894e-16)
(0.962939 0.214035 1.07706e-16)
(0.961492 0.209369 0)
(0.960339 0.204462 9.76321e-17)
(0.959483 0.199308 0)
(0.958956 0.19393 -1.76569e-16)
(0.958727 0.188308 0)
(0.958746 0.182415 0)
(0.958967 0.176236 -3.02446e-16)
(0.95935 0.169764 -1.43718e-16)
(0.959861 0.16299 1.35983e-16)
(0.96047 0.155898 -1.29092e-16)
(0.961142 0.148471 -1.2261e-16)
(0.961847 0.140695 -2.3346e-16)
(0.962547 0.132732 0)
(0.963218 0.124795 1.11752e-16)
(0.963851 0.116932 0)
(0.964435 0.109135 -2.16452e-16)
(0.964948 0.101396 1.07134e-16)
(0.965353 0.0937 0)
(0.965603 0.0860347 -5.26262e-17)
(0.965635 0.0783912 0)
(0.965383 0.0707712 0)
(0.964789 0.0631906 0)
(0.963818 0.0556851 0)
(0.96248 0.0483084 0)
(0.960846 0.0411312 -2.62899e-17)
(0.959052 0.0342196 0)
(0.957315 0.0276751 -5.3216e-17)
(0.955912 0.0215346 -1.33605e-17)
(0.955163 0.0158065 0)
(0.955378 0.0103984 0)
(0.956802 0.00518855 -1.64101e-18)
(0.959555 1.75895e-05 1.61102e-18)
(0.963592 -0.00529458 0)
(0.968681 -0.0109135 -6.21734e-18)
(0.974425 -0.0169557 0)
(0.980305 -0.0234761 0)
(0.985754 -0.0304688 -2.33942e-17)
(0.990191 -0.0378805 0)
(0.993019 -0.0456081 2.27088e-17)
(0.993759 -0.0535407 -2.23206e-17)
(0.99201 -0.0615555 0)
(0.987439 -0.0695565 0)
(0.979761 -0.077463 0)
(0.968717 -0.08522 0)
(0.954045 -0.092782 -2.44674e-17)
(0.935438 -0.100121 0)
(0.9125 -0.10719 2.66229e-17)
(0.884671 -0.113898 -5.59858e-17)
(0.851005 -0.119966 5.91364e-17)
(0.809917 -0.124717 6.20341e-17)
(0.75965 -0.126998 6.47263e-17)
(0.699851 -0.12558 0)
(0.632911 -0.119849 7.12135e-17)
(0.56358 -0.11024 1.50451e-16)
(0.49726 -0.0981064 1.59821e-16)
(0.43843 -0.085232 -8.51728e-17)
(0.389926 -0.0733205 1.80649e-16)
(0.352888 -0.0636185 9.41519e-17)
(0.32698 -0.0566932 0)
(0.310767 -0.0524281 1.86805e-16)
(0.302349 -0.0502868 0)
(0.299951 -0.0495652 -1.6516e-16)
(0.302423 -0.0499509 7.57018e-17)
(0.309213 -0.051098 -1.77926e-19)
(0.320323 -0.0530066 -6.21334e-17)
(0.336031 -0.055538 0)
(0.356623 -0.0586178 4.97208e-17)
(0.38255 -0.0621073 4.31068e-17)
(0.413747 -0.0662697 0)
(0.450645 -0.0721552 -2.72263e-17)
(0.493175 -0.0802141 2.60874e-17)
(0.543372 -0.0912268 0)
(0.586523 -0.100828 0)
(0.635959 -0.114814 7.57102e-17)
(0.669875 -0.125881 0)
(0.793305 -0.108052 0)
(0.972598 0.227143 1.37848e-16)
(0.967901 0.223945 0)
(0.964295 0.218888 -2.60126e-16)
(0.962183 0.214144 0)
(0.960758 0.209332 -1.1848e-16)
(0.959617 0.204278 0)
(0.95876 0.199036 0)
(0.958221 0.193626 0)
(0.957971 0.18801 0)
(0.957966 0.182145 -1.83585e-16)
(0.958166 0.175997 1.73674e-16)
(0.958537 0.169551 -4.34401e-19)
(0.959049 0.16279 0)
(0.959669 0.155701 0)
(0.960359 0.148268 0)
(0.96107 0.140482 2.66643e-16)
(0.961737 0.132509 0)
(0.9623 0.124564 -1.26601e-16)
(0.962711 0.116696 0)
(0.962914 0.108898 -4.09033e-19)
(0.962844 0.10116 4.11695e-19)
(0.962425 0.0934688 1.1938e-16)
(0.961567 0.0858114 5.88803e-17)
(0.960175 0.0781803 0)
(0.958147 0.0705777 -5.83422e-17)
(0.955402 0.0630194 0)
(0.951891 0.0555394 0)
(0.94763 0.0481879 0)
(0.942728 0.0410295 2.92616e-17)
(0.937412 0.0341261 -2.93719e-17)
(0.932033 0.0275834 2.93555e-17)
(0.927051 0.021433 1.46965e-17)
(0.922976 0.0156687 0)
(0.920295 0.0102046 0)
(0.919377 0.00493466 1.80293e-18)
(0.920381 -0.000280123 0)
(0.923215 -0.00559577 0)
(0.927539 -0.0111533 1.36837e-17)
(0.932814 -0.017049 1.34154e-17)
(0.938384 -0.023324 -1.31444e-17)
(0.943554 -0.0299683 -5.81088e-20)
(0.947676 -0.0369247 0)
(0.950244 -0.0441048 1.25508e-19)
(0.95081 -0.0514092 0)
(0.948984 -0.0587321 0)
(0.944431 -0.065989 -2.50972e-17)
(0.936839 -0.0731108 0)
(0.925888 -0.0800445 0)
(0.911191 -0.0867352 2.7302e-17)
(0.892253 -0.0931232 0)
(0.86839 -0.099101 0)
(0.838643 -0.104464 6.36165e-17)
(0.801685 -0.108795 2.13086e-19)
(0.756039 -0.111393 -7.03124e-17)
(0.70098 -0.111388 -7.40437e-17)
(0.637736 -0.108105 -7.77759e-17)
(0.56991 -0.101458 -8.19439e-17)
(0.502569 -0.0921183 -8.68112e-17)
(0.440719 -0.0813439 -1.85135e-16)
(0.388145 -0.070626 1.97551e-16)
(0.346915 -0.0613085 -1.04354e-16)
(0.317369 -0.0542789 -1.0769e-16)
(0.298371 -0.049787 1.07542e-16)
(0.287861 -0.047505 3.63748e-20)
(0.283701 -0.04685 -9.77543e-17)
(0.284226 -0.0472107 9.06418e-17)
(0.288598 -0.0484669 1.22015e-19)
(0.296603 -0.0502801 7.59682e-17)
(0.308446 -0.0528106 0)
(0.324583 -0.0560351 0)
(0.345463 -0.0600733 0)
(0.371815 -0.0648867 -4.89517e-17)
(0.403767 -0.0704981 0)
(0.441816 -0.0776798 9.4076e-19)
(0.485422 -0.0854331 -3.02271e-17)
(0.536859 -0.0940207 0)
(0.581988 -0.101423 6.33919e-17)
(0.636507 -0.114965 0)
(0.674862 -0.132389 0)
(0.814316 -0.133603 5.69465e-17)
(0.972282 0.227668 -2.00504e-19)
(0.967264 0.223865 0)
(0.963577 0.218875 1.50063e-16)
(0.961399 0.214412 0)
(0.959915 0.209738 1.36429e-16)
(0.958748 0.204683 0)
(0.957898 0.199343 0)
(0.957364 0.193782 0)
(0.957071 0.188007 2.21548e-16)
(0.956896 0.181998 4.18461e-16)
(0.956694 0.175725 1.97862e-16)
(0.956303 0.169155 3.73184e-16)
(0.955557 0.162252 0)
(0.954303 0.154977 1.66437e-16)
(0.952417 0.1473 1.57144e-16)
(0.949799 0.139204 -2.96488e-16)
(0.946525 0.130873 0)
(0.942758 0.122556 0)
(0.938617 0.11433 0)
(0.934188 0.106213 2.70081e-16)
(0.929533 0.0982157 -1.32779e-16)
(0.924683 0.0903414 -1.31034e-16)
(0.919639 0.0825887 -6.49935e-17)
(0.914369 0.0749554 6.44518e-17)
(0.90883 0.0674441 6.38949e-17)
(0.902984 0.0600657 0)
(0.896834 0.0528445 -6.38242e-17)
(0.890446 0.0458159 0)
(0.883981 0.0390238 -3.19509e-17)
(0.877706 0.0325193 3.20552e-17)
(0.871978 0.0263485 -3.22222e-17)
(0.867211 0.0205236 0)
(0.863828 0.0150029 1.60921e-17)
(0.862193 0.00972884 0)
(0.862542 0.00460554 0)
(0.864919 -0.00048922 0)
(0.869149 -0.00568199 0)
(0.874845 -0.0110817 -7.51038e-18)
(0.881443 -0.0167594 -1.47096e-17)
(0.888278 -0.02274 1.44182e-17)
(0.894651 -0.0290085 -5.00023e-20)
(0.899893 -0.0355431 0)
(0.903467 -0.0422231 -2.76208e-17)
(0.904906 -0.0489686 -2.75663e-17)
(0.9038 -0.0556915 0)
(0.899774 -0.0623062 2.79417e-17)
(0.892451 -0.0687302 0)
(0.881402 -0.0748875 0)
(0.866096 -0.0806858 3.09801e-17)
(0.845851 -0.0860114 6.50256e-17)
(0.819797 -0.0906937 0)
(0.786877 -0.0944682 -7.2213e-17)
(0.745973 -0.096922 -7.63198e-17)
(0.696336 -0.0975209 0)
(0.638359 -0.0957462 8.51322e-17)
(0.57427 -0.0913456 9.00011e-17)
(0.508107 -0.084535 9.54767e-17)
(0.444791 -0.0760448 1.01816e-16)
(0.388833 -0.0669756 2.18006e-16)
(0.343385 -0.0585387 -1.35539e-20)
(0.3098 -0.0517447 -1.22138e-16)
(0.287605 -0.047135 0)
(0.274903 -0.0446796 -1.23217e-16)
(0.269203 -0.0439253 -2.36656e-16)
(0.268402 -0.0443384 2.23127e-16)
(0.271111 -0.0454982 -1.04254e-16)
(0.276868 -0.047349 -9.64799e-17)
(0.28573 -0.049678 0)
(0.298092 -0.0526792 -8.29874e-17)
(0.314577 -0.0565176 0)
(0.33584 -0.0614179 0)
(0.362774 -0.0674764 -6.16418e-17)
(0.395242 -0.0744775 0)
(0.433262 -0.0827659 3.73774e-17)
(0.475531 -0.0896377 -3.09453e-17)
(0.52509 -0.0955159 0)
(0.570723 -0.100761 -8.01745e-17)
(0.6335 -0.114833 0)
(0.681788 -0.139055 0)
(0.84443 -0.161752 -7.29767e-17)
(0.972083 0.228534 -1.80773e-16)
(0.967024 0.223783 0)
(0.963286 0.217978 1.72339e-16)
(0.960453 0.213123 0)
(0.957559 0.208301 1.5538e-16)
(0.954098 0.203141 0)
(0.949836 0.19755 0)
(0.944563 0.19146 0)
(0.938146 0.18485 4.2413e-19)
(0.930662 0.177756 4.07248e-19)
(0.922387 0.17026 -2.17592e-16)
(0.913706 0.162467 -2.04831e-16)
(0.905001 0.15447 0)
(0.896578 0.146332 -3.63693e-16)
(0.88863 0.138082 -1.71178e-16)
(0.881239 0.129728 3.2301e-16)
(0.874565 0.121439 0)
(0.868678 0.11341 1.53214e-16)
(0.863452 0.105649 1.50327e-16)
(0.858729 0.0981177 -1.47556e-16)
(0.854362 0.0907784 0)
(0.850212 0.0835995 -1.44027e-16)
(0.846145 0.0765576 7.11779e-17)
(0.84203 0.0696356 -7.06715e-17)
(0.837746 0.0628251 7.04976e-17)
(0.833203 0.0561284 0)
(0.828362 0.0495606 -1.45264e-19)
(0.823262 0.0431479 0)
(0.81804 0.036925 0)
(0.812954 0.0309109 0)
(0.808356 0.0251351 -6.69602e-20)
(0.804669 0.019612 0)
(0.80234 0.0143127 -1.79185e-17)
(0.80176 0.00921037 8.94596e-18)
(0.803188 0.00422695 0)
(0.806673 -0.000735681 0)
(0.812033 -0.00577697 -8.64422e-18)
(0.818854 -0.0109808 0)
(0.826536 -0.0163984 0)
(0.834382 -0.0220431 1.6353e-17)
(0.841638 -0.0278894 -4.30163e-20)
(0.847613 -0.0339061 -3.18609e-17)
(0.851825 -0.0400709 -3.15131e-17)
(0.853824 -0.0462597 3.13229e-17)
(0.853142 -0.0523725 0)
(0.849286 -0.0583197 0)
(0.841727 -0.0639829 0)
(0.829887 -0.0692488 0)
(0.813116 -0.0739887 -3.54576e-17)
(0.790697 -0.0780576 1.4537e-19)
(0.761853 -0.0812739 0)
(0.725804 -0.083409 0)
(0.681944 -0.0841567 8.84848e-17)
(0.630255 -0.0831901 0)
(0.571881 -0.0802775 0)
(0.509522 -0.0754465 -1.07005e-16)
(0.447258 -0.069072 0)
(0.389699 -0.0618647 -1.23279e-16)
(0.340848 -0.0547424 -2.65153e-16)
(0.303228 -0.0486324 -1.41385e-16)
(0.277422 -0.0442069 1.47755e-16)
(0.262129 -0.0416739 0)
(0.254863 -0.0408063 1.4848e-16)
(0.253025 -0.0411543 2.87505e-16)
(0.254785 -0.0423291 -1.37467e-16)
(0.259125 -0.0440566 1.30389e-16)
(0.265915 -0.0463097 1.23118e-16)
(0.27541 -0.0490774 0)
(0.288181 -0.0525119 -3.30751e-19)
(0.305083 -0.0570569 0)
(0.327143 -0.0629326 0)
(0.355346 -0.0703281 8.36279e-17)
(0.388565 -0.0784901 0)
(0.425104 -0.0865752 0)
(0.462029 -0.0907093 4.2139e-17)
(0.504397 -0.0923874 -5.24236e-17)
(0.546705 -0.094689 0)
(0.62064 -0.111882 -1.54451e-16)
(0.68657 -0.147409 0)
(0.89241 -0.200286 0)
(0.978361 0.231653 0)
(0.968367 0.227656 1.91507e-16)
(0.950667 0.218757 -1.87267e-16)
(0.929872 0.209098 1.80624e-16)
(0.908814 0.199507 2.46358e-19)
(0.888444 0.190225 1.64191e-16)
(0.869468 0.181425 0)
(0.852461 0.173114 2.93366e-16)
(0.837776 0.16527 -2.75717e-16)
(0.8255 0.157826 -2.593e-16)
(0.815454 0.15068 0)
(0.807275 0.143715 0)
(0.80054 0.13682 0)
(0.794863 0.129904 2.04134e-16)
(0.789935 0.122899 0)
(0.785528 0.115759 -1.81892e-16)
(0.781589 0.108604 0)
(0.778092 0.101604 2.6604e-19)
(0.77494 0.0947818 -1.71147e-16)
(0.772031 0.0881186 0)
(0.769272 0.0816036 0)
(0.766571 0.0752099 1.65655e-16)
(0.763827 0.0689201 0)
(0.760932 0.0627233 8.20785e-17)
(0.757785 0.0566152 -8.17978e-17)
(0.754314 0.0505995 0)
(0.750493 0.0446895 8.21181e-17)
(0.74638 0.0389071 0)
(0.742129 0.0332801 0)
(0.738014 0.0278183 0)
(0.734406 0.0225422 4.21439e-17)
(0.731738 0.0174547 0)
(0.730455 0.0125301 0)
(0.730938 0.00774353 -1.05989e-17)
(0.733419 0.00303165 0)
(0.737914 -0.00168229 0)
(0.744199 -0.00647273 -1.84086e-20)
(0.751822 -0.0113975 0)
(0.760139 -0.016488 0)
(0.768441 -0.0217361 4.26147e-20)
(0.775877 -0.0271118 1.91632e-17)
(0.781979 -0.0326037 3.78878e-17)
(0.786782 -0.0382415 3.751e-17)
(0.789475 -0.0437908 3.7508e-17)
(0.789121 -0.0490809 0)
(0.784926 -0.0540748 3.83617e-17)
(0.77626 -0.0586701 0)
(0.762612 -0.0627574 0)
(0.743528 -0.0662324 4.26527e-17)
(0.718575 -0.0689709 9.5537e-20)
(0.687307 -0.0707985 0)
(0.649317 -0.0715301 -1.01856e-16)
(0.604465 -0.0709668 -2.18586e-16)
(0.553289 -0.0689447 0)
(0.49741 -0.0654395 1.27199e-16)
(0.439682 -0.0606535 1.37724e-16)
(0.383945 -0.0550481 0)
(0.334311 -0.0492979 0)
(0.294131 -0.0441706 1.74222e-16)
(0.265116 -0.0402858 0)
(0.246985 -0.0379679 0)
(0.23782 -0.0371324 0)
(0.234984 -0.0374719 -1.97873e-16)
(0.236114 -0.0386188 -1.95318e-16)
(0.239795 -0.040347 0)
(0.245373 -0.0424489 -1.85429e-16)
(0.252924 -0.0449861 -1.78717e-16)
(0.262874 -0.0480572 1.7202e-16)
(0.275881 -0.0519289 3.2976e-16)
(0.293146 -0.0571216 0)
(0.31627 -0.0640662 0)
(0.346561 -0.0730354 0)
(0.381465 -0.0824513 0)
(0.415559 -0.0894322 -8.1959e-17)
(0.442108 -0.0898199 5.99718e-17)
(0.469213 -0.0865956 8.02765e-17)
(0.500388 -0.0852956 -1.3785e-16)
(0.584302 -0.105933 8.59568e-18)
(0.677272 -0.155128 0)
(0.96732 -0.246558 2.34651e-16)
(0.919204 0.209238 2.15652e-16)
(0.840485 0.192227 -4.57438e-16)
(0.786787 0.179862 0)
(0.75033 0.170055 1.41407e-19)
(0.723504 0.161511 -2.18933e-16)
(0.703385 0.153939 -2.09845e-16)
(0.688655 0.147272 0)
(0.67826 0.141307 -3.78106e-16)
(0.671071 0.135812 0)
(0.666017 0.130575 0)
(0.662258 0.125434 0)
(0.659234 0.120281 0)
(0.656629 0.115051 0)
(0.654289 0.109704 2.67063e-16)
(0.65215 0.104213 0)
(0.650165 0.0985576 2.38727e-16)
(0.648499 0.0928584 2.32487e-16)
(0.647044 0.0872386 -4.57357e-16)
(0.645704 0.0817176 0)
(0.644425 0.0762886 2.22785e-16)
(0.643149 0.0709584 -2.20491e-16)
(0.641808 0.0657108 0)
(0.64032 0.0605335 -1.08652e-16)
(0.638594 0.0554182 -1.08148e-16)
(0.636546 0.0503612 0)
(0.634124 0.0453637 -1.08203e-16)
(0.631323 0.0404327 1.08602e-16)
(0.628222 0.0355805 0)
(0.624993 0.0308227 0)
(0.621923 0.0261786 5.54854e-17)
(0.619385 0.0216627 -5.59176e-17)
(0.617797 0.0172811 0)
(0.617575 0.0130245 0)
(0.619055 0.00886663 -1.40971e-17)
(0.622409 0.00476419 7.00974e-18)
(0.627592 0.000669093 0)
(0.634318 -0.00346484 1.36597e-17)
(0.642091 -0.00767315 0)
(0.650257 -0.0119769 0)
(0.65804 -0.0163655 2.66012e-20)
(0.664864 -0.0208293 5.07587e-17)
(0.66959 -0.0253708 0)
(0.670323 -0.0298856 0)
(0.666688 -0.0341796 -4.99622e-17)
(0.658807 -0.0381034 5.07237e-17)
(0.646895 -0.0416775 -5.19657e-17)
(0.631126 -0.0448745 0)
(0.611572 -0.0476446 5.65199e-17)
(0.588169 -0.0499344 -5.98024e-17)
(0.560745 -0.0516519 4.2469e-20)
(0.529108 -0.0526333 0)
(0.493229 -0.0527251 3.6676e-21)
(0.453472 -0.0518112 3.25666e-16)
(0.410801 -0.0498398 0)
(0.366853 -0.0468784 -7.03643e-20)
(0.32387 -0.0431491 0)
(0.284555 -0.0390507 0)
(0.251681 -0.035166 0)
(0.227314 -0.0321641 2.62897e-16)
(0.211952 -0.0304256 0)
(0.204375 -0.0299683 2.85782e-16)
(0.202435 -0.0304985 0)
(0.204074 -0.0316973 0)
(0.20781 -0.0333186 0)
(0.212845 -0.0352356 0)
(0.219112 -0.0373984 -9.41566e-20)
(0.226883 -0.0398864 0)
(0.236733 -0.0428059 -5.69159e-16)
(0.249193 -0.0464371 -2.78904e-16)
(0.265611 -0.0510058 2.72989e-16)
(0.288058 -0.0568805 0)
(0.318688 -0.0643263 0)
(0.355466 -0.0722511 0)
(0.388581 -0.0783992 1.5151e-16)
(0.403281 -0.0819101 -1.11731e-18)
(0.409719 -0.0886082 0)
(0.411584 -0.100294 2.38849e-16)
(0.449614 -0.119205 3.91641e-16)
(0.533215 -0.150845 0)
(0.85123 -0.218937 -4.34585e-16)
)
;

boundaryField
{
    inlet
    {
        type            fixedValue;
        value           uniform (0.97437 0.22495 0);
    }
    outlet
    {
        type            zeroGradient;
    }
    fixedWalls
    {
        type            noSlip;
    }
    frontAndBack
    {
        type            empty;
    }
}


// ************************************************************************* //
