/*--------------------------------*- C++ -*----------------------------------*\
| =========                 |                                                 |
| \\      /  F ield         | OpenFOAM: The Open Source CFD Toolbox           |
|  \\    /   O peration     | Version:  v1912                                 |
|   \\  /    A nd           | Website:  www.openfoam.com                      |
|    \\/     M anipulation  |                                                 |
\*---------------------------------------------------------------------------*/
FoamFile
{
    version     2.0;
    format      ascii;
    class       volScalarField;
    location    "800";
    object      p_rgh;
}
// * * * * * * * * * * * * * * * * * * * * * * * * * * * * * * * * * * * * * //

dimensions      [0 2 -2 0 0 0 0];


internalField   nonuniform List<scalar> 
4000
(
2.4479
2.44757
2.44742
2.44768
2.4481
2.44806
2.44806
2.44806
2.44804
2.44805
2.44801
2.44805
2.44806
2.44805
2.44806
2.4481
2.44765
2.4474
2.44758
2.44793
2.44715
2.44687
2.44675
2.4471
2.44736
2.44743
2.44741
2.44737
2.44739
2.44747
2.44741
2.44738
2.44737
2.44741
2.44742
2.44735
2.44707
2.44674
2.44687
2.44716
2.44689
2.44655
2.44631
2.44655
2.44682
2.44696
2.44703
2.44705
2.44702
2.44699
2.44699
2.44703
2.44705
2.44703
2.44696
2.44682
2.44655
2.44631
2.44656
2.44691
2.44676
2.4463
2.44593
2.44575
2.44601
2.44632
2.44653
2.44661
2.44663
2.44665
2.44665
2.44663
2.44661
2.44653
2.44632
2.44602
2.44577
2.44594
2.44632
2.44678
2.44681
2.44621
2.44575
2.44542
2.44525
2.44533
2.44555
2.44575
2.44591
2.44596
2.44593
2.44587
2.44571
2.44552
2.44531
2.44527
2.44545
2.44577
2.44623
2.44684
2.447
2.44626
2.4457
2.4453
2.44504
2.44489
2.44481
2.44477
2.44477
2.44482
2.44482
2.44478
2.44478
2.44483
2.44491
2.44507
2.44532
2.44572
2.44628
2.44703
2.44734
2.44644
2.44578
2.44528
2.44496
2.44473
2.44458
2.44449
2.44447
2.44454
2.44454
2.44449
2.44451
2.4446
2.44475
2.44498
2.44531
2.4458
2.44647
2.44738
2.44791
2.4468
2.44602
2.44542
2.445
2.44469
2.44447
2.44432
2.44427
2.44436
2.44437
2.44429
2.44434
2.44449
2.44471
2.44502
2.44544
2.44605
2.44684
2.44795
2.44879
2.44745
2.44653
2.44582
2.4453
2.4449
2.44461
2.44439
2.44431
2.44441
2.44442
2.44433
2.44442
2.44463
2.44493
2.44533
2.44585
2.44656
2.44748
2.44884
2.44961
2.44834
2.44749
2.4468
2.44628
2.44586
2.44553
2.44528
2.44516
2.44525
2.44526
2.44518
2.44531
2.44556
2.44589
2.44631
2.44684
2.44753
2.44838
2.44966
2.44757
2.44749
2.44751
2.44775
2.44812
2.44807
2.44804
2.44805
2.44806
2.44801
2.44805
2.44804
2.44805
2.44804
2.44807
2.44811
2.44771
2.44747
2.44749
2.44759
2.44687
2.44682
2.44694
2.44727
2.44738
2.44746
2.44745
2.44738
2.44737
2.44738
2.4474
2.44738
2.44738
2.44745
2.44745
2.44737
2.44722
2.4469
2.44681
2.44689
2.44655
2.44647
2.4464
2.44667
2.44687
2.447
2.44704
2.44707
2.44703
2.44698
2.44698
2.44704
2.44707
2.44704
2.44699
2.44686
2.44666
2.44639
2.44648
2.44657
2.4463
2.44618
2.44597
2.44591
2.44612
2.44636
2.44654
2.44663
2.44666
2.44668
2.44668
2.44666
2.44663
2.44655
2.44637
2.44614
2.44593
2.44598
2.44619
2.44634
2.44621
2.44601
2.44572
2.44546
2.44542
2.44561
2.44585
2.44602
2.44613
2.44617
2.44616
2.44611
2.446
2.44583
2.44561
2.44543
2.44548
2.44573
2.44603
2.44625
2.44626
2.44591
2.44552
2.44519
2.445
2.44505
2.44516
2.44525
2.44529
2.44532
2.44532
2.44529
2.44524
2.44515
2.44505
2.44502
2.4452
2.44554
2.44594
2.4463
2.44644
2.44586
2.44535
2.44493
2.44471
2.44462
2.44465
2.44469
2.44471
2.44475
2.44475
2.44471
2.44469
2.44465
2.44463
2.44473
2.44495
2.44536
2.44588
2.44649
2.4468
2.44588
2.44525
2.44474
2.44443
2.44424
2.44415
2.44413
2.44415
2.44423
2.44423
2.44416
2.44413
2.44416
2.44426
2.44444
2.44476
2.44527
2.44591
2.44686
2.44745
2.44617
2.44532
2.44468
2.44424
2.44391
2.44368
2.44352
2.44346
2.44352
2.44353
2.44347
2.44354
2.4437
2.44393
2.44426
2.4447
2.44536
2.44621
2.4475
2.44834
2.44705
2.44614
2.44535
2.44471
2.44414
2.44368
2.44332
2.44314
2.44323
2.44325
2.44317
2.44334
2.4437
2.44417
2.44474
2.44539
2.44618
2.44709
2.4484
2.44742
2.4475
2.44767
2.44805
2.44813
2.44806
2.44803
2.44804
2.44804
2.44805
2.44802
2.44805
2.44804
2.44803
2.44806
2.44814
2.44792
2.44761
2.44748
2.4474
2.44675
2.44694
2.44719
2.44739
2.44741
2.4475
2.44746
2.44739
2.44737
2.44737
2.44737
2.44737
2.44739
2.44747
2.44749
2.4474
2.44742
2.44713
2.4469
2.44674
2.44631
2.4464
2.4466
2.44678
2.44692
2.44702
2.44706
2.44709
2.44703
2.44698
2.44698
2.44704
2.4471
2.44707
2.44703
2.44694
2.44681
2.44658
2.44639
2.44631
2.44593
2.44597
2.44595
2.44599
2.44618
2.44639
2.44655
2.44664
2.44669
2.4467
2.4467
2.44669
2.44664
2.44656
2.44641
2.44621
2.44603
2.44596
2.44599
2.44596
2.44575
2.44572
2.44563
2.4455
2.44554
2.44575
2.44598
2.44615
2.44625
2.44628
2.44627
2.44624
2.44614
2.44597
2.44575
2.44556
2.44552
2.44565
2.44574
2.44579
2.4457
2.44552
2.4454
2.44522
2.44515
2.44526
2.44545
2.4456
2.44568
2.4457
2.4457
2.44567
2.44559
2.44544
2.44526
2.44515
2.44524
2.44541
2.44555
2.44574
2.44578
2.44535
2.44514
2.44494
2.44484
2.44488
2.445
2.4451
2.44515
2.44518
2.44518
2.44515
2.4451
2.445
2.44488
2.44485
2.44495
2.44516
2.44538
2.44583
2.44602
2.44525
2.44489
2.44464
2.44457
2.44457
2.44461
2.44466
2.44469
2.44474
2.44474
2.4447
2.44467
2.44462
2.44458
2.44459
2.44466
2.44491
2.44528
2.44607
2.44653
2.44532
2.44469
2.44428
2.44405
2.44392
2.44384
2.4438
2.44383
2.44397
2.44398
2.44384
2.44381
2.44385
2.44393
2.44407
2.4443
2.44472
2.44537
2.44659
2.44749
2.44614
2.44523
2.44441
2.44372
2.44308
2.44252
2.44206
2.44181
2.44191
2.44193
2.44184
2.44209
2.44255
2.44311
2.44375
2.44445
2.44527
2.44619
2.44755
2.44768
2.44775
2.44805
2.44814
2.44809
2.44804
2.44803
2.44803
2.44803
2.44804
2.44804
2.44803
2.44803
2.44803
2.44804
2.44809
2.44814
2.44792
2.44771
2.44764
2.4471
2.44727
2.44738
2.44739
2.44748
2.44752
2.44745
2.44739
2.44736
2.44736
2.44736
2.44736
2.4474
2.44746
2.44752
2.44748
2.4474
2.44741
2.44722
2.44706
2.44655
2.44667
2.44678
2.44688
2.44698
2.44704
2.44709
2.44709
2.44702
2.44697
2.44697
2.44703
2.4471
2.4471
2.44705
2.447
2.44692
2.44681
2.44665
2.44652
2.44575
2.44591
2.44599
2.44611
2.44629
2.44646
2.44658
2.44666
2.4467
2.44668
2.44668
2.4467
2.44666
2.44658
2.44646
2.44631
2.44615
2.44602
2.44591
2.44576
2.44542
2.44546
2.4455
2.44553
2.44566
2.44586
2.44606
2.44622
2.44629
2.44634
2.44634
2.44628
2.4462
2.44605
2.44585
2.44566
2.44554
2.44552
2.44548
2.44546
2.4453
2.44518
2.44522
2.44522
2.44526
2.44541
2.44562
2.44578
2.44587
2.4459
2.4459
2.44587
2.44577
2.44561
2.44541
2.44527
2.44523
2.44524
2.44521
2.44534
2.44528
2.44493
2.44494
2.44493
2.44496
2.44506
2.44522
2.44535
2.44542
2.44546
2.44546
2.44542
2.44535
2.44522
2.44507
2.44497
2.44495
2.44496
2.44496
2.44533
2.44542
2.44474
2.44464
2.44466
2.44471
2.44478
2.44487
2.44493
2.44498
2.44503
2.44503
2.44498
2.44494
2.44487
2.44479
2.44473
2.44467
2.44467
2.44477
2.44547
2.44582
2.44468
2.44428
2.44414
2.44412
2.44404
2.44395
2.44387
2.44387
2.44403
2.44404
2.44388
2.44388
2.44396
2.44405
2.44413
2.44416
2.44431
2.44472
2.44587
2.4468
2.44535
2.44441
2.44357
2.44285
2.44216
2.44151
2.44096
2.44064
2.44069
2.44071
2.44067
2.44099
2.44154
2.44219
2.44289
2.44361
2.44445
2.4454
2.44686
2.4481
2.44811
2.44813
2.44809
2.44806
2.44803
2.44802
2.44802
2.44802
2.44803
2.44803
2.44802
2.44801
2.44801
2.44803
2.44806
2.44809
2.44814
2.44811
2.4481
2.44736
2.44738
2.44741
2.44748
2.44752
2.4475
2.44744
2.44739
2.44736
2.44736
2.44736
2.44736
2.44739
2.44744
2.4475
2.44753
2.44747
2.44739
2.44736
2.44734
2.44682
2.44687
2.44692
2.44698
2.44703
2.44707
2.44711
2.44708
2.44701
2.44696
2.44696
2.44702
2.44709
2.44712
2.44709
2.44705
2.447
2.44693
2.44685
2.44679
2.44601
2.44612
2.44618
2.44629
2.44642
2.44653
2.44662
2.44668
2.44671
2.44666
2.44667
2.44671
2.44668
2.44661
2.44653
2.44642
2.4463
2.44619
2.44611
2.44598
2.44525
2.44541
2.44554
2.44566
2.4458
2.44598
2.44614
2.44626
2.44633
2.44637
2.44637
2.44632
2.44624
2.44612
2.44596
2.44579
2.44566
2.44555
2.44542
2.44528
2.44504
2.445
2.44515
2.44526
2.44538
2.44555
2.44573
2.44588
2.44597
2.446
2.44599
2.44596
2.44587
2.44572
2.44554
2.44538
2.44527
2.44516
2.44502
2.44508
2.44496
2.44471
2.44484
2.44496
2.44507
2.4452
2.44535
2.44548
2.44557
2.44562
2.44562
2.44557
2.44548
2.44535
2.44521
2.44508
2.44497
2.44486
2.44474
2.445
2.445
2.44443
2.44457
2.44471
2.44482
2.44491
2.44498
2.44504
2.44509
2.44516
2.44517
2.4451
2.44505
2.44499
2.44492
2.44483
2.44473
2.44459
2.44446
2.44505
2.4453
2.44424
2.44405
2.44412
2.44409
2.44396
2.4438
2.44367
2.44364
2.44383
2.44384
2.44365
2.44368
2.44381
2.44397
2.4441
2.44413
2.44408
2.44428
2.44535
2.44628
2.44471
2.44372
2.44285
2.44207
2.44125
2.44046
2.43977
2.43931
2.43921
2.43924
2.43934
2.4398
2.4405
2.44129
2.44211
2.44289
2.44376
2.44476
2.44633
2.44806
2.44807
2.44806
2.44804
2.44803
2.44802
2.448
2.448
2.448
2.448
2.448
2.44799
2.44799
2.448
2.44801
2.44803
2.44804
2.44806
2.44807
2.44807
2.44743
2.44746
2.4475
2.44752
2.4475
2.44746
2.44742
2.44738
2.44735
2.44735
2.44735
2.44735
2.44738
2.44742
2.44746
2.4475
2.44752
2.44749
2.44745
2.44741
2.44696
2.447
2.44702
2.44703
2.44707
2.44711
2.4471
2.44706
2.44699
2.44695
2.44695
2.447
2.44706
2.44711
2.44712
2.44709
2.44705
2.44702
2.44698
2.44694
2.44632
2.44636
2.44639
2.44646
2.44653
2.4466
2.44666
2.44671
2.4467
2.44665
2.44666
2.4467
2.4467
2.44665
2.44659
2.44653
2.44646
2.44639
2.44635
2.44629
2.44533
2.44561
2.44575
2.44586
2.44598
2.4461
2.44622
2.4463
2.44636
2.44638
2.44637
2.44634
2.44628
2.44619
2.44608
2.44596
2.44584
2.44573
2.44559
2.4453
2.44489
2.44504
2.44526
2.44541
2.44555
2.44569
2.44583
2.44595
2.44602
2.44606
2.44606
2.44601
2.44594
2.44581
2.44567
2.44554
2.44541
2.44526
2.44505
2.44492
2.44473
2.44462
2.44488
2.44506
2.4452
2.44533
2.44545
2.44557
2.44565
2.44571
2.44572
2.44565
2.44557
2.44545
2.44533
2.4452
2.44507
2.44488
2.44464
2.44477
2.44469
2.44424
2.44457
2.44478
2.44491
2.44498
2.44503
2.44508
2.44514
2.44523
2.44524
2.44515
2.44509
2.44504
2.44499
2.44492
2.4448
2.44459
2.44427
2.44473
2.4449
2.44391
2.44392
2.44404
2.44396
2.44377
2.44354
2.44336
2.44333
2.4435
2.44352
2.44335
2.44338
2.44356
2.44379
2.44398
2.44406
2.44395
2.44396
2.44496
2.44586
2.44414
2.44308
2.44216
2.44125
2.44029
2.43933
2.43846
2.4378
2.43747
2.43751
2.43784
2.4385
2.43937
2.44033
2.4413
2.44221
2.44313
2.44419
2.44591
2.44806
2.44804
2.44804
2.44803
2.44802
2.448
2.44799
2.44797
2.44796
2.44796
2.44795
2.44796
2.44797
2.44798
2.448
2.44801
2.44803
2.44803
2.44804
2.44806
2.44741
2.44745
2.44746
2.44745
2.44744
2.44742
2.44739
2.44736
2.44733
2.44733
2.44732
2.44733
2.44736
2.44739
2.44742
2.44744
2.44746
2.44747
2.44746
2.44741
2.44703
2.44704
2.44706
2.44709
2.44711
2.4471
2.44707
2.44703
2.44697
2.44693
2.44693
2.44698
2.44703
2.44708
2.44711
2.44712
2.44709
2.44706
2.44703
2.44702
2.44653
2.44654
2.44655
2.44658
2.44662
2.44666
2.4467
2.44671
2.44669
2.44663
2.44664
2.44669
2.44671
2.44669
2.44665
2.44661
2.44658
2.44655
2.44653
2.44651
2.44555
2.44585
2.44598
2.44606
2.44614
2.44622
2.44628
2.44633
2.44637
2.44637
2.44637
2.44636
2.44631
2.44626
2.44619
2.44612
2.44605
2.44596
2.44582
2.44551
2.44481
2.44516
2.44545
2.44561
2.44573
2.44583
2.44592
2.44601
2.44605
2.44609
2.44609
2.44605
2.446
2.44591
2.44581
2.44571
2.4456
2.44544
2.44515
2.44484
2.44458
2.44465
2.445
2.44522
2.44535
2.44545
2.44555
2.44564
2.4457
2.44576
2.44577
2.44571
2.44564
2.44555
2.44545
2.44535
2.44522
2.445
2.44466
2.44461
2.44447
2.44415
2.44461
2.44487
2.44498
2.44503
2.44506
2.4451
2.44515
2.44524
2.44525
2.44516
2.44511
2.44507
2.44504
2.445
2.44488
2.44463
2.44418
2.44451
2.44461
2.44368
2.44384
2.44395
2.4438
2.44354
2.44326
2.44305
2.44295
2.44265
2.44267
2.44297
2.44307
2.44328
2.44357
2.44382
2.44397
2.44387
2.44372
2.44466
2.44553
2.44368
2.44252
2.44151
2.44046
2.43933
2.43818
2.43707
2.43609
2.43542
2.43548
2.43614
2.43712
2.43823
2.43938
2.44051
2.44156
2.44257
2.44373
2.44558
2.44807
2.44805
2.44805
2.44803
2.44801
2.448
2.44797
2.44794
2.4479
2.44783
2.44783
2.4479
2.44793
2.44797
2.44799
2.44801
2.44802
2.44804
2.44805
2.44806
2.44737
2.44738
2.44738
2.44739
2.44739
2.44738
2.44736
2.44733
2.4473
2.44728
2.44728
2.4473
2.44733
2.44736
2.44738
2.44739
2.44739
2.44739
2.44739
2.44737
2.44705
2.44707
2.44709
2.44709
2.44708
2.44706
2.44703
2.44699
2.44694
2.4469
2.4469
2.44694
2.44699
2.44703
2.44706
2.44709
2.4471
2.44709
2.44707
2.44705
2.44661
2.44663
2.44664
2.44666
2.44668
2.44671
2.44671
2.4467
2.44666
2.44657
2.44658
2.44666
2.4467
2.44671
2.4467
2.44668
2.44665
2.44664
2.44662
2.4466
2.44575
2.44602
2.44615
2.44622
2.44626
2.4463
2.44633
2.44637
2.44638
2.44623
2.44624
2.44637
2.44636
2.44632
2.44628
2.44624
2.4462
2.44613
2.446
2.4457
2.44477
2.44524
2.4456
2.44578
2.44588
2.44595
2.44601
2.44606
2.44607
2.44593
2.44594
2.44606
2.44605
2.446
2.44594
2.44587
2.44577
2.44559
2.44524
2.4448
2.44449
2.44469
2.4451
2.44535
2.44548
2.44557
2.44564
2.44571
2.44574
2.4456
2.44562
2.44575
2.44571
2.44564
2.44557
2.44548
2.44535
2.44511
2.4447
2.44452
2.44432
2.44413
2.44466
2.44493
2.44504
2.44508
2.4451
2.44514
2.44516
2.44491
2.44493
2.44517
2.44515
2.44511
2.4451
2.44506
2.44495
2.44468
2.44415
2.44436
2.44439
2.44352
2.4438
2.44387
2.44367
2.44336
2.44305
2.44278
2.4423
2.44035
2.4404
2.44233
2.4428
2.44307
2.44339
2.44369
2.4439
2.44383
2.44356
2.44444
2.44528
2.44332
2.44206
2.44096
2.43977
2.43846
2.43707
2.43563
2.43426
2.43332
2.4334
2.43432
2.43569
2.43713
2.43852
2.43982
2.44101
2.44211
2.44337
2.44533
2.44806
2.44804
2.44806
2.44804
2.44802
2.448
2.44796
2.4479
2.44783
2.44758
2.44758
2.44782
2.4479
2.44796
2.44799
2.44802
2.44803
2.44805
2.44804
2.44805
2.4474
2.44738
2.44736
2.44736
2.44736
2.44735
2.44733
2.4473
2.44722
2.44686
2.44686
2.44722
2.4473
2.44733
2.44735
2.44736
2.44736
2.44737
2.44738
2.44739
2.44703
2.44703
2.44703
2.44702
2.44701
2.44699
2.44697
2.44694
2.44684
2.44625
2.44626
2.44684
2.44694
2.44697
2.447
2.44702
2.44703
2.44704
2.44704
2.44703
2.44663
2.44666
2.44669
2.4467
2.44671
2.4467
2.44669
2.44666
2.4465
2.44555
2.44558
2.44651
2.44666
2.44669
2.4467
2.44671
2.4467
2.44669
2.44666
2.44662
2.44591
2.44613
2.44625
2.44629
2.44633
2.44636
2.44637
2.44638
2.44614
2.44477
2.44481
2.44614
2.44637
2.44636
2.44634
2.44632
2.44628
2.44623
2.4461
2.44585
2.44477
2.44529
2.44568
2.44587
2.44597
2.44602
2.44605
2.44607
2.44579
2.44396
2.44402
2.4458
2.44606
2.44605
2.44602
2.44596
2.44587
2.44567
2.44529
2.4448
2.44447
2.44471
2.44515
2.44542
2.44557
2.44565
2.4457
2.44574
2.44539
2.44306
2.44314
2.44541
2.44575
2.44571
2.44566
2.44557
2.44543
2.44516
2.44473
2.4445
2.44427
2.44415
2.44469
2.44498
2.44509
2.44514
2.44515
2.44516
2.44461
2.44098
2.44109
2.44464
2.44517
2.44517
2.44515
2.44511
2.445
2.44472
2.44418
2.44431
2.44431
2.44346
2.44383
2.44387
2.44364
2.44333
2.44295
2.4423
2.44042
2.43505
2.43515
2.44048
2.44234
2.44297
2.44336
2.44367
2.4439
2.44386
2.4435
2.44436
2.44516
2.44314
2.44181
2.44064
2.43931
2.4378
2.43609
2.43426
2.4326
2.43167
2.43177
2.43266
2.43433
2.43616
2.43786
2.43936
2.44069
2.44186
2.44319
2.44521
2.448
2.44806
2.44803
2.44804
2.44803
2.448
2.44796
2.44783
2.44758
2.4412
2.44122
2.44758
2.44783
2.44795
2.448
2.44802
2.44804
2.44802
2.44805
2.448
2.44745
2.44738
2.44737
2.44736
2.44736
2.44735
2.44733
2.44728
2.44686
2.43737
2.43741
2.44686
2.44728
2.44733
2.44735
2.44736
2.44736
2.44737
2.44739
2.44742
2.447
2.44698
2.44698
2.44697
2.44696
2.44695
2.44693
2.44689
2.44625
2.43376
2.43385
2.44626
2.4469
2.44693
2.44695
2.44696
2.44697
2.44698
2.44699
2.447
2.44666
2.44668
2.4467
2.44668
2.44666
2.44665
2.44663
2.44657
2.44555
2.43086
2.43099
2.44558
2.44657
2.44664
2.44666
2.44667
2.44668
2.4467
2.44668
2.44664
2.44596
2.44617
2.44627
2.44634
2.44637
2.44638
2.44637
2.44623
2.44477
2.42831
2.4285
2.4448
2.44623
2.44637
2.44638
2.44637
2.44633
2.44626
2.44615
2.4459
2.44482
2.44532
2.4457
2.4459
2.446
2.44606
2.44609
2.44593
2.44396
2.42609
2.42633
2.44401
2.44594
2.44609
2.44606
2.44599
2.4459
2.4457
2.44532
2.44484
2.44454
2.44475
2.44518
2.44546
2.44562
2.44571
2.44576
2.4456
2.44306
2.42398
2.42428
2.44314
2.44562
2.44577
2.44572
2.44562
2.44547
2.44519
2.44476
2.44457
2.44436
2.44423
2.44474
2.44503
2.44516
2.44523
2.44524
2.44491
2.44099
2.42219
2.42249
2.44114
2.44494
2.44525
2.44525
2.44518
2.44505
2.44476
2.44425
2.4444
2.44441
2.44352
2.44397
2.44403
2.44383
2.4435
2.44265
2.44035
2.43505
2.42179
2.42209
2.43518
2.44044
2.4427
2.44353
2.44386
2.44406
2.444
2.44357
2.44446
2.44525
2.44323
2.44191
2.44069
2.43921
2.43746
2.43542
2.43332
2.43167
2.43089
2.43108
2.43174
2.4334
2.4355
2.43753
2.43927
2.44075
2.44197
2.44329
2.44529
2.44805
2.44802
2.44805
2.44804
2.44803
2.448
2.44795
2.44783
2.44758
2.44122
2.44122
2.44758
2.44783
2.44795
2.448
2.44802
2.44804
2.44805
2.44801
2.44804
2.44744
2.44739
2.44737
2.44736
2.44736
2.44735
2.44732
2.44728
2.44686
2.43741
2.43742
2.44686
2.44728
2.44733
2.44735
2.44736
2.44736
2.44737
2.44739
2.44744
2.44699
2.44698
2.44698
2.44697
2.44696
2.44695
2.44693
2.4469
2.44626
2.43385
2.43386
2.44626
2.4469
2.44693
2.44695
2.44696
2.44697
2.44698
2.44699
2.447
2.44665
2.44668
2.4467
2.44668
2.44667
2.44666
2.44664
2.44658
2.44558
2.431
2.43102
2.44558
2.44658
2.44664
2.44666
2.44667
2.44668
2.4467
2.44668
2.44664
2.44593
2.44616
2.44627
2.44634
2.44636
2.44637
2.44637
2.44624
2.44481
2.4285
2.42854
2.44482
2.44624
2.44637
2.44637
2.44636
2.44633
2.44626
2.44614
2.44589
2.44482
2.44532
2.4457
2.4459
2.44599
2.44606
2.44609
2.44594
2.44402
2.42633
2.42638
2.44404
2.44594
2.44608
2.44606
2.44599
2.4459
2.4457
2.44532
2.44485
2.44454
2.44475
2.44518
2.44546
2.44562
2.44572
2.44577
2.44562
2.44314
2.42428
2.42435
2.44317
2.44563
2.44577
2.44572
2.44563
2.44547
2.44519
2.44476
2.44458
2.44437
2.44423
2.44474
2.44503
2.44517
2.44524
2.44525
2.44493
2.44109
2.4225
2.42257
2.44118
2.44495
2.44526
2.44525
2.44519
2.44505
2.44476
2.44425
2.44441
2.44442
2.44353
2.44398
2.44404
2.44384
2.44352
2.44267
2.4404
2.43515
2.4221
2.42216
2.43522
2.44046
2.44272
2.44355
2.44387
2.44407
2.44401
2.44357
2.44447
2.44526
2.44325
2.44193
2.44071
2.43925
2.43751
2.43548
2.4334
2.43177
2.43108
2.4311
2.43178
2.43343
2.43553
2.43756
2.4393
2.44077
2.44198
2.4433
2.44531
2.44806
2.44805
2.44803
2.44803
2.44802
2.44799
2.44796
2.4479
2.44782
2.44758
2.44758
2.44782
2.4479
2.44796
2.44799
2.44802
2.44803
2.44803
2.44805
2.44804
2.44739
2.44737
2.44737
2.44736
2.44736
2.44735
2.44733
2.4473
2.44722
2.44686
2.44686
2.44722
2.4473
2.44733
2.44735
2.44736
2.44736
2.44737
2.44737
2.44739
2.44703
2.44704
2.44704
2.44703
2.44702
2.447
2.44698
2.44694
2.44684
2.44626
2.44626
2.44684
2.44694
2.44698
2.447
2.44702
2.44703
2.44704
2.44704
2.44703
2.44663
2.44666
2.44669
2.4467
2.44671
2.4467
2.44669
2.44666
2.44651
2.44558
2.44558
2.44651
2.44666
2.44668
2.4467
2.4467
2.4467
2.44668
2.44666
2.44662
2.44587
2.44611
2.44623
2.44628
2.44631
2.44634
2.44636
2.44637
2.44614
2.4448
2.44482
2.44614
2.44636
2.44636
2.44634
2.44631
2.44628
2.44623
2.4461
2.44583
2.44478
2.44529
2.44567
2.44587
2.44596
2.44601
2.44605
2.44606
2.4458
2.44401
2.44403
2.4458
2.44606
2.44605
2.44601
2.44596
2.44587
2.44567
2.44529
2.44481
2.44448
2.44471
2.44515
2.44542
2.44557
2.44565
2.44571
2.44575
2.44541
2.44314
2.44317
2.44542
2.44575
2.44571
2.44566
2.44557
2.44543
2.44516
2.44473
2.44452
2.44429
2.44416
2.4447
2.44498
2.4451
2.44515
2.44516
2.44517
2.44464
2.44114
2.44118
2.44466
2.44518
2.44517
2.44516
2.44511
2.445
2.44472
2.44418
2.44433
2.44433
2.44347
2.44384
2.44388
2.44365
2.44335
2.44297
2.44233
2.44049
2.43518
2.43522
2.44055
2.44237
2.44299
2.44337
2.44368
2.4439
2.44387
2.44351
2.44437
2.44518
2.44317
2.44184
2.44067
2.43934
2.43784
2.43614
2.43432
2.43266
2.43174
2.43178
2.43268
2.43435
2.43618
2.43788
2.43938
2.44071
2.44187
2.44321
2.44521
2.44806
2.44805
2.44804
2.44802
2.44801
2.44799
2.44797
2.44793
2.4479
2.44783
2.44783
2.4479
2.44793
2.44797
2.44799
2.44801
2.44802
2.44804
2.44805
2.44806
2.44737
2.44738
2.44739
2.44739
2.44739
2.44738
2.44736
2.44733
2.4473
2.44728
2.44728
2.4473
2.44733
2.44736
2.44738
2.44739
2.44739
2.44739
2.44739
2.44737
2.44705
2.44707
2.4471
2.4471
2.44709
2.44706
2.44703
2.44699
2.44694
2.4469
2.4469
2.44694
2.44699
2.44703
2.44706
2.44708
2.4471
2.44709
2.44707
2.44705
2.44661
2.44663
2.44664
2.44666
2.44668
2.4467
2.44671
2.4467
2.44666
2.44657
2.44658
2.44666
2.4467
2.44671
2.4467
2.44667
2.44665
2.44663
2.44662
2.4466
2.44571
2.446
2.44614
2.4462
2.44624
2.44628
2.44631
2.44636
2.44637
2.44623
2.44624
2.44636
2.44635
2.44631
2.44628
2.44624
2.4462
2.44613
2.44599
2.44569
2.44478
2.44524
2.44559
2.44577
2.44587
2.44594
2.446
2.44605
2.44606
2.44594
2.44594
2.44606
2.44605
2.446
2.44594
2.44587
2.44577
2.44559
2.44524
2.44481
2.44451
2.44469
2.4451
2.44535
2.44548
2.44557
2.44564
2.44571
2.44575
2.44562
2.44563
2.44575
2.44571
2.44564
2.44557
2.44549
2.44536
2.44511
2.4447
2.44453
2.44434
2.44413
2.44467
2.44494
2.44505
2.44509
2.44511
2.44515
2.44517
2.44494
2.44495
2.44518
2.44516
2.44512
2.4451
2.44507
2.44496
2.44469
2.44416
2.44437
2.44442
2.44354
2.44381
2.44388
2.44368
2.44338
2.44307
2.4428
2.44234
2.44044
2.44046
2.44237
2.44282
2.44309
2.44341
2.4437
2.4439
2.44383
2.44357
2.44445
2.44531
2.44334
2.44209
2.44099
2.4398
2.4385
2.43712
2.43569
2.43433
2.4334
2.43344
2.43435
2.43572
2.43715
2.43854
2.43983
2.44102
2.44212
2.44337
2.44533
2.44805
2.44804
2.44803
2.44803
2.44801
2.448
2.44798
2.44797
2.44796
2.44795
2.44795
2.44796
2.44797
2.44798
2.448
2.44801
2.44803
2.44803
2.44804
2.44805
2.44741
2.44745
2.44747
2.44746
2.44744
2.44742
2.44739
2.44736
2.44733
2.44733
2.44733
2.44733
2.44736
2.44739
2.44742
2.44744
2.44746
2.44747
2.44746
2.44741
2.44703
2.44704
2.44707
2.4471
2.44712
2.44711
2.44708
2.44703
2.44697
2.44693
2.44693
2.44698
2.44703
2.44708
2.44711
2.44711
2.44709
2.44706
2.44703
2.44702
2.44653
2.44654
2.44656
2.44658
2.44661
2.44665
2.44669
2.44671
2.44669
2.44664
2.44664
2.44668
2.44671
2.44668
2.44665
2.44661
2.44658
2.44655
2.44653
2.44651
2.44552
2.44583
2.44597
2.44605
2.44612
2.44619
2.44626
2.44631
2.44636
2.44637
2.44637
2.44636
2.44631
2.44625
2.44619
2.44612
2.44604
2.44596
2.44582
2.44551
2.44483
2.44515
2.44544
2.44561
2.44572
2.44581
2.44591
2.446
2.44605
2.44609
2.44608
2.44605
2.446
2.44591
2.44581
2.44571
2.44561
2.44545
2.44516
2.44485
2.4446
2.44465
2.445
2.44522
2.44535
2.44545
2.44555
2.44564
2.44571
2.44577
2.44577
2.44571
2.44564
2.44555
2.44546
2.44536
2.44523
2.44501
2.44467
2.44462
2.44449
2.44416
2.44462
2.44487
2.44499
2.44504
2.44507
2.44511
2.44517
2.44525
2.44526
2.44517
2.44512
2.44508
2.44506
2.44501
2.44489
2.44464
2.44418
2.44452
2.44463
2.4437
2.44385
2.44396
2.44381
2.44356
2.44328
2.44307
2.44297
2.4427
2.44272
2.44299
2.44309
2.4433
2.44358
2.44384
2.44398
2.44387
2.44373
2.44466
2.44556
2.4437
2.44255
2.44154
2.4405
2.43938
2.43823
2.43713
2.43616
2.4355
2.43553
2.43618
2.43715
2.43825
2.4394
2.44052
2.44156
2.44257
2.44372
2.44558
2.44806
2.44807
2.44806
2.44804
2.44803
2.44801
2.448
2.44799
2.44799
2.448
2.448
2.44799
2.44799
2.448
2.44801
2.44803
2.44804
2.44806
2.44807
2.44806
2.44742
2.44745
2.44749
2.44752
2.4475
2.44746
2.44742
2.44738
2.44735
2.44735
2.44735
2.44735
2.44738
2.44742
2.44746
2.4475
2.44752
2.44749
2.44745
2.44742
2.44696
2.44699
2.44703
2.44705
2.44709
2.44712
2.44711
2.44706
2.447
2.44695
2.44695
2.447
2.44706
2.44711
2.44711
2.44708
2.44705
2.44703
2.44699
2.44695
2.44632
2.44637
2.44641
2.44646
2.44653
2.44659
2.44665
2.4467
2.4467
2.44666
2.44666
2.4467
2.4467
2.44665
2.44659
2.44653
2.44646
2.44639
2.44635
2.4463
2.44531
2.44561
2.44575
2.44585
2.44596
2.44608
2.44619
2.44628
2.44634
2.44638
2.44637
2.44634
2.44628
2.44619
2.44608
2.44596
2.44585
2.44574
2.44559
2.4453
2.44491
2.44505
2.44526
2.44541
2.44554
2.44567
2.44581
2.44594
2.44602
2.44606
2.44606
2.44601
2.44594
2.44581
2.44567
2.44554
2.44541
2.44526
2.44506
2.44493
2.44475
2.44463
2.44488
2.44507
2.44521
2.44533
2.44545
2.44557
2.44566
2.44572
2.44572
2.44566
2.44557
2.44546
2.44533
2.44521
2.44508
2.44489
2.44465
2.44477
2.44471
2.44426
2.44458
2.44479
2.44492
2.44499
2.44505
2.4451
2.44515
2.44525
2.44525
2.44516
2.4451
2.44506
2.445
2.44493
2.44481
2.4446
2.44428
2.44474
2.44493
2.44393
2.44394
2.44405
2.44397
2.44379
2.44357
2.44339
2.44336
2.44353
2.44355
2.44337
2.44341
2.44358
2.44381
2.444
2.44408
2.44396
2.44396
2.44495
2.44589
2.44417
2.44311
2.44219
2.44129
2.44033
2.43938
2.43852
2.43786
2.43754
2.43756
2.43788
2.43854
2.4394
2.44035
2.44131
2.44221
2.44313
2.44419
2.4459
2.4481
2.44811
2.44814
2.44809
2.44806
2.44803
2.44801
2.44801
2.44802
2.44802
2.44802
2.44802
2.44801
2.44801
2.44803
2.44805
2.44809
2.44814
2.44811
2.4481
2.44735
2.44737
2.4474
2.44748
2.44753
2.4475
2.44744
2.44739
2.44736
2.44736
2.44736
2.44736
2.44739
2.44744
2.4475
2.44752
2.44747
2.44739
2.44737
2.44735
2.44682
2.44686
2.44694
2.447
2.44705
2.44709
2.44712
2.44709
2.44702
2.44696
2.44696
2.44702
2.44708
2.44711
2.44708
2.44704
2.447
2.44693
2.44685
2.4468
2.44602
2.44614
2.44621
2.44631
2.44642
2.44653
2.44661
2.44668
2.44671
2.44667
2.44667
2.4467
2.44667
2.4466
2.44653
2.44642
2.4463
2.4462
2.44612
2.44599
2.44527
2.44543
2.44556
2.44566
2.44579
2.44596
2.44612
2.44624
2.44632
2.44637
2.44636
2.44631
2.44624
2.44612
2.44596
2.44579
2.44566
2.44555
2.44542
2.44528
2.44507
2.44502
2.44516
2.44527
2.44538
2.44554
2.44571
2.44587
2.44596
2.44599
2.44599
2.44596
2.44587
2.44571
2.44554
2.44538
2.44527
2.44516
2.44503
2.44509
2.44498
2.44473
2.44486
2.44497
2.44508
2.4452
2.44535
2.44549
2.44557
2.44562
2.44563
2.44557
2.44549
2.44536
2.44521
2.44509
2.44498
2.44487
2.44474
2.445
2.44503
2.44444
2.44459
2.44473
2.44484
2.44492
2.445
2.44506
2.44511
2.44518
2.44519
2.44511
2.44507
2.44501
2.44493
2.44485
2.44474
2.4446
2.44446
2.44505
2.44533
2.44426
2.44407
2.44413
2.4441
2.44398
2.44382
2.44369
2.44367
2.44386
2.44387
2.44368
2.4437
2.44384
2.444
2.44412
2.44415
2.44409
2.44428
2.44535
2.44631
2.44474
2.44375
2.44289
2.44211
2.4413
2.44051
2.43982
2.43936
2.43928
2.4393
2.43938
2.43983
2.44052
2.44131
2.44212
2.4429
2.44376
2.44475
2.44632
2.44765
2.44771
2.44791
2.44814
2.44809
2.44804
2.44803
2.44802
2.44803
2.44804
2.44804
2.44803
2.44802
2.44803
2.44804
2.44809
2.44814
2.44792
2.44771
2.44765
2.44707
2.44722
2.44741
2.4474
2.44747
2.44752
2.44746
2.44739
2.44736
2.44736
2.44736
2.44736
2.44739
2.44746
2.44752
2.44747
2.4474
2.44741
2.44722
2.44706
2.44654
2.44666
2.44681
2.44692
2.447
2.44705
2.44709
2.4471
2.44703
2.44697
2.44697
2.44703
2.4471
2.44709
2.44705
2.447
2.44691
2.44681
2.44666
2.44654
2.44577
2.44593
2.44603
2.44615
2.4463
2.44646
2.44658
2.44665
2.4467
2.44668
2.44668
2.4467
2.44665
2.44658
2.44646
2.4463
2.44614
2.44602
2.44592
2.44576
2.44545
2.44548
2.44552
2.44554
2.44566
2.44584
2.44604
2.4462
2.44628
2.44633
2.44633
2.44628
2.4462
2.44604
2.44584
2.44566
2.44554
2.44552
2.44548
2.44546
2.44532
2.4452
2.44524
2.44523
2.44527
2.44541
2.4456
2.44577
2.44587
2.4459
2.4459
2.44587
2.44577
2.44561
2.44541
2.44527
2.44523
2.44524
2.44521
2.44534
2.44531
2.44495
2.44495
2.44495
2.44497
2.44507
2.44522
2.44535
2.44543
2.44547
2.44547
2.44543
2.44536
2.44523
2.44508
2.44498
2.44495
2.44497
2.44496
2.44533
2.44544
2.44476
2.44466
2.44467
2.44473
2.4448
2.44488
2.44495
2.445
2.44505
2.44505
2.445
2.44496
2.44489
2.44481
2.44474
2.44468
2.44467
2.44477
2.44546
2.44585
2.4447
2.4443
2.44416
2.44414
2.44406
2.44397
2.4439
2.4439
2.44406
2.44407
2.4439
2.4439
2.44398
2.44408
2.44415
2.44417
2.44431
2.44472
2.44586
2.44684
2.44539
2.44445
2.44361
2.44289
2.44221
2.44156
2.44101
2.44069
2.44075
2.44077
2.44071
2.44102
2.44156
2.44221
2.4429
2.44362
2.44445
2.44539
2.44684
2.4474
2.44747
2.44761
2.44792
2.44814
2.44806
2.44803
2.44804
2.44803
2.44805
2.44802
2.44805
2.44804
2.44803
2.44806
2.44814
2.44792
2.44761
2.44748
2.4474
2.44674
2.4469
2.44713
2.44741
2.44739
2.44749
2.44747
2.44739
2.44737
2.44737
2.44737
2.44737
2.44739
2.44747
2.44749
2.44739
2.44741
2.44714
2.4469
2.44674
2.44631
2.44639
2.44658
2.44681
2.44693
2.44702
2.44706
2.44709
2.44704
2.44698
2.44698
2.44704
2.44709
2.44706
2.44703
2.44693
2.44681
2.44658
2.44639
2.44631
2.44594
2.44598
2.44597
2.44602
2.44619
2.44639
2.44655
2.44663
2.44668
2.4467
2.4467
2.44668
2.44663
2.44655
2.44639
2.4462
2.44602
2.44597
2.44599
2.44595
2.44577
2.44573
2.44565
2.44552
2.44555
2.44573
2.44596
2.44613
2.44623
2.44626
2.44626
2.44623
2.44613
2.44596
2.44574
2.44555
2.44552
2.44565
2.44574
2.44578
2.44572
2.44554
2.44541
2.44524
2.44516
2.44526
2.44544
2.44559
2.44567
2.4457
2.4457
2.44567
2.44559
2.44544
2.44526
2.44516
2.44524
2.44542
2.44555
2.44574
2.4458
2.44536
2.44516
2.44496
2.44486
2.44488
2.445
2.44511
2.44516
2.44519
2.44519
2.44516
2.44511
2.44501
2.44489
2.44487
2.44497
2.44517
2.44537
2.44582
2.44605
2.44527
2.44491
2.44467
2.44459
2.44459
2.44463
2.44468
2.44472
2.44476
2.44476
2.44472
2.44469
2.44464
2.4446
2.4446
2.44467
2.44492
2.44528
2.44606
2.44656
2.44536
2.44472
2.44431
2.44408
2.44395
2.44387
2.44383
2.44386
2.444
2.44401
2.44387
2.44384
2.44387
2.44396
2.44409
2.44431
2.44473
2.44536
2.44657
2.44753
2.44618
2.44527
2.44446
2.44376
2.44313
2.44257
2.44211
2.44186
2.44197
2.44198
2.44188
2.44212
2.44257
2.44313
2.44376
2.44445
2.44527
2.44618
2.44753
2.44758
2.44749
2.44748
2.44771
2.44811
2.44807
2.44804
2.44805
2.44805
2.44801
2.44805
2.44803
2.44805
2.44804
2.44807
2.44811
2.44771
2.44748
2.44749
2.44758
2.44687
2.44682
2.4469
2.44722
2.44736
2.44745
2.44746
2.44739
2.44737
2.44739
2.44739
2.44738
2.44739
2.44746
2.44745
2.44737
2.44722
2.4469
2.44682
2.44688
2.44656
2.44648
2.44639
2.44665
2.44685
2.44698
2.44703
2.44707
2.44704
2.44699
2.44699
2.44704
2.44707
2.44703
2.44699
2.44685
2.44665
2.44639
2.44648
2.44657
2.44632
2.44619
2.44599
2.44591
2.44611
2.44635
2.44653
2.44662
2.44666
2.44668
2.44668
2.44666
2.44662
2.44653
2.44635
2.44612
2.44592
2.44599
2.4462
2.44633
2.44623
2.44603
2.44574
2.44549
2.44542
2.44559
2.44582
2.44599
2.4461
2.44614
2.44614
2.4461
2.44599
2.44582
2.44559
2.44542
2.44549
2.44574
2.44604
2.44625
2.44628
2.44594
2.44555
2.44521
2.44503
2.44505
2.44515
2.44524
2.44529
2.44532
2.44532
2.44529
2.44524
2.44516
2.44506
2.44503
2.44521
2.44555
2.44594
2.4463
2.44647
2.44588
2.44538
2.44496
2.44474
2.44464
2.44466
2.4447
2.44473
2.44476
2.44476
2.44473
2.4447
2.44467
2.44465
2.44474
2.44496
2.44538
2.44588
2.44648
2.44684
2.44592
2.44528
2.44477
2.44446
2.44427
2.44418
2.44415
2.44418
2.44425
2.44425
2.44418
2.44416
2.44418
2.44428
2.44446
2.44477
2.44528
2.44592
2.44684
2.44748
2.44621
2.44537
2.44472
2.44428
2.44396
2.44372
2.44356
2.4435
2.44357
2.44358
2.44351
2.44357
2.44373
2.44396
2.44428
2.44472
2.44536
2.4462
2.44748
2.44838
2.44709
2.44619
2.4454
2.44476
2.4442
2.44373
2.44337
2.4432
2.44329
2.4433
2.44321
2.44337
2.44373
2.44419
2.44475
2.44539
2.44618
2.44708
2.44838
2.44793
2.44759
2.4474
2.44764
2.4481
2.44807
2.44805
2.44806
2.44804
2.44804
2.448
2.44806
2.44806
2.44805
2.44806
2.4481
2.44765
2.4474
2.44758
2.44793
2.44716
2.44689
2.44674
2.44706
2.44734
2.44741
2.44741
2.44737
2.44739
2.44744
2.44742
2.44739
2.44737
2.44741
2.44742
2.44735
2.44706
2.44674
2.44688
2.44716
2.44691
2.44657
2.44631
2.44652
2.44679
2.44694
2.44702
2.44704
2.44703
2.447
2.447
2.44703
2.44705
2.44702
2.44695
2.4468
2.44654
2.44631
2.44657
2.44691
2.44678
2.44634
2.44596
2.44576
2.44598
2.44629
2.44651
2.4466
2.44662
2.44664
2.44664
2.44662
2.4466
2.44651
2.4463
2.44599
2.44576
2.44595
2.44633
2.44679
2.44684
2.44625
2.44579
2.44546
2.44528
2.4453
2.44551
2.4457
2.44585
2.4459
2.44589
2.44583
2.44569
2.44551
2.4453
2.44528
2.44546
2.44578
2.44625
2.44684
2.44703
2.44631
2.44575
2.44534
2.44508
2.44493
2.44484
2.4448
2.4448
2.44484
2.44485
2.44481
2.44481
2.44485
2.44493
2.44509
2.44534
2.44574
2.4463
2.44703
2.44738
2.44649
2.44583
2.44533
2.445
2.44477
2.44462
2.44453
2.44451
2.44458
2.44458
2.44452
2.44453
2.44462
2.44477
2.445
2.44533
2.44582
2.44648
2.44738
2.44796
2.44686
2.44607
2.44547
2.44505
2.44474
2.44451
2.44436
2.44431
2.44441
2.44441
2.44433
2.44437
2.44452
2.44474
2.44505
2.44546
2.44606
2.44684
2.44795
2.44884
2.4475
2.44659
2.44587
2.44536
2.44496
2.44466
2.44444
2.44436
2.44446
2.44447
2.44437
2.44445
2.44466
2.44495
2.44535
2.44586
2.44657
2.44749
2.44882
2.44966
2.4484
2.44755
2.44686
2.44634
2.44591
2.44558
2.44533
2.44521
2.4453
2.44531
2.44522
2.44533
2.44558
2.4459
2.44632
2.44684
2.44753
2.44838
2.44964
)
;

boundaryField
{
    floor
    {
        type            fixedFluxPressure;
        gradient        uniform 0;
        value           nonuniform List<scalar> 
400
(
2.4479
2.44757
2.44742
2.44768
2.4481
2.44806
2.44806
2.44807
2.44806
2.448
2.44805
2.44806
2.44806
2.44805
2.44806
2.4481
2.44765
2.4474
2.44758
2.44793
2.44757
2.44749
2.4475
2.44775
2.44811
2.44807
2.44804
2.44805
2.44804
2.44806
2.44802
2.44805
2.44805
2.44804
2.44807
2.44811
2.44771
2.44747
2.44749
2.44759
2.44742
2.44751
2.44767
2.44805
2.44813
2.44806
2.44804
2.44805
2.44806
2.44803
2.44805
2.44803
2.44804
2.44803
2.44806
2.44814
2.44791
2.44761
2.44748
2.4474
2.44768
2.44775
2.44805
2.44814
2.44809
2.44804
2.44803
2.44803
2.44804
2.44804
2.44804
2.44803
2.44802
2.44803
2.44804
2.44809
2.44814
2.44792
2.44771
2.44764
2.4481
2.44812
2.44813
2.44809
2.44806
2.44803
2.44802
2.44801
2.44802
2.44803
2.44803
2.44802
2.44801
2.44801
2.44803
2.44806
2.44809
2.44814
2.44811
2.4481
2.44806
2.44807
2.44806
2.44804
2.44803
2.44802
2.448
2.448
2.448
2.448
2.448
2.44799
2.44799
2.448
2.44801
2.44803
2.44804
2.44806
2.44807
2.44807
2.44806
2.44804
2.44803
2.44803
2.44802
2.448
2.44799
2.44797
2.44796
2.44796
2.44795
2.44796
2.44797
2.44798
2.448
2.44801
2.44803
2.44803
2.44804
2.44805
2.44806
2.44805
2.44804
2.44803
2.44802
2.448
2.44797
2.44794
2.4479
2.44783
2.44783
2.4479
2.44793
2.44797
2.44799
2.44801
2.44802
2.44804
2.44805
2.44806
2.44804
2.44806
2.44804
2.44803
2.44802
2.448
2.44796
2.4479
2.44783
2.44758
2.44758
2.44782
2.4479
2.44796
2.44799
2.44802
2.44803
2.44803
2.44805
2.44804
2.44805
2.44801
2.44805
2.44804
2.44803
2.448
2.44796
2.44783
2.44758
2.4412
2.44122
2.44758
2.44783
2.44795
2.448
2.44802
2.44804
2.44805
2.44801
2.44804
2.44801
2.44805
2.44802
2.44804
2.44803
2.448
2.44795
2.44783
2.44758
2.44122
2.44122
2.44758
2.44783
2.44795
2.448
2.44802
2.44804
2.44802
2.44805
2.448
2.44805
2.44804
2.44805
2.44803
2.44802
2.44799
2.44796
2.4479
2.44782
2.44758
2.44758
2.44782
2.4479
2.44796
2.44799
2.44802
2.44803
2.44805
2.44803
2.44806
2.44806
2.44805
2.44804
2.44803
2.44801
2.44799
2.44797
2.44793
2.4479
2.44783
2.44783
2.4479
2.44793
2.44797
2.44799
2.44801
2.44802
2.44804
2.44805
2.44806
2.44805
2.44804
2.44803
2.44803
2.44801
2.448
2.44798
2.44797
2.44796
2.44795
2.44795
2.44796
2.44797
2.44798
2.448
2.44801
2.44803
2.44803
2.44804
2.44805
2.44806
2.44807
2.44806
2.44804
2.44803
2.44801
2.448
2.44799
2.44799
2.448
2.448
2.44799
2.44799
2.448
2.44801
2.44803
2.44804
2.44806
2.44807
2.44806
2.4481
2.44811
2.44814
2.44809
2.44806
2.44803
2.44801
2.44801
2.44802
2.44802
2.44802
2.44802
2.44801
2.44801
2.44803
2.44805
2.44809
2.44814
2.44811
2.4481
2.44765
2.44771
2.44792
2.44814
2.44809
2.44804
2.44803
2.44802
2.44803
2.44804
2.44804
2.44803
2.44802
2.44803
2.44804
2.44809
2.44814
2.44792
2.44771
2.44765
2.4474
2.44747
2.44761
2.44792
2.44814
2.44806
2.44803
2.44804
2.44805
2.44802
2.44805
2.44803
2.44804
2.44803
2.44806
2.44814
2.44792
2.44761
2.44748
2.4474
2.44758
2.44749
2.44748
2.44771
2.44811
2.44807
2.44804
2.44805
2.44804
2.44805
2.44801
2.44805
2.44805
2.44804
2.44807
2.44811
2.44771
2.44748
2.44749
2.44758
2.44793
2.44759
2.4474
2.44764
2.4481
2.44807
2.44806
2.44806
2.44805
2.448
2.44804
2.44804
2.44806
2.44805
2.44806
2.4481
2.44765
2.4474
2.44758
2.44793
)
;
    }
    ceiling
    {
        type            fixedFluxPressure;
        gradient        nonuniform List<scalar> 
400
(
0.367631
0.372018
0.375431
0.378237
0.380677
0.382802
0.384566
0.385842
0.386385
0.385545
0.385478
0.386271
0.385724
0.384442
0.38267
0.380536
0.378085
0.375268
0.37184
0.367421
0.372019
0.376285
0.379729
0.382698
0.385406
0.387882
0.390032
0.391656
0.392439
0.391713
0.391633
0.392323
0.391535
0.389903
0.387743
0.385254
0.382531
0.379545
0.37608
0.371781
0.375432
0.379729
0.383179
0.386237
0.389138
0.391911
0.394427
0.396411
0.397475
0.396674
0.396581
0.397356
0.396285
0.39429
0.39176
0.388973
0.386054
0.382977
0.379506
0.375182
0.378238
0.382699
0.386237
0.38943
0.392562
0.395689
0.398643
0.40106
0.402509
0.401944
0.401823
0.402386
0.400925
0.398491
0.395523
0.392382
0.389231
0.386019
0.382462
0.377981
0.380679
0.385408
0.389139
0.392563
0.396109
0.39987
0.403507
0.406639
0.408784
0.40875
0.408587
0.408629
0.406476
0.403328
0.399677
0.395905
0.392347
0.388906
0.38516
0.380416
0.382803
0.387883
0.391912
0.39569
0.39987
0.404349
0.408808
0.412878
0.416032
0.41701
0.416791
0.415838
0.412678
0.408598
0.404127
0.399641
0.395454
0.391665
0.387627
0.382539
0.384567
0.390033
0.394429
0.398643
0.403508
0.408808
0.4143
0.419657
0.42438
0.427368
0.427067
0.424136
0.419417
0.414057
0.40856
0.403256
0.398391
0.394171
0.389771
0.384303
0.385842
0.391656
0.396412
0.401061
0.40664
0.412879
0.419657
0.426792
0.434066
0.441255
0.440807
0.43375
0.426505
0.419379
0.412607
0.406374
0.4008
0.396149
0.391392
0.38558
0.386384
0.392438
0.397476
0.40251
0.408784
0.416032
0.424381
0.434066
0.445974
0.462668
0.4619
0.445539
0.433718
0.424066
0.415737
0.408502
0.40224
0.397206
0.39217
0.386123
0.385543
0.391711
0.396673
0.401943
0.408748
0.417008
0.427366
0.441253
0.462667
0.501396
0.499837
0.46188
0.440731
0.426953
0.41665
0.408424
0.401645
0.396392
0.391435
0.385273
0.385479
0.391634
0.396583
0.401825
0.40859
0.416796
0.427074
0.440818
0.461918
0.499873
0.49941
0.461582
0.440516
0.426789
0.416518
0.408318
0.40156
0.396323
0.391372
0.385214
0.386274
0.392326
0.39736
0.40239
0.408633
0.415843
0.424143
0.433758
0.44555
0.4619
0.461584
0.44533
0.43356
0.42394
0.415636
0.408423
0.402182
0.397153
0.39212
0.386072
0.385727
0.391539
0.396289
0.400929
0.406481
0.412683
0.419423
0.426513
0.433727
0.440745
0.440519
0.433561
0.426361
0.419266
0.412519
0.40631
0.400758
0.396118
0.39137
0.385562
0.384445
0.389907
0.394294
0.398496
0.403333
0.408603
0.414063
0.419386
0.424074
0.426966
0.426793
0.423942
0.419267
0.413941
0.408474
0.403197
0.398356
0.394154
0.389768
0.384309
0.382673
0.387747
0.391765
0.395528
0.399682
0.404133
0.408566
0.412613
0.415745
0.416661
0.416524
0.415639
0.412521
0.408475
0.404036
0.399579
0.39542
0.391655
0.387636
0.382563
0.380539
0.385259
0.388977
0.392386
0.395911
0.399646
0.403263
0.40638
0.40851
0.408435
0.408324
0.408427
0.406313
0.403199
0.39958
0.395839
0.39231
0.388897
0.385175
0.380453
0.378089
0.382536
0.386059
0.389236
0.392352
0.39546
0.398397
0.400806
0.402248
0.401655
0.401566
0.402186
0.400761
0.398359
0.395422
0.392311
0.389191
0.386009
0.38248
0.378026
0.375272
0.37955
0.382982
0.386025
0.388912
0.391671
0.394177
0.396155
0.397214
0.396401
0.396329
0.397158
0.396122
0.394158
0.391658
0.388899
0.38601
0.382963
0.379524
0.375232
0.371844
0.376085
0.379512
0.382468
0.385166
0.387633
0.389778
0.391399
0.392178
0.391445
0.39138
0.392125
0.391374
0.389772
0.387639
0.385178
0.382482
0.379525
0.376091
0.371831
0.367426
0.371787
0.375188
0.377987
0.380423
0.382546
0.38431
0.385588
0.386131
0.385283
0.385222
0.386077
0.385567
0.384314
0.382567
0.380457
0.378029
0.375235
0.371833
0.367453
)
;
        value           nonuniform List<scalar> 
400
(
2.5415
2.54133
2.54133
2.54135
2.54143
2.54154
2.54166
2.54173
2.54174
2.54162
2.54162
2.54174
2.54172
2.54165
2.54154
2.54143
2.54134
2.54133
2.54133
2.5415
2.54133
2.5411
2.54106
2.54101
2.54104
2.5411
2.54117
2.54122
2.54124
2.54115
2.54114
2.54123
2.54121
2.54116
2.54109
2.54104
2.54101
2.54105
2.5411
2.54133
2.54133
2.54106
2.54101
2.54096
2.54099
2.54105
2.54111
2.54115
2.54116
2.54107
2.54106
2.54116
2.54115
2.54111
2.54104
2.54098
2.54095
2.541
2.54105
2.54133
2.54135
2.54101
2.54096
2.54091
2.54098
2.54107
2.54115
2.54121
2.54125
2.54116
2.54115
2.54125
2.54121
2.54115
2.54106
2.54097
2.5409
2.54095
2.541
2.54134
2.54143
2.54104
2.54099
2.54098
2.54108
2.54121
2.54132
2.54141
2.54149
2.54138
2.54138
2.54148
2.54141
2.54131
2.5412
2.54107
2.54096
2.54097
2.54103
2.54143
2.54154
2.5411
2.54105
2.54107
2.54121
2.54136
2.54152
2.54167
2.54179
2.5417
2.54169
2.54178
2.54166
2.54151
2.54135
2.5412
2.54105
2.54103
2.54109
2.54153
2.54166
2.54117
2.54111
2.54115
2.54132
2.54152
2.54174
2.54197
2.54217
2.54225
2.54223
2.54216
2.54196
2.54173
2.54151
2.54131
2.54114
2.5411
2.54116
2.54164
2.54173
2.54122
2.54115
2.54121
2.54141
2.54167
2.54197
2.54232
2.54276
2.54362
2.54358
2.54275
2.5423
2.54196
2.54166
2.5414
2.5412
2.54114
2.5412
2.54171
2.54174
2.54124
2.54116
2.54125
2.54149
2.54179
2.54217
2.54276
2.54408
2.54732
2.54723
2.54403
2.54274
2.54216
2.54178
2.54147
2.54124
2.54115
2.54122
2.54172
2.54162
2.54115
2.54107
2.54116
2.54138
2.5417
2.54225
2.54362
2.54732
2.55623
2.55602
2.54719
2.54357
2.54222
2.54168
2.54137
2.54114
2.54105
2.54113
2.5416
2.54162
2.54114
2.54106
2.54115
2.54138
2.54169
2.54223
2.54359
2.54723
2.55603
2.55594
2.54716
2.54355
2.54221
2.54168
2.54136
2.54114
2.54105
2.54113
2.5416
2.54174
2.54124
2.54116
2.54125
2.54148
2.54178
2.54216
2.54275
2.54403
2.5472
2.54716
2.54399
2.54273
2.54215
2.54177
2.54147
2.54124
2.54115
2.54122
2.54172
2.54172
2.54121
2.54115
2.54121
2.54141
2.54166
2.54196
2.5423
2.54274
2.54357
2.54355
2.54273
2.54229
2.54195
2.54165
2.5414
2.5412
2.54113
2.5412
2.54171
2.54165
2.54116
2.54111
2.54115
2.54131
2.54151
2.54173
2.54196
2.54216
2.54222
2.54221
2.54215
2.54195
2.54172
2.5415
2.54131
2.54114
2.5411
2.54115
2.54164
2.54154
2.54109
2.54104
2.54106
2.5412
2.54135
2.54151
2.54166
2.54178
2.54168
2.54168
2.54177
2.54165
2.5415
2.54134
2.54119
2.54105
2.54103
2.54108
2.54153
2.54143
2.54104
2.54098
2.54097
2.54107
2.5412
2.54131
2.5414
2.54148
2.54137
2.54136
2.54147
2.5414
2.54131
2.54119
2.54107
2.54096
2.54097
2.54103
2.54142
2.54134
2.54101
2.54095
2.5409
2.54096
2.54106
2.54114
2.5412
2.54124
2.54114
2.54114
2.54124
2.5412
2.54114
2.54105
2.54096
2.5409
2.54094
2.541
2.54133
2.54133
2.54105
2.541
2.54095
2.54097
2.54103
2.5411
2.54114
2.54115
2.54105
2.54105
2.54115
2.54113
2.5411
2.54103
2.54097
2.54094
2.54099
2.54104
2.54132
2.54133
2.5411
2.54105
2.541
2.54103
2.54109
2.54116
2.5412
2.54122
2.54113
2.54113
2.54122
2.5412
2.54115
2.54108
2.54103
2.541
2.54104
2.54109
2.54132
2.5415
2.54133
2.54133
2.54134
2.54143
2.54153
2.54164
2.54171
2.54172
2.5416
2.5416
2.54172
2.54171
2.54164
2.54153
2.54142
2.54133
2.54132
2.54132
2.54149
)
;
    }
    fixedWalls
    {
        type            fixedFluxPressure;
        gradient        uniform 0;
        value           nonuniform List<scalar> 
800
(
2.4479
2.44715
2.44689
2.44676
2.44681
2.447
2.44734
2.44791
2.44879
2.44961
2.44757
2.44687
2.44655
2.4463
2.44621
2.44626
2.44644
2.4468
2.44745
2.44834
2.44742
2.44675
2.44631
2.44593
2.44575
2.4457
2.44578
2.44602
2.44653
2.44749
2.44768
2.4471
2.44655
2.44575
2.44542
2.4453
2.44528
2.44542
2.44582
2.4468
2.4481
2.44736
2.44682
2.44601
2.44525
2.44504
2.44496
2.445
2.4453
2.44628
2.44806
2.44743
2.44696
2.44632
2.44533
2.44489
2.44473
2.44469
2.4449
2.44586
2.44806
2.44741
2.44703
2.44653
2.44555
2.44481
2.44458
2.44447
2.44461
2.44553
2.44807
2.44737
2.44705
2.44661
2.44575
2.44477
2.44449
2.44432
2.44439
2.44528
2.44806
2.4474
2.44703
2.44663
2.44591
2.44477
2.44447
2.44427
2.44431
2.44516
2.448
2.44745
2.447
2.44666
2.44596
2.44482
2.44454
2.44436
2.44441
2.44525
2.44805
2.44744
2.44699
2.44665
2.44593
2.44482
2.44454
2.44437
2.44442
2.44526
2.44806
2.44739
2.44703
2.44663
2.44587
2.44478
2.44448
2.44429
2.44433
2.44518
2.44806
2.44737
2.44705
2.44661
2.44571
2.44478
2.44451
2.44434
2.44442
2.44531
2.44805
2.44741
2.44703
2.44653
2.44552
2.44483
2.4446
2.44449
2.44463
2.44556
2.44806
2.44742
2.44696
2.44632
2.44531
2.44491
2.44475
2.44471
2.44493
2.44589
2.4481
2.44735
2.44682
2.44602
2.44527
2.44507
2.44498
2.44503
2.44533
2.44631
2.44765
2.44707
2.44654
2.44577
2.44545
2.44532
2.44531
2.44544
2.44585
2.44684
2.4474
2.44674
2.44631
2.44594
2.44577
2.44572
2.4458
2.44605
2.44656
2.44753
2.44758
2.44687
2.44656
2.44632
2.44623
2.44628
2.44647
2.44684
2.44748
2.44838
2.44793
2.44716
2.44691
2.44678
2.44684
2.44703
2.44738
2.44796
2.44884
2.44966
2.44793
2.44716
2.44691
2.44678
2.44684
2.44703
2.44738
2.44795
2.44884
2.44966
2.44759
2.44689
2.44657
2.44634
2.44625
2.4463
2.44649
2.44686
2.4475
2.4484
2.4474
2.44674
2.44631
2.44596
2.44579
2.44574
2.44583
2.44607
2.44659
2.44755
2.44764
2.44706
2.44652
2.44576
2.44546
2.44534
2.44533
2.44547
2.44587
2.44686
2.4481
2.44734
2.44679
2.44598
2.44528
2.44508
2.445
2.44505
2.44535
2.44633
2.44807
2.44741
2.44694
2.44629
2.4453
2.44492
2.44477
2.44473
2.44496
2.44591
2.44806
2.44741
2.44702
2.44651
2.44551
2.44484
2.44461
2.44451
2.44466
2.44558
2.44806
2.44737
2.44705
2.4466
2.4457
2.4448
2.44452
2.44436
2.44444
2.44533
2.44805
2.44739
2.44703
2.44662
2.44585
2.4448
2.4445
2.44431
2.44436
2.44521
2.448
2.44742
2.447
2.44664
2.4459
2.44484
2.44457
2.4444
2.44446
2.44529
2.44804
2.44744
2.447
2.44664
2.44589
2.44485
2.44458
2.44441
2.44447
2.44531
2.44804
2.44739
2.44703
2.44662
2.44583
2.44481
2.44452
2.44433
2.44437
2.44521
2.44806
2.44737
2.44705
2.4466
2.44569
2.44481
2.44453
2.44437
2.44445
2.44533
2.44805
2.44741
2.44702
2.44651
2.44551
2.44485
2.44462
2.44452
2.44466
2.44558
2.44806
2.44742
2.44695
2.4463
2.4453
2.44493
2.44477
2.44474
2.44495
2.4459
2.4481
2.44735
2.4468
2.44599
2.44528
2.44509
2.445
2.44505
2.44535
2.44632
2.44765
2.44706
2.44654
2.44576
2.44546
2.44534
2.44533
2.44546
2.44586
2.44684
2.4474
2.44674
2.44631
2.44595
2.44578
2.44574
2.44582
2.44606
2.44657
2.44753
2.44758
2.44688
2.44657
2.44633
2.44625
2.4463
2.44648
2.44684
2.44748
2.44838
2.44793
2.44716
2.44691
2.44679
2.44684
2.44703
2.44738
2.44795
2.44882
2.44964
2.4479
2.44715
2.44689
2.44676
2.44681
2.447
2.44734
2.44791
2.44879
2.44961
2.44757
2.44687
2.44655
2.4463
2.44621
2.44626
2.44644
2.4468
2.44745
2.44834
2.44742
2.44675
2.44631
2.44593
2.44575
2.4457
2.44578
2.44602
2.44653
2.44749
2.44768
2.4471
2.44655
2.44575
2.44542
2.4453
2.44528
2.44542
2.44582
2.4468
2.4481
2.44736
2.44682
2.44601
2.44525
2.44504
2.44496
2.445
2.4453
2.44628
2.44806
2.44743
2.44696
2.44632
2.44533
2.44489
2.44473
2.44469
2.4449
2.44586
2.44806
2.44741
2.44703
2.44653
2.44555
2.44481
2.44458
2.44447
2.44461
2.44553
2.44806
2.44737
2.44705
2.44661
2.44575
2.44477
2.44449
2.44432
2.44439
2.44528
2.44804
2.44739
2.44702
2.44663
2.44591
2.44477
2.44447
2.44427
2.44431
2.44516
2.44805
2.44747
2.44699
2.44665
2.44596
2.44482
2.44454
2.44436
2.44441
2.44525
2.44801
2.44741
2.44699
2.44665
2.44593
2.44482
2.44454
2.44437
2.44442
2.44526
2.44805
2.44738
2.44703
2.44663
2.44587
2.44478
2.44449
2.44429
2.44433
2.44518
2.44806
2.44737
2.44705
2.44661
2.44571
2.44478
2.44451
2.44434
2.44442
2.44531
2.44805
2.44741
2.44703
2.44653
2.44552
2.44483
2.4446
2.44449
2.44463
2.44556
2.44806
2.44742
2.44696
2.44632
2.44531
2.44491
2.44475
2.44471
2.44493
2.44589
2.4481
2.44735
2.44682
2.44602
2.44527
2.44507
2.44498
2.44502
2.44533
2.44631
2.44765
2.44707
2.44655
2.44577
2.44545
2.44532
2.44531
2.44544
2.44585
2.44684
2.4474
2.44674
2.44631
2.44594
2.44577
2.44572
2.4458
2.44605
2.44656
2.44753
2.44758
2.44687
2.44656
2.44632
2.44623
2.44628
2.44647
2.44684
2.44748
2.44838
2.44793
2.44716
2.44691
2.44678
2.44684
2.44703
2.44738
2.44795
2.44884
2.44966
2.44793
2.44716
2.44691
2.44678
2.44684
2.44703
2.44738
2.44796
2.44884
2.44966
2.44759
2.44689
2.44657
2.44634
2.44625
2.44631
2.44649
2.44686
2.4475
2.4484
2.4474
2.44674
2.44631
2.44596
2.44579
2.44575
2.44583
2.44607
2.44659
2.44755
2.44764
2.44706
2.44652
2.44576
2.44546
2.44534
2.44533
2.44547
2.44587
2.44686
2.4481
2.44734
2.44679
2.44598
2.44528
2.44508
2.445
2.44505
2.44536
2.44634
2.44807
2.44741
2.44694
2.44629
2.4453
2.44493
2.44477
2.44474
2.44496
2.44591
2.44805
2.44741
2.44702
2.44651
2.44551
2.44484
2.44462
2.44451
2.44466
2.44558
2.44806
2.44737
2.44704
2.4466
2.4457
2.4448
2.44453
2.44436
2.44444
2.44533
2.44804
2.44739
2.44703
2.44662
2.44585
2.4448
2.44451
2.44431
2.44436
2.44521
2.44804
2.44744
2.447
2.44664
2.4459
2.44484
2.44458
2.44441
2.44446
2.4453
2.448
2.44742
2.447
2.44664
2.44589
2.44485
2.44458
2.44441
2.44447
2.44531
2.44806
2.44739
2.44703
2.44662
2.44583
2.44481
2.44452
2.44433
2.44437
2.44522
2.44806
2.44737
2.44705
2.4466
2.44569
2.44481
2.44453
2.44437
2.44445
2.44533
2.44805
2.44741
2.44702
2.44651
2.44551
2.44485
2.44462
2.44452
2.44466
2.44558
2.44806
2.44742
2.44695
2.4463
2.4453
2.44493
2.44477
2.44474
2.44495
2.4459
2.4481
2.44735
2.4468
2.44599
2.44528
2.44509
2.445
2.44505
2.44535
2.44632
2.44765
2.44706
2.44654
2.44576
2.44546
2.44534
2.44533
2.44546
2.44586
2.44684
2.4474
2.44674
2.44631
2.44595
2.44578
2.44574
2.44582
2.44606
2.44657
2.44753
2.44758
2.44688
2.44657
2.44633
2.44625
2.4463
2.44648
2.44684
2.44749
2.44838
2.44793
2.44716
2.44691
2.44679
2.44684
2.44703
2.44738
2.44795
2.44882
2.44964
)
;
    }
}


// ************************************************************************* //
