/*--------------------------------*- C++ -*----------------------------------*\
| =========                 |                                                 |
| \\      /  F ield         | OpenFOAM: The Open Source CFD Toolbox           |
|  \\    /   O peration     | Version:  v1912                                 |
|   \\  /    A nd           | Website:  www.openfoam.com                      |
|    \\/     M anipulation  |                                                 |
\*---------------------------------------------------------------------------*/
FoamFile
{
    version     2.0;
    format      ascii;
    class       volScalarField;
    location    "800";
    object      T;
}
// * * * * * * * * * * * * * * * * * * * * * * * * * * * * * * * * * * * * * //

dimensions      [0 0 0 1 0 0 0];


internalField   nonuniform List<scalar> 
4000
(
300.625
300.624
300.616
300.597
300.553
300.557
300.559
300.559
300.562
300.559
300.567
300.56
300.559
300.559
300.557
300.553
300.6
300.617
300.625
300.625
300.631
300.636
300.635
300.618
300.603
300.602
300.603
300.605
300.605
300.6
300.605
300.606
300.606
300.603
300.602
300.604
300.619
300.636
300.636
300.631
300.632
300.638
300.641
300.631
300.622
300.618
300.617
300.617
300.618
300.619
300.619
300.618
300.617
300.617
300.618
300.622
300.632
300.641
300.638
300.631
300.632
300.639
300.644
300.645
300.639
300.632
300.628
300.627
300.627
300.626
300.626
300.627
300.627
300.628
300.632
300.639
300.645
300.644
300.639
300.631
300.632
300.639
300.645
300.649
300.65
300.648
300.644
300.641
300.639
300.638
300.639
300.64
300.642
300.645
300.649
300.65
300.649
300.645
300.639
300.631
300.632
300.639
300.646
300.649
300.652
300.653
300.654
300.654
300.654
300.653
300.653
300.654
300.654
300.654
300.653
300.652
300.649
300.645
300.639
300.631
300.631
300.639
300.645
300.649
300.652
300.654
300.655
300.656
300.656
300.655
300.655
300.656
300.656
300.655
300.653
300.652
300.649
300.645
300.639
300.631
300.63
300.638
300.644
300.648
300.651
300.654
300.655
300.656
300.657
300.656
300.656
300.656
300.656
300.655
300.653
300.651
300.648
300.644
300.638
300.63
300.629
300.637
300.643
300.647
300.65
300.653
300.655
300.657
300.657
300.656
300.656
300.657
300.657
300.655
300.653
300.65
300.647
300.642
300.636
300.628
300.625
300.632
300.638
300.643
300.647
300.65
300.653
300.656
300.656
300.655
300.655
300.656
300.655
300.653
300.65
300.647
300.642
300.638
300.632
300.624
300.624
300.621
300.612
300.592
300.55
300.557
300.562
300.559
300.557
300.568
300.559
300.561
300.561
300.562
300.556
300.551
300.596
300.613
300.621
300.625
300.636
300.636
300.628
300.611
300.601
300.6
300.602
300.605
300.606
300.606
300.605
300.606
300.605
300.601
300.6
300.602
300.614
300.63
300.636
300.635
300.638
300.639
300.639
300.629
300.621
300.617
300.616
300.616
300.618
300.619
300.619
300.617
300.616
300.616
300.617
300.621
300.629
300.64
300.639
300.637
300.639
300.641
300.643
300.642
300.636
300.631
300.628
300.627
300.626
300.626
300.626
300.626
300.627
300.628
300.631
300.636
300.642
300.643
300.641
300.638
300.639
300.642
300.645
300.647
300.647
300.643
300.64
300.637
300.635
300.635
300.635
300.636
300.637
300.64
300.643
300.647
300.647
300.645
300.641
300.639
300.639
300.643
300.647
300.649
300.651
300.65
300.648
300.647
300.646
300.646
300.646
300.646
300.647
300.648
300.65
300.651
300.649
300.646
300.642
300.639
300.639
300.643
300.648
300.651
300.653
300.653
300.652
300.652
300.651
300.651
300.651
300.651
300.652
300.652
300.653
300.652
300.651
300.648
300.643
300.639
300.638
300.644
300.649
300.653
300.655
300.656
300.656
300.656
300.656
300.655
300.655
300.656
300.656
300.656
300.656
300.654
300.652
300.649
300.644
300.638
300.637
300.644
300.649
300.653
300.656
300.658
300.66
300.661
300.661
300.66
300.66
300.661
300.66
300.659
300.658
300.656
300.653
300.649
300.644
300.636
300.632
300.639
300.645
300.65
300.655
300.659
300.663
300.665
300.667
300.665
300.665
300.667
300.665
300.662
300.659
300.655
300.65
300.645
300.639
300.632
300.616
300.612
300.6
300.558
300.549
300.559
300.563
300.561
300.563
300.558
300.565
300.559
300.562
300.563
300.559
300.548
300.573
300.603
300.613
300.617
300.635
300.628
300.616
300.602
300.6
300.599
300.601
300.605
300.606
300.606
300.606
300.607
300.605
300.601
300.599
300.6
300.602
300.619
300.63
300.636
300.641
300.639
300.633
300.624
300.619
300.616
300.616
300.616
300.618
300.62
300.619
300.618
300.616
300.616
300.616
300.618
300.624
300.633
300.64
300.641
300.644
300.643
300.643
300.64
300.635
300.631
300.628
300.627
300.626
300.626
300.626
300.626
300.627
300.628
300.63
300.634
300.639
300.643
300.643
300.644
300.645
300.645
300.646
300.646
300.645
300.641
300.638
300.635
300.634
300.633
300.633
300.634
300.635
300.638
300.641
300.644
300.646
300.646
300.645
300.645
300.646
300.647
300.648
300.649
300.649
300.647
300.644
300.643
300.642
300.641
300.641
300.642
300.643
300.645
300.647
300.649
300.648
300.647
300.646
300.645
300.645
300.648
300.649
300.651
300.651
300.65
300.649
300.648
300.647
300.647
300.647
300.647
300.648
300.649
300.65
300.651
300.65
300.649
300.648
300.645
300.644
300.649
300.652
300.653
300.653
300.653
300.652
300.652
300.651
300.651
300.651
300.651
300.652
300.652
300.653
300.653
300.653
300.651
300.649
300.644
300.643
300.649
300.653
300.655
300.657
300.657
300.658
300.658
300.658
300.656
300.656
300.658
300.658
300.658
300.657
300.657
300.655
300.653
300.649
300.642
300.638
300.645
300.651
300.656
300.661
300.666
300.67
300.673
300.675
300.674
300.674
300.675
300.673
300.67
300.666
300.661
300.656
300.651
300.645
300.637
300.597
300.592
300.557
300.546
300.555
300.562
300.563
300.563
300.562
300.561
300.561
300.562
300.563
300.564
300.562
300.554
300.547
300.573
300.596
300.6
300.618
300.611
300.602
300.6
300.599
300.598
300.602
300.606
300.607
300.607
300.607
300.607
300.605
300.602
300.598
300.599
300.6
300.602
300.614
300.62
300.631
300.629
300.624
300.62
300.617
300.616
300.616
300.616
300.618
300.62
300.62
300.618
300.616
300.615
300.615
300.616
300.619
300.624
300.629
300.633
300.645
300.642
300.64
300.636
300.633
300.63
300.627
300.627
300.626
300.627
300.627
300.626
300.627
300.627
300.629
300.632
300.636
300.64
300.642
300.646
300.649
300.647
300.646
300.645
300.643
300.639
300.636
300.634
300.633
300.633
300.633
300.633
300.634
300.637
300.639
300.642
300.645
300.646
300.647
300.648
300.649
300.649
300.649
300.648
300.647
300.645
300.642
300.64
300.639
300.639
300.639
300.639
300.64
300.643
300.645
300.647
300.648
300.648
300.649
300.649
300.649
300.651
300.651
300.65
300.65
300.648
300.647
300.645
300.644
300.644
300.644
300.644
300.645
300.647
300.648
300.65
300.65
300.65
300.651
300.649
300.648
300.653
300.653
300.652
300.652
300.651
300.65
300.649
300.649
300.648
300.648
300.649
300.649
300.65
300.651
300.652
300.652
300.653
300.652
300.648
300.647
300.653
300.655
300.656
300.656
300.656
300.657
300.657
300.657
300.656
300.656
300.657
300.657
300.657
300.656
300.656
300.656
300.655
300.653
300.647
300.643
300.65
300.656
300.662
300.667
300.672
300.677
300.681
300.684
300.683
300.683
300.684
300.681
300.677
300.672
300.667
300.661
300.656
300.65
300.642
300.553
300.55
300.549
300.555
300.561
300.564
300.565
300.564
300.563
300.562
300.562
300.563
300.565
300.565
300.564
300.561
300.554
300.547
300.55
300.553
300.603
300.601
300.6
300.599
300.598
300.6
300.603
300.606
300.607
300.607
300.607
300.607
300.606
300.603
300.6
300.598
300.599
300.6
300.602
300.604
300.622
300.621
300.619
300.617
300.616
300.616
300.616
300.617
300.619
300.621
300.621
300.619
300.617
300.615
300.615
300.615
300.616
300.619
300.621
300.623
300.639
300.636
300.635
300.633
300.63
300.628
300.627
300.626
300.626
300.627
300.627
300.626
300.626
300.627
300.628
300.63
300.632
300.635
300.637
300.639
300.65
300.647
300.645
300.643
300.64
300.638
300.635
300.634
300.633
300.632
300.633
300.633
300.634
300.636
300.638
300.64
300.643
300.644
300.647
300.65
300.652
300.651
300.649
300.647
300.646
300.643
300.641
300.639
300.638
300.638
300.638
300.638
300.639
300.641
300.643
300.646
300.647
300.649
300.651
300.651
300.652
300.653
300.651
300.65
300.648
300.647
300.645
300.644
300.643
300.642
300.642
300.643
300.644
300.645
300.647
300.648
300.65
300.651
300.652
300.651
300.651
300.655
300.653
300.652
300.651
300.65
300.649
300.648
300.648
300.647
300.647
300.648
300.648
300.649
300.65
300.651
300.652
300.653
300.654
300.651
300.65
300.656
300.657
300.656
300.656
300.657
300.658
300.659
300.659
300.657
300.657
300.659
300.659
300.658
300.657
300.656
300.656
300.656
300.656
300.65
300.647
300.655
300.661
300.667
300.673
300.679
300.686
300.691
300.695
300.694
300.694
300.694
300.691
300.685
300.679
300.673
300.667
300.661
300.654
300.646
300.557
300.557
300.559
300.562
300.564
300.565
300.566
300.565
300.564
300.563
300.563
300.564
300.566
300.566
300.566
300.564
300.562
300.559
300.556
300.556
300.602
300.6
300.599
300.598
300.6
300.602
300.605
300.607
300.608
300.608
300.608
300.608
300.607
300.605
300.602
300.6
300.598
300.599
300.601
300.602
300.618
300.617
300.616
300.616
300.616
300.615
300.616
300.618
300.62
300.621
300.621
300.619
300.617
300.616
300.615
300.615
300.616
300.616
300.617
300.618
300.632
300.631
300.631
300.63
300.628
300.627
300.627
300.626
300.627
300.628
300.628
300.627
300.626
300.627
300.627
300.628
300.629
300.631
300.632
300.633
300.648
300.643
300.641
300.639
300.638
300.636
300.634
300.633
300.633
300.633
300.633
300.633
300.634
300.635
300.636
300.638
300.64
300.641
300.644
300.649
300.653
300.65
300.647
300.645
300.643
300.642
300.64
300.638
300.637
300.637
300.637
300.638
300.638
300.64
300.642
300.643
300.645
300.647
300.65
300.653
300.654
300.653
300.65
300.648
300.647
300.645
300.644
300.642
300.642
300.641
300.641
300.642
300.642
300.644
300.645
300.647
300.648
300.65
300.653
300.653
300.654
300.656
300.653
300.651
300.65
300.649
300.648
300.648
300.647
300.646
300.646
300.647
300.648
300.648
300.649
300.65
300.651
300.653
300.656
300.653
300.653
300.658
300.657
300.656
300.657
300.658
300.66
300.661
300.661
300.659
300.659
300.661
300.661
300.66
300.658
300.657
300.656
300.657
300.658
300.653
300.65
300.659
300.666
300.672
300.679
300.687
300.695
300.701
300.707
300.708
300.708
300.706
300.701
300.694
300.687
300.679
300.672
300.665
300.659
300.65
300.559
300.561
300.562
300.564
300.565
300.566
300.566
300.566
300.565
300.565
300.565
300.566
300.567
300.567
300.566
300.565
300.564
300.563
300.562
300.559
300.603
300.602
300.601
300.602
300.603
300.605
300.606
300.607
300.608
300.608
300.608
300.608
300.607
300.606
300.605
300.603
300.602
300.601
300.601
300.603
300.617
300.616
300.616
300.616
300.616
300.616
300.617
300.619
300.62
300.621
300.621
300.62
300.618
300.617
300.616
300.615
300.615
300.616
300.616
300.617
300.628
300.628
300.628
300.627
300.627
300.627
300.626
300.626
300.627
300.628
300.628
300.627
300.626
300.626
300.627
300.627
300.627
300.628
300.628
300.629
300.644
300.64
300.638
300.636
300.635
300.634
300.633
300.633
300.632
300.633
300.633
300.632
300.633
300.634
300.635
300.636
300.637
300.638
300.64
300.645
300.654
300.648
300.644
300.642
300.641
300.64
300.639
300.638
300.637
300.637
300.637
300.637
300.638
300.639
300.64
300.641
300.643
300.645
300.648
300.653
300.655
300.652
300.649
300.647
300.645
300.644
300.643
300.642
300.641
300.64
300.64
300.641
300.642
300.643
300.644
300.645
300.647
300.649
300.652
300.655
300.655
300.656
300.652
300.65
300.649
300.648
300.648
300.647
300.647
300.646
300.646
300.647
300.647
300.648
300.648
300.649
300.65
300.652
300.656
300.655
300.655
300.66
300.658
300.657
300.658
300.66
300.661
300.663
300.663
300.666
300.665
300.663
300.663
300.661
300.659
300.658
300.657
300.658
300.659
300.655
300.653
300.663
300.67
300.677
300.686
300.695
300.704
300.713
300.721
300.726
300.726
300.721
300.713
300.703
300.694
300.685
300.677
300.67
300.662
300.653
300.558
300.56
300.56
300.563
300.564
300.565
300.566
300.567
300.567
300.568
300.568
300.568
300.567
300.567
300.566
300.565
300.563
300.562
300.56
300.559
300.605
300.605
300.605
300.606
300.606
300.607
300.607
300.608
300.609
300.609
300.609
300.609
300.608
300.607
300.607
300.606
300.605
300.605
300.605
300.605
300.617
300.616
300.616
300.616
300.617
300.618
300.619
300.62
300.621
300.622
300.622
300.621
300.62
300.618
300.618
300.617
300.616
300.616
300.616
300.617
300.627
300.627
300.627
300.627
300.626
300.626
300.626
300.626
300.627
300.629
300.629
300.627
300.626
300.626
300.626
300.626
300.627
300.627
300.627
300.627
300.641
300.637
300.635
300.634
300.634
300.633
300.633
300.632
300.632
300.635
300.635
300.632
300.633
300.633
300.634
300.634
300.634
300.635
300.637
300.642
300.654
300.647
300.643
300.64
300.639
300.638
300.638
300.637
300.637
300.639
300.639
300.637
300.637
300.638
300.638
300.639
300.64
300.643
300.647
300.654
300.656
300.652
300.648
300.645
300.644
300.642
300.642
300.641
300.64
300.642
300.642
300.64
300.641
300.642
300.642
300.644
300.645
300.648
300.652
300.655
300.656
300.656
300.652
300.649
300.648
300.648
300.647
300.647
300.646
300.649
300.649
300.646
300.647
300.647
300.648
300.648
300.649
300.652
300.656
300.656
300.657
300.661
300.658
300.657
300.659
300.661
300.663
300.665
300.668
300.684
300.684
300.668
300.664
300.663
300.66
300.658
300.657
300.658
300.66
300.656
300.656
300.665
300.673
300.681
300.691
300.701
300.713
300.725
300.737
300.75
300.749
300.737
300.725
300.713
300.701
300.69
300.681
300.673
300.665
300.655
300.559
300.564
300.558
300.561
300.563
300.564
300.565
300.567
300.568
300.575
300.575
300.568
300.568
300.566
300.564
300.563
300.562
300.559
300.563
300.56
300.605
300.606
300.606
300.607
300.607
300.608
300.608
300.609
300.61
300.622
300.622
300.61
300.609
300.608
300.608
300.607
300.607
300.606
300.606
300.605
300.618
300.618
300.618
300.618
300.619
300.62
300.62
300.621
300.622
300.637
300.636
300.622
300.621
300.62
300.619
300.619
300.618
300.618
300.617
300.618
300.627
300.626
300.626
300.626
300.626
300.627
300.627
300.627
300.63
300.647
300.647
300.629
300.627
300.627
300.627
300.626
300.626
300.626
300.626
300.627
300.639
300.635
300.634
300.633
300.633
300.633
300.632
300.632
300.635
300.656
300.655
300.635
300.632
300.632
300.633
300.633
300.633
300.634
300.636
300.64
300.654
300.646
300.642
300.639
300.638
300.637
300.637
300.637
300.64
300.662
300.662
300.64
300.637
300.637
300.638
300.638
300.639
300.642
300.646
300.654
300.656
300.651
300.647
300.644
300.643
300.642
300.641
300.64
300.644
300.668
300.667
300.643
300.64
300.641
300.642
300.643
300.644
300.647
300.651
300.656
300.657
300.656
300.651
300.649
300.648
300.647
300.647
300.646
300.651
300.683
300.682
300.65
300.646
300.646
300.647
300.647
300.649
300.651
300.656
300.656
300.657
300.661
300.658
300.657
300.659
300.661
300.663
300.668
300.683
300.729
300.728
300.682
300.668
300.663
300.66
300.658
300.657
300.657
300.661
300.657
300.656
300.667
300.675
300.684
300.695
300.707
300.721
300.737
300.758
300.786
300.785
300.757
300.737
300.72
300.706
300.694
300.683
300.675
300.666
300.656
300.571
300.557
300.564
300.561
300.562
300.563
300.565
300.568
300.575
301.26
301.259
300.575
300.568
300.565
300.564
300.562
300.562
300.565
300.558
300.569
300.604
300.605
300.606
300.607
300.607
300.608
300.608
300.609
300.622
301.067
301.065
300.622
300.609
300.608
300.608
300.607
300.607
300.606
300.605
300.605
300.619
300.619
300.62
300.62
300.621
300.621
300.621
300.622
300.637
300.986
300.984
300.636
300.622
300.621
300.621
300.621
300.62
300.619
300.619
300.619
300.626
300.626
300.626
300.627
300.627
300.628
300.628
300.629
300.647
300.941
300.938
300.647
300.629
300.628
300.628
300.627
300.627
300.626
300.626
300.627
300.638
300.635
300.633
300.633
300.632
300.633
300.633
300.635
300.656
300.911
300.908
300.655
300.635
300.633
300.633
300.633
300.633
300.634
300.635
300.639
300.653
300.646
300.641
300.639
300.638
300.637
300.637
300.639
300.662
300.889
300.886
300.662
300.639
300.637
300.637
300.638
300.639
300.641
300.646
300.653
300.655
300.651
300.647
300.644
300.642
300.641
300.64
300.642
300.668
300.873
300.87
300.667
300.642
300.64
300.641
300.642
300.644
300.647
300.651
300.655
300.656
300.655
300.651
300.648
300.647
300.646
300.646
300.649
300.683
300.865
300.863
300.682
300.649
300.646
300.646
300.647
300.648
300.651
300.655
300.655
300.656
300.66
300.656
300.656
300.657
300.659
300.666
300.684
300.729
300.86
300.857
300.727
300.684
300.665
300.659
300.657
300.655
300.656
300.66
300.656
300.655
300.665
300.674
300.683
300.694
300.708
300.726
300.75
300.786
300.852
300.849
300.785
300.749
300.725
300.708
300.694
300.682
300.673
300.665
300.655
300.559
300.565
300.558
300.561
300.562
300.563
300.565
300.568
300.575
301.259
301.259
300.575
300.568
300.565
300.564
300.562
300.561
300.558
300.567
300.56
300.602
300.605
300.607
300.607
300.607
300.608
300.608
300.609
300.622
301.065
301.065
300.622
300.609
300.608
300.608
300.607
300.607
300.606
300.605
300.603
300.619
300.619
300.619
300.62
300.621
300.621
300.621
300.622
300.636
300.984
300.983
300.636
300.622
300.621
300.621
300.62
300.62
300.619
300.619
300.619
300.626
300.626
300.626
300.627
300.627
300.628
300.628
300.629
300.647
300.938
300.938
300.647
300.629
300.628
300.628
300.627
300.627
300.626
300.626
300.627
300.639
300.635
300.633
300.633
300.633
300.633
300.633
300.635
300.655
300.908
300.908
300.655
300.635
300.633
300.633
300.633
300.633
300.634
300.635
300.639
300.653
300.646
300.641
300.639
300.638
300.637
300.637
300.639
300.662
300.886
300.885
300.662
300.639
300.637
300.637
300.638
300.639
300.641
300.646
300.653
300.655
300.651
300.647
300.644
300.642
300.641
300.64
300.642
300.667
300.869
300.869
300.666
300.642
300.64
300.641
300.642
300.644
300.647
300.651
300.655
300.656
300.655
300.651
300.648
300.647
300.646
300.646
300.649
300.682
300.862
300.862
300.682
300.648
300.646
300.646
300.647
300.648
300.651
300.655
300.655
300.656
300.66
300.656
300.656
300.657
300.659
300.665
300.684
300.728
300.857
300.856
300.727
300.683
300.665
300.659
300.657
300.655
300.656
300.66
300.655
300.655
300.665
300.674
300.683
300.694
300.708
300.726
300.749
300.785
300.849
300.848
300.784
300.748
300.725
300.708
300.694
300.682
300.673
300.665
300.654
300.559
300.559
300.563
300.562
300.563
300.564
300.566
300.568
300.568
300.575
300.575
300.568
300.568
300.566
300.564
300.563
300.562
300.563
300.558
300.562
300.605
300.606
300.606
300.607
300.607
300.608
300.608
300.609
300.61
300.622
300.622
300.61
300.609
300.608
300.608
300.607
300.607
300.606
300.606
300.605
300.618
300.617
300.618
300.618
300.619
300.619
300.62
300.621
300.622
300.636
300.636
300.622
300.621
300.62
300.619
300.619
300.618
300.618
300.617
300.617
300.627
300.626
300.626
300.626
300.626
300.627
300.627
300.627
300.629
300.647
300.647
300.629
300.627
300.627
300.627
300.626
300.626
300.626
300.626
300.627
300.64
300.636
300.634
300.633
300.633
300.633
300.632
300.632
300.635
300.655
300.655
300.635
300.633
300.633
300.633
300.633
300.633
300.634
300.636
300.64
300.654
300.646
300.642
300.639
300.638
300.638
300.637
300.637
300.64
300.662
300.662
300.64
300.637
300.637
300.638
300.638
300.639
300.642
300.646
300.654
300.656
300.651
300.647
300.644
300.643
300.642
300.641
300.64
300.643
300.667
300.666
300.643
300.64
300.641
300.642
300.642
300.644
300.647
300.651
300.655
300.656
300.656
300.651
300.649
300.648
300.647
300.646
300.646
300.65
300.682
300.682
300.65
300.646
300.646
300.647
300.647
300.649
300.651
300.656
300.656
300.657
300.661
300.658
300.657
300.659
300.661
300.663
300.668
300.682
300.727
300.727
300.682
300.668
300.663
300.66
300.658
300.657
300.657
300.66
300.657
300.656
300.667
300.675
300.684
300.694
300.706
300.721
300.737
300.757
300.785
300.784
300.757
300.737
300.72
300.706
300.694
300.683
300.675
300.666
300.656
300.559
300.56
300.561
300.563
300.565
300.566
300.567
300.567
300.568
300.568
300.568
300.568
300.567
300.566
300.566
300.565
300.563
300.561
300.56
300.559
300.605
300.605
300.605
300.605
300.606
300.607
300.607
300.608
300.609
300.609
300.609
300.609
300.608
300.607
300.607
300.606
300.605
300.605
300.605
300.605
300.617
300.616
300.616
300.616
300.617
300.617
300.618
300.62
300.621
300.622
300.622
300.621
300.62
300.618
300.618
300.617
300.616
300.616
300.616
300.617
300.627
300.627
300.627
300.627
300.626
300.626
300.626
300.626
300.627
300.629
300.629
300.627
300.627
300.626
300.626
300.626
300.627
300.627
300.627
300.627
300.642
300.637
300.635
300.634
300.634
300.634
300.633
300.633
300.632
300.635
300.635
300.633
300.633
300.633
300.634
300.634
300.635
300.635
300.638
300.642
300.654
300.647
300.643
300.64
300.639
300.639
300.638
300.637
300.637
300.639
300.639
300.637
300.637
300.638
300.639
300.639
300.64
300.643
300.647
300.654
300.656
300.652
300.648
300.645
300.644
300.642
300.642
300.641
300.64
300.642
300.642
300.64
300.641
300.642
300.642
300.643
300.645
300.648
300.652
300.655
300.656
300.656
300.652
300.649
300.648
300.648
300.647
300.647
300.646
300.649
300.648
300.646
300.647
300.647
300.648
300.648
300.649
300.652
300.656
300.656
300.657
300.66
300.658
300.657
300.659
300.661
300.663
300.664
300.668
300.684
300.683
300.668
300.664
300.662
300.66
300.658
300.657
300.658
300.66
300.656
300.655
300.665
300.673
300.681
300.691
300.701
300.713
300.725
300.737
300.749
300.748
300.737
300.724
300.712
300.701
300.69
300.681
300.673
300.665
300.655
300.559
300.562
300.563
300.564
300.565
300.566
300.567
300.567
300.566
300.565
300.565
300.566
300.566
300.567
300.566
300.565
300.564
300.563
300.562
300.559
300.603
300.601
300.601
300.602
300.603
300.605
300.606
300.607
300.608
300.608
300.608
300.608
300.607
300.606
300.605
300.603
300.602
300.601
300.601
300.603
300.617
300.616
300.616
300.615
300.615
300.616
300.617
300.618
300.62
300.621
300.621
300.62
300.618
300.617
300.616
300.615
300.615
300.616
300.616
300.617
300.628
300.628
300.628
300.627
300.627
300.627
300.626
300.626
300.627
300.628
300.628
300.627
300.626
300.626
300.627
300.627
300.628
300.628
300.628
300.629
300.645
300.64
300.638
300.637
300.636
300.635
300.634
300.633
300.632
300.633
300.633
300.633
300.633
300.634
300.635
300.636
300.637
300.638
300.64
300.645
300.654
300.648
300.645
300.643
300.641
300.64
300.639
300.638
300.637
300.637
300.637
300.637
300.638
300.639
300.64
300.641
300.643
300.645
300.648
300.653
300.655
300.652
300.649
300.647
300.645
300.644
300.643
300.642
300.641
300.64
300.64
300.641
300.642
300.643
300.644
300.645
300.646
300.649
300.652
300.655
300.655
300.656
300.652
300.65
300.649
300.648
300.648
300.647
300.646
300.646
300.646
300.646
300.647
300.648
300.648
300.649
300.65
300.652
300.656
300.655
300.655
300.659
300.658
300.657
300.658
300.66
300.661
300.663
300.663
300.665
300.665
300.663
300.662
300.661
300.659
300.658
300.657
300.658
300.659
300.655
300.653
300.662
300.67
300.677
300.685
300.694
300.703
300.713
300.72
300.725
300.725
300.72
300.712
300.703
300.694
300.685
300.677
300.67
300.662
300.653
300.557
300.556
300.559
300.562
300.564
300.566
300.566
300.566
300.564
300.564
300.564
300.564
300.566
300.566
300.566
300.564
300.562
300.559
300.556
300.557
300.602
300.6
300.599
300.598
300.6
300.602
300.605
300.607
300.608
300.608
300.608
300.608
300.607
300.605
300.602
300.6
300.598
300.599
300.6
300.602
300.618
300.617
300.616
300.615
300.615
300.615
300.616
300.618
300.619
300.621
300.621
300.619
300.618
300.616
300.615
300.615
300.616
300.616
300.617
300.618
300.632
300.631
300.63
300.629
300.628
300.627
300.627
300.626
300.627
300.628
300.628
300.627
300.626
300.627
300.627
300.628
300.629
300.631
300.631
300.633
300.649
300.643
300.641
300.639
300.638
300.636
300.635
300.634
300.633
300.633
300.633
300.633
300.634
300.635
300.636
300.638
300.64
300.641
300.644
300.649
300.653
300.65
300.647
300.645
300.643
300.642
300.64
300.639
300.638
300.637
300.637
300.638
300.639
300.64
300.642
300.643
300.645
300.647
300.65
300.653
300.653
300.653
300.65
300.648
300.647
300.645
300.644
300.642
300.642
300.641
300.641
300.642
300.642
300.644
300.645
300.647
300.648
300.65
300.653
300.653
300.653
300.656
300.653
300.651
300.65
300.649
300.648
300.648
300.647
300.646
300.646
300.647
300.648
300.648
300.649
300.65
300.651
300.653
300.655
300.653
300.653
300.658
300.657
300.656
300.657
300.658
300.659
300.66
300.66
300.659
300.659
300.66
300.66
300.659
300.658
300.657
300.656
300.657
300.658
300.653
300.65
300.659
300.666
300.672
300.679
300.687
300.694
300.701
300.706
300.708
300.708
300.706
300.701
300.694
300.686
300.679
300.672
300.665
300.659
300.65
300.553
300.551
300.548
300.554
300.561
300.564
300.565
300.565
300.563
300.562
300.562
300.563
300.565
300.565
300.564
300.561
300.554
300.547
300.551
300.553
300.604
300.602
300.6
300.598
300.598
300.6
300.603
300.606
300.607
300.607
300.607
300.607
300.606
300.603
300.6
300.598
300.599
300.6
300.602
300.604
300.622
300.621
300.618
300.616
300.615
300.615
300.615
300.617
300.619
300.621
300.62
300.619
300.617
300.615
300.615
300.616
300.616
300.619
300.621
300.623
300.639
300.636
300.634
300.632
300.63
300.628
300.627
300.626
300.626
300.627
300.627
300.626
300.626
300.627
300.628
300.63
300.632
300.635
300.637
300.639
300.65
300.647
300.644
300.642
300.64
300.638
300.636
300.634
300.633
300.633
300.633
300.633
300.634
300.636
300.638
300.64
300.643
300.644
300.647
300.65
300.652
300.651
300.649
300.647
300.646
300.643
300.641
300.639
300.638
300.638
300.638
300.638
300.639
300.641
300.643
300.645
300.647
300.649
300.65
300.651
300.652
300.652
300.651
300.65
300.648
300.647
300.645
300.644
300.643
300.642
300.642
300.642
300.643
300.645
300.647
300.648
300.649
300.651
300.652
300.651
300.651
300.654
300.653
300.652
300.651
300.65
300.649
300.648
300.647
300.647
300.647
300.647
300.648
300.649
300.65
300.651
300.652
300.653
300.654
300.651
300.65
300.656
300.657
300.656
300.656
300.657
300.658
300.658
300.658
300.657
300.657
300.658
300.658
300.658
300.657
300.656
300.656
300.656
300.656
300.65
300.647
300.655
300.661
300.667
300.673
300.679
300.685
300.69
300.694
300.694
300.694
300.694
300.69
300.685
300.679
300.673
300.667
300.661
300.654
300.646
300.6
300.596
300.574
300.547
300.554
300.562
300.564
300.563
300.562
300.561
300.561
300.562
300.563
300.564
300.562
300.554
300.547
300.573
300.596
300.6
300.619
300.614
300.602
300.599
300.599
300.598
300.602
300.605
300.607
300.607
300.607
300.607
300.605
300.602
300.598
300.599
300.6
300.602
300.614
300.619
300.632
300.629
300.624
300.619
300.616
300.616
300.615
300.616
300.618
300.62
300.62
300.618
300.616
300.615
300.616
300.616
300.619
300.624
300.629
300.632
300.645
300.642
300.639
300.636
300.632
300.629
300.627
300.627
300.626
300.627
300.627
300.626
300.627
300.628
300.629
300.632
300.636
300.64
300.642
300.646
300.649
300.647
300.646
300.645
300.643
300.64
300.637
300.634
300.633
300.633
300.633
300.633
300.635
300.637
300.64
300.643
300.645
300.646
300.647
300.648
300.649
300.649
300.648
300.648
300.647
300.645
300.643
300.64
300.639
300.639
300.639
300.639
300.64
300.643
300.645
300.647
300.648
300.648
300.649
300.649
300.649
300.651
300.65
300.65
300.649
300.648
300.647
300.645
300.644
300.644
300.644
300.644
300.645
300.646
300.648
300.649
300.65
300.65
300.651
300.649
300.648
300.652
300.653
300.652
300.652
300.651
300.65
300.649
300.649
300.648
300.648
300.649
300.649
300.65
300.651
300.652
300.652
300.653
300.652
300.648
300.647
300.653
300.655
300.656
300.656
300.656
300.657
300.657
300.657
300.655
300.655
300.657
300.657
300.657
300.656
300.656
300.655
300.655
300.653
300.647
300.642
300.65
300.656
300.661
300.667
300.672
300.677
300.681
300.683
300.682
300.682
300.683
300.681
300.677
300.672
300.667
300.661
300.656
300.65
300.642
300.617
300.613
300.604
300.573
300.547
300.559
300.563
300.561
300.563
300.558
300.565
300.559
300.562
300.563
300.559
300.547
300.573
300.603
300.613
300.617
300.636
300.63
300.619
300.602
300.6
300.599
300.601
300.605
300.606
300.606
300.606
300.606
300.605
300.601
300.599
300.6
300.602
300.619
300.63
300.636
300.641
300.64
300.634
300.624
300.619
300.616
300.616
300.616
300.618
300.619
300.619
300.618
300.616
300.616
300.616
300.619
300.624
300.633
300.64
300.641
300.644
300.643
300.643
300.64
300.635
300.631
300.628
300.627
300.626
300.626
300.626
300.626
300.627
300.628
300.631
300.635
300.64
300.643
300.643
300.644
300.645
300.645
300.646
300.646
300.644
300.641
300.638
300.635
300.634
300.634
300.634
300.634
300.635
300.638
300.641
300.644
300.646
300.646
300.645
300.645
300.645
300.646
300.647
300.648
300.649
300.647
300.645
300.643
300.642
300.641
300.641
300.642
300.643
300.645
300.647
300.649
300.648
300.647
300.646
300.645
300.645
300.648
300.649
300.65
300.651
300.65
300.649
300.648
300.647
300.647
300.647
300.647
300.648
300.649
300.65
300.651
300.65
300.649
300.648
300.645
300.644
300.649
300.651
300.653
300.653
300.653
300.652
300.652
300.651
300.651
300.651
300.651
300.652
300.652
300.653
300.653
300.653
300.651
300.649
300.644
300.642
300.649
300.653
300.655
300.656
300.657
300.658
300.658
300.657
300.656
300.656
300.657
300.658
300.658
300.657
300.656
300.655
300.653
300.649
300.642
300.638
300.645
300.651
300.656
300.661
300.665
300.67
300.673
300.675
300.673
300.673
300.675
300.673
300.67
300.665
300.661
300.656
300.651
300.645
300.638
300.625
300.621
300.613
300.596
300.55
300.556
300.562
300.56
300.558
300.567
300.558
300.563
300.56
300.562
300.556
300.551
300.596
300.613
300.621
300.625
300.636
300.636
300.63
300.614
300.602
300.601
300.601
300.605
300.606
300.605
300.605
300.606
300.605
300.601
300.6
300.602
300.614
300.63
300.636
300.635
300.638
300.639
300.64
300.63
300.621
300.617
300.616
300.616
300.617
300.619
300.619
300.617
300.616
300.616
300.617
300.621
300.629
300.64
300.639
300.637
300.639
300.641
300.643
300.642
300.637
300.632
300.628
300.627
300.626
300.626
300.626
300.626
300.627
300.628
300.632
300.637
300.642
300.643
300.641
300.638
300.639
300.641
300.645
300.647
300.647
300.644
300.64
300.637
300.636
300.635
300.635
300.636
300.638
300.64
300.644
300.647
300.647
300.645
300.641
300.639
300.639
300.642
300.646
300.649
300.651
300.65
300.648
300.647
300.646
300.646
300.646
300.646
300.647
300.648
300.65
300.65
300.649
300.646
300.642
300.639
300.639
300.643
300.648
300.651
300.652
300.653
300.652
300.652
300.651
300.651
300.651
300.651
300.652
300.652
300.653
300.652
300.651
300.648
300.643
300.639
300.638
300.644
300.649
300.652
300.654
300.656
300.656
300.656
300.656
300.655
300.655
300.656
300.656
300.656
300.655
300.654
300.652
300.649
300.644
300.638
300.636
300.644
300.649
300.653
300.656
300.658
300.659
300.66
300.661
300.66
300.66
300.66
300.66
300.659
300.658
300.655
300.653
300.649
300.644
300.636
300.632
300.639
300.645
300.65
300.654
300.659
300.662
300.665
300.666
300.665
300.665
300.666
300.665
300.662
300.659
300.654
300.65
300.645
300.639
300.632
300.625
300.625
300.618
300.6
300.553
300.556
300.559
300.56
300.562
300.56
300.569
300.559
300.559
300.559
300.557
300.553
300.6
300.617
300.625
300.625
300.631
300.635
300.636
300.62
300.604
300.602
300.603
300.605
300.605
300.603
300.605
300.606
300.605
300.603
300.602
300.604
300.619
300.636
300.635
300.631
300.631
300.637
300.641
300.633
300.623
300.618
300.617
300.617
300.618
300.619
300.619
300.617
300.617
300.617
300.618
300.623
300.632
300.641
300.637
300.631
300.631
300.638
300.644
300.646
300.639
300.633
300.629
300.627
300.627
300.627
300.627
300.627
300.627
300.629
300.633
300.639
300.646
300.644
300.638
300.631
300.631
300.639
300.645
300.648
300.65
300.649
300.645
300.642
300.64
300.639
300.639
300.64
300.642
300.645
300.649
300.65
300.648
300.645
300.639
300.631
300.631
300.639
300.645
300.649
300.651
300.653
300.653
300.654
300.654
300.653
300.653
300.654
300.654
300.653
300.653
300.651
300.649
300.645
300.639
300.631
300.631
300.639
300.645
300.649
300.651
300.653
300.655
300.655
300.655
300.655
300.655
300.655
300.655
300.654
300.653
300.651
300.649
300.645
300.639
300.631
300.63
300.638
300.644
300.648
300.651
300.653
300.655
300.656
300.656
300.655
300.655
300.656
300.656
300.655
300.653
300.651
300.648
300.644
300.638
300.63
300.628
300.636
300.642
300.647
300.65
300.653
300.655
300.656
300.657
300.656
300.655
300.657
300.656
300.655
300.653
300.65
300.647
300.642
300.636
300.628
300.624
300.632
300.637
300.642
300.646
300.65
300.653
300.655
300.656
300.655
300.654
300.656
300.655
300.653
300.65
300.646
300.642
300.637
300.632
300.624
)
;

boundaryField
{
    floor
    {
        type            fixedValue;
        value           nonuniform List<scalar> 
400
(
300
300
300
300
300
300
300
300
300
300
300
300
300
300
300
300
300
300
300
300
300
300
300
300
300
300
300
300
300
300
300
300
300
300
300
300
300
300
300
300
300
300
300
300
300
300
300
300
300
300
300
300
300
300
300
300
300
300
300
300
300
300
300
300
300
300
300
300
300
300
300
300
300
300
300
300
300
300
300
300
300
300
300
300
300
300
300
300
300
300
300
300
300
300
300
300
300
300
300
300
300
300
300
300
300
300
300
300
300
300
300
300
300
300
300
300
300
300
300
300
300
300
300
300
300
300
300
300
300
300
300
300
300
300
300
300
300
300
300
300
300
300
300
300
300
300
300
300
300
300
300
300
300
300
300
300
300
300
300
300
300
300
300
300
300
300
300
300
300
300
300
300
300
300
300
300
300
300
300
300
300
300
300
300
300
300
300
300
300
600
600
300
300
300
300
300
300
300
300
300
300
300
300
300
300
300
300
300
300
600
600
300
300
300
300
300
300
300
300
300
300
300
300
300
300
300
300
300
300
300
300
300
300
300
300
300
300
300
300
300
300
300
300
300
300
300
300
300
300
300
300
300
300
300
300
300
300
300
300
300
300
300
300
300
300
300
300
300
300
300
300
300
300
300
300
300
300
300
300
300
300
300
300
300
300
300
300
300
300
300
300
300
300
300
300
300
300
300
300
300
300
300
300
300
300
300
300
300
300
300
300
300
300
300
300
300
300
300
300
300
300
300
300
300
300
300
300
300
300
300
300
300
300
300
300
300
300
300
300
300
300
300
300
300
300
300
300
300
300
300
300
300
300
300
300
300
300
300
300
300
300
300
300
300
300
300
300
300
300
300
300
300
300
300
300
300
300
300
300
300
300
300
300
300
300
300
300
300
300
300
300
300
300
300
300
300
300
300
300
300
)
;
    }
    ceiling
    {
        type            fixedValue;
        value           uniform 300;
    }
    fixedWalls
    {
        type            zeroGradient;
    }
}


// ************************************************************************* //
