/*--------------------------------*- C++ -*----------------------------------*\
| =========                 |                                                 |
| \\      /  F ield         | OpenFOAM: The Open Source CFD Toolbox           |
|  \\    /   O peration     | Version:  v1912                                 |
|   \\  /    A nd           | Website:  www.openfoam.com                      |
|    \\/     M anipulation  |                                                 |
\*---------------------------------------------------------------------------*/
FoamFile
{
    version     2.0;
    format      ascii;
    class       surfaceScalarField;
    location    "950";
    object      phi;
}
// * * * * * * * * * * * * * * * * * * * * * * * * * * * * * * * * * * * * * //

dimensions      [0 3 -1 0 0 0 0];
oriented        oriented;


internalField   nonuniform List<scalar> 
3895
(
0.000814746
0.00038143
0.000499361
0.000315385
0.000251565
0.000247796
6.4863e-05
0.000186702
-6.21962e-05
0.000127059
-0.000127327
6.51304e-05
-0.000137639
1.0312e-05
-0.000113632
-2.40063e-05
-9.03514e-05
-2.32809e-05
-8.49475e-05
-5.40394e-06
-6.61298e-05
-1.88176e-05
-4.47458e-05
-2.1384e-05
-4.04646e-05
-4.28116e-06
-4.867e-05
8.20534e-06
-4.5711e-05
-2.95899e-06
-3.20515e-05
-1.36595e-05
-2.51399e-05
-6.91157e-06
-2.59227e-05
7.82767e-07
-2.89442e-05
3.0215e-06
-3.04876e-05
1.54338e-06
-2.91856e-05
-1.30197e-06
-2.48992e-05
-4.28643e-06
-1.85779e-05
-6.32126e-06
-1.1973e-05
-6.60494e-06
-6.19817e-06
-5.77481e-06
-1.89576e-06
-4.3024e-06
8.46392e-07
-2.74216e-06
2.45302e-06
-1.60663e-06
3.50402e-06
-1.051e-06
4.40716e-06
-9.03138e-07
5.29312e-06
-8.85961e-07
6.13873e-06
-8.45605e-07
6.92619e-06
-7.87459e-07
7.61939e-06
-6.93197e-07
8.14679e-06
-5.27403e-07
8.44025e-06
-2.93462e-07
8.44764e-06
-7.39022e-09
8.06903e-06
3.78609e-07
7.31253e-06
7.565e-07
6.13313e-06
1.1794e-06
4.44809e-06
1.68504e-06
2.14704e-06
2.30105e-06
-8.93279e-07
3.04032e-06
-4.79361e-06
3.90033e-06
-9.66232e-06
4.86871e-06
-1.56375e-05
5.9752e-06
-2.30349e-05
7.39737e-06
-3.25437e-05
9.50886e-06
-4.54771e-05
1.29334e-05
-6.39775e-05
1.85004e-05
-9.09458e-05
2.69683e-05
-0.000129428
3.84826e-05
-0.000181781
5.23529e-05
-0.000248959
6.71773e-05
-0.00032962
8.06611e-05
-0.000419318
8.96988e-05
-0.000510727
9.14081e-05
-0.000594954
8.42272e-05
-0.000663124
6.81699e-05
-0.000706486
4.33627e-05
-0.000714068
7.58185e-06
-0.000696365
-1.77034e-05
-0.000657699
-3.86656e-05
-0.00060163
-5.60694e-05
-0.000532039
-6.95905e-05
-0.000451962
-8.00771e-05
-0.000363382
-8.85798e-05
-0.000267849
-9.55328e-05
-0.000166983
-0.000100867
-6.24941e-05
-0.000104489
4.36285e-05
-0.000106123
0.000149401
-0.000105772
0.000253228
-0.000103827
0.000353746
-0.000100518
0.000450067
-9.63211e-05
0.000542115
-9.20484e-05
0.000630145
-8.80295e-05
0.000717291
-8.71461e-05
0.000803905
-8.6614e-05
-0.00010736
0.00108795
0.000349294
0.00104738
0.000355946
0.000933278
0.000361903
0.000775747
0.000344233
0.000598431
0.000304375
0.000410383
0.000253178
0.000221248
0.000199447
5.3877e-05
0.000143365
-6.04246e-05
9.10208e-05
-0.000110188
4.43598e-05
-0.000131882
2.87628e-06
-0.000123968
-2.92985e-05
-0.000105671
-2.25784e-05
-0.000107783
1.03173e-05
-0.000103374
-7.36757e-06
-9.07473e-05
-2.62861e-05
-7.67537e-05
-2.09052e-05
-7.88645e-05
2.89365e-06
-8.7131e-05
1.12879e-05
-9.26314e-05
7.04375e-06
-9.45862e-05
6.52882e-07
-9.09585e-05
-7.91417e-06
-8.48031e-05
-1.24767e-05
-7.80628e-05
-1.33452e-05
-7.14973e-05
-1.23403e-05
-6.58374e-05
-9.96235e-06
-6.1702e-05
-6.87749e-06
-5.95511e-05
-3.75752e-06
-5.92609e-05
-1.34128e-06
-6.03363e-05
1.72266e-07
-6.25698e-05
1.34763e-06
-6.52805e-05
1.86509e-06
-6.8158e-05
2.08996e-06
-7.11188e-05
2.26765e-06
-7.4292e-05
2.64578e-06
-7.78285e-05
3.24304e-06
-8.18525e-05
4.01661e-06
-8.64032e-05
4.92928e-06
-9.15994e-05
5.95271e-06
-9.74911e-05
7.07111e-06
-0.000104089
8.28344e-06
-0.000111388
9.60003e-06
-0.000119371
1.10229e-05
-0.000127994
1.25237e-05
-0.000137169
1.4043e-05
-0.000146755
1.55613e-05
-0.000156636
1.72788e-05
-0.000166808
1.96807e-05
-0.000177394
2.35189e-05
-0.000188539
2.96453e-05
-0.000200471
3.89003e-05
-0.000213531
5.15431e-05
-0.000227771
6.65932e-05
-0.000242369
8.17744e-05
-0.000255166
9.34581e-05
-0.000262305
9.68386e-05
-0.000258971
8.80741e-05
-0.000241012
6.62679e-05
-0.000207146
3.43043e-05
-0.000166304
2.52e-06
-0.000119824
-3.88974e-05
-6.7959e-05
-6.95688e-05
-1.34976e-05
-9.3127e-05
4.26344e-05
-0.000112201
0.000102049
-0.000129005
0.000165974
-0.000144003
0.000234312
-0.000156917
0.000306018
-0.000167239
0.000379547
-0.000174396
0.000453106
-0.000178047
0.000525147
-0.000178164
0.000594423
-0.000175047
0.000659859
-0.000169263
0.000720883
-0.000161542
0.000777333
-0.000152771
0.00082932
-0.000144035
0.000877712
-0.000136421
0.000922543
-0.000131978
0.000966533
-0.000130604
-0.000141909
0.000975282
0.000305926
0.00102604
0.000305187
0.00106097
0.000326974
0.00105862
0.000346584
0.00101217
0.00035082
0.000925048
0.000340304
0.000805752
0.000318743
0.000661765
0.000287352
0.000504928
0.000247857
0.000345844
0.000203445
0.000190168
0.000158552
4.70571e-05
0.000113812
-4.98375e-05
7.43162e-05
-8.59848e-05
4.64646e-05
-0.00010587
1.25173e-05
-0.000113874
-1.82817e-05
-0.000101871
-3.29084e-05
-9.15509e-05
-7.42634e-06
-9.9003e-05
1.87401e-05
-0.00010846
1.65007e-05
-0.000114965
7.15761e-06
-0.000119602
-3.27702e-06
-0.00012168
-1.03985e-05
-0.000120585
-1.44403e-05
-0.000118962
-1.39633e-05
-0.000118699
-1.02256e-05
-0.000120395
-5.1808e-06
-0.000124221
6.79211e-08
-0.000128309
2.74688e-06
-0.000132826
4.6894e-06
-0.000137369
5.89082e-06
-0.000141969
6.46529e-06
-0.000146502
6.62217e-06
-0.000150871
6.63734e-06
-0.000155137
6.91125e-06
-0.00015946
7.56576e-06
-0.000163944
8.50144e-06
-0.000168582
9.56645e-06
-0.000173303
1.06741e-05
-0.00017803
1.1798e-05
-0.000182674
1.29272e-05
-0.000187136
1.40626e-05
-0.000191301
1.5188e-05
-0.000194971
1.61932e-05
-0.000197778
1.68501e-05
-0.000199049
1.68318e-05
-0.000197731
1.59613e-05
-0.000192826
1.47752e-05
-0.000183354
1.40479e-05
-0.000168249
1.45399e-05
-0.000146132
1.67837e-05
-0.000116292
2.17029e-05
-7.78981e-05
2.81992e-05
-3.03612e-05
3.42375e-05
2.59893e-05
3.71076e-05
8.85633e-05
3.42646e-05
0.000152841
2.37965e-05
0.000212615
6.49359e-06
0.000267196
-2.02761e-05
0.000319101
-4.93853e-05
0.000361433
-8.12296e-05
0.000402483
-0.000110618
0.000445764
-0.000136408
0.000492845
-0.000159282
0.000543228
-0.000179388
0.000595531
-0.000196306
0.000648033
-0.000209419
0.000699013
-0.000218219
0.000747054
-0.000222437
0.000791126
-0.000222119
0.0008306
-0.000217639
0.000865211
-0.000209659
0.000894996
-0.000199048
0.000920257
-0.000186803
0.000941474
-0.000173988
0.000959154
-0.000161715
0.0009739
-0.000151167
0.000985588
-0.000143665
0.000995283
-0.000140299
-0.000144748
0.000857109
0.000271374
0.000897355
0.000264941
0.000950164
0.000274165
0.00100471
0.000292042
0.00104637
0.000309153
0.00106531
0.000321372
0.00105664
0.000327411
0.00101794
0.000326054
0.000949552
0.000316241
0.00085508
0.000297917
0.000740895
0.000272737
0.000611932
0.000242776
0.000476494
0.000209754
0.000348327
0.000174632
0.000223534
0.00013731
0.000102246
0.000103006
-1.4275e-07
6.94808e-05
-5.16328e-05
4.40637e-05
-6.28837e-05
2.9991e-05
-6.47493e-05
1.83662e-05
-6.71006e-05
9.50898e-06
-7.3006e-05
2.62835e-06
-8.04668e-05
-2.93771e-06
-8.89876e-05
-5.91945e-06
-9.63305e-05
-6.62042e-06
-0.000101823
-4.73348e-06
-0.000106777
-2.26873e-07
-0.000112141
5.43259e-06
-0.000117734
8.33984e-06
-0.000122891
9.84656e-06
-0.000127281
1.02801e-05
-0.000130829
1.00137e-05
-0.000133599
9.39178e-06
-0.000135419
8.45757e-06
-0.000136611
8.10339e-06
-0.000137268
8.22224e-06
-0.000137458
8.69214e-06
-0.000136899
9.00739e-06
-0.000135431
9.20564e-06
-0.000132937
9.30427e-06
-0.000129283
9.27341e-06
-0.00012431
9.08953e-06
-0.000117881
8.75889e-06
-0.000109805
8.11703e-06
-9.98229e-05
6.86823e-06
-8.77042e-05
4.71313e-06
-7.24483e-05
7.05499e-07
-5.42973e-05
-3.37577e-06
-3.20475e-05
-8.20203e-06
-4.20205e-06
-1.33055e-05
3.05074e-05
-1.79258e-05
7.40639e-05
-2.18536e-05
0.000127246
-2.4983e-05
0.000189404
-2.79202e-05
0.000258441
-3.19299e-05
0.000331347
-3.86413e-05
0.000404737
-4.95932e-05
0.000476965
-6.57343e-05
0.000543809
-8.712e-05
0.000605962
-0.000111538
0.000661974
-0.000137242
0.000713547
-0.000162191
0.000761985
-0.000184847
0.000807187
-0.000204484
0.000848376
-0.000220577
0.000884668
-0.000232598
0.000915361
-0.000240111
0.000940067
-0.000242925
0.000958772
-0.000241143
0.000971808
-0.000235155
0.000979771
-0.000225602
0.000983419
-0.000213306
0.000983571
-0.0001992
0.000981019
-0.000184251
0.000976455
-0.000169424
0.00097039
-0.00015565
0.000963116
-0.000143893
0.000954464
-0.000135013
0.00094429
-0.000130125
-0.00013022
0.000759397
0.000238011
0.000790536
0.000233802
0.000828351
0.000236349
0.000874985
0.000245408
0.000927002
0.000257137
0.000978871
0.000269503
0.00102441
0.000281869
0.00105755
0.000292918
0.00107319
0.000300602
0.00106786
0.000303244
0.00104042
0.000300179
0.000991565
0.000291629
0.000923239
0.00027808
0.00083886
0.000259011
0.000741525
0.000234645
0.000636635
0.000207896
0.00053215
0.000173966
0.0004339
0.000142313
0.000348945
0.000114947
0.00027603
9.12807e-05
0.000213746
7.17932e-05
0.000160425
5.5949e-05
0.000114125
4.33628e-05
7.45194e-05
3.36862e-05
4.16983e-05
2.62006e-05
1.65743e-05
2.03905e-05
3.2767e-07
1.60198e-05
-7.28777e-06
1.3048e-05
-9.5208e-06
1.05729e-05
-8.30421e-06
8.62997e-06
-5.00581e-06
6.98169e-06
-4.68884e-07
5.4768e-06
4.89641e-06
4.02648e-06
1.07651e-05
2.58887e-06
1.71432e-05
1.72526e-06
2.47156e-05
6.49841e-07
3.39553e-05
-5.47518e-07
4.48197e-05
-1.85704e-06
5.76053e-05
-3.57995e-06
7.2575e-05
-5.66537e-06
9.00051e-05
-8.15675e-06
0.000110188
-1.10936e-05
0.000133458
-1.45113e-05
0.000160056
-1.84806e-05
0.00019004
-2.31162e-05
0.000223302
-2.85483e-05
0.000258823
-3.48154e-05
0.00029704
-4.15935e-05
0.00033757
-4.87313e-05
0.00038023
-5.5966e-05
0.000425231
-6.29265e-05
0.00047277
-6.93928e-05
0.000523221
-7.54341e-05
0.000576756
-8.14545e-05
0.000633043
-8.82178e-05
0.000691086
-9.66841e-05
0.000749222
-0.000107729
0.000805282
-0.000121795
0.000856855
-0.000138693
0.000902762
-0.000157444
0.000942221
-0.000176702
0.000975074
-0.000195044
0.0010014
-0.000211173
0.00102112
-0.000224204
0.00103414
-0.0002336
0.00104058
-0.000239031
0.00104081
-0.00024035
0.00103553
-0.000237641
0.00102561
-0.000231224
0.00101207
-0.000221618
0.000995961
-0.000209489
0.000978247
-0.000195592
0.000959764
-0.000180717
0.000941154
-0.000165641
0.000922841
-0.000151112
0.000905014
-0.000137823
0.000887602
-0.000126481
0.000870226
-0.000117637
0.000852245
-0.000112144
-0.00011014
0.000672433
0.000206414
0.000702275
0.000203961
0.000733372
0.000205252
0.000767839
0.00021094
0.000806614
0.000218362
0.000850036
0.000226081
0.000897301
0.000234604
0.000946031
0.000244187
0.000992641
0.000253992
0.00103305
0.000262834
0.00106349
0.000269743
0.00108117
0.000273948
0.00108444
0.000274805
0.00107207
0.000271382
0.0010437
0.000263018
0.00100103
0.000250564
0.000949033
0.000225965
0.000891657
0.000199689
0.000831902
0.000174702
0.000772158
0.000151024
0.000714626
0.000129326
0.00066059
0.000109985
0.000610854
9.30988e-05
0.000566006
7.85337e-05
0.00052625
6.59573e-05
0.000491564
5.5076e-05
0.000461924
4.56596e-05
0.000437548
3.74245e-05
0.000418096
3.00247e-05
0.000403346
2.33799e-05
0.000392976
1.7352e-05
0.000386633
1.18192e-05
0.000384038
6.62183e-06
0.000385386
1.24065e-06
0.000390348
-3.23641e-06
0.000398948
-7.94971e-06
0.000411093
-1.26935e-05
0.00042668
-1.74433e-05
0.000445437
-2.23377e-05
0.000467182
-2.74102e-05
0.000491709
-3.2683e-05
0.000518803
-3.81876e-05
0.000548247
-4.39557e-05
0.000579789
-5.00226e-05
0.000613099
-5.64257e-05
0.000647732
-6.31815e-05
0.000683165
-7.02482e-05
0.000719038
-7.74666e-05
0.00075495
-8.46438e-05
0.000790569
-9.15844e-05
0.00082574
-9.8098e-05
0.000860444
-0.000104097
0.000894702
-0.000109692
0.00092846
-0.000115213
0.000961435
-0.000121192
0.000993002
-0.000128252
0.00102219
-0.000136919
0.00104783
-0.00014743
0.00106873
-0.000159596
0.00108404
-0.000172755
0.00109325
-0.000185907
0.00109619
-0.000197983
0.00109304
-0.000208029
0.0010842
-0.000215364
0.00107021
-0.000219606
0.00105177
-0.000220594
0.00102976
-0.000218344
0.00100516
-0.000213039
0.000978957
-0.000205018
0.000952081
-0.000194741
0.000925344
-0.000182751
0.000899383
-0.000169631
0.000874643
-0.000155977
0.000851373
-0.00014237
0.000829631
-0.00012937
0.000809296
-0.000117487
0.000790067
-0.000107252
0.000771426
-9.89962e-05
0.000752735
-9.34527e-05
-9.01729e-05
0.000594386
0.000177665
0.00062317
0.000175177
0.000652323
0.000176099
0.000682115
0.000181149
0.000712924
0.000187552
0.000745613
0.000193392
0.000781181
0.000199036
0.000820193
0.000205175
0.000862411
0.000211774
0.000906707
0.000218538
0.000951215
0.000225234
0.000993659
0.000231504
0.00103171
0.000236754
0.00106298
0.000240113
0.0010853
0.000240698
0.00109753
0.000238336
0.00109977
0.000223726
0.00109369
0.000205769
0.00108083
0.000187562
0.00106268
0.000169173
0.00104092
0.00015108
0.00101711
0.000133794
0.000992588
0.000117625
0.000968436
0.000102686
0.000945443
8.89498e-05
0.000924189
7.63303e-05
0.000905125
6.4724e-05
0.000888572
5.39769e-05
0.00087467
4.39269e-05
0.000863559
3.44909e-05
0.000855315
2.55959e-05
0.00084998
1.71547e-05
0.000847538
9.06333e-06
0.000847403
1.37582e-06
0.00085032
-6.15319e-06
0.000855731
-1.33611e-05
0.000863482
-2.0444e-05
0.000873425
-2.73869e-05
0.000885309
-3.42215e-05
0.000898881
-4.09827e-05
0.000913888
-4.76896e-05
0.000930058
-5.43579e-05
0.000947105
-6.10022e-05
0.000964717
-6.76348e-05
0.000982552
-7.4261e-05
0.00100024
-8.08661e-05
0.00101739
-8.73974e-05
0.00103367
-9.37465e-05
0.0010488
-9.97773e-05
0.00106258
-0.00010537
0.00107493
-0.000110441
0.00108583
-0.000114995
0.0010953
-0.000119168
0.00110333
-0.000123243
0.00110976
-0.000127619
0.00111424
-0.000132727
0.00111623
-0.00013891
0.00111509
-0.000146295
0.00111021
-0.000154711
0.00110113
-0.000163674
0.00108769
-0.000172474
0.00107006
-0.000180346
0.00104864
-0.00018661
0.00102404
-0.00019077
0.000996982
-0.000192546
0.00096822
-0.000191832
0.000938537
-0.000188661
0.00090868
-0.000183183
0.000879314
-0.000175652
0.000850976
-0.000166404
0.000824062
-0.000155837
0.000798815
-0.000144384
0.000775338
-0.000132501
0.000753611
-0.000120643
0.0007335
-0.00010926
0.000714769
-9.87566e-05
0.000697084
-8.95668e-05
0.00067994
-8.18519e-05
0.000662867
-7.63797e-05
-7.19799e-05
0.000525111
0.000151816
0.000551936
0.000148352
0.000579146
0.000148889
0.000606467
0.000153827
0.000634006
0.000160013
0.000661953
0.000165445
0.000690628
0.000170362
0.000720605
0.000175198
0.000752535
0.000179845
0.000786873
0.000184199
0.000823722
0.000188386
0.00086273
0.000192496
0.00090308
0.000196403
0.000943486
0.000199707
0.000982309
0.000201875
0.00101803
0.000202617
0.00104832
0.000193431
0.00107278
0.000181313
0.00109162
0.000168723
0.00110524
0.000155554
0.00111427
0.000142043
0.00111951
0.000128558
0.00112176
0.000115376
0.00112179
0.000102654
0.00112029
9.04548e-05
0.00111783
7.87858e-05
0.00111492
6.76296e-05
0.00111196
5.69424e-05
0.00110922
4.66664e-05
0.00110694
3.67679e-05
0.00110531
2.72297e-05
0.00110444
1.80278e-05
0.00110435
9.15198e-06
0.00110497
7.54403e-07
0.0011064
-7.58897e-06
0.00110847
-1.54243e-05
0.00111104
-2.30196e-05
0.00111403
-3.03763e-05
0.00111731
-3.7495e-05
0.00112072
-4.43927e-05
0.00112411
-5.10816e-05
0.00112732
-5.75683e-05
0.00113017
-6.38584e-05
0.0011325
-6.99551e-05
0.00113409
-7.58554e-05
0.00113477
-8.15422e-05
0.00113434
-8.69755e-05
0.00113269
-9.20882e-05
0.00112971
-9.68018e-05
0.0011254
-0.000101056
0.00111979
-0.000104832
0.00111297
-0.000108177
0.00110503
-0.000111231
0.00109602
-0.00011423
0.00108587
-0.000117474
0.00107442
-0.000121273
0.00106137
-0.000125858
0.00104638
-0.000131306
0.00102915
-0.000137482
0.00100951
-0.000144037
0.000987502
-0.000150464
0.000963359
-0.000156203
0.000937493
-0.000160743
0.000910412
-0.000163689
0.000882657
-0.000164791
0.000854757
-0.000163931
0.000827193
-0.000161097
0.00080038
-0.000156369
0.000774638
-0.00014991
0.000750191
-0.000141958
0.000727167
-0.000132813
0.000705606
-0.000122824
0.000685479
-0.000112374
0.000666697
-0.000101861
0.000649121
-9.16835e-05
0.000632553
-8.21892e-05
0.000616739
-7.37526e-05
0.000601284
-6.63962e-05
0.000585858
-6.0954e-05
-5.5509e-05
0.00046394
0.000128551
0.000488639
0.000123652
0.00051348
0.000124049
0.000538159
0.000129148
0.000563122
0.00013505
0.000588445
0.000140122
0.00061397
0.000144837
0.000639764
0.000149404
0.000666083
0.000153526
0.000693245
0.000157037
0.00072161
0.00016002
0.00075152
0.000162587
0.00078317
0.000164753
0.000816474
0.000166403
0.000850999
0.00016735
0.000886112
0.000167504
0.000919682
0.000159861
0.000950826
0.00015017
0.000979171
0.000140378
0.00100445
0.000130273
0.00102659
0.000119902
0.0010457
0.000109452
0.00106199
9.90859e-05
0.00107574
8.88992e-05
0.00108727
7.89334e-05
0.00109685
6.92015e-05
0.00110477
5.97046e-05
0.00111128
5.04328e-05
0.00111658
4.13692e-05
0.00112084
3.25104e-05
0.0011242
2.38688e-05
0.00112677
1.54599e-05
0.00112862
7.30443e-06
0.00112981
-4.45227e-07
0.00113031
-8.08236e-06
0.00113016
-1.52757e-05
0.00112934
-2.22016e-05
0.00112784
-2.88721e-05
0.00112563
-3.52838e-05
0.00112267
-4.14415e-05
0.00111895
-4.7352e-05
0.0011144
-5.30197e-05
0.00110899
-5.84475e-05
0.00110267
-6.36372e-05
0.0010954
-6.85862e-05
0.00108714
-7.32827e-05
0.00107787
-7.77017e-05
0.00106758
-8.1805e-05
0.00105633
-8.55511e-05
0.00104419
-8.89152e-05
0.00103127
-9.19073e-05
0.00101768
-9.45885e-05
0.00100353
-9.70838e-05
0.000988882
-9.9581e-05
0.000973716
-0.000102308
0.000957934
-0.00010549
0.000941369
-0.000109293
0.000923826
-0.000113764
0.000905144
-0.0001188
0.000885246
-0.000124139
0.000864181
-0.000129399
0.000842122
-0.000134144
0.000819336
-0.000137958
0.000796143
-0.000140496
0.000772865
-0.000141514
0.000749802
-0.000140867
0.000727205
-0.0001385
0.000705275
-0.00013444
0.000684157
-0.000128791
0.000663937
-0.000121738
0.000644659
-0.000113534
0.000626326
-0.000104491
0.000608917
-9.49643e-05
0.000592385
-8.53289e-05
0.000576661
-7.59598e-05
0.000561641
-6.7169e-05
0.000547165
-5.92763e-05
0.000532967
-5.21986e-05
0.000518764
-4.67512e-05
-4.0455e-05
0.000410014
0.000107501
0.000432754
0.000100912
0.000455183
0.00010162
0.000477152
0.000107179
0.000499455
0.000112747
0.000522203
0.000117374
0.000545203
0.000121836
0.00056844
0.000126167
0.00059194
0.000130026
0.000615686
0.00013329
0.000639722
0.000135985
0.000664189
0.000138119
0.000689281
0.000139662
0.000715152
0.000140532
0.000741864
0.000140638
0.000769388
0.000139981
0.000796435
0.000132815
0.000822523
0.000124082
0.000847429
0.000115471
0.000870887
0.000106815
0.000892682
9.81072e-05
0.000912687
8.94465e-05
0.000930852
8.09207e-05
0.000947181
7.25702e-05
0.000961712
6.44019e-05
0.000974506
5.64078e-05
0.000985634
4.85764e-05
0.000995172
4.08949e-05
0.00100319
3.33508e-05
0.00100976
2.59439e-05
0.00101494
1.8689e-05
0.00101879
1.16086e-05
0.00102136
4.73256e-06
0.00102279
-1.87277e-06
0.00102302
-8.31023e-06
0.0010222
-1.44566e-05
0.00102035
-2.03531e-05
0.0010175
-2.6024e-05
0.00101369
-3.14702e-05
0.00100894
-3.66919e-05
0.00100328
-4.16929e-05
0.000996735
-4.64771e-05
0.000989335
-5.10472e-05
0.000981102
-5.54042e-05
0.000972062
-5.95459e-05
0.000962243
-6.34639e-05
0.000951683
-6.71418e-05
0.000940434
-7.05563e-05
0.000928568
-7.36847e-05
0.000916171
-7.65182e-05
0.00090334
-7.90763e-05
0.000890169
-8.14177e-05
0.000876733
-8.36476e-05
0.000863067
-8.59155e-05
0.000849156
-8.83971e-05
0.000834928
-9.1262e-05
0.000820267
-9.46322e-05
0.000805044
-9.85405e-05
0.000789146
-0.000102902
0.000772515
-0.000107508
0.00075517
-0.000112054
0.000737204
-0.000116179
0.00071877
-0.000119524
0.00070005
-0.000121776
0.000681229
-0.000122692
0.000662472
-0.000122111
0.000643921
-0.000119949
0.000625687
-0.000116205
0.000607853
-0.000110957
0.000590479
-0.000104365
0.000573613
-9.66672e-05
0.000557288
-8.8166e-05
0.000541534
-7.92101e-05
0.000526371
-7.01663e-05
0.000511804
-6.13927e-05
0.000497811
-5.31755e-05
0.000484305
-4.57708e-05
0.000471134
-3.90279e-05
0.000457981
-3.35975e-05
-2.67675e-05
0.000362528
8.82933e-05
0.000383496
7.99438e-05
0.000403597
8.15192e-05
0.000423064
8.77118e-05
0.00044288
9.29311e-05
0.000463078
9.71768e-05
0.000483524
0.00010139
0.000504297
0.000105394
0.00052542
0.000108903
0.000546805
0.000111905
0.000568367
0.000114423
0.000590058
0.000116428
0.000611865
0.000117854
0.000633785
0.000118613
0.000655815
0.000118608
0.000677971
0.000117824
0.000699348
0.000111438
0.00071975
0.000103679
0.00073919
9.6032e-05
0.000757603
8.84021e-05
0.00077491
8.07997e-05
0.000791051
7.33059e-05
0.000805981
6.59899e-05
0.000819673
5.88782e-05
0.000832108
5.1967e-05
0.000843276
4.52397e-05
0.000853176
3.86772e-05
0.00086181
3.22609e-05
0.000869186
2.59748e-05
0.000875316
1.98137e-05
0.000880219
1.37857e-05
0.000883922
7.90601e-06
0.000886467
2.18767e-06
0.000887925
-3.33086e-06
0.000888316
-8.70135e-06
0.000887728
-1.38688e-05
0.000886202
-1.88275e-05
0.000883775
-2.35968e-05
0.000880487
-2.81824e-05
0.00087638
-3.25841e-05
0.000871491
-3.68041e-05
0.000865859
-4.08454e-05
0.000859521
-4.47094e-05
0.000852513
-4.83959e-05
0.000844869
-5.19019e-05
0.000836625
-5.52196e-05
0.000827819
-5.83364e-05
0.000818499
-6.1236e-05
0.000808719
-6.39045e-05
0.000798541
-6.63403e-05
0.00078803
-6.85652e-05
0.000777245
-7.06328e-05
0.00076623
-7.26324e-05
0.000755001
-7.46865e-05
0.00074354
-7.69359e-05
0.000731792
-7.95147e-05
0.000719677
-8.25171e-05
0.000707102
-8.59651e-05
0.000693985
-8.97852e-05
0.00068028
-9.38029e-05
0.000665984
-9.77581e-05
0.000651144
-0.000101339
0.000635844
-0.000104224
0.000620187
-0.000106119
0.000604281
-0.000106786
0.000588226
-0.000106056
0.000572113
-0.000103837
0.000556025
-0.000100117
0.000540039
-9.49709e-05
0.000524233
-8.85592e-05
0.000508688
-8.11226e-05
0.00049349
-7.29674e-05
0.000478721
-6.44419e-05
0.000464461
-5.59063e-05
0.000450767
-4.76985e-05
0.00043767
-4.00787e-05
0.000425127
-3.32279e-05
0.00041307
-2.69703e-05
0.000401104
-2.16321e-05
-1.4645e-05
0.000320758
7.05686e-05
0.000340087
6.06147e-05
0.000357962
6.3644e-05
0.000375206
7.04679e-05
0.000392819
7.53176e-05
0.00041069
7.93065e-05
0.000428757
8.33231e-05
0.000447162
8.69892e-05
0.000465939
9.01263e-05
0.000485023
9.28205e-05
0.000504347
9.50998e-05
0.000523846
9.69281e-05
0.000543446
9.82545e-05
0.000563056
9.90022e-05
0.000582581
9.90829e-05
0.000601945
9.84602e-05
0.000620301
9.30824e-05
0.000637492
8.64871e-05
0.000653584
7.99402e-05
0.000668602
7.33843e-05
0.000682559
6.68424e-05
0.000695473
6.03922e-05
0.000707362
5.41009e-05
0.000718243
4.79975e-05
0.000728128
4.20819e-05
0.000737027
3.63409e-05
0.000744947
3.07573e-05
0.000751894
2.53139e-05
0.000757874
1.99949e-05
0.000762894
1.47932e-05
0.000766966
9.71353e-06
0.000770106
4.76671e-06
0.000772347
-5.35143e-08
0.000773722
-4.70603e-06
0.000774254
-9.23336e-06
0.000773984
-1.3599e-05
0.000772949
-1.77925e-05
0.000771178
-2.18253e-05
0.0007687
-2.57049e-05
0.000765548
-2.94321e-05
0.000761752
-3.30079e-05
0.000757341
-3.6434e-05
0.000752342
-3.97109e-05
0.000746783
-4.28373e-05
0.000740691
-4.58092e-05
0.00073409
-4.86192e-05
0.000727011
-5.12568e-05
0.000719484
-5.37096e-05
0.000711549
-5.59687e-05
0.000703245
-5.80366e-05
0.000694615
-5.99356e-05
0.000685697
-6.17145e-05
0.000676516
-6.34513e-05
0.000667079
-6.52499e-05
0.000657371
-6.72274e-05
0.00064735
-6.94936e-05
0.000636956
-7.21233e-05
0.000626121
-7.51297e-05
0.00061478
-7.84447e-05
0.00060289
-8.19124e-05
0.000590432
-8.5301e-05
0.000577422
-8.83287e-05
0.000563898
-9.06993e-05
0.000549916
-9.2137e-05
0.000535544
-9.24135e-05
0.000520855
-9.1367e-05
0.000505931
-8.89133e-05
0.000490866
-8.50523e-05
0.000475768
-7.9872e-05
0.000460755
-7.35469e-05
0.000445961
-6.63279e-05
0.000431518
-5.85243e-05
0.000417553
-5.04777e-05
0.000404178
-4.25309e-05
0.00039147
-3.49905e-05
0.000379479
-2.8088e-05
0.000368171
-2.192e-05
0.000357534
-1.63327e-05
0.000347092
-1.11905e-05
-4.41294e-06
0.000284047
5.3995e-05
0.000301804
4.28575e-05
0.000317587
4.78611e-05
0.000332893
5.51619e-05
0.000348559
5.96515e-05
0.000364356
6.35097e-05
0.00038032
6.73584e-05
0.000396611
7.06988e-05
0.000413236
7.35008e-05
0.000430146
7.59107e-05
0.000447302
7.79438e-05
0.000464664
7.95663e-05
0.000482171
8.07472e-05
0.000499741
8.14325e-05
0.000517271
8.15521e-05
0.000534662
8.10699e-05
0.000551105
7.66393e-05
0.000566422
7.11703e-05
0.000580652
6.57096e-05
0.000593821
6.02153e-05
0.000605953
5.47105e-05
0.00061708
4.92647e-05
0.000627241
4.39403e-05
0.000636471
3.87671e-05
0.000644804
3.37489e-05
0.000652269
2.88766e-05
0.000658888
2.4138e-05
0.000664682
1.95195e-05
0.00066967
1.50073e-05
0.000673867
1.05964e-05
0.000677289
6.29154e-06
0.000679956
2.09903e-06
0.000681884
-1.98077e-06
0.000683102
-5.9243e-06
0.00068362
-9.75163e-06
0.000683467
-1.34458e-05
0.00068267
-1.6996e-05
0.000681254
-2.04086e-05
0.00067924
-2.36907e-05
0.000676651
-2.6844e-05
0.000673512
-2.98688e-05
0.000669844
-3.2766e-05
0.000665668
-3.5535e-05
0.000661005
-3.81737e-05
0.000655873
-4.06776e-05
0.000650293
-4.30391e-05
0.000644285
-4.52485e-05
0.000637871
-4.72956e-05
0.000631076
-4.91739e-05
0.000623927
-5.08876e-05
0.000616449
-5.24582e-05
0.000608665
-5.393e-05
0.000600586
-5.53721e-05
0.00059221
-5.68746e-05
0.00058352
-5.85373e-05
0.000574479
-6.04519e-05
0.000565034
-6.26783e-05
0.000555126
-6.52216e-05
0.000544695
-6.80146e-05
0.000533696
-7.09127e-05
0.000522098
-7.3703e-05
0.000509896
-7.61271e-05
0.00049711
-7.79129e-05
0.00048378
-7.88077e-05
0.000469973
-7.86058e-05
0.000455774
-7.71679e-05
0.000441294
-7.44339e-05
0.000426669
-7.04275e-05
0.000412055
-6.52575e-05
0.00039762
-5.91117e-05
0.000383536
-5.22438e-05
0.000369964
-4.49533e-05
0.000357046
-3.7559e-05
0.000344887
-3.03717e-05
0.000333551
-2.36552e-05
0.000323074
-1.76105e-05
0.000313402
-1.22481e-05
0.000304558
-7.48927e-06
0.000296012
-2.64434e-06
3.64548e-06
0.000251798
3.82832e-05
0.000267991
2.66645e-05
0.000281861
3.39914e-05
0.000295501
4.15218e-05
0.000309433
4.57198e-05
0.00032339
4.95522e-05
0.000337519
5.32298e-05
0.00035196
5.62579e-05
0.000366692
5.87689e-05
0.00038167
6.09327e-05
0.000396868
6.27456e-05
0.000412256
6.41785e-05
0.000427787
6.52162e-05
0.000443398
6.5821e-05
0.000459011
6.5939e-05
0.00047454
6.55414e-05
0.000489255
6.19246e-05
0.00050298
5.7445e-05
0.000515738
5.29513e-05
0.000527542
4.8411e-05
0.000538408
4.38451e-05
0.000548358
3.93143e-05
0.000557424
3.48743e-05
0.000565638
3.0553e-05
0.000573032
2.6355e-05
0.000579635
2.22737e-05
0.000585474
1.82998e-05
0.00059057
1.44229e-05
0.000594947
1.06304e-05
0.000598624
6.9196e-06
0.000601619
3.29688e-06
0.00060395
-2.32421e-07
0.000605635
-3.66549e-06
0.000606698
-6.98745e-06
0.000607152
-1.0206e-05
0.00060702
-1.33135e-05
0.000606325
-1.63007e-05
0.000605086
-1.91702e-05
0.000603324
-2.1928e-05
0.000601056
-2.45759e-05
0.0005983
-2.71136e-05
0.000595075
-2.95402e-05
0.000591394
-3.18541e-05
0.000587272
-3.40518e-05
0.000582722
-3.61274e-05
0.000577755
-3.80723e-05
0.000572383
-3.98768e-05
0.000566619
-4.1531e-05
0.000560474
-4.30293e-05
0.000553963
-4.43764e-05
0.000547097
-4.55925e-05
0.000539886
-4.67185e-05
0.00053233
-4.78166e-05
0.000524422
-4.89667e-05
0.000516141
-5.02559e-05
0.000507451
-5.1762e-05
0.000498306
-5.35332e-05
0.000488652
-5.55677e-05
0.000478436
-5.77989e-05
0.000467615
-6.00917e-05
0.000456163
-6.22512e-05
0.00044408
-6.40436e-05
0.000431394
-6.52265e-05
0.000418165
-6.55788e-05
0.000404487
-6.49277e-05
0.000390485
-6.31665e-05
0.000376316
-6.02643e-05
0.000362157
-5.62689e-05
0.000348203
-5.13031e-05
0.000334647
-4.55561e-05
0.000321671
-3.92683e-05
0.000309431
-3.27125e-05
0.000298042
-2.61701e-05
0.000287579
-1.99088e-05
0.000278067
-1.41436e-05
0.000269506
-9.04947e-06
0.000261812
-4.55393e-06
0.000255034
-7.10788e-07
0.000248633
3.75654e-06
9.42375e-06
0.000223468
2.31975e-05
0.000238065
1.2068e-05
0.000250245
2.18105e-05
0.00026246
2.93075e-05
0.000274839
3.33406e-05
0.000287177
3.72144e-05
0.000299706
4.07001e-05
0.00031253
4.34339e-05
0.000325606
4.56933e-05
0.000338896
4.76424e-05
0.00035238
4.92613e-05
0.000366029
5.05295e-05
0.000379802
5.14436e-05
0.000393646
5.19771e-05
0.000407498
5.20873e-05
0.000421286
5.17526e-05
0.000434366
4.88447e-05
0.00044658
4.52312e-05
0.000457947
4.15846e-05
0.000468477
3.78806e-05
0.000478183
3.41397e-05
0.00048708
3.04167e-05
0.000495193
2.67617e-05
0.000502545
2.32004e-05
0.000509163
1.97374e-05
0.000515069
1.63672e-05
0.000520287
1.30827e-05
0.000524834
9.87536e-06
0.000528732
6.73198e-06
0.000531999
3.65329e-06
0.000534651
6.45074e-07
0.000536707
-2.28905e-06
0.000538185
-5.14361e-06
0.000539105
-7.90689e-06
0.000539479
-1.05802e-05
0.000539324
-1.31589e-05
0.000538659
-1.56349e-05
0.000537497
-1.80082e-05
0.000535851
-2.02828e-05
0.000533735
-2.24596e-05
0.000531158
-2.45371e-05
0.000528131
-2.65131e-05
0.000524661
-2.8384e-05
0.000520755
-3.01451e-05
0.000516416
-3.17889e-05
0.00051165
-3.33067e-05
0.000506462
-3.46884e-05
0.000500856
-3.59252e-05
0.00049484
-3.7013e-05
0.000488421
-3.79574e-05
0.000481608
-3.87791e-05
0.000474406
-3.95168e-05
0.000466818
-4.02284e-05
0.000458837
-4.0986e-05
0.000450448
-4.18665e-05
0.000441622
-4.29367e-05
0.000432324
-4.42352e-05
0.000422512
-4.57551e-05
0.000412145
-4.74324e-05
0.000401197
-4.9143e-05
0.000389658
-5.07127e-05
0.000377551
-5.19364e-05
0.00036493
-5.26058e-05
0.000351888
-5.25364e-05
0.000338551
-5.15913e-05
0.00032508
-4.96954e-05
0.000311658
-4.68424e-05
0.000298484
-4.30944e-05
0.000285756
-3.85751e-05
0.00027366
-3.34604e-05
0.000262356
-2.79639e-05
0.000251963
-2.23202e-05
0.000242559
-1.67652e-05
0.000234171
-1.1521e-05
0.000226781
-6.75421e-06
0.000220356
-2.62396e-06
0.000214779
1.02277e-06
0.000210114
3.95453e-06
0.000205897
7.97323e-06
1.30047e-05
0.00019856
8.56662e-06
0.000211521
-8.92926e-07
0.000222268
1.1064e-05
0.00023325
1.8325e-05
0.000244236
2.23547e-05
0.000255157
2.62934e-05
0.000266293
2.95644e-05
0.000277696
3.20306e-05
0.000289315
3.40749e-05
0.000301121
3.58362e-05
0.000313097
3.7285e-05
0.000325215
3.84112e-05
0.000337438
3.92213e-05
0.000349718
3.96968e-05
0.000362001
3.98044e-05
0.000374225
3.95288e-05
0.000385817
3.72526e-05
0.000396638
3.44103e-05
0.000406705
3.1517e-05
0.000416031
2.85548e-05
0.000424626
2.55452e-05
0.000432504
2.25389e-05
0.000439683
1.95827e-05
0.000446182
1.67005e-05
0.000452023
1.38969e-05
0.000457223
1.11672e-05
0.000461799
8.50646e-06
0.000465767
5.90751e-06
0.000469143
3.35627e-06
0.000471942
8.53822e-07
0.000474181
-1.59399e-06
0.000475873
-3.9804e-06
0.000477027
-6.29781e-06
0.000477656
-8.53588e-06
0.000477768
-1.06928e-05
0.000477374
-1.27644e-05
0.000476482
-1.47433e-05
0.000475102
-1.66279e-05
0.00047324
-1.84204e-05
0.000470901
-2.01213e-05
0.000468093
-2.17286e-05
0.000464819
-2.32392e-05
0.000461084
-2.46491e-05
0.000456892
-2.59535e-05
0.000452249
-2.71453e-05
0.000447159
-2.82168e-05
0.00044163
-2.91597e-05
0.000435673
-2.99676e-05
0.000429299
-3.06393e-05
0.000422524
-3.11826e-05
0.000415364
-3.16191e-05
0.000407833
-3.19862e-05
0.000399942
-3.23373e-05
0.000391693
-3.27371e-05
0.000383079
-3.32526e-05
0.000374083
-3.39401e-05
0.000364677
-3.48298e-05
0.000354834
-3.59114e-05
0.000344526
-3.7125e-05
0.000333744
-3.83603e-05
0.000322497
-3.94658e-05
0.000310827
-4.02671e-05
0.000298812
-4.05905e-05
0.000286563
-4.02873e-05
0.000274224
-3.92522e-05
0.000261964
-3.74355e-05
0.000249968
-3.48462e-05
0.000238423
-3.15496e-05
0.000227508
-2.76601e-05
0.000217378
-2.3331e-05
0.000208157
-1.87422e-05
0.000199923
-1.40868e-05
0.000192713
-9.55497e-06
0.000186518
-5.32602e-06
0.000181287
-1.52262e-06
0.000176959
1.70341e-06
0.000173406
4.57594e-06
0.000170688
6.67234e-06
0.000168473
1.0189e-05
1.46344e-05
0.000176567
-5.65381e-06
0.000187955
-1.2281e-05
0.000197511
1.50734e-06
0.000207403
8.4332e-06
0.000217122
1.26356e-05
0.000226777
1.66384e-05
0.000236646
1.96957e-05
0.000246735
2.1941e-05
0.000256996
2.38147e-05
0.00026741
2.54222e-05
0.000277964
2.67308e-05
0.000288633
2.77418e-05
0.000299384
2.84701e-05
0.000310177
2.89047e-05
0.00032096
2.9021e-05
0.000331679
2.88101e-05
0.000341828
2.71036e-05
0.000351282
2.49555e-05
0.000360058
2.27417e-05
0.000368163
2.04497e-05
0.000375606
1.81019e-05
0.000382399
1.57464e-05
0.000388554
1.34273e-05
0.000394087
1.11671e-05
0.000399014
8.9703e-06
0.000403348
6.83308e-06
0.000407102
4.75257e-06
0.000410286
2.72357e-06
0.000412916
7.26592e-07
0.000415002
-1.23231e-06
0.000416549
-3.14077e-06
0.000417561
-4.99294e-06
0.000418045
-6.78215e-06
0.000418009
-8.49942e-06
0.000417458
-1.01419e-05
0.000416399
-1.17059e-05
0.000414841
-1.31851e-05
0.000412791
-1.45779e-05
0.000410257
-1.58863e-05
0.000407247
-1.71111e-05
0.000403769
-1.82509e-05
0.000399833
-1.93032e-05
0.000395449
-2.02653e-05
0.000390629
-2.11332e-05
0.000385386
-2.19019e-05
0.000379735
-2.25658e-05
0.000373694
-2.31193e-05
0.000367286
-2.3559e-05
0.000360533
-2.38864e-05
0.000353461
-2.4111e-05
0.000346096
-2.42539e-05
0.00033846
-2.43499e-05
0.000330569
-2.4446e-05
0.000322429
-2.45979e-05
0.000314039
-2.48619e-05
0.000305382
-2.52834e-05
0.000296437
-2.58849e-05
0.00028718
-2.66539e-05
0.000277591
-2.75365e-05
0.000267668
-2.84372e-05
0.00025743
-2.92281e-05
0.000246928
-2.97646e-05
0.000236243
-2.99055e-05
0.000225489
-2.95334e-05
0.000214806
-2.85693e-05
0.000204352
-2.69818e-05
0.000194294
-2.47882e-05
0.000184796
-2.20509e-05
0.000176005
-1.88698e-05
0.000168047
-1.53728e-05
0.00016101
-1.1705e-05
0.000154943
-8.01943e-06
0.000149851
-4.4634e-06
0.000145704
-1.17875e-06
0.00014243
1.75104e-06
0.000139959
4.17406e-06
0.00013816
6.37585e-06
0.000137076
7.75566e-06
0.000136527
1.07386e-05
1.46738e-05
0.000157032
-1.93904e-05
0.000167042
-2.22914e-05
0.00017562
-7.07066e-06
0.00018441
-3.56017e-07
0.000192821
4.22365e-06
0.000201129
8.33094e-06
0.000209584
1.12402e-05
0.000218177
1.33486e-05
0.000226879
1.51121e-05
0.000235695
1.66066e-05
0.00024462
1.78056e-05
0.000253637
1.87245e-05
0.000262719
1.93882e-05
0.000271829
1.9795e-05
0.00028092
1.99304e-05
0.000289937
1.9793e-05
0.000298448
1.8592e-05
0.000306344
1.706e-05
0.00031363
1.54554e-05
0.00032031
1.37696e-05
0.000326387
1.20254e-05
0.000331865
1.0268e-05
0.000336755
8.53782e-06
0.000341066
6.85573e-06
0.000344811
5.22548e-06
0.000348001
3.64361e-06
0.000350644
2.10927e-06
0.000352749
6.18669e-07
0.000354328
-8.52545e-07
0.000355379
-2.28358e-06
0.000355908
-3.66957e-06
0.000355922
-5.00715e-06
0.00035543
-6.29e-06
0.000354442
-7.51112e-06
0.000352968
-8.66784e-06
0.000351019
-9.75749e-06
0.00034861
-1.07756e-05
0.000345753
-1.17209e-05
0.000342463
-1.25961e-05
0.000338754
-1.34026e-05
0.000334643
-1.414e-05
0.000330147
-1.48071e-05
0.000325284
-1.54021e-05
0.000320073
-1.59227e-05
0.000314537
-1.63656e-05
0.000308699
-1.67273e-05
0.000302584
-1.70043e-05
0.00029622
-1.71953e-05
0.000289637
-1.73032e-05
0.000282863
-1.73374e-05
0.000275926
-1.73169e-05
0.000268847
-1.72713e-05
0.000261641
-1.72398e-05
0.000254311
-1.72679e-05
0.00024685
-1.74003e-05
0.000239239
-1.76722e-05
0.000231453
-1.80991e-05
0.000223466
-1.86675e-05
0.00021526
-1.93306e-05
0.000206832
-2.00084e-05
0.000198199
-2.05957e-05
0.000189411
-2.09759e-05
0.000180543
-2.10374e-05
0.000171699
-2.069e-05
0.000163007
-1.98769e-05
0.000154606
-1.85812e-05
0.000146643
-1.6825e-05
0.000139257
-1.46652e-05
0.000132573
-1.21856e-05
0.000126689
-9.48825e-06
0.000121668
-6.68487e-06
0.00011754
-3.89071e-06
0.000114291
-1.2148e-06
0.000111879
1.23293e-06
0.000110226
3.40405e-06
0.000109255
5.14527e-06
0.000108846
6.78516e-06
0.00010901
7.59106e-06
0.00010973
1.00193e-05
1.35273e-05
0.000139698
-3.26077e-05
0.000148437
-3.10306e-05
0.000155932
-1.45659e-05
0.000163127
-7.55111e-06
0.000169631
-2.2807e-06
0.000175929
2.03355e-06
0.000182294
4.87469e-06
0.000188751
6.89167e-06
0.000195317
8.54616e-06
0.000202017
9.90683e-06
0.000208853
1.09692e-05
0.000215809
1.17692e-05
0.000222852
1.23445e-05
0.000229943
1.27043e-05
0.000237029
1.28448e-05
0.00024405
1.27717e-05
0.000250656
1.19861e-05
0.000256748
1.09676e-05
0.000262322
9.88153e-06
0.00026737
8.72146e-06
0.000271887
7.50837e-06
0.000275873
6.28229e-06
0.000279332
5.07832e-06
0.000282274
3.91368e-06
0.000284709
2.79075e-06
0.000286647
1.70573e-06
0.000288096
6.60007e-07
0.000289066
-3.5091e-07
0.000289562
-1.34884e-06
0.000289591
-2.31204e-06
0.000289163
-3.24241e-06
0.000288292
-4.13537e-06
0.000286988
-4.9862e-06
0.000285266
-5.78972e-06
0.000283142
-6.54381e-06
0.000280632
-7.24689e-06
0.000277752
-7.89592e-06
0.000274522
-8.4905e-06
0.000270959
-9.03317e-06
0.000267082
-9.52595e-06
0.000262911
-9.96901e-06
0.000258466
-1.03617e-05
0.000253767
-1.07032e-05
0.000248836
-1.09922e-05
0.000243697
-1.12265e-05
0.000238374
-1.14039e-05
0.000232892
-1.15223e-05
0.000227278
-1.15813e-05
0.000221558
-1.15838e-05
0.000215759
-1.1538e-05
0.000209902
-1.14593e-05
0.000204002
-1.13713e-05
0.000198066
-1.13046e-05
0.000192093
-1.12943e-05
0.000186067
-1.13742e-05
0.000179965
-1.15702e-05
0.000173757
-1.18917e-05
0.000167416
-1.23258e-05
0.000160918
-1.28329e-05
0.000154258
-1.33483e-05
0.000147451
-1.37886e-05
0.000140538
-1.40632e-05
0.000133588
-1.40877e-05
0.000126695
-1.37971e-05
0.000119973
-1.31543e-05
0.000113546
-1.21542e-05
0.000107542
-1.08217e-05
0.000102083
-9.20616e-06
9.72714e-05
-7.37368e-06
9.31839e-05
-5.40072e-06
8.98665e-05
-3.36751e-06
8.73312e-05
-1.3554e-06
8.55575e-05
5.58918e-07
8.44953e-05
2.29515e-06
8.40686e-05
3.83078e-06
8.41974e-05
5.01639e-06
8.47866e-05
6.19599e-06
8.57973e-05
6.58033e-06
8.73737e-05
8.44293e-06
1.15916e-05
0.000124195
-4.51641e-05
0.000131113
-3.79493e-05
0.000136333
-1.97851e-05
0.000140505
-1.17237e-05
0.000143877
-5.65198e-06
0.000147202
-1.29208e-06
0.000150762
1.31452e-06
0.000154587
3.06665e-06
0.000158689
4.44485e-06
0.000163063
5.5329e-06
0.000167678
6.35335e-06
0.000172491
6.95712e-06
0.000177448
7.38743e-06
0.000182493
7.6585e-06
0.000187566
7.77205e-06
0.000192601
7.73685e-06
0.000197328
7.25889e-06
0.000201664
6.63165e-06
0.000205594
5.9519e-06
0.000209102
5.2137e-06
0.000212176
4.43397e-06
0.000214813
3.64499e-06
0.000217017
2.87428e-06
0.000218797
2.13445e-06
0.000220161
1.42598e-06
0.000221123
7.44388e-07
0.00022169
9.23688e-08
0.000221876
-5.36231e-07
0.000221685
-1.1585e-06
0.000221131
-1.7578e-06
0.000220224
-2.3353e-06
0.000218976
-2.88743e-06
0.000217401
-3.41084e-06
0.000215513
-3.90184e-06
0.000213328
-4.35902e-06
0.000210863
-4.78155e-06
0.000208134
-5.16748e-06
0.00020516
-5.51676e-06
0.000201959
-5.83169e-06
0.000198547
-6.11416e-06
0.000194943
-6.36453e-06
0.000191163
-6.58248e-06
0.000187228
-6.76757e-06
0.000183155
-6.91896e-06
0.000178963
-7.03533e-06
0.000174675
-7.11511e-06
0.000170309
-7.15701e-06
0.000165889
-7.16094e-06
0.000161434
-7.12921e-06
0.000156964
-7.06813e-06
0.000152494
-6.98926e-06
0.000148033
-6.91005e-06
0.000143582
-6.85303e-06
0.000139131
-6.84348e-06
0.000134662
-6.90545e-06
0.000130148
-7.0564e-06
0.000125558
-7.30138e-06
0.00012086
-7.62822e-06
0.000116033
-8.00521e-06
0.000111067
-8.38245e-06
0.000105976
-8.6975e-06
0.000100797
-8.88445e-06
9.55937e-05
-8.88444e-06
9.04516e-05
-8.65507e-06
8.54737e-05
-8.17634e-06
8.07712e-05
-7.45176e-06
7.64548e-05
-6.50531e-06
7.26246e-05
-5.37598e-06
6.93624e-05
-4.11148e-06
6.67254e-05
-2.76374e-06
6.47431e-05
-1.38518e-06
6.34171e-05
-2.94012e-08
6.27213e-05
1.2547e-06
6.26057e-05
2.41074e-06
6.30037e-05
3.43282e-06
6.38334e-05
4.18662e-06
6.50357e-05
4.99374e-06
6.65077e-05
5.10835e-06
6.85393e-05
6.4113e-06
9.22482e-06
0.000109445
-5.60713e-05
0.000112551
-4.10557e-05
0.000113317
-2.05505e-05
0.000113019
-1.14254e-05
0.00011271
-5.34337e-06
0.000113144
-1.72611e-06
0.000114319
1.39721e-07
0.000116067
1.31855e-06
0.000118278
2.23334e-06
0.000120869
2.94242e-06
0.000123758
3.46423e-06
0.000126873
3.84192e-06
0.000130151
4.10997e-06
0.00013353
4.27917e-06
0.000136951
4.35121e-06
0.000140354
4.33374e-06
0.000143546
4.06683e-06
0.000146463
3.71485e-06
0.000149087
3.32805e-06
0.0001514
2.90079e-06
0.000153388
2.44523e-06
0.000155048
1.98481e-06
0.000156384
1.53882e-06
0.000157403
1.115e-06
0.000158117
7.12315e-07
0.000158535
3.26499e-07
0.00015867
-4.23135e-08
0.000158529
-3.95595e-07
0.00015812
-7.49899e-07
0.000157453
-1.09023e-06
0.000156535
-1.41774e-06
0.000155378
-1.73008e-06
0.000153992
-2.02504e-06
0.00015239
-2.30014e-06
0.000150586
-2.55459e-06
0.000148592
-2.78807e-06
0.000146424
-2.99932e-06
0.000144096
-3.18845e-06
0.000141622
-3.35726e-06
0.000139015
-3.50726e-06
0.000136289
-3.63875e-06
0.000133458
-3.75153e-06
0.000130536
-3.84532e-06
0.000127536
-3.91964e-06
0.000124475
-3.97359e-06
0.000121366
-4.00617e-06
0.000118225
-4.01651e-06
0.000115069
-4.0046e-06
0.000111912
-3.97206e-06
0.000108767
-3.92326e-06
0.000105644
-3.86612e-06
0.000102546
-3.81251e-06
9.94707e-05
-3.77755e-06
9.64052e-05
-3.77796e-06
9.33289e-05
-3.82923e-06
9.02144e-05
-3.94188e-06
8.70306e-05
-4.1176e-06
8.37485e-05
-4.34603e-06
8.03469e-05
-4.60365e-06
7.68197e-05
-4.85521e-06
7.31804e-05
-5.05823e-06
6.94656e-05
-5.16966e-06
6.57344e-05
-5.15324e-06
6.20647e-05
-4.98539e-06
5.85466e-05
-4.65828e-06
5.52741e-05
-4.17919e-06
5.23361e-05
-3.56737e-06
4.98098e-05
-2.84961e-06
4.77543e-05
-2.05605e-06
4.62084e-05
-1.21782e-06
4.51888e-05
-3.65532e-07
4.46906e-05
4.6875e-07
4.46879e-05
1.25746e-06
4.51361e-05
1.96253e-06
4.59821e-05
2.58679e-06
4.71442e-05
3.0245e-06
4.86052e-05
3.53282e-06
5.01955e-05
3.518e-06
5.23118e-05
4.29497e-06
6.72938e-06
9.33263e-05
-6.24226e-05
8.97535e-05
-3.74829e-05
8.50002e-05
-1.57972e-05
8.10048e-05
-7.43e-06
7.86425e-05
-2.9811e-06
7.78286e-05
-9.12213e-07
7.79866e-05
-1.82245e-08
7.874e-05
5.65169e-07
7.99219e-05
1.05145e-06
8.14348e-05
1.42949e-06
8.31984e-05
1.70057e-06
8.51466e-05
1.89375e-06
8.72255e-05
2.03107e-06
8.93869e-05
2.1178e-06
9.1584e-05
2.15412e-06
9.37725e-05
2.14523e-06
9.58248e-05
2.01449e-06
9.76976e-05
1.84209e-06
9.93759e-05
1.64977e-06
0.000100843
1.43327e-06
0.000102088
1.20045e-06
0.000103107
9.66269e-07
0.000103903
7.42295e-07
0.000104486
5.32144e-07
0.000104864
3.34075e-07
0.000105046
1.44369e-07
0.000105041
-3.70735e-08
0.000104856
-2.10472e-07
0.000104494
-3.87406e-07
0.00010396
-5.56921e-07
0.000103262
-7.19831e-07
0.000102407
-8.74915e-07
0.000101403
-1.0209e-06
0.000100259
-1.15634e-06
9.89856e-05
-1.28085e-06
9.75919e-05
-1.39438e-06
9.60887e-05
-1.4962e-06
9.44867e-05
-1.58642e-06
9.27957e-05
-1.66628e-06
9.10253e-05
-1.7368e-06
8.91846e-05
-1.7981e-06
8.72831e-05
-1.85006e-06
8.53303e-05
-1.8925e-06
8.33358e-05
-1.92515e-06
8.13097e-05
-1.9475e-06
7.92625e-05
-1.95892e-06
7.72049e-05
-1.9589e-06
7.51477e-05
-1.94742e-06
7.31011e-05
-1.92548e-06
7.10736e-05
-1.89572e-06
6.90703e-05
-1.86288e-06
6.70918e-05
-1.83402e-06
6.51323e-05
-1.81798e-06
6.31787e-05
-1.82434e-06
6.12111e-05
-1.86168e-06
5.92045e-05
-1.93529e-06
5.71318e-05
-2.04491e-06
5.49689e-05
-2.18311e-06
5.27e-05
-2.33474e-06
5.03231e-05
-2.47836e-06
4.78541e-05
-2.58924e-06
4.5328e-05
-2.64355e-06
4.27974e-05
-2.6226e-06
4.03279e-05
-2.51585e-06
3.79915e-05
-2.32194e-06
3.58599e-05
-2.04756e-06
3.39975e-05
-1.70501e-06
3.24575e-05
-1.30962e-06
3.12788e-05
-8.77332e-07
3.0485e-05
-4.23973e-07
3.00845e-05
3.49772e-08
3.007e-05
4.83235e-07
3.04209e-05
9.0655e-07
3.11004e-05
1.28297e-06
3.2071e-05
1.61618e-06
3.32553e-05
1.84024e-06
3.46737e-05
2.11444e-06
3.61097e-05
2.08202e-06
3.79962e-05
2.40847e-06
4.35128e-06
7.347e-05
-5.91239e-05
6.21408e-05
-2.61537e-05
5.42477e-05
-7.90413e-06
4.97631e-05
-2.94539e-06
4.77669e-05
-9.84874e-07
4.71438e-05
-2.89167e-07
4.71411e-05
-1.54639e-08
4.7498e-05
2.0822e-07
4.81382e-05
4.11245e-07
4.90029e-05
5.64783e-07
5.0033e-05
6.70524e-07
5.11815e-05
7.45235e-07
5.24135e-05
7.99054e-07
5.36983e-05
8.33031e-07
5.50057e-05
8.46652e-07
5.63082e-05
8.42722e-07
5.75304e-05
7.92348e-07
5.86465e-05
7.25947e-07
5.96459e-05
6.50357e-07
6.05158e-05
5.63369e-07
6.1247e-05
4.69262e-07
6.18377e-05
3.75557e-07
6.22925e-05
2.87535e-07
6.26185e-05
2.0615e-07
6.28228e-05
1.29794e-07
6.29105e-05
5.6651e-08
6.2887e-05
-1.35627e-08
6.27574e-05
-8.08449e-08
6.25208e-05
-1.5089e-07
6.21816e-05
-2.17678e-07
6.17435e-05
-2.817e-07
6.12111e-05
-3.42576e-07
6.059e-05
-3.99735e-07
5.98861e-05
-4.52438e-07
5.91058e-05
-5.00615e-07
5.82557e-05
-5.44296e-07
5.73427e-05
-5.83118e-07
5.63734e-05
-6.17133e-07
5.53541e-05
-6.47039e-07
5.42907e-05
-6.73346e-07
5.31887e-05
-6.9608e-07
5.20537e-05
-7.1513e-07
5.08917e-05
-7.30444e-07
4.97084e-05
-7.41909e-07
4.85102e-05
-7.4928e-07
4.73035e-05
-7.52245e-07
4.60952e-05
-7.50564e-07
4.4892e-05
-7.44217e-07
4.37002e-05
-7.33686e-07
4.25247e-05
-7.20218e-07
4.13679e-05
-7.06056e-07
4.02283e-05
-6.94476e-07
3.90999e-05
-6.89532e-07
3.79711e-05
-6.955e-07
3.68254e-05
-7.16035e-07
3.56432e-05
-7.53121e-07
3.44044e-05
-8.06049e-07
3.3092e-05
-8.70741e-07
3.1697e-05
-9.39719e-07
3.02215e-05
-1.00291e-06
2.86815e-05
-1.04924e-06
2.71066e-05
-1.06862e-06
2.55378e-05
-1.05376e-06
2.40232e-05
-1.00128e-06
2.26131e-05
-9.11856e-07
2.13549e-05
-7.89349e-07
2.02895e-05
-6.39609e-07
1.94492e-05
-4.69263e-07
1.88566e-05
-2.84747e-07
1.85249e-05
-9.2269e-08
1.84578e-05
1.02044e-07
1.86493e-05
2.91736e-07
1.90852e-05
4.70691e-07
1.97386e-05
6.29557e-07
2.05859e-05
7.68837e-07
2.15635e-05
8.627e-07
2.27087e-05
9.69179e-07
2.38145e-05
9.76218e-07
2.52316e-05
9.91364e-07
2.29215e-06
4.88072e-05
-4.01709e-05
3.32742e-05
-1.06207e-05
2.70719e-05
-1.7019e-06
2.46482e-05
-5.21688e-07
2.38084e-05
-1.45052e-07
2.3568e-05
-4.87497e-08
2.35588e-05
-6.23696e-09
2.37212e-05
4.57519e-08
2.40385e-05
9.39963e-08
2.44752e-05
1.28043e-07
2.49954e-05
1.50334e-07
2.55744e-05
1.66209e-07
2.61955e-05
1.77967e-07
2.68432e-05
1.85342e-07
2.75018e-05
1.8806e-07
2.81575e-05
1.8703e-07
2.87736e-05
1.76221e-07
2.93376e-05
1.61917e-07
2.98429e-05
1.45106e-07
3.02811e-05
1.25204e-07
3.06467e-05
1.03639e-07
3.09397e-05
8.25441e-08
3.1164e-05
6.32307e-08
3.13245e-05
4.56742e-08
3.1425e-05
2.92656e-08
3.14682e-05
1.34421e-08
3.14565e-05
-1.84965e-09
3.13921e-05
-1.64379e-08
3.12735e-05
-3.22712e-08
3.11029e-05
-4.71123e-08
3.08825e-05
-6.12727e-08
3.06147e-05
-7.47487e-08
3.03023e-05
-8.73874e-08
2.99488e-05
-9.89037e-08
2.95576e-05
-1.0939e-07
2.91321e-05
-1.18838e-07
2.86761e-05
-1.2713e-07
2.81933e-05
-1.3429e-07
2.76868e-05
-1.40542e-07
2.71595e-05
-1.46031e-07
2.66141e-05
-1.50741e-07
2.60536e-05
-1.54639e-07
2.54809e-05
-1.57719e-07
2.48989e-05
-1.59959e-07
2.4311e-05
-1.6129e-07
2.37203e-05
-1.61624e-07
2.31307e-05
-1.60886e-07
2.25455e-05
-1.59073e-07
2.19681e-05
-1.5631e-07
2.14009e-05
-1.52933e-07
2.08443e-05
-1.49547e-07
2.02969e-05
-1.47015e-07
1.97537e-05
-1.46394e-07
1.9207e-05
-1.48761e-07
1.8646e-05
-1.54993e-07
1.80583e-05
-1.6548e-07
1.74321e-05
-1.79874e-07
1.67583e-05
-1.96939e-07
1.60332e-05
-2.14599e-07
1.52605e-05
-2.30192e-07
1.44522e-05
-2.40942e-07
1.36281e-05
-2.44469e-07
1.28135e-05
-2.39226e-07
1.2037e-05
-2.24709e-07
1.13265e-05
-2.01395e-07
1.07076e-05
-1.7045e-07
1.02014e-05
-1.33411e-07
9.824e-06
-9.18743e-08
9.58648e-06
-4.72279e-08
9.4951e-06
-8.85748e-10
9.55133e-06
4.58161e-08
9.75161e-06
9.14507e-08
1.00879e-05
1.34425e-07
1.05447e-05
1.72763e-07
1.11082e-05
2.05318e-07
1.17414e-05
2.29507e-07
1.24633e-05
2.47217e-07
1.3169e-05
2.70524e-07
1.39597e-05
2.00707e-07
7.24148e-07
1.96379e-05
9.01726e-06
7.31536e-06
6.79367e-06
6.64862e-06
6.59987e-06
6.59364e-06
6.63939e-06
6.73338e-06
6.86143e-06
7.01176e-06
7.17797e-06
7.35594e-06
7.54128e-06
7.72934e-06
7.91637e-06
8.09259e-06
8.25451e-06
8.39961e-06
8.52482e-06
8.62846e-06
8.711e-06
8.77423e-06
8.81991e-06
8.84917e-06
8.86261e-06
8.86076e-06
8.84433e-06
8.81205e-06
8.76494e-06
8.70367e-06
8.62892e-06
8.54153e-06
8.44263e-06
8.33324e-06
8.2144e-06
8.08727e-06
7.95298e-06
7.81244e-06
7.66641e-06
7.51567e-06
7.36103e-06
7.20331e-06
7.04335e-06
6.88206e-06
6.72044e-06
6.55955e-06
6.40048e-06
6.24417e-06
6.09124e-06
5.94169e-06
5.79467e-06
5.64828e-06
5.49952e-06
5.34452e-06
5.17904e-06
4.99917e-06
4.80223e-06
4.58763e-06
4.35744e-06
4.1165e-06
3.87203e-06
3.6328e-06
3.40809e-06
3.2067e-06
3.03625e-06
2.90284e-06
2.81096e-06
2.76374e-06
2.76285e-06
2.80867e-06
2.90012e-06
3.03454e-06
3.2073e-06
3.41262e-06
3.64213e-06
3.88935e-06
4.15987e-06
4.36058e-06
)
;

boundaryField
{
    inlet
    {
        type            calculated;
        value           nonuniform List<scalar> 
25
(
-0.00119618
-0.00105581
-0.000931914
-0.000822558
-0.000726034
-0.000640837
-0.000565637
-0.000499262
-0.000440675
-0.000388964
-0.00034332
-0.000303033
-0.000267473
-0.000236086
-0.000208382
-0.00018393
-0.000162346
-0.000143295
-0.00012648
-0.000111638
-9.8538e-05
-8.69749e-05
-7.67687e-05
-6.77602e-05
-5.98088e-05
)
;
    }
    outlet
    {
        type            calculated;
        value           nonuniform List<scalar> 
25
(
0.000911265
0.00100108
0.000998122
0.000929762
0.000832164
0.000732768
0.000644674
0.000569387
0.00050371
0.000444293
0.000388982
0.00033686
0.000287954
0.000242855
0.000202316
0.000166843
0.000136487
0.000110876
8.93094e-05
7.09061e-05
5.48073e-05
4.03743e-05
2.72908e-05
1.55277e-05
5.08473e-06
)
;
    }
    fixedWalls
    {
        type            calculated;
        value           uniform 0;
    }
    frontAndBack
    {
        type            empty;
        value           nonuniform 0();
    }
}


// ************************************************************************* //
