/*--------------------------------*- C++ -*----------------------------------*\
| =========                 |                                                 |
| \\      /  F ield         | OpenFOAM: The Open Source CFD Toolbox           |
|  \\    /   O peration     | Version:  v1912                                 |
|   \\  /    A nd           | Website:  www.openfoam.com                      |
|    \\/     M anipulation  |                                                 |
\*---------------------------------------------------------------------------*/
FoamFile
{
    version     2.0;
    format      ascii;
    class       volVectorField;
    location    "950";
    object      U;
}
// * * * * * * * * * * * * * * * * * * * * * * * * * * * * * * * * * * * * * //

dimensions      [0 1 -1 0 0 0 0];


internalField   nonuniform List<vector> 
2000
(
(0.84616 0.187394 0)
(0.515133 0.124089 0)
(0.223448 0.0684415 0)
(0.0598068 0.0174443 6.19506e-20)
(-0.00455616 -0.0232232 1.20703e-17)
(-0.0642033 -0.0384872 1.04253e-17)
(-0.0776009 -0.0372471 0)
(-0.0715949 -0.016659 0)
(-0.0590606 0.0117118 0)
(-0.0421582 0.0254666 2.36738e-17)
(-0.0415843 0.0109778 -1.45039e-17)
(-0.0273671 -0.000621468 -1.3622e-17)
(-0.0163175 -0.00266728 0)
(-0.0200714 -0.00264045 0)
(-0.0219061 -0.00226996 -1.08215e-17)
(-0.0168724 0.000848335 0)
(-0.0105732 0.00349417 9.74141e-18)
(-0.00962192 0.00623779 3.09771e-21)
(-0.0106302 0.00612828 9.41699e-18)
(-0.0113963 0.00488886 -4.64791e-18)
(-0.0112576 0.00278243 9.18913e-18)
(-0.0100654 0.000804578 0)
(-0.00791359 -0.000199269 0)
(-0.00539474 -0.000629746 -6.85505e-23)
(-0.00310039 -0.000794755 0)
(-0.0012737 -0.000813485 -4.51794e-18)
(-5.14438e-05 -0.000750174 0)
(0.000644664 -0.000669265 4.52713e-18)
(0.00104124 -0.000654388 0)
(0.00132874 -0.000659565 0)
(0.00160175 -0.000585229 0)
(0.00187644 -0.000474545 1.14969e-18)
(0.00213751 -0.0003857 0)
(0.00237444 -0.000347884 -5.83525e-19)
(0.00257454 -0.000348601 1.9475e-14)
(0.00271311 -0.000366065 1.94616e-14)
(0.00278327 -0.000402361 6.01815e-19)
(0.0027281 -0.000496159 -6.09323e-19)
(0.00254706 -0.000636754 0)
(0.00223856 -0.000791977 2.50649e-18)
(0.00178114 -0.000938524 0)
(0.00113935 -0.00106391 -2.58894e-18)
(0.000270418 -0.0011558 0)
(-0.000882166 -0.00119881 -5.35855e-18)
(-0.00236805 -0.00121474 2.72232e-18)
(-0.00422459 -0.00129313 0)
(-0.00653549 -0.00148107 0)
(-0.00945538 -0.00168917 -2.85618e-18)
(-0.0133028 -0.00160854 0)
(-0.0186886 -0.000647822 2.9336e-18)
(-0.0265894 0.00189169 0)
(-0.0382892 0.00630638 5.91529e-18)
(-0.0551783 0.0120561 -5.86535e-18)
(-0.078406 0.0177423 5.74468e-18)
(-0.108324 0.0214612 -2.74421e-18)
(-0.144027 0.0213653 0)
(-0.183419 0.0162593 2.33314e-18)
(-0.223584 0.00599556 -2.07631e-18)
(-0.260782 -0.00839583 -4.08342e-18)
(-0.290179 -0.0247039 3.30576e-18)
(-0.306903 -0.0397079 -3.2588e-18)
(-0.309424 -0.0502075 3.48301e-18)
(-0.303068 -0.0562454 -3.97155e-18)
(-0.288111 -0.0591661 4.77527e-18)
(-0.265644 -0.0600072 -1.22041e-20)
(-0.236506 -0.0595025 7.16095e-18)
(-0.201109 -0.057855 0)
(-0.159626 -0.0550518 0)
(-0.112323 -0.0510804 7.6369e-20)
(-0.0599483 -0.0459791 0)
(-0.00377718 -0.039682 1.99056e-17)
(0.0559972 -0.0318517 0)
(0.119626 -0.0223435 1.98906e-17)
(0.186624 -0.0113193 -4.88273e-19)
(0.256243 0.000975614 1.71706e-17)
(0.329786 0.0142371 2.9871e-17)
(0.403766 0.0280893 7.34454e-19)
(0.491364 0.0420759 -1.01495e-17)
(0.557255 0.0545482 -6.53116e-18)
(0.713715 0.0652684 0)
(1.0153 0.210384 0)
(0.944633 0.194211 0)
(0.804475 0.179983 -3.52936e-18)
(0.654422 0.152313 7.28917e-18)
(0.509224 0.111169 0)
(0.360042 0.0683704 -7.29028e-18)
(0.216493 0.0293252 0)
(0.0821323 -0.00530892 0)
(-0.0282879 -0.0180399 0)
(-0.0562034 -0.0189155 -1.73128e-17)
(-0.0667325 -0.0249883 1.57501e-17)
(-0.0718834 -0.0159768 1.44469e-17)
(-0.0637615 0.00640346 0)
(-0.0508836 0.02072 6.3243e-18)
(-0.0545097 0.00998903 0)
(-0.048304 -0.00293944 0)
(-0.0376343 -0.004027 0)
(-0.0329312 -0.00109682 5.27113e-18)
(-0.0367022 0.000899501 -1.03385e-17)
(-0.038889 0.000900977 -5.09251e-18)
(-0.0395831 7.06018e-05 0)
(-0.0384908 -0.00112698 0)
(-0.0357718 -0.00235234 0)
(-0.0325261 -0.00294226 -7.41494e-18)
(-0.0293633 -0.00274218 0)
(-0.0265494 -0.00194273 4.9521e-18)
(-0.0243289 -0.000879667 2.48354e-18)
(-0.0228695 1.63257e-06 0)
(-0.0222368 0.000374913 0)
(-0.0222979 0.000407741 0)
(-0.0228726 0.000233304 0)
(-0.0237301 4.29462e-05 -6.32843e-19)
(-0.0246995 -0.000115941 0)
(-0.0257202 -0.000211586 3.20326e-19)
(-0.0268104 -0.000205966 1.61378e-19)
(-0.0280385 -8.04841e-05 0)
(-0.0294487 0.000148892 0)
(-0.0310669 0.000451603 6.62986e-19)
(-0.0329562 0.000809662 0)
(-0.035137 0.0012209 -1.35302e-18)
(-0.0376272 0.00169195 0)
(-0.040435 0.00223412 -1.38287e-18)
(-0.0435693 0.00285389 0)
(-0.047035 0.00354153 1.41354e-18)
(-0.0508215 0.00428101 1.43078e-18)
(-0.0548981 0.00510686 0)
(-0.0592343 0.00620123 0)
(-0.0638227 0.0079392 -2.97045e-18)
(-0.0686511 0.0108398 0)
(-0.0736833 0.0155022 1.38153e-20)
(-0.07894 0.0224597 0)
(-0.0846211 0.031851 0)
(-0.0910876 0.0429801 0)
(-0.0986665 0.0541928 0)
(-0.107104 0.0631439 6.03649e-18)
(-0.114877 0.0673797 0)
(-0.119562 0.0649281 -5.49166e-18)
(-0.119219 0.0548983 2.65626e-18)
(-0.112386 0.0382546 -2.31309e-18)
(-0.0951803 0.0177982 -4.88241e-18)
(-0.063444 -0.00469509 5.02604e-18)
(-0.045403 -0.0306221 -5.54042e-18)
(-0.0202141 -0.0512463 6.48219e-18)
(0.00762579 -0.0659325 0)
(0.0385147 -0.0762798 -1.29236e-17)
(0.0729415 -0.0837507 -9.64707e-18)
(0.111681 -0.089054 0)
(0.154924 -0.0921743 5.73412e-18)
(0.2023 -0.0928033 1.25552e-17)
(0.253217 -0.0907232 0)
(0.307007 -0.0858389 0)
(0.363082 -0.0781326 0)
(0.420962 -0.0677489 0)
(0.480384 -0.0550318 -1.36241e-17)
(0.541097 -0.0405261 5.93872e-18)
(0.603957 -0.0249021 -1.1774e-17)
(0.667388 -0.00910004 1.01645e-17)
(0.739174 0.00584171 -3.46904e-18)
(0.796086 0.0174878 0)
(0.911745 0.0230027 0)
(0.978489 0.201538 0)
(0.978854 0.193006 -2.78616e-18)
(0.969154 0.205111 3.48182e-18)
(0.939083 0.208532 -3.06083e-18)
(0.878034 0.194606 2.88542e-18)
(0.785605 0.168719 2.84348e-18)
(0.669349 0.138081 0)
(0.541012 0.106021 0)
(0.40822 0.0750633 0)
(0.285943 0.0459344 6.86746e-18)
(0.173879 0.0180211 0)
(0.0721777 -0.00640553 0)
(-0.0214749 -0.0141537 0)
(-0.0469109 -0.0038564 -7.18537e-18)
(-0.0508322 -0.0116813 0)
(-0.0586946 -0.0181542 -6.05188e-18)
(-0.059296 -0.0112547 0)
(-0.0481139 0.00906274 5.87688e-18)
(-0.0464832 0.0164833 2.87313e-18)
(-0.0509071 0.012588 0)
(-0.0532648 0.00614914 -2.79011e-18)
(-0.0550531 -0.000293197 0)
(-0.0556696 -0.00469957 0)
(-0.0547681 -0.00653438 5.43662e-18)
(-0.0532161 -0.00661161 0)
(-0.0520357 -0.00573093 1.35835e-18)
(-0.0518342 -0.00422288 -4.07776e-18)
(-0.0526285 -0.00222967 0)
(-0.0539888 -0.000213162 0)
(-0.0554655 0.0012539 -6.8163e-19)
(-0.0570716 0.0022044 0)
(-0.0587874 0.00272518 1.20141e-22)
(-0.0605334 0.00296005 0)
(-0.0622632 0.00307284 6.90818e-19)
(-0.0639814 0.00322685 8.68986e-20)
(-0.0657603 0.0034798 0)
(-0.0676597 0.00382288 1.7639e-19)
(-0.0696969 0.00422197 -3.55741e-19)
(-0.0718579 0.00467074 -3.58958e-19)
(-0.0741144 0.00517178 -7.2489e-19)
(-0.0764321 0.00573031 7.32431e-19)
(-0.078776 0.00635267 7.39759e-19)
(-0.0811178 0.00703625 0)
(-0.0834195 0.00775458 1.5167e-18)
(-0.0855727 0.00847057 -3.07577e-18)
(-0.0873157 0.00919863 0)
(-0.0882268 0.0101118 -1.59056e-18)
(-0.0878236 0.0115974 3.24439e-18)
(-0.085572 0.0141441 0)
(-0.0808169 0.0183353 -1.69798e-18)
(-0.072853 0.0246719 1.7813e-18)
(-0.0611715 0.0334207 -1.84868e-18)
(-0.0454132 0.043699 -1.918e-18)
(-0.0255519 0.0539648 0)
(-0.00180953 0.0619922 -3.94773e-18)
(0.0258574 0.0652429 -1.88841e-18)
(0.0573411 0.061426 1.6376e-18)
(0.0908246 0.0496812 1.53337e-18)
(0.124761 0.0290504 2.57041e-18)
(0.156536 0.00230726 0)
(0.186611 -0.0240432 0)
(0.214228 -0.0460197 0)
(0.242342 -0.0643034 -1.31166e-18)
(0.273927 -0.0800281 0)
(0.309933 -0.0937439 3.21619e-18)
(0.349803 -0.105407 0)
(0.392593 -0.114654 -1.98578e-18)
(0.437412 -0.121003 -4.4609e-18)
(0.483457 -0.124018 0)
(0.530051 -0.123451 -2.47486e-18)
(0.576707 -0.119303 2.57965e-18)
(0.623166 -0.111844 0)
(0.669375 -0.1016 0)
(0.715526 -0.0892723 0)
(0.761863 -0.0757071 -5.41338e-18)
(0.809264 -0.0618283 0)
(0.857027 -0.0488229 -1.8863e-18)
(0.9101 -0.0377974 3.37096e-18)
(0.952977 -0.0311247 0)
(1.03531 -0.0301859 3.93475e-19)
(0.970611 0.209117 0)
(0.963917 0.194765 1.52533e-18)
(0.96643 0.198514 0)
(0.977152 0.206407 1.69457e-18)
(0.982034 0.208884 -3.00433e-18)
(0.968293 0.204266 -1.34109e-18)
(0.930748 0.193726 0)
(0.870757 0.177878 0)
(0.79113 0.156581 0)
(0.695411 0.131331 1.35107e-18)
(0.58948 0.10541 1.38285e-18)
(0.48005 0.0806999 0)
(0.369265 0.0579964 0)
(0.266647 0.0376063 0)
(0.17965 0.0185392 0)
(0.100391 0.00267225 6.40097e-18)
(0.0300552 -0.0099325 -3.38739e-18)
(-0.031055 -0.00937907 0)
(-0.0328211 0.00101157 -3.28286e-18)
(-0.0347036 0.00246108 1.61847e-18)
(-0.0346443 0.00136339 3.21109e-18)
(-0.0359011 -0.00129783 0)
(-0.0391098 -0.00397964 0)
(-0.0434915 -0.00523934 -3.12016e-18)
(-0.0472029 -0.00436203 0)
(-0.0494945 -0.00166641 -1.54394e-18)
(-0.05117 0.00172525 1.5435e-18)
(-0.0536752 0.00424375 0)
(-0.0558152 0.0054249 0)
(-0.0580715 0.00598092 7.66953e-19)
(-0.0600301 0.00605608 0)
(-0.0616735 0.00578882 -7.69933e-19)
(-0.0629502 0.0053431 0)
(-0.0638416 0.00489159 -1.94768e-19)
(-0.064472 0.00466919 -9.81149e-20)
(-0.0649279 0.00476394 -2.47515e-20)
(-0.0652263 0.00513595 -2.99956e-19)
(-0.0652687 0.00571621 4.04343e-19)
(-0.0649764 0.00639783 4.09398e-19)
(-0.0642809 0.00712047 1.24558e-18)
(-0.0631006 0.00786259 -4.21308e-19)
(-0.0613527 0.00860996 4.28576e-19)
(-0.058981 0.00933212 0)
(-0.0559363 0.00994896 8.92459e-19)
(-0.0521084 0.0102748 9.13418e-19)
(-0.047187 0.00999683 0)
(-0.0407044 0.00873342 1.93512e-18)
(-0.0327506 0.00644281 9.99405e-19)
(-0.0225717 0.00385625 0)
(-0.00997052 0.00159439 -3.26235e-18)
(0.00652443 0.000233564 -2.23335e-18)
(0.0279557 0.000387179 1.10831e-18)
(0.0542287 0.00189519 2.17094e-18)
(0.0859377 0.00388574 0)
(0.123098 0.00482867 9.8315e-19)
(0.164857 0.00291501 2.68812e-18)
(0.209912 -0.00343 1.5894e-18)
(0.256174 -0.0147336 -1.39289e-18)
(0.303089 -0.029871 -6.43748e-19)
(0.348945 -0.0472292 0)
(0.393247 -0.066022 0)
(0.436003 -0.084959 0)
(0.47809 -0.102975 1.71299e-18)
(0.52031 -0.119438 6.45617e-19)
(0.562594 -0.13386 0)
(0.604269 -0.145685 -1.56416e-18)
(0.644615 -0.154335 1.73976e-18)
(0.683126 -0.159357 -1.87416e-18)
(0.719544 -0.160524 -2.02235e-18)
(0.753857 -0.157877 1.27105e-19)
(0.786283 -0.151721 -2.42172e-18)
(0.817245 -0.142591 0)
(0.847306 -0.131186 0)
(0.877144 -0.118303 0)
(0.90737 -0.104809 0)
(0.938896 -0.0915858 0)
(0.971389 -0.0796859 3.68002e-18)
(1.00819 -0.0699533 -1.34665e-18)
(1.03843 -0.0643096 0)
(1.09568 -0.0625844 -4.24238e-19)
(0.972988 0.216082 0)
(0.965831 0.201808 1.87111e-18)
(0.959206 0.1956 2.49273e-19)
(0.961489 0.195546 1.90753e-18)
(0.972668 0.197536 0)
(0.985519 0.199235 -1.60773e-18)
(0.992497 0.199295 0)
(0.988452 0.196253 -3.62595e-19)
(0.970218 0.189033 0)
(0.935631 0.177562 -1.60606e-18)
(0.884731 0.162749 -1.24318e-18)
(0.819618 0.145667 -3.15491e-19)
(0.743324 0.126729 3.13178e-19)
(0.658087 0.106111 0)
(0.569157 0.0852834 3.13235e-19)
(0.47934 0.0662429 0)
(0.393491 0.0502679 2.65479e-18)
(0.314099 0.0363417 -3.5138e-19)
(0.247073 0.0242767 0)
(0.192398 0.0147282 -1.89977e-18)
(0.147778 0.00792641 0)
(0.110715 0.00341117 0)
(0.0798814 0.000822399 0)
(0.0539896 -0.000620481 0)
(0.0324742 -0.00159254 -2.21724e-19)
(0.0156996 -0.00203975 0)
(0.0028132 -0.00139979 0)
(-0.0026354 0.000678137 1.15623e-19)
(-0.00511545 0.00210819 0)
(-0.00516171 0.00311069 0)
(-0.00383478 0.00368444 0)
(-0.00158704 0.00394406 -5.87482e-20)
(0.000991316 0.00400726 0)
(0.00444072 0.00379559 -2.67916e-19)
(0.00745606 0.0042695 0)
(0.0111296 0.00509714 3.01178e-20)
(0.0155373 0.0055882 1.51366e-19)
(0.0208678 0.00553955 3.03969e-20)
(0.0272966 0.0052154 -6.10089e-20)
(0.0348945 0.00471607 -4.89389e-19)
(0.043828 0.00402308 -4.90003e-19)
(0.0543132 0.00311031 4.89863e-19)
(0.0665468 0.0019531 -1.22196e-19)
(0.0807255 0.000511244 -9.73291e-19)
(0.0970548 -0.0012839 9.6679e-19)
(0.115516 -0.00350572 -1.19838e-19)
(0.136351 -0.00625613 0)
(0.158993 -0.00959621 -9.39206e-19)
(0.183586 -0.0134816 0)
(0.210241 -0.0177434 9.18607e-19)
(0.238956 -0.0220245 0)
(0.269929 -0.0261809 8.96872e-19)
(0.303475 -0.0301728 0)
(0.339952 -0.0342053 -2.12248e-19)
(0.379584 -0.0387935 -8.06707e-19)
(0.422259 -0.0446828 -7.48726e-19)
(0.467394 -0.0526415 1.73971e-19)
(0.513929 -0.0632213 0)
(0.560459 -0.0767295 5.4469e-19)
(0.605566 -0.0926434 -1.37429e-19)
(0.648392 -0.109979 0)
(0.688536 -0.127384 1.37051e-19)
(0.72587 -0.143603 -5.3387e-19)
(0.760321 -0.157777 -5.89337e-19)
(0.791697 -0.169324 0)
(0.819769 -0.177782 1.47688e-18)
(0.844454 -0.182808 0)
(0.865922 -0.184246 1.83256e-18)
(0.884595 -0.182167 2.01104e-18)
(0.901093 -0.176859 2.17628e-18)
(0.916172 -0.16879 2.70929e-19)
(0.930664 -0.158564 0)
(0.945396 -0.146871 0)
(0.961165 -0.134437 0)
(0.978585 -0.122004 -2.69891e-19)
(0.998404 -0.110301 0)
(1.02025 -0.100133 -1.67633e-18)
(1.04661 -0.0921481 1.65078e-18)
(1.06862 -0.0875661 1.04058e-19)
(1.11229 -0.08632 4.51222e-20)
(0.974194 0.218514 -1.23258e-18)
(0.970935 0.206364 1.19298e-18)
(0.965119 0.198172 -2.82074e-19)
(0.961139 0.194112 0)
(0.962197 0.191942 0)
(0.96826 0.190544 0)
(0.977772 0.189885 0)
(0.988502 0.189481 1.25261e-18)
(0.997432 0.188308 0)
(1.00093 0.185358 -1.11988e-18)
(0.995773 0.179955 -1.39602e-18)
(0.979839 0.171905 3.20081e-19)
(0.952674 0.161434 9.67009e-19)
(0.914336 0.148646 0)
(0.865647 0.133742 -1.47584e-18)
(0.80825 0.117845 0)
(0.746068 0.102471 -1.17983e-18)
(0.683644 0.0879754 2.95092e-19)
(0.622835 0.074387 -1.23437e-18)
(0.565748 0.0621136 -9.50531e-19)
(0.513198 0.0513543 0)
(0.465538 0.0420956 0)
(0.422943 0.0342186 -6.83258e-19)
(0.385367 0.0276155 0)
(0.352673 0.0221517 -5.42522e-19)
(0.32465 0.0176497 0)
(0.300894 0.0138432 0)
(0.281179 0.0104686 -9.56208e-20)
(0.265366 0.00756261 0)
(0.253118 0.0051291 0)
(0.24409 0.00309648 0)
(0.238003 0.00138019 5.05316e-20)
(0.234532 -9.96048e-05 2.04807e-19)
(0.233714 -0.00133343 1.29036e-19)
(0.235312 -0.00278061 0)
(0.239441 -0.00441313 0)
(0.246001 -0.00609674 -2.59635e-20)
(0.254881 -0.00785611 -1.30087e-19)
(0.266068 -0.00976929 5.16961e-20)
(0.279464 -0.0118968 0)
(0.294974 -0.0142848 0)
(0.312526 -0.0169718 -2.04168e-19)
(0.332055 -0.0199938 1.00516e-19)
(0.353489 -0.0233955 -4.00966e-19)
(0.376729 -0.0272337 3.96693e-19)
(0.401629 -0.0315669 9.70359e-20)
(0.427984 -0.0364184 0)
(0.455545 -0.0416743 3.84365e-19)
(0.484129 -0.047188 0)
(0.513588 -0.0527995 0)
(0.543813 -0.0583336 0)
(0.574791 -0.0636765 0)
(0.606604 -0.0688505 0)
(0.639347 -0.07408 1.78327e-19)
(0.673026 -0.0798024 0)
(0.707444 -0.0865919 6.70929e-19)
(0.742125 -0.0950049 -1.52921e-19)
(0.776313 -0.105387 0)
(0.809078 -0.117687 5.80938e-19)
(0.8395 -0.131323 1.27893e-19)
(0.866853 -0.145388 5.67145e-19)
(0.890676 -0.158891 -1.32295e-19)
(0.910764 -0.170947 0)
(0.927133 -0.180901 -6.61783e-19)
(0.939953 -0.188317 0)
(0.949526 -0.192913 0)
(0.956314 -0.194554 -8.5301e-19)
(0.96095 -0.193271 0)
(0.964208 -0.189263 0)
(0.966933 -0.182875 -1.06379e-18)
(0.969973 -0.174562 -2.95745e-19)
(0.974127 -0.164851 0)
(0.980091 -0.154308 0)
(0.988461 -0.143508 0)
(0.99962 -0.133022 3.01558e-19)
(1.01405 -0.123404 -1.03094e-18)
(1.0312 -0.115233 -2.40273e-19)
(1.05313 -0.108981 -1.8865e-19)
(1.0717 -0.105367 -1.17852e-19)
(1.11016 -0.1045 -2.40823e-19)
(0.974501 0.21901 4.35543e-18)
(0.973757 0.208036 -4.18211e-18)
(0.971714 0.200425 0)
(0.969159 0.196211 -2.53733e-18)
(0.967053 0.192937 0)
(0.966166 0.189312 -2.2373e-18)
(0.967419 0.185818 0)
(0.971669 0.183008 2.97938e-18)
(0.978978 0.18073 -3.69931e-18)
(0.988283 0.178484 1.68913e-18)
(0.99769 0.175773 1.57916e-18)
(1.00497 0.172151 0)
(1.00811 0.167266 -4.27163e-18)
(1.00544 0.1607 -2.72075e-18)
(0.995587 0.152111 3.8242e-18)
(0.977795 0.141797 0)
(0.953045 0.130626 1.17137e-18)
(0.923753 0.119347 0)
(0.891694 0.108147 1.16785e-18)
(0.858158 0.0970053 1.16755e-18)
(0.824184 0.0861314 0)
(0.790762 0.0758036 0)
(0.758773 0.0662264 -6.39421e-19)
(0.728889 0.0575057 0)
(0.701553 0.0496246 6.20999e-19)
(0.676999 0.0424986 0)
(0.655348 0.036033 0)
(0.636632 0.0301408 0)
(0.620882 0.0247316 0)
(0.608038 0.0197206 0)
(0.598024 0.0150274 0)
(0.590772 0.0105813 0)
(0.586205 0.00631094 1.77005e-19)
(0.584199 0.00215369 -8.58838e-20)
(0.584524 -0.00203335 4.39762e-20)
(0.587277 -0.00628274 0)
(0.592356 -0.010567 0)
(0.599564 -0.0148907 8.62185e-20)
(0.608755 -0.019302 -3.52014e-19)
(0.619792 -0.0238416 3.51593e-19)
(0.63253 -0.0285345 0)
(0.646821 -0.0334008 8.7181e-19)
(0.662508 -0.0384609 -6.99297e-19)
(0.679424 -0.0437359 -3.57782e-19)
(0.697384 -0.0492439 -3.38926e-19)
(0.716178 -0.0549887 0)
(0.735574 -0.0609385 0)
(0.755336 -0.0670074 -1.03338e-18)
(0.775258 -0.0730884 0)
(0.795181 -0.079073 0)
(0.815007 -0.0848656 0)
(0.834709 -0.0904279 7.04109e-19)
(0.854312 -0.0958317 1.4067e-18)
(0.873846 -0.101283 0)
(0.893274 -0.107105 0)
(0.912417 -0.113672 -6.49736e-19)
(0.930917 -0.1213 0)
(0.948243 -0.130126 1.29448e-18)
(0.96376 -0.140017 6.8672e-19)
(0.976851 -0.150554 0)
(0.987054 -0.161119 6.9979e-19)
(0.994154 -0.17103 1.33443e-18)
(0.998206 -0.179651 1.4054e-18)
(0.999503 -0.186487 7.13439e-19)
(0.998503 -0.191215 -1.61483e-18)
(0.995774 -0.193669 1.74531e-18)
(0.991968 -0.193816 2.83077e-18)
(0.987794 -0.191746 0)
(0.983983 -0.187663 0)
(0.981233 -0.181861 1.19539e-18)
(0.980174 -0.174703 0)
(0.981338 -0.166597 2.49999e-18)
(0.985144 -0.157975 2.53306e-18)
(0.991928 -0.149281 0)
(1.00185 -0.14096 2.40354e-18)
(1.01521 -0.133441 -1.04157e-18)
(1.03135 -0.127163 0)
(1.05218 -0.122469 0)
(1.06984 -0.119804 0)
(1.10676 -0.119356 -1.93161e-19)
(0.974733 0.218938 -3.35512e-18)
(0.975458 0.208201 3.21183e-18)
(0.976056 0.201058 -6.2378e-18)
(0.975936 0.197366 2.86973e-18)
(0.974875 0.19446 0)
(0.9732 0.190786 2.53032e-18)
(0.971487 0.186584 -4.84373e-18)
(0.970472 0.182339 -4.49083e-18)
(0.970994 0.17813 -7.9248e-20)
(0.973704 0.17395 0)
(0.978806 0.169868 0)
(0.985964 0.165856 3.59708e-18)
(0.994363 0.161685 3.29226e-18)
(1.00283 0.15694 -3.27805e-18)
(1.00995 0.151228 -8.89932e-18)
(1.01427 0.144451 0)
(1.01489 0.136908 0)
(1.01186 0.128902 0)
(1.00564 0.120422 0)
(0.996717 0.11145 0)
(0.985584 0.102193 0)
(0.972871 0.0929278 0)
(0.95926 0.0838661 1.24029e-18)
(0.945385 0.0751225 -2.58697e-18)
(0.931766 0.0667317 0)
(0.918812 0.0586941 0)
(0.906842 0.051002 0)
(0.896096 0.0436261 0)
(0.886743 0.0365066 0)
(0.878882 0.0295995 -6.62351e-19)
(0.87258 0.0228761 0)
(0.867874 0.016306 0)
(0.864767 0.00985343 1.26118e-20)
(0.863201 0.00345362 0)
(0.86308 -0.00275956 -4.1024e-20)
(0.86435 -0.00884285 0)
(0.86692 -0.0148765 1.70716e-19)
(0.870664 -0.0208879 0)
(0.875469 -0.0268918 6.72556e-19)
(0.881225 -0.0329028 -3.30668e-19)
(0.887818 -0.0389317 -6.88979e-19)
(0.895121 -0.0449868 -6.65246e-19)
(0.903002 -0.0510748 6.67716e-19)
(0.911324 -0.0572 6.70594e-19)
(0.91994 -0.0633608 1.40188e-18)
(0.928695 -0.0695432 1.41063e-18)
(0.937432 -0.0757118 0)
(0.946006 -0.0818045 -7.43832e-19)
(0.954308 -0.0877453 0)
(0.962274 -0.093464 0)
(0.969894 -0.0989156 -1.47953e-18)
(0.977204 -0.104108 -7.22977e-19)
(0.984266 -0.109127 4.77991e-20)
(0.991132 -0.11415 0)
(0.997791 -0.119417 0)
(1.00412 -0.125191 0)
(1.00989 -0.13168 1.49372e-18)
(1.01472 -0.138962 -1.40023e-18)
(1.01823 -0.146933 -1.38969e-18)
(1.02004 -0.155298 0)
(1.01995 -0.163607 -1.42803e-18)
(1.01795 -0.171357 9.49979e-20)
(1.01424 -0.178076 -1.57532e-18)
(1.00919 -0.183395 1.75637e-18)
(1.00328 -0.187081 -4.75993e-20)
(0.997047 -0.189021 -1.97763e-18)
(0.991046 -0.189196 -2.14146e-18)
(0.98581 -0.187671 0)
(0.98184 -0.18459 0)
(0.979578 -0.18016 0)
(0.979393 -0.174647 0)
(0.981581 -0.168361 -2.83707e-18)
(0.986369 -0.161647 -2.87275e-18)
(0.993949 -0.154873 0)
(1.00439 -0.148416 -2.72365e-18)
(1.01796 -0.142642 4.90977e-18)
(1.03402 -0.137907 0)
(1.05445 -0.134454 0)
(1.07172 -0.132598 0)
(1.1076 -0.132364 9.13871e-19)
(0.975035 0.218502 8.34146e-18)
(0.977127 0.207476 0)
(0.979623 0.200809 1.42773e-17)
(0.980942 0.19772 0)
(0.980747 0.195178 6.21461e-18)
(0.979838 0.19182 0)
(0.978655 0.187904 5.47369e-18)
(0.977181 0.183662 0)
(0.975604 0.178993 -5.03729e-18)
(0.974439 0.173897 0)
(0.97427 0.168549 8.88212e-18)
(0.975577 0.163112 -4.11167e-18)
(0.978659 0.157621 0)
(0.983537 0.151978 7.30858e-18)
(0.989866 0.146033 -1.87028e-19)
(0.996991 0.139703 -6.6828e-18)
(1.00405 0.133126 6.47693e-18)
(1.01036 0.12639 0)
(1.01555 0.119354 0)
(1.01936 0.111922 6.08717e-18)
(1.02167 0.104162 0)
(1.02251 0.0962137 -2.96134e-18)
(1.02211 0.088195 0)
(1.02073 0.0801813 2.80489e-18)
(1.01864 0.072217 0)
(1.01612 0.0643305 2.89686e-18)
(1.01338 0.056538 0)
(1.01062 0.0488386 0)
(1.00799 0.0412213 1.44746e-18)
(1.00562 0.0336855 6.957e-19)
(1.00358 0.0262375 0)
(1.00194 0.0188792 0)
(1.00074 0.0116115 -1.08734e-18)
(0.999997 0.00443627 0)
(0.999669 -0.0025539 0)
(0.999723 -0.00941156 0)
(1.00014 -0.0161955 -1.78e-19)
(1.00089 -0.0229147 0)
(1.00192 -0.0295623 -1.10551e-18)
(1.00318 -0.0361371 -7.50598e-19)
(1.0046 -0.0426408 7.24783e-19)
(1.00614 -0.0490739 0)
(1.00774 -0.055435 0)
(1.00932 -0.0617209 1.54361e-18)
(1.01083 -0.0679247 -1.49791e-18)
(1.0122 -0.0740313 -1.51417e-18)
(1.01336 -0.0800136 0)
(1.01429 -0.0858312 -5.82909e-20)
(1.01497 -0.0914386 1.63351e-18)
(1.01542 -0.0968014 0)
(1.01571 -0.101912 1.6261e-18)
(1.0159 -0.106804 1.70166e-18)
(1.01611 -0.111569 -1.66835e-18)
(1.01639 -0.116354 0)
(1.01675 -0.121346 0)
(1.01713 -0.126738 0)
(1.01735 -0.132674 -1.68134e-18)
(1.01719 -0.139203 0)
(1.01637 -0.146239 0)
(1.01469 -0.153559 0)
(1.01204 -0.160833 3.66103e-18)
(1.00846 -0.167686 -1.80323e-18)
(1.00413 -0.17376 0)
(0.999343 -0.178767 -2.00325e-18)
(0.994461 -0.182501 -2.22547e-18)
(0.989866 -0.184839 4.6176e-18)
(0.985925 -0.18573 -4.89256e-18)
(0.98298 -0.185188 -5.17386e-18)
(0.981334 -0.183295 0)
(0.98125 -0.180195 -5.69671e-18)
(0.982949 -0.176097 0)
(0.986623 -0.171263 0)
(0.992437 -0.166 0)
(1.00057 -0.160649 5.99017e-18)
(1.01111 -0.155562 -5.73713e-18)
(1.02437 -0.151073 -8.00029e-18)
(1.03983 -0.147486 0)
(1.05938 -0.144966 3.60857e-18)
(1.07591 -0.143722 0)
(1.11023 -0.143563 -1.5045e-18)
(0.975434 0.21769 -9.46177e-18)
(0.979143 0.20609 -9.21022e-18)
(0.983423 0.200245 -1.64437e-17)
(0.98558 0.197996 0)
(0.985486 0.195678 -1.41305e-17)
(0.984786 0.192413 -6.73161e-18)
(0.9842 0.188726 0)
(0.983452 0.184719 1.19975e-17)
(0.982353 0.180193 1.11996e-17)
(0.981033 0.175095 0)
(0.979702 0.169516 -1.00451e-17)
(0.978603 0.163553 0)
(0.97805 0.15727 0)
(0.978376 0.150691 8.70998e-18)
(0.979804 0.14382 8.07276e-18)
(0.982396 0.13669 -1.82317e-19)
(0.986006 0.129512 1.84343e-19)
(0.990363 0.12244 0)
(0.995174 0.115376 0)
(1.0001 0.108199 -6.97501e-18)
(1.00479 0.100886 -7.06584e-18)
(1.00904 0.0934774 1.03558e-17)
(1.01274 0.0860166 3.45165e-18)
(1.01588 0.0785346 3.42342e-18)
(1.01847 0.0710492 0)
(1.02058 0.0635701 -3.27233e-18)
(1.02225 0.0561023 0)
(1.02353 0.0486461 0)
(1.02448 0.0412015 -3.30609e-18)
(1.02514 0.033775 0)
(1.02556 0.0263786 0)
(1.02575 0.019026 0)
(1.02575 0.0117332 8.20215e-19)
(1.02558 0.00453401 -4.27664e-19)
(1.0253 -0.00255603 2.13691e-19)
(1.0249 -0.00953573 0)
(1.02442 -0.0164171 0)
(1.02387 -0.0232017 0)
(1.02324 -0.0298842 8.34085e-19)
(1.02253 -0.0364621 8.3903e-19)
(1.02174 -0.0429355 -1.75057e-18)
(1.02086 -0.049304 0)
(1.01988 -0.0555661 0)
(1.0188 -0.0617193 -3.53164e-18)
(1.01762 -0.0677585 -1.81455e-18)
(1.01632 -0.0736739 0)
(1.01491 -0.0794488 0)
(1.01341 -0.08506 1.82433e-18)
(1.01184 -0.090484 5.65651e-20)
(1.01027 -0.095708 0)
(1.00877 -0.100741 0)
(1.00742 -0.105625 -1.93557e-18)
(1.0063 -0.11044 0)
(1.00547 -0.115305 0)
(1.00492 -0.120365 0)
(1.00461 -0.125761 0)
(1.0044 -0.1316 0)
(1.00412 -0.137912 -4.1652e-18)
(1.00358 -0.144631 0)
(1.00262 -0.151586 0)
(1.00115 -0.158525 1.67075e-19)
(0.999193 -0.165149 0)
(0.996856 -0.171161 0)
(0.994333 -0.1763 0)
(0.991859 -0.180361 9.98364e-18)
(0.98968 -0.183203 -5.23118e-18)
(0.98803 -0.184745 5.53491e-18)
(0.987126 -0.184969 1.44024e-20)
(0.987163 -0.183921 0)
(0.988323 -0.181717 6.42651e-18)
(0.990779 -0.17854 -6.54562e-18)
(0.994712 -0.174637 0)
(1.00031 -0.170309 0)
(1.0078 -0.165892 -1.45996e-19)
(1.01736 -0.161733 6.4863e-18)
(1.02939 -0.158155 5.9781e-18)
(1.0435 -0.155414 0)
(1.06161 -0.153633 -4.09614e-18)
(1.077 -0.152836 0)
(1.10948 -0.15276 1.13396e-18)
(0.975986 0.216474 0)
(0.981692 0.204215 2.12167e-17)
(0.987769 0.199647 1.88236e-17)
(0.990441 0.198411 0)
(0.990122 0.196236 8.03034e-18)
(0.989271 0.192974 -7.77093e-18)
(0.988772 0.189389 0)
(0.988281 0.185463 -1.3566e-17)
(0.987611 0.180999 0)
(0.986852 0.175995 0)
(0.98604 0.170512 0)
(0.985145 0.164577 0)
(0.984206 0.1582 0)
(0.983343 0.151386 1.82805e-19)
(0.982702 0.144142 -9.52946e-18)
(0.982426 0.13652 -1.82176e-19)
(0.98266 0.128777 1.83589e-19)
(0.9835 0.121146 0)
(0.984945 0.113609 0)
(0.986875 0.106091 0)
(0.989103 0.0985716 -2.02557e-19)
(0.991463 0.0910725 2.06477e-19)
(0.993841 0.0836193 -3.95261e-18)
(0.996164 0.0762224 -3.92147e-18)
(0.998378 0.0688788 0)
(1.00044 0.0615796 -3.98597e-18)
(1.00231 0.0543153 3.97345e-18)
(1.00396 0.0470775 0)
(1.00538 0.0398605 1.92537e-18)
(1.00655 0.0326643 1.98348e-18)
(1.00745 0.0254969 0)
(1.00809 0.0183717 0)
(1.00847 0.0113031 1.00222e-18)
(1.00861 0.00432804 -1.4867e-20)
(1.00856 -0.00258503 -4.94771e-19)
(1.00835 -0.00940597 0)
(1.00799 -0.0161262 0)
(1.00752 -0.0227516 -1.01137e-18)
(1.00694 -0.0292837 0)
(1.00626 -0.0357216 -1.02153e-18)
(1.0055 -0.0420646 -5.89226e-20)
(1.00467 -0.0483125 0)
(1.00379 -0.0544643 2.08892e-18)
(1.00286 -0.0605178 4.15772e-18)
(1.0019 -0.0664692 2.07099e-18)
(1.00092 -0.0723111 0)
(0.999929 -0.0780321 -4.35406e-18)
(0.998957 -0.0836174 0)
(0.998035 -0.0890537 -2.17649e-18)
(0.997211 -0.0943369 0)
(0.996542 -0.0994808 0)
(0.996091 -0.104524 0)
(0.995909 -0.109536 0)
(0.996028 -0.114612 0)
(0.996439 -0.119868 -4.77743e-18)
(0.997088 -0.125413 4.81047e-18)
(0.99787 -0.131328 0)
(0.998645 -0.137636 4.72662e-18)
(0.99926 -0.144281 -4.9184e-18)
(0.999583 -0.151123 0)
(0.99953 -0.157952 -4.91398e-18)
(0.999088 -0.164511 0)
(0.998309 -0.170536 0)
(0.997302 -0.175779 0)
(0.996204 -0.180037 -5.68245e-18)
(0.995165 -0.183155 6.02331e-18)
(0.994331 -0.185034 -6.29183e-18)
(0.993848 -0.185639 1.31405e-17)
(0.993866 -0.185 -6.84025e-18)
(0.994554 -0.183225 0)
(0.996105 -0.180497 7.39144e-18)
(0.998753 -0.177068 -7.4443e-18)
(1.00276 -0.173252 0)
(1.00846 -0.169396 -1.17138e-19)
(1.01612 -0.165851 -7.1072e-18)
(1.02625 -0.16294 0)
(1.03856 -0.160867 0)
(1.05506 -0.159757 -4.57143e-18)
(1.06925 -0.159318 0)
(1.10035 -0.159512 -1.28631e-18)
(0.976761 0.214804 0)
(0.984936 0.20201 -1.22236e-17)
(0.992771 0.199204 -1.07047e-17)
(0.995649 0.198991 0)
(0.994983 0.196871 1.84281e-17)
(0.993957 0.193635 1.7402e-17)
(0.993389 0.19014 0)
(0.992829 0.186205 1.56666e-17)
(0.992161 0.181685 -1.48772e-17)
(0.99156 0.176662 0)
(0.991075 0.171202 0)
(0.990636 0.165313 0)
(0.990183 0.158988 0)
(0.989696 0.15221 -1.13232e-17)
(0.989165 0.144966 -1.11274e-17)
(0.988598 0.137281 1.02282e-17)
(0.988069 0.12939 -3.02773e-17)
(0.9877 0.12154 0)
(0.987573 0.113753 0)
(0.987691 0.10599 9.70261e-18)
(0.988004 0.0982513 1.89763e-17)
(0.988459 0.0905686 -9.29132e-18)
(0.989024 0.0829712 0)
(0.989681 0.0754699 0)
(0.990406 0.0680609 -4.65936e-18)
(0.991172 0.0607337 9.17929e-18)
(0.991951 0.0534766 -9.15657e-18)
(0.992712 0.0462787 0)
(0.993428 0.0391303 0)
(0.994074 0.0320273 -2.26041e-18)
(0.994627 0.024973 0)
(0.995072 0.0179743 2.33065e-18)
(0.995403 0.0110445 -1.14208e-18)
(0.995638 0.00418221 -1.45007e-20)
(0.995787 -0.00262199 -7.27142e-21)
(0.995852 -0.00934339 0)
(0.995849 -0.0159737 0)
(0.995794 -0.0225197 -2.89997e-20)
(0.995697 -0.0289844 1.18358e-18)
(0.995565 -0.0353668 3.54031e-18)
(0.995407 -0.0416656 4.73034e-18)
(0.995235 -0.0478804 2.41084e-18)
(0.995056 -0.0540103 -2.3719e-18)
(0.994881 -0.0600535 -2.39285e-18)
(0.994717 -0.0660061 2.47326e-18)
(0.994572 -0.0718621 0)
(0.994457 -0.0776127 4.93642e-18)
(0.994389 -0.0832472 -5.10722e-18)
(0.994391 -0.0887574 0)
(0.994497 -0.0941431 0)
(0.994745 -0.0994194 0)
(0.995176 -0.104622 0)
(0.995821 -0.10981 0)
(0.996697 -0.115064 0)
(0.997785 -0.120478 5.39469e-18)
(0.999034 -0.126141 -1.09867e-17)
(1.00035 -0.132116 -5.59786e-18)
(1.00161 -0.138418 5.64236e-18)
(1.00269 -0.144994 5.54585e-18)
(1.00344 -0.151721 -5.77131e-18)
(1.00379 -0.158411 5.87087e-18)
(1.00366 -0.164831 0)
(1.00306 -0.170733 6.16704e-18)
(1.00202 -0.175878 -6.36687e-18)
(1.0006 -0.180059 0)
(0.998877 -0.183113 -1.36518e-17)
(0.996958 -0.184938 7.10293e-18)
(0.994976 -0.185496 -1.48546e-17)
(0.993106 -0.184825 7.74471e-18)
(0.991575 -0.183048 0)
(0.990669 -0.18037 8.22808e-18)
(0.990732 -0.177069 8.48259e-18)
(0.992149 -0.173479 -8.45762e-18)
(0.995355 -0.169964 -8.46018e-18)
(1.00073 -0.166875 8.15016e-18)
(1.00884 -0.16454 0)
(1.01949 -0.163098 0)
(1.03479 -0.162726 5.26179e-18)
(1.04819 -0.162657 0)
(1.07919 -0.163486 1.48421e-18)
(0.977833 0.212617 1.62083e-17)
(0.988995 0.19965 0)
(0.998472 0.199058 -2.40985e-17)
(1.00125 0.199733 2.18325e-17)
(1.00018 0.19759 -2.08198e-17)
(0.99903 0.194434 1.99689e-17)
(0.998399 0.191033 0)
(0.997724 0.187058 1.60212e-19)
(0.996946 0.182455 1.67963e-17)
(0.996278 0.177367 0)
(0.995792 0.171857 0)
(0.995442 0.165931 0)
(0.995188 0.159586 2.77117e-17)
(0.995003 0.152813 0)
(0.994848 0.145595 2.46944e-17)
(0.994672 0.13794 0)
(0.994465 0.130056 4.6188e-17)
(0.994268 0.122182 0)
(0.994123 0.114345 0)
(0.994033 0.106519 -2.20848e-17)
(0.993975 0.0987119 -1.08163e-17)
(0.993934 0.0909545 0)
(0.993915 0.0832777 0)
(0.993933 0.075696 0)
(0.993999 0.0682103 5.26108e-18)
(0.994116 0.0608147 -5.24397e-18)
(0.994281 0.0535009 -1.07964e-19)
(0.994484 0.0462598 0)
(0.994714 0.0390824 5.33978e-18)
(0.994959 0.0319643 0)
(0.995206 0.0249067 0)
(0.995444 0.0179132 -2.63438e-18)
(0.995668 0.0109907 1.35006e-18)
(0.995873 0.0041329 -1.44139e-20)
(0.996059 -0.00265866 3.29891e-19)
(0.996223 -0.00937053 0)
(0.99637 -0.015997 0)
(0.996511 -0.0225424 1.32862e-18)
(0.99665 -0.0290099 -1.3343e-18)
(0.996792 -0.0353994 -2.68246e-18)
(0.99694 -0.0417103 -2.69876e-18)
(0.997101 -0.0479428 -2.71738e-18)
(0.99728 -0.0540963 0)
(0.997481 -0.0601689 0)
(0.997708 -0.0661573 -2.78668e-18)
(0.997966 -0.072056 -5.74277e-18)
(0.998259 -0.0778573 0)
(0.998597 -0.083553 1.1616e-17)
(0.998994 -0.0891374 0)
(0.999467 -0.0946117 0)
(1.00004 -0.0999906 -6.06917e-18)
(1.00073 -0.105306 6.1383e-18)
(1.00155 -0.110608 6.20498e-18)
(1.0025 -0.115966 0)
(1.00354 -0.121456 6.32619e-18)
(1.00461 -0.127151 1.26347e-17)
(1.00561 -0.133098 -1.35504e-19)
(1.00642 -0.139301 -6.35209e-18)
(1.00689 -0.145707 0)
(1.00687 -0.152195 6.50276e-18)
(1.00624 -0.158587 1.50309e-19)
(1.00489 -0.164661 0)
(1.00276 -0.170177 -1.4063e-17)
(0.999848 -0.174903 -1.14201e-19)
(0.996165 -0.178635 0)
(0.991794 -0.181223 7.78422e-18)
(0.986868 -0.182576 0)
(0.981594 -0.182684 8.4737e-18)
(0.976252 -0.181615 -8.81525e-18)
(0.971204 -0.17953 -9.13049e-18)
(0.966878 -0.176668 -9.46414e-18)
(0.963755 -0.173335 9.61422e-18)
(0.962337 -0.169884 9.77821e-18)
(0.963145 -0.166683 0)
(0.966606 -0.164075 0)
(0.973342 -0.16238 0)
(0.983106 -0.161663 0)
(0.998211 -0.16221 0)
(1.01166 -0.162624 0)
(1.04448 -0.164565 0)
(0.979275 0.209853 1.98816e-17)
(0.993932 0.197332 0)
(1.00486 0.199293 2.72495e-17)
(1.00729 0.200615 -2.19075e-20)
(1.00581 0.198412 0)
(1.00459 0.195393 -4.51579e-17)
(1.00391 0.192068 0)
(1.00315 0.188034 -2.01135e-17)
(1.00229 0.183353 1.93037e-17)
(1.00156 0.178202 -1.83725e-17)
(1.001 0.17263 3.49482e-17)
(1.0006 0.166637 -3.32394e-17)
(1.00031 0.16023 -3.12468e-17)
(1.00015 0.153407 0)
(1.00008 0.146158 2.86417e-17)
(1.00007 0.138485 0)
(1.0001 0.130587 -5.28695e-17)
(1.00016 0.122697 2.62039e-17)
(1.00027 0.114844 0)
(1.0004 0.107005 1.25545e-17)
(1.00052 0.0991849 0)
(1.00062 0.0914102 0)
(1.00069 0.0837079 -1.24191e-17)
(1.00075 0.0760924 0)
(1.00082 0.0685664 0)
(1.0009 0.0611263 0)
(1.001 0.0537662 6.01379e-18)
(1.00112 0.0464792 0)
(1.00126 0.0392575 1.11103e-19)
(1.00141 0.0320981 6.13297e-18)
(1.00158 0.0250026 0)
(1.00175 0.0179741 0)
(1.00192 0.0110115 -1.51399e-18)
(1.00209 0.00412358 7.56292e-19)
(1.00225 -0.00269208 0)
(1.00242 -0.00943061 3.85946e-19)
(1.00258 -0.0160874 7.73735e-19)
(1.00275 -0.0226645 0)
(1.00293 -0.0291648 0)
(1.00312 -0.0355893 3.1344e-18)
(1.00332 -0.0419376 0)
(1.00354 -0.0482094 -3.17405e-18)
(1.00377 -0.0544036 3.19762e-18)
(1.00402 -0.0605179 0)
(1.00428 -0.0665479 0)
(1.00454 -0.0724875 -1.14926e-19)
(1.0048 -0.0783288 0)
(1.00506 -0.0840633 -6.5888e-18)
(1.0053 -0.089685 6.77725e-18)
(1.00554 -0.095194 0)
(1.00577 -0.100602 6.82333e-18)
(1.00598 -0.105935 1.12393e-19)
(1.00616 -0.111236 -6.98145e-18)
(1.00629 -0.11656 0)
(1.0063 -0.121971 -7.12624e-18)
(1.00613 -0.127524 -7.19387e-18)
(1.00564 -0.133252 1.46585e-17)
(1.00471 -0.139148 0)
(1.00316 -0.14515 7.5714e-18)
(1.00082 -0.151138 7.68524e-18)
(0.997554 -0.156938 1.45509e-19)
(0.993227 -0.162337 0)
(0.987771 -0.167108 2.45142e-17)
(0.981179 -0.171036 8.35569e-18)
(0.973518 -0.173944 -1.75184e-17)
(0.964941 -0.17571 0)
(0.955696 -0.176285 -1.88985e-17)
(0.946127 -0.175701 -1.96636e-17)
(0.93667 -0.174073 1.02281e-17)
(0.927839 -0.171601 1.06269e-17)
(0.9202 -0.168555 -2.18787e-17)
(0.914337 -0.165258 1.11497e-17)
(0.910819 -0.162063 0)
(0.910192 -0.159328 0)
(0.912865 -0.157366 2.18358e-17)
(0.919447 -0.156488 0)
(0.929584 -0.156667 0)
(0.945832 -0.158361 0)
(0.960384 -0.159429 0)
(0.997118 -0.162957 0)
(0.981152 0.206468 -4.34312e-17)
(0.999746 0.195256 -3.76965e-17)
(1.01186 0.199924 -2.9989e-17)
(1.01376 0.201604 -5.62864e-21)
(1.01195 0.199368 0)
(1.01072 0.196531 2.54658e-17)
(1.01001 0.193247 0)
(1.0092 0.189139 0)
(1.00831 0.184389 -2.17089e-17)
(1.00756 0.179184 2.06649e-17)
(1.00697 0.173552 -7.90022e-17)
(1.00653 0.167494 3.74e-17)
(1.0062 0.161021 3.59636e-17)
(1.00599 0.154136 3.42448e-17)
(1.00589 0.146829 3.77494e-19)
(1.00587 0.139105 0)
(1.00591 0.131158 6.03241e-17)
(1.00603 0.12322 -2.95004e-17)
(1.00621 0.115326 0)
(1.00644 0.107456 -2.91172e-17)
(1.00668 0.0996108 0)
(1.0069 0.0918141 -1.42838e-17)
(1.0071 0.0840887 1.39754e-17)
(1.00728 0.0764469 1.41091e-17)
(1.00745 0.0688911 1.40523e-17)
(1.00762 0.0614177 1.4013e-17)
(1.00778 0.054022 0)
(1.00795 0.0466982 0)
(1.00812 0.0394386 -6.88441e-18)
(1.00828 0.0322419 -6.89507e-18)
(1.00844 0.0251101 0)
(1.00858 0.0180454 0)
(1.00872 0.011049 -1.7558e-18)
(1.00885 0.00412841 0)
(1.00897 -0.00271885 -4.38919e-19)
(1.00907 -0.00949016 -4.32378e-19)
(1.00916 -0.0161808 1.44646e-20)
(1.00923 -0.0227907 0)
(1.00927 -0.0293221 -3.55415e-18)
(1.0093 -0.0357751 5.79694e-20)
(1.00929 -0.0421484 3.59469e-18)
(1.00923 -0.0484397 3.56145e-18)
(1.00912 -0.054646 -3.58909e-18)
(1.00893 -0.0607624 0)
(1.00866 -0.0667822 0)
(1.00827 -0.0726966 7.37915e-18)
(1.00775 -0.078495 0)
(1.00707 -0.0841665 0)
(1.00622 -0.0897026 -1.53785e-17)
(1.00518 -0.0951008 0)
(1.00393 -0.100369 0)
(1.00245 -0.105527 -7.92565e-18)
(1.00072 -0.110611 0)
(0.998701 -0.115666 -8.24059e-18)
(0.996321 -0.120744 0)
(0.993494 -0.125886 0)
(0.990096 -0.131114 -1.69722e-17)
(0.985976 -0.136409 -1.73322e-17)
(0.980966 -0.141705 8.9349e-18)
(0.974896 -0.146884 -8.80903e-18)
(0.967621 -0.151779 -8.99456e-18)
(0.959042 -0.156197 0)
(0.949132 -0.159937 -3.82215e-17)
(0.937951 -0.162816 0)
(0.925667 -0.164699 4.0944e-17)
(0.912555 -0.165511 -2.13548e-17)
(0.899004 -0.165253 2.21421e-17)
(0.885501 -0.164002 2.31121e-17)
(0.872618 -0.161917 0)
(0.860979 -0.159223 -2.50239e-17)
(0.851226 -0.156205 2.59023e-17)
(0.843986 -0.153182 -2.65489e-17)
(0.839823 -0.150491 0)
(0.839252 -0.14846 0)
(0.842613 -0.147364 1.16848e-20)
(0.850468 -0.147498 0)
(0.862301 -0.148741 0)
(0.880971 -0.151773 0)
(0.897573 -0.153672 0)
(0.940035 -0.159167 0)
(0.983507 0.202468 0)
(1.00638 0.193566 1.98096e-19)
(1.01938 0.200873 3.37015e-17)
(1.02068 0.202652 -6.21791e-17)
(1.01864 0.200472 0)
(1.01744 0.197843 0)
(1.01675 0.194564 0)
(1.01591 0.190375 2.59195e-17)
(1.01503 0.185566 0)
(1.01427 0.180309 0)
(1.01368 0.174617 4.45258e-17)
(1.01321 0.168495 -4.27715e-17)
(1.01284 0.161957 3.79898e-19)
(1.01258 0.155007 -3.84497e-17)
(1.01241 0.147637 -3.66311e-17)
(1.01232 0.13985 0)
(1.0123 0.131839 3.80897e-19)
(1.01235 0.123838 0)
(1.01247 0.115884 0)
(1.01263 0.107961 -4.03137e-19)
(1.01281 0.100071 0)
(1.01297 0.0922335 1.60533e-17)
(1.01312 0.0844699 0)
(1.01324 0.0767905 -1.58566e-17)
(1.01334 0.0691969 2.14603e-19)
(1.01342 0.0616859 -1.57476e-17)
(1.01348 0.0542536 -7.97011e-18)
(1.01352 0.0468947 0)
(1.01352 0.0396012 0)
(1.01349 0.032373 7.98729e-18)
(1.01342 0.0252127 0)
(1.01331 0.0181216 0)
(1.01314 0.0111031 3.95786e-18)
(1.01291 0.00416348 0)
(1.0126 -0.0026968 9.90453e-19)
(1.0122 -0.00947425 0)
(1.0117 -0.0161631 -9.88504e-19)
(1.01107 -0.022761 -2.01405e-18)
(1.01032 -0.0292675 3.99092e-18)
(1.00941 -0.0356803 -4.01503e-18)
(1.00832 -0.0419954 -4.04286e-18)
(1.00704 -0.0482072 0)
(1.00553 -0.0543094 0)
(1.00377 -0.0602937 0)
(1.00174 -0.0661502 8.49626e-18)
(0.99941 -0.071867 0)
(0.996752 -0.0774312 0)
(0.993746 -0.0828304 0)
(0.990376 -0.088055 -1.0993e-19)
(0.986631 -0.0931017 0)
(0.982504 -0.0979769 -9.16273e-18)
(0.977986 -0.102699 -9.29576e-18)
(0.97306 -0.1073 -9.43241e-18)
(0.967696 -0.111818 9.46117e-18)
(0.961836 -0.116298 0)
(0.955395 -0.120772 0)
(0.948253 -0.125251 9.88926e-18)
(0.940263 -0.129712 2.0097e-17)
(0.931267 -0.13409 -2.04539e-17)
(0.921113 -0.138272 0)
(0.909686 -0.14211 0)
(0.896938 -0.145436 0)
(0.882908 -0.148085 2.26227e-17)
(0.867746 -0.149918 -2.36061e-17)
(0.851721 -0.150845 -2.43309e-17)
(0.835221 -0.15084 2.53461e-17)
(0.81874 -0.149945 -2.65295e-17)
(0.802862 -0.148276 0)
(0.788233 -0.146014 2.88043e-17)
(0.775524 -0.143397 2.99224e-17)
(0.765395 -0.140704 3.08946e-17)
(0.758456 -0.138236 0)
(0.755231 -0.136297 0)
(0.756176 -0.135186 3.17833e-17)
(0.761547 -0.135128 5.77293e-20)
(0.771849 -0.136412 2.85792e-17)
(0.786387 -0.138815 0)
(0.808436 -0.143293 0)
(0.82769 -0.14616 0)
(0.877035 -0.153843 0)
(0.98634 0.197925 -6.18179e-17)
(1.01372 0.19242 5.31524e-19)
(1.02734 0.202081 -3.6506e-17)
(1.02804 0.203755 3.4756e-17)
(1.02583 0.201734 0)
(1.02461 0.199292 0)
(1.02378 0.195957 0)
(1.02275 0.19166 -2.8951e-17)
(1.02163 0.186764 0)
(1.02061 0.181421 0)
(1.01973 0.175635 5.06052e-17)
(1.01894 0.169417 -3.78602e-19)
(1.01825 0.162786 -4.56352e-17)
(1.01766 0.155746 0)
(1.01715 0.148292 0)
(1.0167 0.140423 0)
(1.01631 0.132333 -7.77346e-17)
(1.01598 0.124256 0)
(1.01571 0.116233 0)
(1.01547 0.108248 3.72017e-17)
(1.01522 0.100306 0)
(1.01493 0.0924224 0)
(1.0146 0.0846179 0)
(1.0142 0.0769021 -1.82781e-17)
(1.01373 0.0692766 -3.62163e-17)
(1.0132 0.0617387 1.81734e-17)
(1.01259 0.0542855 -9.185e-18)
(1.01189 0.0469144 0)
(1.01108 0.0396114 9.08755e-18)
(1.01018 0.0323873 -8.98186e-18)
(1.00914 0.0252434 0)
(1.00795 0.0181802 0)
(1.00658 0.0112037 -6.77423e-18)
(1.00502 0.00432183 -2.26996e-18)
(1.00323 -0.00246127 -1.13053e-18)
(1.0012 -0.00914002 0)
(0.998904 -0.0157068 0)
(0.996331 -0.0221565 2.27759e-18)
(0.993457 -0.0284854 4.64086e-18)
(0.990261 -0.0346889 -4.67553e-18)
(0.986723 -0.0407604 4.7149e-18)
(0.982823 -0.0466921 0)
(0.978542 -0.0524756 0)
(0.973863 -0.0581013 0)
(0.968772 -0.0635584 -9.73226e-18)
(0.963256 -0.0688354 9.96633e-18)
(0.957311 -0.0739203 0)
(0.950938 -0.0788031 0)
(0.944144 -0.083477 -1.02126e-19)
(0.936946 -0.0879417 0)
(0.929359 -0.0922064 1.06454e-17)
(0.921397 -0.0962908 -9.8985e-20)
(0.913065 -0.100225 2.21245e-17)
(0.904342 -0.104046 0)
(0.895182 -0.10779 0)
(0.885501 -0.111484 0)
(0.875179 -0.115134 2.38147e-17)
(0.864074 -0.118714 0)
(0.852033 -0.122161 -2.4746e-17)
(0.838922 -0.125375 0)
(0.824657 -0.128229 -2.59158e-17)
(0.809229 -0.130585 0)
(0.792736 -0.132315 0)
(0.77539 -0.133319 2.82663e-17)
(0.75753 -0.13355 0)
(0.739608 -0.133017 0)
(0.722177 -0.131796 3.19064e-17)
(0.705863 -0.130023 0)
(0.691339 -0.12789 -6.93415e-17)
(0.679282 -0.12563 3.59696e-17)
(0.670339 -0.123509 -3.70874e-17)
(0.66509 -0.121803 3.78899e-17)
(0.66401 -0.120782 -3.82078e-17)
(0.667498 -0.120709 4.98184e-20)
(0.675723 -0.121767 9.46651e-20)
(0.68918 -0.124247 -3.30772e-17)
(0.706984 -0.127826 -2.86293e-17)
(0.732874 -0.133747 0)
(0.754916 -0.137635 1.40968e-17)
(0.811537 -0.147565 -6.92952e-18)
(0.989625 0.192955 6.52224e-17)
(1.02178 0.191897 8.5968e-19)
(1.03581 0.203482 6.20228e-19)
(1.03562 0.204915 -3.87344e-17)
(1.0326 0.203033 0)
(1.03029 0.200568 3.59424e-17)
(1.02802 0.196945 0)
(1.02539 0.192332 0)
(1.02262 0.18715 0)
(1.01995 0.181534 0)
(1.01745 0.175495 3.68103e-19)
(1.01514 0.169052 5.40169e-17)
(1.01301 0.162227 0)
(1.01105 0.155025 0)
(1.00923 0.147438 0)
(1.00751 0.139465 -4.52589e-17)
(1.0059 0.131293 -3.69076e-19)
(1.00439 0.123157 0)
(1.00295 0.115094 0)
(1.00154 0.107089 0)
(1.00009 0.0991445 -4.24595e-17)
(0.998566 0.0912745 -2.10864e-17)
(0.99693 0.0834966 0)
(0.995167 0.0758202 2.06922e-17)
(0.993262 0.0682471 4.14787e-17)
(0.991205 0.0607752 -2.06079e-17)
(0.988981 0.053404 -2.06956e-19)
(0.986568 0.0461219 0)
(0.983954 0.0389378 -2.07439e-17)
(0.98111 0.0318631 1.04166e-17)
(0.977997 0.0248898 0)
(0.974591 0.018021 0)
(0.970871 0.011266 5.16598e-18)
(0.966821 0.00463441 -2.60746e-20)
(0.962428 -0.00186733 6.50545e-19)
(0.957676 -0.00823224 0)
(0.952556 -0.014452 -2.65941e-18)
(0.947058 -0.02052 0)
(0.941176 -0.026432 5.07038e-20)
(0.934903 -0.0321829 5.40704e-18)
(0.928233 -0.0377662 -5.46536e-18)
(0.921163 -0.043175 -1.11579e-17)
(0.913694 -0.0484023 0)
(0.905828 -0.0534403 -1.1448e-17)
(0.897571 -0.0582811 1.1611e-17)
(0.888938 -0.0629169 -1.16922e-17)
(0.879947 -0.0673403 0)
(0.870624 -0.0715463 -1.21719e-17)
(0.861002 -0.0755335 1.22938e-17)
(0.851118 -0.0793068 0)
(0.841009 -0.0828789 0)
(0.830702 -0.0862715 1.29895e-17)
(0.820209 -0.0895138 -1.32358e-17)
(0.809511 -0.092639 0)
(0.798558 -0.0956783 0)
(0.787255 -0.0986517 0)
(0.775475 -0.10156 -5.72727e-17)
(0.763063 -0.104375 0)
(0.749865 -0.10704 2.97392e-17)
(0.735751 -0.109466 0)
(0.720647 -0.111548 3.12136e-17)
(0.704569 -0.113173 3.22723e-17)
(0.687641 -0.114245 0)
(0.670109 -0.1147 3.44368e-17)
(0.652346 -0.114519 3.57242e-17)
(0.634836 -0.113741 0)
(0.618159 -0.112462 -3.86443e-17)
(0.602965 -0.110831 0)
(0.589933 -0.109041 -2.58907e-20)
(0.579739 -0.10732 1.71073e-20)
(0.573009 -0.105911 0)
(0.570292 -0.105065 2.50638e-20)
(0.572018 -0.105019 4.52346e-17)
(0.578532 -0.106002 -4.42976e-17)
(0.589955 -0.10816 -4.17766e-17)
(0.606772 -0.111788 0)
(0.627873 -0.116464 3.24935e-17)
(0.657567 -0.123715 0)
(0.682079 -0.128585 -1.58338e-17)
(0.745607 -0.140651 7.72985e-18)
(0.993547 0.187731 0)
(1.03075 0.19195 4.79154e-17)
(1.04375 0.204766 4.09123e-17)
(1.03991 0.205563 -1.02122e-19)
(1.03195 0.203214 0)
(1.02391 0.199924 -7.97304e-17)
(1.01577 0.195283 0)
(1.00753 0.189741 7.30716e-17)
(0.999638 0.183769 0)
(0.992407 0.177496 0)
(0.98591 0.170933 3.43021e-19)
(0.980097 0.164095 0)
(0.974888 0.156993 -5.90681e-17)
(0.970194 0.149617 5.65213e-17)
(0.965904 0.141948 5.40755e-17)
(0.961897 0.133971 1.03139e-16)
(0.958155 0.12586 5.04208e-17)
(0.954668 0.117836 0)
(0.951353 0.109928 0)
(0.948106 0.102114 4.93374e-17)
(0.944828 0.0943898 4.86545e-17)
(0.941445 0.0867657 2.41992e-17)
(0.937908 0.0792557 0)
(0.934189 0.0718677 0)
(0.930273 0.0646033 -2.40205e-17)
(0.926143 0.0574601 0)
(0.921782 0.0504351 2.40511e-17)
(0.917175 0.0435221 0)
(0.912288 0.0367576 2.41949e-17)
(0.907099 0.0301235 -1.20579e-17)
(0.901589 0.0236114 1.21701e-17)
(0.895745 0.0172311 0)
(0.889559 0.0109928 0)
(0.883026 0.00490502 3.05775e-18)
(0.876143 -0.00102594 0)
(0.868909 -0.00679411 -7.80828e-19)
(0.861329 -0.0123927 3.12852e-18)
(0.853407 -0.0178166 0)
(0.845153 -0.0230631 -6.38717e-18)
(0.836574 -0.028129 0)
(0.827679 -0.0330106 6.58658e-18)
(0.818479 -0.0377038 1.3269e-17)
(0.808989 -0.0422047 0)
(0.799227 -0.0465096 2.74149e-17)
(0.789214 -0.0506149 -1.38882e-17)
(0.778978 -0.0545172 0)
(0.768551 -0.0582144 0)
(0.757973 -0.0617066 1.4631e-17)
(0.747288 -0.0649974 0)
(0.736541 -0.0680953 0)
(0.725772 -0.0710154 -1.55534e-17)
(0.71501 -0.0737793 3.17107e-17)
(0.70426 -0.0764134 0)
(0.693495 -0.0789459 0)
(0.682647 -0.0814008 -3.35879e-17)
(0.671609 -0.083791 0)
(0.660233 -0.0861115 -1.39026e-19)
(0.648351 -0.0883333 -3.5594e-17)
(0.635796 -0.0904019 -3.63414e-17)
(0.622432 -0.0922408 0)
(0.608187 -0.0937604 -3.8086e-17)
(0.593081 -0.0948724 -3.90111e-17)
(0.577252 -0.0955061 0)
(0.560965 -0.0956246 -8.32236e-17)
(0.544617 -0.0952367 -4.30652e-17)
(0.528717 -0.0944028 4.47534e-17)
(0.513869 -0.0932348 4.64003e-17)
(0.500736 -0.0918898 -4.81643e-17)
(0.490001 -0.0905592 9.9597e-17)
(0.482323 -0.0894566 -5.12478e-17)
(0.4783 -0.0888038 -5.23942e-17)
(0.47844 -0.0888209 -5.29476e-17)
(0.483123 -0.0897105 0)
(0.492662 -0.0916743 0)
(0.507109 -0.0948181 0)
(0.526967 -0.0994426 0)
(0.550875 -0.105038 0)
(0.583808 -0.113383 -2.94183e-17)
(0.609981 -0.119081 0)
(0.679205 -0.13298 0)
(0.9988 0.182496 0)
(1.03779 0.192018 0)
(1.04101 0.204231 4.14432e-17)
(1.0221 0.20259 4.4072e-17)
(0.998563 0.197925 0)
(0.976562 0.192299 4.42607e-17)
(0.956638 0.185617 0)
(0.938828 0.178518 -8.24559e-17)
(0.92333 0.171424 0)
(0.910107 0.164392 0)
(0.898869 0.157374 -1.47662e-16)
(0.889256 0.150329 -7.10567e-17)
(0.880944 0.143222 6.79024e-17)
(0.873653 0.136005 -6.50999e-17)
(0.867126 0.128633 -6.2378e-17)
(0.861127 0.121067 -1.19773e-16)
(0.855588 0.113457 0)
(0.850476 0.105991 5.85752e-17)
(0.845652 0.0986824 0)
(0.840959 0.0915016 -1.1538e-16)
(0.83626 0.0844367 5.75697e-17)
(0.831456 0.0774924 0)
(0.826492 0.0706783 -2.86373e-17)
(0.821338 0.0640005 0)
(0.815982 0.0574598 0)
(0.810413 0.0510545 0)
(0.804622 0.0447743 0)
(0.798596 0.0386441 0)
(0.792318 0.0326689 -1.4358e-17)
(0.785776 0.0268227 0)
(0.77896 0.0211114 -2.89778e-17)
(0.771863 0.0155462 -7.29818e-18)
(0.764484 0.0101338 0)
(0.756824 0.00487995 0)
(0.74889 -0.000211441 -9.31924e-19)
(0.740691 -0.0051366 9.36309e-19)
(0.732237 -0.00989132 0)
(0.723545 -0.014473 -3.84316e-18)
(0.714629 -0.0188808 0)
(0.705504 -0.0231143 0)
(0.696185 -0.0271723 -1.59465e-17)
(0.68669 -0.0310535 0)
(0.677038 -0.0347572 1.64582e-17)
(0.667252 -0.0382828 -1.66623e-17)
(0.657358 -0.0416299 0)
(0.647387 -0.044799 0)
(0.637375 -0.0477914 0)
(0.627363 -0.0506104 0)
(0.617395 -0.0532624 -1.82519e-17)
(0.607514 -0.0557575 0)
(0.597757 -0.0581106 1.88987e-17)
(0.588144 -0.060341 -3.85182e-17)
(0.578671 -0.0624707 3.93452e-17)
(0.569298 -0.064521 4.0078e-17)
(0.559942 -0.0665083 4.07156e-17)
(0.550478 -0.0684377 0)
(0.540744 -0.0702982 4.22174e-17)
(0.530558 -0.0720587 8.6121e-17)
(0.51974 -0.0736678 8.78176e-17)
(0.508148 -0.075058 -4.48891e-17)
(0.495711 -0.0761553 9.1767e-17)
(0.482456 -0.0768922 4.71063e-17)
(0.46854 -0.0772223 0)
(0.454251 -0.0771344 9.97787e-17)
(0.440013 -0.0766613 0)
(0.42636 -0.0758826 -1.0654e-16)
(0.413908 -0.0749214 5.50847e-17)
(0.403316 -0.0739356 -2.99338e-20)
(0.395239 -0.0731061 -5.84396e-17)
(0.390296 -0.0726257 0)
(0.389026 -0.0726873 6.06614e-17)
(0.391882 -0.07348 6.09424e-17)
(0.399192 -0.0751697 0)
(0.41123 -0.0779309 -5.71452e-17)
(0.427986 -0.0818346 5.33308e-17)
(0.450012 -0.0871843 0)
(0.475653 -0.0933995 0)
(0.510651 -0.102455 3.24187e-17)
(0.537085 -0.108668 0)
(0.609803 -0.123864 0)
(1.00402 0.17724 7.55344e-17)
(1.02676 0.189398 0)
(0.997028 0.196785 -8.70695e-17)
(0.944548 0.189388 0)
(0.895545 0.180292 -4.97557e-17)
(0.856782 0.171509 0)
(0.826286 0.162873 0)
(0.801789 0.154748 0)
(0.782028 0.147246 0)
(0.766051 0.14022 -8.9141e-17)
(0.752991 0.133503 8.57936e-17)
(0.742135 0.126974 -2.05674e-19)
(0.732946 0.120546 0)
(0.725015 0.114139 0)
(0.717996 0.107685 0)
(0.7116 0.101134 1.40457e-16)
(0.705729 0.0946001 0)
(0.70034 0.0882341 -6.88652e-17)
(0.695278 0.0820364 0)
(0.69037 0.0759733 -1.99207e-19)
(0.685465 0.0700296 2.00974e-19)
(0.680463 0.0642056 6.83319e-17)
(0.675311 0.0585078 3.40636e-17)
(0.669993 0.0529403 0)
(0.664505 0.0475039 -3.42703e-17)
(0.658844 0.0421971 0)
(0.65301 0.0370214 0)
(0.647008 0.0319794 0)
(0.640818 0.0270623 1.73619e-17)
(0.634432 0.0222702 -1.74398e-17)
(0.62784 0.0176104 1.74863e-17)
(0.621041 0.0130876 8.79999e-18)
(0.614034 0.0087043 0)
(0.606826 0.00446354 0)
(0.599427 0.000367663 1.12805e-18)
(0.591849 -0.00358134 0)
(0.584106 -0.00738126 0)
(0.576215 -0.0110312 9.34071e-18)
(0.568194 -0.0145317 9.47059e-18)
(0.56006 -0.0178839 -9.59778e-18)
(0.551827 -0.021088 -2.09482e-20)
(0.543512 -0.0241447 0)
(0.535135 -0.0270547 4.01803e-20)
(0.526717 -0.0298194 0)
(0.518283 -0.0324404 0)
(0.509862 -0.0349197 -2.1056e-17)
(0.501486 -0.0372605 0)
(0.493195 -0.0394676 0)
(0.485026 -0.041548 2.21411e-17)
(0.477018 -0.0435116 0)
(0.4692 -0.0453712 0)
(0.461584 -0.0471426 4.67446e-17)
(0.454157 -0.048842 6.61111e-20)
(0.446866 -0.0504838 -4.82888e-17)
(0.439619 -0.0520759 -4.91549e-17)
(0.43228 -0.0536162 -4.99558e-17)
(0.424676 -0.0550881 -5.07693e-17)
(0.416617 -0.0564589 -5.15467e-17)
(0.407925 -0.0576808 -1.04968e-16)
(0.398462 -0.0586965 1.06951e-16)
(0.38817 -0.0594482 -5.45545e-17)
(0.3771 -0.0598899 -5.58079e-17)
(0.365434 -0.0600001 5.72642e-17)
(0.353492 -0.0597916 4.20425e-20)
(0.341714 -0.0593169 -6.04838e-17)
(0.330635 -0.0586672 6.21968e-17)
(0.320848 -0.0579665 2.55597e-20)
(0.31296 -0.0573613 6.55788e-17)
(0.307557 -0.0570109 0)
(0.305174 -0.0570786 0)
(0.306274 -0.057724 0)
(0.311238 -0.0591032 -6.80282e-17)
(0.320341 -0.0613481 0)
(0.333826 -0.0646067 -1.04929e-19)
(0.351622 -0.0689216 -5.84835e-17)
(0.374361 -0.0745904 0)
(0.400062 -0.0809888 4.50166e-17)
(0.435279 -0.0901999 0)
(0.459987 -0.0964334 0)
(0.532887 -0.112141 1.16145e-17)
(0.997056 0.17083 2.35236e-18)
(0.9601 0.177926 0)
(0.870029 0.174911 4.72767e-17)
(0.779133 0.160013 0)
(0.713814 0.147319 5.62555e-17)
(0.670848 0.137269 0)
(0.640589 0.128658 0)
(0.617604 0.121183 0)
(0.599629 0.114609 1.06293e-16)
(0.58543 0.108658 2.06073e-16)
(0.574033 0.103107 9.97013e-17)
(0.564684 0.0978119 1.92266e-16)
(0.55685 0.092671 0)
(0.550141 0.0876021 8.90538e-17)
(0.544236 0.0825379 8.5503e-17)
(0.538871 0.0774291 -1.63906e-16)
(0.533956 0.0723598 0)
(0.52946 0.0674407 0)
(0.525249 0.0626669 0)
(0.521167 0.0580087 1.62008e-16)
(0.517075 0.0534512 -8.09795e-17)
(0.512886 0.0489929 -8.1076e-17)
(0.508564 0.0446381 -4.06792e-17)
(0.504106 0.0403902 4.07946e-17)
(0.499522 0.0362503 4.08835e-17)
(0.494817 0.0322212 0)
(0.489991 0.0283047 -4.13261e-17)
(0.485058 0.024469 0)
(0.479996 0.0207352 -2.08303e-17)
(0.474793 0.0171118 2.09543e-17)
(0.469443 0.013598 -2.11247e-17)
(0.463944 0.0101934 0)
(0.458299 0.00689925 1.07309e-17)
(0.452515 0.00371782 0)
(0.446603 0.000650456 0)
(0.440575 -0.002302 0)
(0.434445 -0.00513856 0)
(0.428232 -0.00785922 -5.65034e-18)
(0.421949 -0.0104652 -1.14443e-17)
(0.415612 -0.0129579 1.15962e-17)
(0.409233 -0.0153384 -1.21811e-20)
(0.402828 -0.0176079 0)
(0.39641 -0.0197679 -2.41992e-17)
(0.389999 -0.0218203 -2.45871e-17)
(0.383615 -0.0237673 0)
(0.377283 -0.0256117 2.53337e-17)
(0.37103 -0.027357 0)
(0.364888 -0.0290079 0)
(0.35889 -0.030571 2.65868e-17)
(0.353067 -0.0320546 5.40197e-17)
(0.34744 -0.0334688 0)
(0.342015 -0.0348248 -5.56734e-17)
(0.336769 -0.036133 -5.65079e-17)
(0.331644 -0.0374007 0)
(0.326542 -0.0386288 5.81348e-17)
(0.321325 -0.0398088 5.89342e-17)
(0.315825 -0.0409207 5.97405e-17)
(0.309863 -0.0419328 6.06169e-17)
(0.303276 -0.0428039 1.22975e-16)
(0.295952 -0.0434897 3.843e-20)
(0.287864 -0.043951 -6.35727e-17)
(0.279095 -0.0441638 0)
(0.269851 -0.0441287 -6.61202e-17)
(0.260458 -0.0438762 -1.35219e-16)
(0.251337 -0.0434686 1.38326e-16)
(0.242976 -0.0429954 -7.07407e-17)
(0.235889 -0.0425671 -7.22212e-17)
(0.230582 -0.0423067 0)
(0.227532 -0.0423423 -7.45755e-17)
(0.227167 -0.0428028 0)
(0.229855 -0.0438127 0)
(0.235908 -0.0454944 -7.3815e-17)
(0.245542 -0.0479519 0)
(0.258977 -0.0513039 6.78269e-17)
(0.276094 -0.0555717 -6.30643e-17)
(0.297588 -0.0610298 0)
(0.321213 -0.0670551 -4.80464e-17)
(0.354151 -0.0757068 0)
(0.374872 -0.0813291 0)
(0.443468 -0.0965126 -1.23043e-17)
(0.943676 0.159905 -7.91416e-17)
(0.792328 0.149734 0)
(0.646348 0.134632 5.27477e-17)
(0.546505 0.116142 0)
(0.491769 0.104368 6.36379e-17)
(0.460751 0.0963062 0)
(0.439189 0.0897584 0)
(0.422464 0.084182 0)
(0.409408 0.0793644 4.79354e-20)
(0.399248 0.0750766 4.90022e-20)
(0.391193 0.0711302 -1.1302e-16)
(0.384626 0.0673999 -1.09264e-16)
(0.379146 0.0638024 0)
(0.37447 0.0602739 -2.03017e-16)
(0.370364 0.0567627 -9.75522e-17)
(0.366635 0.0532308 1.8734e-16)
(0.363219 0.0497343 0)
(0.360104 0.0463481 9.35094e-17)
(0.357195 0.0430677 9.3843e-17)
(0.354366 0.0398707 -9.41168e-17)
(0.351509 0.0367452 0)
(0.348558 0.0336895 -9.48922e-17)
(0.345497 0.0307066 4.76322e-17)
(0.342339 0.0277999 -4.78698e-17)
(0.339101 0.0249717 4.81595e-17)
(0.33579 0.0222189 0)
(0.332405 0.0195354 -2.68128e-20)
(0.328957 0.0169146 0)
(0.325425 0.0143633 0)
(0.321795 0.0118883 0)
(0.318064 0.00948983 -1.3255e-20)
(0.314232 0.00716805 0)
(0.310301 0.00492385 -1.27472e-17)
(0.306279 0.00275847 6.43839e-18)
(0.302175 0.000672384 0)
(0.298001 -0.00133435 0)
(0.293769 -0.00326143 -6.6487e-18)
(0.289493 -0.00510922 0)
(0.285185 -0.00687891 0)
(0.280857 -0.00857179 1.37909e-17)
(0.276517 -0.0101889 -5.69331e-21)
(0.272175 -0.0117316 -2.8311e-17)
(0.267843 -0.0132012 -2.86945e-17)
(0.263534 -0.0145996 2.90783e-17)
(0.259263 -0.0159289 0)
(0.255049 -0.0171916 0)
(0.250914 -0.0183908 0)
(0.246881 -0.0195305 0)
(0.242975 -0.0206159 -3.11661e-17)
(0.23922 -0.021653 2.04244e-20)
(0.235629 -0.0226486 0)
(0.2322 -0.0236096 0)
(0.228907 -0.0245411 6.56589e-17)
(0.225694 -0.0254445 0)
(0.222469 -0.0263159 0)
(0.219108 -0.0271438 -6.79012e-17)
(0.215468 -0.0279086 0)
(0.211401 -0.0285837 -6.93437e-17)
(0.206783 -0.0291385 -1.40284e-16)
(0.201541 -0.029544 -7.09903e-17)
(0.195682 -0.0297792 7.19433e-17)
(0.189307 -0.0298383 0)
(0.182619 -0.0297359 7.41701e-17)
(0.175905 -0.0295088 1.50782e-16)
(0.169516 -0.0292146 -7.66399e-17)
(0.163837 -0.0289274 7.78524e-17)
(0.159259 -0.0287325 7.89479e-17)
(0.156153 -0.0287211 0)
(0.154866 -0.028986 -2.00817e-20)
(0.155706 -0.0296192 0)
(0.158945 -0.0307103 0)
(0.164817 -0.0323482 7.78861e-17)
(0.173483 -0.034609 0)
(0.18513 -0.0375818 0)
(0.199612 -0.0412728 6.60798e-17)
(0.217619 -0.0459098 -5.94419e-17)
(0.236882 -0.050938 0)
(0.264524 -0.0581938 -4.016e-17)
(0.279425 -0.062579 0)
(0.337942 -0.0758932 0)
(0.781195 0.136258 0)
(0.508927 0.100281 5.55721e-17)
(0.371088 0.0813082 -5.9696e-17)
(0.305395 0.0671983 6.73801e-17)
(0.276706 0.0601191 -1.202e-20)
(0.260869 0.0554748 6.89052e-17)
(0.248797 0.0516087 0)
(0.239088 0.0482972 1.33329e-16)
(0.231606 0.0454642 -1.30511e-16)
(0.225889 0.04297 -1.27275e-16)
(0.221388 0.0406902 0)
(0.217719 0.0385429 0)
(0.214661 0.0364778 0)
(0.212059 0.0344574 1.11925e-16)
(0.209775 0.0324503 0)
(0.207698 0.0304335 -1.03673e-16)
(0.205795 0.0284382 0)
(0.204068 0.026508 1.18494e-20)
(0.20246 0.0246402 -1.05431e-16)
(0.200887 0.0228211 0)
(0.199276 0.0210407 0)
(0.197592 0.0192989 1.07848e-16)
(0.195837 0.0175982 0)
(0.194027 0.015941 5.47487e-17)
(0.192179 0.014329 -5.51671e-17)
(0.190296 0.0127561 0)
(0.188375 0.011224 5.60562e-17)
(0.186424 0.00973713 0)
(0.184423 0.00828698 0)
(0.182363 0.00687884 0)
(0.180242 0.00551439 2.89924e-17)
(0.178061 0.00419375 0)
(0.175824 0.00291727 0)
(0.173536 0.00168381 -7.46061e-18)
(0.171204 0.000495458 0)
(0.168835 -0.000647604 0)
(0.166437 -0.00174538 -8.9628e-22)
(0.164021 -0.00279829 0)
(0.161596 -0.00380715 0)
(0.159166 -0.00477285 1.75092e-21)
(0.156737 -0.00569614 1.61376e-17)
(0.154315 -0.00657791 3.26648e-17)
(0.151906 -0.00741926 3.30617e-17)
(0.14952 -0.00822147 3.34679e-17)
(0.147165 -0.008986 0)
(0.144852 -0.00971461 3.42845e-17)
(0.142595 -0.0104095 0)
(0.14041 -0.0110732 0)
(0.138312 -0.0117091 3.55046e-17)
(0.136316 -0.0123206 8.38449e-21)
(0.134427 -0.0129115 0)
(0.132641 -0.0134848 -7.32889e-17)
(0.130936 -0.0140418 -1.4795e-16)
(0.129266 -0.0145811 0)
(0.127563 -0.0150973 7.52374e-17)
(0.12574 -0.0155806 7.58001e-17)
(0.123697 -0.0160166 0)
(0.121337 -0.0163879 0)
(0.118585 -0.0166766 7.74844e-17)
(0.115409 -0.016868 0)
(0.111834 -0.0169549 0)
(0.107949 -0.016941 0)
(0.103906 -0.016843 -8.03345e-17)
(0.0999085 -0.0166905 -8.11663e-17)
(0.0961897 -0.0165241 0)
(0.0929947 -0.0163919 -8.2724e-17)
(0.0905642 -0.016347 -8.33004e-17)
(0.0891238 -0.0164454 8.36466e-17)
(0.0888804 -0.0167459 1.67255e-16)
(0.090023 -0.0172997 0)
(0.0927184 -0.0181611 0)
(0.0971172 -0.0193854 0)
(0.103322 -0.0210198 0)
(0.111465 -0.0231203 -7.30776e-17)
(0.121415 -0.025685 6.7665e-17)
(0.133728 -0.0288694 6.05421e-17)
(0.146561 -0.0322712 -5.16223e-17)
(0.165644 -0.0372316 -2.4345e-19)
(0.174044 -0.0399384 0)
(0.215447 -0.049576 1.41265e-17)
(0.40858 0.0780678 8.08307e-17)
(0.16385 0.0347336 -9.41944e-17)
(0.114652 0.0266903 0)
(0.0943069 0.0215935 5.62376e-21)
(0.0870869 0.0193594 -5.33485e-17)
(0.0827438 0.0178883 -5.30794e-17)
(0.0789236 0.0166255 0)
(0.0758038 0.0155392 -1.04211e-16)
(0.0734669 0.014616 0)
(0.0717165 0.0138084 0)
(0.0703399 0.0130732 0)
(0.0692136 0.0123817 0)
(0.0682759 0.0117174 0)
(0.0674807 0.0110685 9.25342e-17)
(0.0667825 0.0104245 0)
(0.0661453 0.00977772 8.72327e-17)
(0.0655623 0.00913789 8.81457e-17)
(0.0650376 0.00851936 -1.80004e-16)
(0.06455 0.00792145 0)
(0.064067 0.00733955 9.33133e-17)
(0.0635627 0.00676892 -9.48201e-17)
(0.0630278 0.00621028 0)
(0.0624678 0.00566441 -4.88247e-17)
(0.0618925 0.00513215 -4.94982e-17)
(0.0613078 0.00461379 0)
(0.0607149 0.00410907 -5.07943e-17)
(0.0601114 0.0036184 5.14207e-17)
(0.0594997 0.00314234 0)
(0.0588709 0.00267916 0)
(0.0582198 0.00222966 2.66181e-17)
(0.0575485 0.00179374 -2.69158e-17)
(0.0568576 0.00137155 0)
(0.0561477 0.000963225 0)
(0.0554214 0.000567554 -6.95169e-18)
(0.0546818 0.000186404 3.51307e-18)
(0.0539316 -0.000180272 0)
(0.0531741 -0.000532541 7.17532e-18)
(0.0524132 -0.000870578 0)
(0.0516518 -0.00119467 0)
(0.0508919 -0.00150511 1.58094e-22)
(0.0501349 -0.00180217 2.98857e-17)
(0.0493828 -0.0020862 0)
(0.048638 -0.0023576 0)
(0.0479029 -0.00261684 -3.07348e-17)
(0.0471808 -0.00286447 3.10043e-17)
(0.0464755 -0.00310114 -3.12632e-17)
(0.0457919 -0.00332765 0)
(0.0451356 -0.00354495 3.17457e-17)
(0.0445123 -0.00375411 -3.19628e-17)
(0.0439265 -0.00395628 1.74321e-21)
(0.0433801 -0.00415245 0)
(0.0428696 -0.00434324 -2.26113e-21)
(0.0423846 -0.00452852 1.30454e-16)
(0.0419058 -0.00470706 0)
(0.0414051 -0.00487629 3.04559e-21)
(0.0408474 -0.00503219 0)
(0.0401944 -0.00516951 0)
(0.0394112 -0.00528231 0)
(0.0384737 -0.00536517 6.56199e-17)
(0.0373758 -0.0054144 0)
(0.0361344 -0.0054293 6.55734e-17)
(0.0347909 -0.00541313 0)
(0.0334084 -0.00537346 0)
(0.0320655 -0.0053218 0)
(0.0308487 -0.00527275 0)
(0.0298452 -0.00524288 -1.25533e-21)
(0.0291383 -0.00524996 0)
(0.0288049 -0.0053129 -1.29566e-16)
(0.0289156 -0.00545226 -6.41296e-17)
(0.0295363 -0.00568334 6.31654e-17)
(0.0307263 -0.00602441 0)
(0.0325412 -0.00649448 0)
(0.0350185 -0.00710951 0)
(0.0382118 -0.00788809 5.39497e-17)
(0.0420586 -0.00882948 3.88277e-20)
(0.0468086 -0.00998499 0)
(0.0516273 -0.0112182 3.74519e-17)
(0.0591034 -0.0129942 2.95698e-17)
(0.0615782 -0.0139419 0)
(0.0783351 -0.0175898 -1.01192e-17)
)
;

boundaryField
{
    inlet
    {
        type            fixedValue;
        value           uniform (0.97437 0.22495 0);
    }
    outlet
    {
        type            zeroGradient;
    }
    fixedWalls
    {
        type            noSlip;
    }
    frontAndBack
    {
        type            empty;
    }
}


// ************************************************************************* //
