/*--------------------------------*- C++ -*----------------------------------*\
| =========                 |                                                 |
| \\      /  F ield         | OpenFOAM: The Open Source CFD Toolbox           |
|  \\    /   O peration     | Version:  v1912                                 |
|   \\  /    A nd           | Website:  www.openfoam.com                      |
|    \\/     M anipulation  |                                                 |
\*---------------------------------------------------------------------------*/
FoamFile
{
    version     2.0;
    format      ascii;
    class       volScalarField;
    location    "900";
    object      epsilon;
}
// * * * * * * * * * * * * * * * * * * * * * * * * * * * * * * * * * * * * * //

dimensions      [0 2 -3 0 0 0 0];


internalField   nonuniform List<scalar> 
4000
(
5.48598e-07
4.7398e-07
3.82611e-07
2.45179e-07
2.58556e-08
1.55475e-08
1.18773e-08
1.01703e-08
1.05374e-08
1.08504e-08
1.22993e-08
9.79573e-09
9.93407e-09
1.15925e-08
1.49469e-08
2.60062e-08
2.59035e-07
3.91272e-07
4.81293e-07
5.55517e-07
6.31753e-07
5.36806e-07
3.93638e-07
2.74734e-07
1.60577e-07
6.19028e-08
2.52586e-08
2.44034e-08
2.32351e-08
2.10393e-08
2.48858e-08
2.35733e-08
2.45252e-08
2.53426e-08
6.29186e-08
1.6318e-07
2.82304e-07
3.99026e-07
5.42471e-07
6.38801e-07
6.87733e-07
6.04804e-07
4.53948e-07
3.11167e-07
2.21696e-07
1.48725e-07
9.72777e-08
4.2955e-08
3.26859e-08
3.68286e-08
3.72737e-08
3.309e-08
4.38009e-08
9.798e-08
1.49442e-07
2.22957e-07
3.13436e-07
4.57539e-07
6.0986e-07
6.94512e-07
7.23386e-07
6.62821e-07
5.30317e-07
3.77676e-07
2.6534e-07
1.84949e-07
1.28672e-07
8.30528e-08
4.79387e-08
4.38529e-08
4.30407e-08
4.99199e-08
8.4885e-08
1.30315e-07
1.8632e-07
2.67113e-07
3.7933e-07
5.34734e-07
6.68139e-07
7.29879e-07
7.52024e-07
7.22688e-07
6.34714e-07
5.19707e-07
4.13332e-07
3.08781e-07
2.2368e-07
1.57906e-07
1.09717e-07
9.27943e-08
9.62257e-08
1.16516e-07
1.64782e-07
2.31469e-07
3.19199e-07
4.19533e-07
5.25299e-07
6.40358e-07
7.28521e-07
7.58349e-07
7.7954e-07
7.90579e-07
7.57251e-07
7.00535e-07
6.41489e-07
5.81127e-07
5.23296e-07
4.66007e-07
4.16594e-07
3.74921e-07
3.78412e-07
4.22652e-07
4.73199e-07
5.30976e-07
5.8894e-07
6.49037e-07
7.07819e-07
7.64322e-07
7.97388e-07
7.8584e-07
8.11421e-07
8.67518e-07
8.93881e-07
8.97784e-07
8.90673e-07
8.69181e-07
8.3495e-07
7.87717e-07
7.29813e-07
6.57854e-07
6.59679e-07
7.32617e-07
7.92263e-07
8.40891e-07
8.76216e-07
8.98375e-07
9.05795e-07
9.01821e-07
8.75008e-07
8.17705e-07
8.50375e-07
9.56732e-07
1.04329e-06
1.10421e-06
1.14616e-06
1.16379e-06
1.15728e-06
1.12173e-06
1.0535e-06
9.4412e-07
9.44302e-07
1.05341e-06
1.12411e-06
1.16192e-06
1.17035e-06
1.15408e-06
1.11284e-06
1.05195e-06
9.64768e-07
8.56655e-07
9.02837e-07
1.07372e-06
1.2255e-06
1.34564e-06
1.43906e-06
1.49752e-06
1.52088e-06
1.49933e-06
1.41884e-06
1.26198e-06
1.26042e-06
1.41619e-06
1.50022e-06
1.52519e-06
1.50452e-06
1.44784e-06
1.3552e-06
1.23497e-06
1.08223e-06
9.09126e-07
9.84182e-07
1.22479e-06
1.44289e-06
1.6176e-06
1.76145e-06
1.87134e-06
1.94352e-06
1.96611e-06
1.91701e-06
1.74571e-06
1.74178e-06
1.91259e-06
1.96546e-06
1.94634e-06
1.87694e-06
1.76906e-06
1.62639e-06
1.45198e-06
1.23317e-06
9.90438e-07
4.74001e-07
4.71388e-07
3.67839e-07
2.3751e-07
4.30919e-08
3.99073e-08
3.03522e-08
1.90672e-08
1.4675e-08
2.15641e-08
1.4437e-08
1.65268e-08
1.97758e-08
3.04513e-08
3.86011e-08
4.34628e-08
2.57368e-07
3.80748e-07
4.83111e-07
4.83352e-07
5.36852e-07
6.35223e-07
4.61432e-07
2.87746e-07
2.00891e-07
1.44505e-07
6.18145e-08
3.94087e-08
2.82601e-08
2.25547e-08
2.31719e-08
2.87213e-08
4.11364e-08
6.38395e-08
1.48197e-07
2.05971e-07
2.98308e-07
4.69834e-07
6.31254e-07
5.46899e-07
6.04857e-07
7.18987e-07
7.07576e-07
4.61886e-07
2.92396e-07
2.01205e-07
1.49634e-07
9.77065e-08
5.28977e-08
3.46997e-08
3.49646e-08
5.37477e-08
9.97249e-08
1.50922e-07
2.01964e-07
2.94021e-07
4.63835e-07
7.03243e-07
7.14252e-07
6.14725e-07
6.62868e-07
6.83231e-07
6.17288e-07
4.71219e-07
3.15974e-07
2.17659e-07
1.54221e-07
1.08473e-07
7.64239e-08
5.72962e-08
5.82392e-08
7.79573e-08
1.10457e-07
1.56466e-07
2.20589e-07
3.20378e-07
4.77391e-07
6.22377e-07
6.87274e-07
6.72369e-07
7.22726e-07
7.07303e-07
6.36009e-07
5.00667e-07
3.60263e-07
2.53254e-07
1.79791e-07
1.24486e-07
8.47467e-08
6.75179e-08
6.86673e-08
8.75405e-08
1.28461e-07
1.85167e-07
2.60387e-07
3.66855e-07
5.07647e-07
6.43188e-07
7.14339e-07
7.31652e-07
7.90604e-07
7.56518e-07
6.95932e-07
6.03415e-07
4.94526e-07
3.80419e-07
3.06768e-07
2.47379e-07
2.09417e-07
1.91985e-07
1.93532e-07
2.12771e-07
2.51798e-07
3.11996e-07
3.86112e-07
4.99788e-07
6.10134e-07
7.02875e-07
7.63921e-07
7.98878e-07
8.67533e-07
8.15911e-07
7.69335e-07
7.16985e-07
6.66256e-07
5.84715e-07
4.80955e-07
4.05599e-07
3.61996e-07
3.34401e-07
3.35602e-07
3.63786e-07
4.07859e-07
4.85193e-07
5.89824e-07
6.71544e-07
7.23239e-07
7.7549e-07
8.2322e-07
8.7521e-07
9.56739e-07
9.11555e-07
8.97547e-07
8.89197e-07
9.02576e-07
8.9108e-07
8.54429e-07
7.81104e-07
6.9392e-07
5.88643e-07
5.89926e-07
6.94788e-07
7.83031e-07
8.56095e-07
8.94836e-07
9.08603e-07
8.96688e-07
9.0469e-07
9.1948e-07
9.64124e-07
1.07373e-06
1.13976e-06
1.23857e-06
1.31304e-06
1.38566e-06
1.42817e-06
1.43943e-06
1.39417e-06
1.26582e-06
1.02399e-06
1.02235e-06
1.2618e-06
1.39457e-06
1.44403e-06
1.43609e-06
1.39565e-06
1.32344e-06
1.24864e-06
1.14925e-06
1.0811e-06
1.22479e-06
1.53434e-06
1.82824e-06
2.07916e-06
2.30051e-06
2.48387e-06
2.61943e-06
2.68287e-06
2.63663e-06
2.42577e-06
2.41816e-06
2.62936e-06
2.68104e-06
2.6226e-06
2.49097e-06
2.31023e-06
2.09012e-06
1.83911e-06
1.54381e-06
1.23136e-06
3.82616e-07
3.67809e-07
2.87601e-07
1.396e-07
5.00028e-08
6.11547e-08
4.36327e-08
2.88864e-08
2.40724e-08
1.82651e-08
2.52619e-08
2.01885e-08
2.98548e-08
4.43063e-08
5.99191e-08
5.07447e-08
1.72937e-07
3.05127e-07
3.8073e-07
3.92764e-07
3.93655e-07
4.61468e-07
3.39694e-07
2.19272e-07
1.91125e-07
1.44846e-07
7.90008e-08
5.35043e-08
3.677e-08
2.91803e-08
2.88881e-08
3.83605e-08
5.47235e-08
8.13808e-08
1.46787e-07
1.90398e-07
2.30682e-07
3.5375e-07
4.75324e-07
4.04562e-07
4.54001e-07
7.0763e-07
6.189e-07
4.09255e-07
2.80707e-07
2.0807e-07
1.61736e-07
1.12396e-07
6.89249e-08
4.44087e-08
4.57342e-08
7.11825e-08
1.13823e-07
1.62221e-07
2.08114e-07
2.82253e-07
4.15714e-07
6.31844e-07
7.10229e-07
4.65733e-07
5.30369e-07
6.17314e-07
5.81115e-07
4.48276e-07
3.15747e-07
2.27245e-07
1.68252e-07
1.26006e-07
9.49072e-08
6.68573e-08
6.85567e-08
9.67787e-08
1.28327e-07
1.71119e-07
2.31399e-07
3.2265e-07
4.60131e-07
5.92527e-07
6.26467e-07
5.42156e-07
6.34756e-07
6.36034e-07
5.5051e-07
4.28713e-07
3.11632e-07
2.26804e-07
1.67253e-07
1.21502e-07
8.6758e-08
6.61163e-08
6.69241e-08
8.88738e-08
1.24805e-07
1.71669e-07
2.32301e-07
3.17858e-07
4.3655e-07
5.60315e-07
6.467e-07
6.45407e-07
7.57287e-07
6.95954e-07
5.96104e-07
4.77169e-07
3.63256e-07
2.67177e-07
2.02711e-07
1.54096e-07
1.20941e-07
1.0537e-07
1.05895e-07
1.22497e-07
1.56714e-07
2.0631e-07
2.71207e-07
3.67059e-07
4.82397e-07
6.04123e-07
7.05721e-07
7.67199e-07
8.93909e-07
7.69362e-07
6.73248e-07
5.44863e-07
4.33678e-07
3.43648e-07
2.70041e-07
2.17745e-07
1.8548e-07
1.67669e-07
1.68033e-07
1.85838e-07
2.18618e-07
2.71883e-07
3.45981e-07
4.35829e-07
5.48452e-07
6.80307e-07
7.78318e-07
9.02755e-07
1.04331e-06
8.97573e-07
8.56432e-07
7.32646e-07
5.61857e-07
5.10385e-07
4.63725e-07
4.12285e-07
3.54656e-07
2.83322e-07
2.82395e-07
3.53499e-07
4.127e-07
4.64546e-07
5.12578e-07
5.64982e-07
7.37186e-07
8.65536e-07
9.07131e-07
1.05156e-06
1.22552e-06
1.23859e-06
1.43553e-06
1.61266e-06
1.75908e-06
1.80042e-06
1.81074e-06
1.72637e-06
1.4697e-06
1.00717e-06
1.00496e-06
1.46777e-06
1.73247e-06
1.82313e-06
1.81728e-06
1.7773e-06
1.62888e-06
1.44958e-06
1.25034e-06
1.23391e-06
1.4429e-06
1.82825e-06
2.1987e-06
2.52793e-06
2.83e-06
3.09108e-06
3.2967e-06
3.40897e-06
3.37245e-06
3.10285e-06
3.09071e-06
3.36211e-06
3.40589e-06
3.30004e-06
3.09941e-06
2.84143e-06
2.54049e-06
2.21075e-06
1.83835e-06
1.44969e-06
2.45361e-07
2.37492e-07
1.39576e-07
5.93568e-08
7.29428e-08
6.79948e-08
5.04847e-08
3.806e-08
2.9688e-08
2.53509e-08
2.53878e-08
2.96965e-08
3.88901e-08
5.14699e-08
6.84241e-08
7.03212e-08
6.13637e-08
1.72474e-07
2.57289e-07
2.61371e-07
2.74741e-07
2.8776e-07
2.19273e-07
1.9345e-07
1.75835e-07
1.19056e-07
7.78552e-08
5.84738e-08
4.40107e-08
3.5903e-08
3.70447e-08
4.57278e-08
6.03634e-08
7.99417e-08
1.21605e-07
1.76247e-07
1.94075e-07
2.31111e-07
3.0084e-07
2.85762e-07
3.11177e-07
4.6197e-07
4.09288e-07
3.1128e-07
2.42142e-07
1.96057e-07
1.55625e-07
1.09774e-07
7.23585e-08
5.07757e-08
5.24573e-08
7.45965e-08
1.11254e-07
1.5566e-07
1.95475e-07
2.42298e-07
3.14281e-07
4.18227e-07
4.71674e-07
3.19307e-07
3.77687e-07
4.71265e-07
4.48299e-07
3.62083e-07
2.76711e-07
2.12608e-07
1.65909e-07
1.30585e-07
9.97694e-08
6.97695e-08
7.18496e-08
1.02064e-07
1.33069e-07
1.69001e-07
2.16828e-07
2.83242e-07
3.7267e-07
4.63351e-07
4.84644e-07
3.86796e-07
5.19728e-07
5.00705e-07
4.28732e-07
3.45523e-07
2.67189e-07
2.05668e-07
1.59118e-07
1.2196e-07
9.25671e-08
7.2137e-08
7.33277e-08
9.50089e-08
1.25289e-07
1.63266e-07
2.10668e-07
2.73305e-07
3.53764e-07
4.39798e-07
5.14128e-07
5.31167e-07
7.00559e-07
6.03431e-07
4.77182e-07
3.7437e-07
2.89257e-07
2.18516e-07
1.66386e-07
1.25875e-07
9.496e-08
7.63007e-08
7.64371e-08
9.6148e-08
1.28231e-07
1.69714e-07
2.22401e-07
2.93426e-07
3.79771e-07
4.85606e-07
6.14985e-07
7.11261e-07
8.97813e-07
7.16992e-07
5.44884e-07
4.19181e-07
3.30149e-07
2.57523e-07
2.01116e-07
1.58727e-07
1.27809e-07
1.08023e-07
1.07709e-07
1.27861e-07
1.59789e-07
2.03183e-07
2.60146e-07
3.32962e-07
4.2305e-07
5.52233e-07
7.2594e-07
9.07074e-07
1.10424e-06
8.89203e-07
7.32697e-07
5.62142e-07
4.99976e-07
4.68323e-07
4.38458e-07
3.9874e-07
3.34778e-07
2.46369e-07
2.43973e-07
3.34351e-07
4.01324e-07
4.43022e-07
4.74242e-07
5.0604e-07
5.68532e-07
7.44085e-07
8.97899e-07
1.1127e-06
1.34567e-06
1.31306e-06
1.61268e-06
1.89466e-06
2.12963e-06
2.37897e-06
2.55599e-06
2.56835e-06
2.25328e-06
1.62692e-06
1.60936e-06
2.24882e-06
2.57912e-06
2.57554e-06
2.40612e-06
2.1576e-06
1.92019e-06
1.63122e-06
1.32551e-06
1.35439e-06
1.61762e-06
2.07919e-06
2.52796e-06
2.94251e-06
3.34237e-06
3.70528e-06
4.00309e-06
4.18366e-06
4.17267e-06
3.90664e-06
3.88696e-06
4.15888e-06
4.17898e-06
4.00608e-06
3.71427e-06
3.35478e-06
2.95582e-06
2.54019e-06
2.08896e-06
1.62397e-06
2.58492e-08
4.30048e-08
5.00601e-08
7.31183e-08
7.56911e-08
6.61163e-08
5.39653e-08
4.34207e-08
3.49481e-08
3.12968e-08
3.11782e-08
3.57172e-08
4.46659e-08
5.53382e-08
6.72461e-08
7.59241e-08
7.05362e-08
5.10195e-08
4.37633e-08
2.65359e-08
1.60644e-07
2.00848e-07
1.91124e-07
1.7581e-07
1.33581e-07
9.52706e-08
7.29642e-08
5.73012e-08
4.58354e-08
4.29035e-08
4.32803e-08
4.75543e-08
5.93859e-08
7.49627e-08
9.74058e-08
1.36142e-07
1.76607e-07
1.91313e-07
2.07711e-07
1.66187e-07
2.21682e-07
2.92434e-07
2.80733e-07
2.42154e-07
2.07164e-07
1.7478e-07
1.37147e-07
9.76509e-08
6.80983e-08
5.33542e-08
5.47357e-08
7.05664e-08
9.96263e-08
1.37559e-07
1.74268e-07
2.06757e-07
2.43055e-07
2.84569e-07
2.98726e-07
2.26951e-07
2.65333e-07
3.16008e-07
3.15772e-07
2.7672e-07
2.29259e-07
1.87587e-07
1.53687e-07
1.24201e-07
9.44209e-08
6.88692e-08
7.08964e-08
9.71449e-08
1.26856e-07
1.56803e-07
1.91328e-07
2.34483e-07
2.8418e-07
3.25541e-07
3.25344e-07
2.72442e-07
4.13352e-07
3.60317e-07
3.11652e-07
2.67194e-07
2.2154e-07
1.80634e-07
1.46253e-07
1.1738e-07
9.44016e-08
7.83467e-08
7.97698e-08
9.70063e-08
1.20676e-07
1.50121e-07
1.85211e-07
2.27178e-07
2.74543e-07
3.21308e-07
3.7258e-07
4.24609e-07
6.41486e-07
4.94569e-07
3.63276e-07
2.89265e-07
2.33019e-07
1.85028e-07
1.46093e-07
1.14405e-07
8.95533e-08
7.48745e-08
7.52125e-08
9.10155e-08
1.16916e-07
1.49469e-07
1.89122e-07
2.37855e-07
2.95388e-07
3.71649e-07
5.05988e-07
6.52286e-07
8.90696e-07
6.66269e-07
4.33696e-07
3.30161e-07
2.68133e-07
2.17815e-07
1.76697e-07
1.44056e-07
1.18194e-07
1.01979e-07
1.01813e-07
1.18891e-07
1.45987e-07
1.79674e-07
2.21571e-07
2.72497e-07
3.3531e-07
4.4027e-07
6.75063e-07
8.99769e-07
1.1462e-06
9.02578e-07
5.61868e-07
4.99995e-07
5.08653e-07
5.14924e-07
5.13147e-07
4.90116e-07
4.19665e-07
3.08634e-07
3.05937e-07
4.20305e-07
4.94701e-07
5.20633e-07
5.24469e-07
5.18578e-07
5.08578e-07
5.67982e-07
9.10295e-07
1.1542e-06
1.4391e-06
1.38569e-06
1.75915e-06
2.12968e-06
2.72318e-06
3.25684e-06
3.66128e-06
3.78267e-06
3.3463e-06
2.43531e-06
2.40998e-06
3.33345e-06
3.7889e-06
3.67759e-06
3.28731e-06
2.75821e-06
2.16133e-06
1.78176e-06
1.39767e-06
1.44733e-06
1.76148e-06
2.30055e-06
2.83005e-06
3.3424e-06
3.87198e-06
4.36488e-06
4.78677e-06
5.07309e-06
5.13642e-06
4.92709e-06
4.89999e-06
5.11749e-06
5.06456e-06
4.78678e-06
4.37176e-06
3.88345e-06
3.35487e-06
2.84097e-06
2.30885e-06
1.76672e-06
1.53886e-08
3.93709e-08
6.139e-08
6.81667e-08
6.61516e-08
6.1161e-08
5.4193e-08
4.6627e-08
4.00092e-08
3.79781e-08
3.78877e-08
4.09298e-08
4.80278e-08
5.57105e-08
6.26643e-08
6.75033e-08
6.8985e-08
6.06182e-08
3.88585e-08
1.53016e-08
6.16894e-08
1.44321e-07
1.44753e-07
1.19008e-07
9.52864e-08
7.92386e-08
6.59651e-08
5.44181e-08
4.71354e-08
4.92582e-08
4.90372e-08
4.85108e-08
5.64014e-08
6.79236e-08
8.12603e-08
9.76677e-08
1.22587e-07
1.48706e-07
1.50941e-07
6.63473e-08
1.48647e-07
2.0117e-07
2.08061e-07
1.96068e-07
1.74794e-07
1.45601e-07
1.12386e-07
8.25628e-08
6.23221e-08
5.45317e-08
5.5349e-08
6.46517e-08
8.50138e-08
1.13864e-07
1.45911e-07
1.74694e-07
1.96364e-07
2.09881e-07
2.04715e-07
1.51882e-07
1.84926e-07
2.17658e-07
2.27256e-07
2.12618e-07
1.87592e-07
1.61165e-07
1.35799e-07
1.09741e-07
8.38366e-08
6.68897e-08
6.8523e-08
8.67641e-08
1.12592e-07
1.38775e-07
1.64601e-07
1.91666e-07
2.17757e-07
2.33277e-07
2.23266e-07
1.88814e-07
3.08849e-07
2.53281e-07
2.26809e-07
2.05668e-07
1.80633e-07
1.54411e-07
1.29781e-07
1.08159e-07
9.12138e-08
8.0864e-08
8.22201e-08
9.38137e-08
1.11341e-07
1.3336e-07
1.58528e-07
1.85549e-07
2.11715e-07
2.34322e-07
2.63354e-07
3.23609e-07
5.81121e-07
3.80449e-07
2.67184e-07
2.1852e-07
1.85029e-07
1.54846e-07
1.27866e-07
1.04968e-07
8.8231e-08
8.43408e-08
8.50667e-08
9.00297e-08
1.07603e-07
1.31201e-07
1.58846e-07
1.89751e-07
2.24139e-07
2.73908e-07
3.88997e-07
5.91579e-07
8.69197e-07
5.84786e-07
3.43676e-07
2.57543e-07
2.17825e-07
1.88014e-07
1.62183e-07
1.40895e-07
1.24646e-07
1.23271e-07
1.23876e-07
1.2632e-07
1.43686e-07
1.65885e-07
1.92418e-07
2.22746e-07
2.62829e-07
3.49648e-07
5.94187e-07
8.77597e-07
1.16384e-06
8.91079e-07
5.10395e-07
4.68355e-07
5.14947e-07
5.62605e-07
5.95379e-07
5.89245e-07
5.05482e-07
3.70702e-07
3.68858e-07
5.07419e-07
5.95011e-07
6.03807e-07
5.72861e-07
5.25867e-07
4.76989e-07
5.1501e-07
8.96967e-07
1.17065e-06
1.49757e-06
1.4282e-06
1.8005e-06
2.37903e-06
3.25688e-06
4.05346e-06
4.6836e-06
4.87493e-06
4.18517e-06
2.88189e-06
2.85456e-06
4.16989e-06
4.87689e-06
4.6926e-06
4.06756e-06
3.28833e-06
2.40828e-06
1.81957e-06
1.43718e-06
1.50414e-06
1.87138e-06
2.48392e-06
3.09114e-06
3.70535e-06
4.36492e-06
4.99803e-06
5.5618e-06
5.98065e-06
6.16489e-06
6.07444e-06
6.03969e-06
6.14183e-06
5.96831e-06
5.55738e-06
4.99973e-06
4.37193e-06
3.71422e-06
3.09861e-06
2.48944e-06
1.87482e-06
1.16031e-08
2.92547e-08
4.31651e-08
5.06823e-08
5.40496e-08
5.42095e-08
5.19394e-08
4.85411e-08
4.55999e-08
4.79195e-08
4.7636e-08
4.64221e-08
4.99393e-08
5.351e-08
5.58671e-08
5.57059e-08
5.20857e-08
4.49434e-08
3.08852e-08
1.19034e-08
2.51033e-08
6.18501e-08
7.87943e-08
7.7767e-08
7.29447e-08
6.59569e-08
5.83176e-08
5.21478e-08
5.18462e-08
6.9187e-08
6.74591e-08
5.2416e-08
5.3823e-08
6.02333e-08
6.80056e-08
7.51655e-08
8.03585e-08
8.21295e-08
6.44508e-08
2.56837e-08
9.72114e-08
1.49599e-07
1.6168e-07
1.55587e-07
1.37139e-07
1.12381e-07
8.84837e-08
6.98403e-08
6.09307e-08
7.05747e-08
6.9712e-08
6.24345e-08
7.22928e-08
9.08097e-08
1.14162e-07
1.38365e-07
1.5696e-07
1.6399e-07
1.52863e-07
9.89891e-08
1.28681e-07
1.54182e-07
1.68233e-07
1.659e-07
1.53684e-07
1.35796e-07
1.14543e-07
9.22781e-08
7.68121e-08
8.55722e-08
8.50834e-08
7.9161e-08
9.53017e-08
1.1758e-07
1.39034e-07
1.57291e-07
1.6982e-07
1.72376e-07
1.57977e-07
1.31515e-07
2.23954e-07
1.79816e-07
1.6724e-07
1.59107e-07
1.46246e-07
1.29776e-07
1.12466e-07
9.7023e-08
8.86596e-08
1.09569e-07
1.08818e-07
9.08197e-08
1.00021e-07
1.15827e-07
1.33498e-07
1.50462e-07
1.63934e-07
1.72761e-07
1.86843e-07
2.34393e-07
5.23344e-07
3.06828e-07
2.02713e-07
1.66383e-07
1.4609e-07
1.27864e-07
1.10309e-07
9.53031e-08
9.00687e-08
1.2988e-07
1.28855e-07
9.17312e-08
9.78602e-08
1.1339e-07
1.31407e-07
1.50076e-07
1.70842e-07
2.07833e-07
3.13984e-07
5.33238e-07
8.34957e-07
4.81022e-07
2.70061e-07
2.01133e-07
1.76709e-07
1.62188e-07
1.49497e-07
1.39084e-07
1.36619e-07
1.90646e-07
1.90255e-07
1.38699e-07
1.42204e-07
1.53274e-07
1.66329e-07
1.80915e-07
2.05177e-07
2.74282e-07
4.8839e-07
8.42287e-07
1.15733e-06
8.54426e-07
4.63723e-07
4.3849e-07
5.13184e-07
5.95399e-07
6.5684e-07
6.52516e-07
5.37417e-07
4.21972e-07
4.20793e-07
5.4099e-07
6.58817e-07
6.64738e-07
6.0427e-07
5.22089e-07
4.45025e-07
4.66428e-07
8.58525e-07
1.16259e-06
1.52094e-06
1.43946e-06
1.8108e-06
2.55605e-06
3.66136e-06
4.68365e-06
5.51364e-06
5.62409e-06
4.38215e-06
2.97623e-06
2.95014e-06
4.38275e-06
5.63161e-06
5.52203e-06
4.6918e-06
3.68063e-06
2.57615e-06
1.8235e-06
1.44473e-06
1.52524e-06
1.94357e-06
2.6195e-06
3.29679e-06
4.00318e-06
4.78685e-06
5.56184e-06
6.28275e-06
6.87615e-06
7.2838e-06
7.53191e-06
7.48652e-06
7.25725e-06
6.86016e-06
6.27361e-06
5.55782e-06
4.78734e-06
4.00603e-06
3.29926e-06
2.6213e-06
1.94471e-06
1.00144e-08
1.90414e-08
2.80843e-08
3.82273e-08
4.35029e-08
4.66437e-08
4.85422e-08
5.05033e-08
5.32724e-08
6.16071e-08
6.09716e-08
5.38298e-08
5.17937e-08
5.00899e-08
4.83033e-08
4.50952e-08
3.94534e-08
3.02548e-08
1.98755e-08
1.01616e-08
2.41944e-08
4.05841e-08
5.29407e-08
5.85854e-08
5.73625e-08
5.44312e-08
5.21478e-08
5.37602e-08
6.64641e-08
1.08531e-07
1.04135e-07
6.53923e-08
5.48329e-08
5.39392e-08
5.65558e-08
5.96202e-08
6.0719e-08
5.48104e-08
4.14039e-08
2.48353e-08
4.33627e-08
9.8055e-08
1.12598e-07
1.09827e-07
9.76704e-08
8.25637e-08
6.98373e-08
6.41693e-08
7.64941e-08
1.85616e-07
1.78672e-07
7.58183e-08
6.60213e-08
7.24312e-08
8.53418e-08
1.00349e-07
1.12488e-07
1.15571e-07
1.01323e-07
4.48365e-08
8.30016e-08
1.08554e-07
1.26038e-07
1.30594e-07
1.24204e-07
1.09737e-07
9.22736e-08
7.97922e-08
9.71219e-08
3.38895e-07
3.22745e-07
9.64212e-08
8.24634e-08
9.55342e-08
1.13085e-07
1.27566e-07
1.33881e-07
1.29154e-07
1.11242e-07
8.54393e-08
1.58116e-07
1.24549e-07
1.215e-07
1.21952e-07
1.17372e-07
1.08151e-07
9.7019e-08
8.94225e-08
1.23721e-07
6.05069e-07
5.76618e-07
1.22342e-07
9.20519e-08
1.0016e-07
1.11538e-07
1.20956e-07
1.25725e-07
1.25544e-07
1.29858e-07
1.67512e-07
4.66075e-07
2.47498e-07
1.54112e-07
1.25873e-07
1.14401e-07
1.04963e-07
9.53009e-08
9.06883e-08
1.45236e-07
8.83368e-07
8.42173e-07
1.42641e-07
9.27994e-08
9.79522e-08
1.07829e-07
1.17401e-07
1.29035e-07
1.57753e-07
2.53151e-07
4.75141e-07
7.87707e-07
4.05582e-07
2.17735e-07
1.58733e-07
1.44066e-07
1.40902e-07
1.39087e-07
1.42333e-07
2.17816e-07
1.15515e-06
1.11006e-06
2.15472e-07
1.45094e-07
1.4235e-07
1.44153e-07
1.46969e-07
1.61138e-07
2.19961e-07
4.09539e-07
7.93761e-07
1.12177e-06
7.81171e-07
4.12265e-07
3.98765e-07
4.90156e-07
5.89277e-07
6.52535e-07
6.16496e-07
5.30414e-07
1.34541e-06
1.30521e-06
5.31889e-07
6.23457e-07
6.59404e-07
5.95933e-07
4.96041e-07
4.02728e-07
4.13446e-07
7.85035e-07
1.12526e-06
1.4994e-06
1.39419e-06
1.72641e-06
2.56838e-06
3.78275e-06
4.87502e-06
5.62417e-06
5.20664e-06
3.5502e-06
5.09943e-06
5.02082e-06
3.56873e-06
5.23545e-06
5.63682e-06
4.88362e-06
3.79294e-06
2.57978e-06
1.73358e-06
1.39589e-06
1.50105e-06
1.96617e-06
2.68295e-06
3.40907e-06
4.18377e-06
5.0732e-06
5.98074e-06
6.87619e-06
7.73088e-06
8.62137e-06
9.90795e-06
9.83799e-06
8.58584e-06
7.7091e-06
6.86085e-06
5.96987e-06
5.06605e-06
4.17954e-06
3.40568e-06
2.68032e-06
1.96455e-06
1.00767e-08
1.89745e-08
1.95539e-08
2.90789e-08
3.50114e-08
4.00678e-08
4.56258e-08
5.32864e-08
5.92793e-08
7.00561e-08
6.94975e-08
5.96432e-08
5.41628e-08
4.68222e-08
4.13715e-08
3.62484e-08
3.02524e-08
2.02896e-08
1.81988e-08
1.00409e-08
2.29703e-08
2.82945e-08
3.74582e-08
4.40198e-08
4.5864e-08
4.71348e-08
5.18428e-08
6.64716e-08
1.04489e-07
7.53757e-07
7.26244e-07
1.01925e-07
6.61125e-08
5.29583e-08
4.88677e-08
4.78748e-08
4.59547e-08
3.85971e-08
2.90917e-08
2.37532e-08
3.38828e-08
5.25143e-08
6.93711e-08
7.24351e-08
6.81011e-08
6.23122e-08
6.09268e-08
7.65033e-08
2.27136e-07
2.81438e-06
2.73322e-06
2.21108e-07
7.6527e-08
6.29053e-08
6.49722e-08
7.10054e-08
7.53526e-08
7.21319e-08
5.48223e-08
3.40727e-08
4.82568e-08
7.66097e-08
9.49886e-08
9.97879e-08
9.44153e-08
8.38237e-08
7.68065e-08
9.71316e-08
4.72623e-07
5.72978e-06
5.566e-06
4.51883e-07
9.72283e-08
7.96423e-08
8.72154e-08
9.78425e-08
1.02961e-07
9.7697e-08
7.88318e-08
5.07033e-08
1.10376e-07
8.49458e-08
8.68034e-08
9.2578e-08
9.43966e-08
9.12038e-08
8.86563e-08
1.23732e-07
8.6411e-07
9.67275e-06
9.38912e-06
8.22082e-07
1.23227e-07
9.12563e-08
9.40253e-08
9.7138e-08
9.51976e-08
8.94954e-08
8.91097e-08
1.19449e-07
4.16818e-07
2.09608e-07
1.20983e-07
9.4962e-08
8.9549e-08
8.82258e-08
9.00684e-08
1.45246e-07
1.29636e-06
1.36106e-05
1.31992e-05
1.22704e-06
1.43196e-07
9.1911e-08
9.01446e-08
9.13506e-08
9.68263e-08
1.23433e-07
2.14129e-07
4.24875e-07
7.29836e-07
3.61961e-07
1.8545e-07
1.27802e-07
1.182e-07
1.24654e-07
1.36627e-07
2.17825e-07
1.72104e-06
1.61524e-05
1.56546e-05
1.63463e-06
2.15577e-07
1.38755e-07
1.26605e-07
1.19671e-07
1.28927e-07
1.86786e-07
3.64921e-07
7.34364e-07
1.05354e-06
6.93975e-07
3.5462e-07
3.34796e-07
4.1971e-07
5.05527e-07
5.37453e-07
5.30433e-07
1.97842e-06
1.55942e-05
1.5119e-05
1.89378e-06
5.32614e-07
5.42736e-07
5.09534e-07
4.22682e-07
3.36586e-07
3.54874e-07
6.96591e-07
1.05479e-06
1.41891e-06
1.26584e-06
1.46972e-06
2.25335e-06
3.34646e-06
4.18539e-06
4.38235e-06
3.55034e-06
4.78391e-06
1.25658e-05
1.2304e-05
4.68766e-06
3.57092e-06
4.3998e-06
4.18752e-06
3.34578e-06
2.25557e-06
1.47296e-06
1.26407e-06
1.41739e-06
1.91708e-06
2.63672e-06
3.37256e-06
4.17281e-06
5.13657e-06
6.16502e-06
7.28388e-06
8.62141e-06
1.0611e-05
1.36143e-05
1.35169e-05
1.05442e-05
8.58378e-06
7.25718e-06
6.14374e-06
5.11955e-06
4.15998e-06
3.36217e-06
2.62869e-06
1.912e-06
1.42814e-08
1.41685e-08
2.39061e-08
2.54686e-08
3.13091e-08
3.79927e-08
4.79457e-08
6.16378e-08
7.0081e-08
7.78287e-08
7.75665e-08
7.02053e-08
6.18866e-08
4.84428e-08
3.85923e-08
3.18404e-08
2.58374e-08
2.48502e-08
1.43092e-08
1.29861e-08
2.56174e-08
2.3318e-08
2.8673e-08
3.65504e-08
4.2948e-08
4.92483e-08
6.91821e-08
1.08547e-07
7.53948e-07
1.13313e-06
1.11884e-06
7.37379e-07
1.06466e-07
6.89005e-08
4.98623e-08
4.3915e-08
3.74375e-08
2.90643e-08
2.36934e-08
2.52998e-08
3.86585e-08
3.46689e-08
4.45804e-08
5.08635e-08
5.33773e-08
5.45337e-08
7.05874e-08
1.8566e-07
2.8148e-06
2.50953e-06
2.49168e-06
2.75653e-06
1.81775e-07
7.08327e-08
5.58051e-08
5.50973e-08
5.28303e-08
4.63156e-08
3.5662e-08
3.84348e-08
4.41218e-08
5.75952e-08
6.69038e-08
6.97754e-08
6.88707e-08
6.68875e-08
8.55887e-08
3.38956e-07
5.73029e-06
4.35131e-06
4.34684e-06
5.59721e-06
3.28092e-07
8.59894e-08
6.8663e-08
7.10181e-08
7.2336e-08
6.96778e-08
5.96202e-08
4.39119e-08
9.36175e-08
6.7764e-08
6.6103e-08
7.21436e-08
7.83534e-08
8.08633e-08
1.09586e-07
6.05154e-07
9.67326e-06
6.75243e-06
6.78328e-06
9.42279e-06
5.83572e-07
1.09438e-07
8.19963e-08
7.92978e-08
7.30227e-08
6.7566e-08
7.12268e-08
1.01577e-07
3.75241e-07
1.92201e-07
1.05393e-07
7.62875e-08
7.48697e-08
8.43397e-08
1.29891e-07
8.83411e-07
1.3611e-05
9.54004e-06
9.62771e-06
1.32248e-05
8.47584e-07
1.28644e-07
8.45795e-08
7.5057e-08
7.69179e-08
1.07027e-07
1.95914e-07
3.82169e-07
6.5786e-07
3.34389e-07
1.67631e-07
1.07999e-07
1.01977e-07
1.23277e-07
1.90659e-07
1.15517e-06
1.61526e-05
1.23109e-05
1.24762e-05
1.56664e-05
1.11212e-06
1.895e-07
1.23561e-07
1.02108e-07
1.08335e-07
1.6866e-07
3.36937e-07
6.60592e-07
9.44124e-07
5.88673e-07
2.83272e-07
2.46367e-07
3.08667e-07
3.70744e-07
4.22003e-07
1.34539e-06
1.55944e-05
1.37796e-05
1.40141e-05
1.51121e-05
1.30368e-06
4.22419e-07
3.71827e-07
3.08803e-07
2.46107e-07
2.82824e-07
5.90334e-07
9.42677e-07
1.26202e-06
1.02398e-06
1.0071e-06
1.62699e-06
2.43548e-06
2.88215e-06
2.97631e-06
5.09931e-06
1.25657e-05
1.4194e-05
1.43992e-05
1.22862e-05
5.00762e-06
2.9565e-06
2.87232e-06
2.42043e-06
1.61607e-06
1.00469e-06
1.01912e-06
1.25671e-06
1.74576e-06
2.42583e-06
3.10292e-06
3.90677e-06
4.92723e-06
6.07458e-06
7.532e-06
9.90797e-06
1.36143e-05
1.47513e-05
1.48918e-05
1.35102e-05
9.82671e-06
7.48018e-06
6.03754e-06
4.89771e-06
3.88357e-06
3.08551e-06
2.41225e-06
1.73621e-06
1.00528e-08
1.976e-08
1.81011e-08
2.5544e-08
3.144e-08
3.80173e-08
4.76932e-08
6.09955e-08
6.95074e-08
7.75693e-08
7.75709e-08
6.98424e-08
6.14905e-08
4.80705e-08
3.82926e-08
3.16366e-08
2.54724e-08
1.77037e-08
2.09394e-08
1.03906e-08
2.20119e-08
2.27585e-08
2.93824e-08
3.67466e-08
4.33285e-08
4.90452e-08
6.74384e-08
1.04109e-07
7.2604e-07
1.11879e-06
1.12079e-06
7.37341e-07
1.06323e-07
6.8591e-08
4.95545e-08
4.36574e-08
3.66409e-08
2.97047e-08
2.31739e-08
2.27793e-08
3.71228e-08
3.49237e-08
4.57103e-08
5.24952e-08
5.47623e-08
5.5361e-08
6.97055e-08
1.78627e-07
2.73253e-06
2.49161e-06
2.48856e-06
2.75309e-06
1.81073e-07
7.02591e-08
5.53755e-08
5.47141e-08
5.25286e-08
4.6013e-08
3.55117e-08
3.77954e-08
4.33433e-08
5.81995e-08
6.85646e-08
7.18896e-08
7.09342e-08
6.85465e-08
8.50807e-08
3.22586e-07
5.56435e-06
4.34681e-06
4.32863e-06
5.58283e-06
3.25716e-07
8.50129e-08
6.80795e-08
7.04848e-08
7.18181e-08
6.9188e-08
5.92341e-08
4.38216e-08
9.69407e-08
6.89028e-08
6.69859e-08
7.33658e-08
7.98012e-08
8.22396e-08
1.08805e-07
5.7626e-07
9.3858e-06
6.78334e-06
6.73844e-06
9.38589e-06
5.76172e-07
1.07805e-07
8.10891e-08
7.84693e-08
7.22863e-08
6.71436e-08
7.15945e-08
1.03394e-07
3.78581e-07
1.93585e-07
1.05914e-07
7.64362e-08
7.52166e-08
8.5073e-08
1.28826e-07
8.41571e-07
1.31939e-05
9.62795e-06
9.54816e-06
1.31675e-05
8.36452e-07
1.26742e-07
8.37078e-08
7.43921e-08
7.65056e-08
1.07124e-07
1.96662e-07
3.83231e-07
6.59665e-07
3.3556e-07
1.67999e-07
1.07687e-07
1.01805e-07
1.23875e-07
1.90221e-07
1.10932e-06
1.5648e-05
1.24768e-05
1.23591e-05
1.55961e-05
1.09947e-06
1.87516e-07
1.22647e-07
1.01465e-07
1.08016e-07
1.6881e-07
3.37243e-07
6.5994e-07
9.44251e-07
5.89918e-07
2.82324e-07
2.43914e-07
3.05884e-07
3.68814e-07
4.20731e-07
1.30445e-06
1.5112e-05
1.40151e-05
1.38765e-05
1.50312e-05
1.29066e-06
4.19435e-07
3.69287e-07
3.06448e-07
2.44427e-07
2.82067e-07
5.90062e-07
9.40156e-07
1.26035e-06
1.02222e-06
1.00477e-06
1.60904e-06
2.40958e-06
2.85426e-06
2.94964e-06
5.0192e-06
1.23e-05
1.44e-05
1.42577e-05
1.22232e-05
4.97609e-06
2.9379e-06
2.85518e-06
2.4031e-06
1.60259e-06
9.99571e-07
1.01511e-06
1.252e-06
1.74166e-06
2.41795e-06
3.09039e-06
3.88651e-06
4.89938e-06
6.03889e-06
7.48537e-06
9.83623e-06
1.35147e-05
1.48922e-05
1.47644e-05
1.34129e-05
9.75885e-06
7.43221e-06
6.00131e-06
4.86931e-06
3.86169e-06
3.06966e-06
2.40053e-06
1.72824e-06
9.44316e-09
1.57216e-08
2.50529e-08
3.00375e-08
3.57331e-08
4.09217e-08
4.64227e-08
5.38323e-08
5.9644e-08
7.02061e-08
6.98484e-08
5.93111e-08
5.36031e-08
4.61929e-08
4.07325e-08
3.5624e-08
2.99822e-08
2.48781e-08
1.51812e-08
1.04376e-08
2.29303e-08
2.88819e-08
3.81724e-08
4.57486e-08
4.75401e-08
4.8506e-08
5.2413e-08
6.53858e-08
1.01919e-07
7.37306e-07
7.37459e-07
1.02363e-07
6.57839e-08
5.2386e-08
4.82435e-08
4.72166e-08
4.54578e-08
3.7971e-08
2.91527e-08
2.35954e-08
3.28663e-08
5.42343e-08
7.10192e-08
7.46029e-08
7.05872e-08
6.46691e-08
6.24446e-08
7.58137e-08
2.21069e-07
2.75621e-06
2.75335e-06
2.21425e-07
7.59789e-08
6.22167e-08
6.42987e-08
7.03251e-08
7.46382e-08
7.13527e-08
5.48997e-08
3.32784e-08
4.99549e-08
7.79906e-08
9.67852e-08
1.02084e-07
9.71712e-08
8.67906e-08
7.91812e-08
9.64136e-08
4.51705e-07
5.59632e-06
5.58319e-06
4.52198e-07
9.62244e-08
7.86912e-08
8.62584e-08
9.67662e-08
1.01805e-07
9.66845e-08
7.8163e-08
5.07951e-08
1.16889e-07
8.76085e-08
8.88849e-08
9.50297e-08
9.70298e-08
9.38345e-08
9.08349e-08
1.22319e-07
8.21629e-07
9.42081e-06
9.3863e-06
8.17578e-07
1.21368e-07
8.98622e-08
9.26975e-08
9.5832e-08
9.40191e-08
8.86355e-08
8.90701e-08
1.21465e-07
4.22697e-07
2.12801e-07
1.22494e-07
9.61489e-08
9.10245e-08
9.00413e-08
9.17381e-08
1.42594e-07
1.22625e-06
1.32216e-05
1.31678e-05
1.21738e-06
1.40904e-07
9.06081e-08
8.90237e-08
9.02718e-08
9.58845e-08
1.2298e-07
2.14426e-07
4.24897e-07
7.32562e-07
3.63741e-07
1.85794e-07
1.27835e-07
1.18882e-07
1.2632e-07
1.38699e-07
2.15407e-07
1.63361e-06
1.56624e-05
1.55962e-05
1.62027e-06
2.12663e-07
1.3716e-07
1.25263e-07
1.18456e-07
1.27936e-07
1.86158e-07
3.64206e-07
7.31448e-07
1.05332e-06
6.94716e-07
3.53399e-07
3.34268e-07
4.20222e-07
5.07343e-07
5.40947e-07
5.31829e-07
1.8927e-06
1.51081e-05
1.50311e-05
1.87533e-06
5.29302e-07
5.39428e-07
5.05647e-07
4.19165e-07
3.33942e-07
3.52857e-07
6.93867e-07
1.04894e-06
1.41605e-06
1.26159e-06
1.4674e-06
2.24835e-06
3.33276e-06
4.16925e-06
4.38259e-06
3.56864e-06
4.68604e-06
1.22839e-05
1.2223e-05
4.63809e-06
3.55935e-06
4.38679e-06
4.16256e-06
3.32136e-06
2.23844e-06
1.46273e-06
1.25558e-06
1.40846e-06
1.91241e-06
2.62909e-06
3.36173e-06
4.15838e-06
5.11688e-06
6.1411e-06
7.25642e-06
8.58483e-06
1.05429e-05
1.35089e-05
1.34128e-05
1.04662e-05
8.52807e-06
7.21306e-06
6.10631e-06
5.0879e-06
4.13426e-06
3.34159e-06
2.61271e-06
1.90021e-06
9.99104e-09
1.91858e-08
2.85951e-08
3.9008e-08
4.47054e-08
4.80375e-08
4.99457e-08
5.17993e-08
5.41652e-08
6.18926e-08
6.1496e-08
5.36081e-08
5.12446e-08
4.94282e-08
4.7611e-08
4.44151e-08
3.87495e-08
2.87118e-08
1.94618e-08
1.02834e-08
2.44161e-08
4.07198e-08
5.51105e-08
6.03923e-08
5.93805e-08
5.64042e-08
5.38293e-08
5.48395e-08
6.6118e-08
1.06472e-07
1.06357e-07
6.57972e-08
5.44404e-08
5.33233e-08
5.58856e-08
5.89382e-08
6.01031e-08
5.49133e-08
4.06508e-08
2.48374e-08
4.37267e-08
9.98589e-08
1.13952e-07
1.11253e-07
9.96308e-08
8.50277e-08
7.23096e-08
6.60352e-08
7.65314e-08
1.81761e-07
1.81117e-07
7.59858e-08
6.5532e-08
7.17827e-08
8.46556e-08
9.95967e-08
1.1159e-07
1.14498e-07
1.00014e-07
4.50424e-08
8.48241e-08
1.10444e-07
1.28317e-07
1.33071e-07
1.26866e-07
1.12609e-07
9.53247e-08
8.24855e-08
9.72296e-08
3.28015e-07
3.25774e-07
9.62289e-08
8.17498e-08
9.46231e-08
1.11938e-07
1.26203e-07
1.32451e-07
1.27804e-07
1.10197e-07
8.50922e-08
1.64887e-07
1.28478e-07
1.24809e-07
1.25302e-07
1.20694e-07
1.11361e-07
1.00042e-07
9.20708e-08
1.23214e-07
5.83365e-07
5.76227e-07
1.21369e-07
9.09616e-08
9.89515e-08
1.10218e-07
1.19565e-07
1.24328e-07
1.2427e-07
1.28926e-07
1.67092e-07
4.73197e-07
2.5181e-07
1.5671e-07
1.28234e-07
1.16928e-07
1.07619e-07
9.78772e-08
9.28115e-08
1.43161e-07
8.47232e-07
8.3647e-07
1.40901e-07
9.1675e-08
9.68221e-08
1.06592e-07
1.16027e-07
1.27585e-07
1.56437e-07
2.52125e-07
4.73497e-07
7.92206e-07
4.07807e-07
2.18577e-07
1.59769e-07
1.45985e-07
1.43694e-07
1.42215e-07
1.45099e-07
2.15522e-07
1.11169e-06
1.09943e-06
2.12658e-07
1.4341e-07
1.40679e-07
1.42417e-07
1.4517e-07
1.59347e-07
2.18214e-07
4.07215e-07
7.89508e-07
1.12402e-06
7.82937e-07
4.12598e-07
4.0125e-07
4.94631e-07
5.94939e-07
6.58759e-07
6.23445e-07
5.32568e-07
1.30323e-06
1.29061e-06
5.29314e-07
6.20746e-07
6.54568e-07
5.90556e-07
4.91274e-07
3.99143e-07
4.10525e-07
7.80126e-07
1.1184e-06
1.50009e-06
1.39437e-06
1.73212e-06
2.57863e-06
3.78821e-06
4.87612e-06
5.63107e-06
5.23561e-06
3.5709e-06
5.00662e-06
4.97593e-06
3.55937e-06
5.23902e-06
5.61507e-06
4.85315e-06
3.7655e-06
2.56154e-06
1.72158e-06
1.38646e-06
1.49145e-06
1.96529e-06
2.68079e-06
3.40554e-06
4.17853e-06
5.06401e-06
5.96769e-06
6.8595e-06
7.70842e-06
8.58298e-06
9.82564e-06
9.75865e-06
8.52804e-06
7.66379e-06
6.8209e-06
5.93388e-06
5.03451e-06
4.15335e-06
3.3845e-06
2.66381e-06
1.95259e-06
1.16993e-08
3.04775e-08
4.44325e-08
5.14922e-08
5.53327e-08
5.57125e-08
5.35173e-08
5.01002e-08
4.68271e-08
4.8468e-08
4.80661e-08
4.62046e-08
4.94244e-08
5.28759e-08
5.51679e-08
5.49679e-08
5.13647e-08
4.41842e-08
3.05583e-08
1.18529e-08
2.53529e-08
6.36327e-08
8.123e-08
7.99257e-08
7.49601e-08
6.7928e-08
6.02427e-08
5.39513e-08
5.297e-08
6.89183e-08
6.86054e-08
5.24031e-08
5.33226e-08
5.96132e-08
6.73459e-08
7.44641e-08
7.95932e-08
8.12206e-08
6.39879e-08
2.56692e-08
9.79312e-08
1.50868e-07
1.62193e-07
1.55641e-07
1.3755e-07
1.13869e-07
9.08258e-08
7.24526e-08
6.29237e-08
7.08412e-08
7.02753e-08
6.22202e-08
7.1786e-08
9.02864e-08
1.13621e-07
1.3765e-07
1.55863e-07
1.62434e-07
1.51105e-07
9.84083e-08
1.30276e-07
1.56452e-07
1.71123e-07
1.69013e-07
1.56817e-07
1.3879e-07
1.176e-07
9.5561e-08
7.96682e-08
8.5994e-08
8.50165e-08
7.86922e-08
9.46238e-08
1.16639e-07
1.37789e-07
1.55773e-07
1.68088e-07
1.70493e-07
1.56291e-07
1.30394e-07
2.31419e-07
1.85152e-07
1.71678e-07
1.63286e-07
1.50143e-07
1.33382e-07
1.1585e-07
1.00183e-07
9.12732e-08
1.09426e-07
1.07796e-07
8.98584e-08
9.89499e-08
1.14627e-07
1.3212e-07
1.48853e-07
1.62113e-07
1.70904e-07
1.85243e-07
2.33281e-07
5.30956e-07
3.11997e-07
2.0631e-07
1.69725e-07
1.49488e-07
1.31222e-07
1.13411e-07
9.79693e-08
9.19179e-08
1.28612e-07
1.26717e-07
9.06045e-08
9.68218e-08
1.12199e-07
1.29964e-07
1.483e-07
1.68724e-07
2.05492e-07
3.11323e-07
5.29881e-07
8.40846e-07
4.85159e-07
2.71853e-07
2.03174e-07
1.79682e-07
1.65902e-07
1.53291e-07
1.42362e-07
1.38753e-07
1.89457e-07
1.87485e-07
1.3716e-07
1.40683e-07
1.51489e-07
1.64224e-07
1.78422e-07
2.02343e-07
2.71044e-07
4.83848e-07
8.36886e-07
1.16185e-06
8.55982e-07
4.64464e-07
4.42978e-07
5.20601e-07
6.03768e-07
6.64689e-07
6.59366e-07
5.42711e-07
4.22361e-07
4.19451e-07
5.39468e-07
6.5459e-07
6.58638e-07
5.97705e-07
5.15775e-07
4.39845e-07
4.61895e-07
8.51995e-07
1.15507e-06
1.52509e-06
1.44386e-06
1.82288e-06
2.57521e-06
3.67707e-06
4.69192e-06
5.52136e-06
5.63646e-06
4.39968e-06
2.95603e-06
2.93794e-06
4.38708e-06
5.61522e-06
5.49083e-06
4.66026e-06
3.64944e-06
2.55429e-06
1.80878e-06
1.43433e-06
1.5153e-06
1.94619e-06
2.62238e-06
3.29975e-06
4.0057e-06
4.78631e-06
5.55684e-06
6.27304e-06
6.86026e-06
7.25654e-06
7.47936e-06
7.43207e-06
7.21306e-06
6.82092e-06
6.23682e-06
5.52368e-06
4.7565e-06
3.97986e-06
3.27803e-06
2.60482e-06
1.93293e-06
1.50838e-08
3.87846e-08
6.0022e-08
6.84001e-08
6.72307e-08
6.26699e-08
5.58813e-08
4.83272e-08
4.1376e-08
3.86579e-08
3.82631e-08
4.07707e-08
4.76043e-08
5.51786e-08
6.20572e-08
6.68432e-08
6.83532e-08
6.02392e-08
3.88245e-08
1.52364e-08
6.28831e-08
1.48069e-07
1.46743e-07
1.21592e-07
9.74032e-08
8.12654e-08
6.80175e-08
5.657e-08
4.88792e-08
4.99003e-08
4.95352e-08
4.82707e-08
5.58819e-08
6.7355e-08
8.06431e-08
9.68673e-08
1.21255e-07
1.46812e-07
1.48305e-07
6.46375e-08
1.49439e-07
2.01943e-07
2.08099e-07
1.95459e-07
1.74252e-07
1.45905e-07
1.14173e-07
8.53662e-08
6.49955e-08
5.58164e-08
5.53828e-08
6.4299e-08
8.46646e-08
1.13628e-07
1.45615e-07
1.74072e-07
1.95268e-07
2.0802e-07
2.02158e-07
1.50076e-07
1.86299e-07
2.20587e-07
2.3142e-07
2.16853e-07
1.9135e-07
1.64619e-07
1.39053e-07
1.13109e-07
8.72469e-08
6.86763e-08
6.8076e-08
8.62599e-08
1.11941e-07
1.37791e-07
1.63281e-07
1.89966e-07
2.15473e-07
2.30407e-07
2.20411e-07
1.86588e-07
3.19187e-07
2.60387e-07
2.32319e-07
2.10694e-07
1.85238e-07
1.58553e-07
1.33522e-07
1.1156e-07
9.40426e-08
8.19932e-08
8.1073e-08
9.26908e-08
1.10216e-07
1.3212e-07
1.57008e-07
1.83583e-07
2.09151e-07
2.31236e-07
2.60091e-07
3.20146e-07
5.88925e-07
3.86103e-07
2.71205e-07
2.22413e-07
1.89144e-07
1.58871e-07
1.3143e-07
1.07846e-07
9.01516e-08
8.45628e-08
8.36891e-08
8.90215e-08
1.06594e-07
1.29968e-07
1.57241e-07
1.87553e-07
2.21125e-07
2.70123e-07
3.84613e-07
5.86795e-07
8.76183e-07
5.89785e-07
3.45952e-07
2.6014e-07
2.21585e-07
1.92439e-07
1.66349e-07
1.44164e-07
1.26603e-07
1.23542e-07
1.22636e-07
1.2527e-07
1.42429e-07
1.64235e-07
1.90223e-07
2.19738e-07
2.58903e-07
3.44804e-07
5.87679e-07
8.71267e-07
1.17029e-06
8.94749e-07
5.12523e-07
4.74226e-07
5.24475e-07
5.72859e-07
6.04247e-07
5.95897e-07
5.09493e-07
3.71781e-07
3.69331e-07
5.057e-07
5.90595e-07
5.97728e-07
5.66053e-07
5.18728e-07
4.70454e-07
5.09276e-07
8.89657e-07
1.16264e-06
1.50443e-06
1.43597e-06
1.81714e-06
2.40597e-06
3.28707e-06
4.06707e-06
4.69123e-06
4.88313e-06
4.1871e-06
2.87187e-06
2.85539e-06
4.16288e-06
4.85334e-06
4.6603e-06
4.03571e-06
3.25641e-06
2.38372e-06
1.80174e-06
1.42558e-06
1.49392e-06
1.87682e-06
2.49079e-06
3.09917e-06
3.71397e-06
4.37139e-06
4.99928e-06
5.55731e-06
5.96933e-06
6.14314e-06
6.03683e-06
6.00124e-06
6.10634e-06
5.93391e-06
5.52369e-06
4.96762e-06
4.34217e-06
3.68838e-06
3.0775e-06
2.47314e-06
1.86329e-06
2.6089e-08
4.35177e-08
5.07533e-08
7.02757e-08
7.59145e-08
6.75182e-08
5.5729e-08
4.51496e-08
3.62547e-08
3.19405e-08
3.15547e-08
3.57026e-08
4.44201e-08
5.49987e-08
6.6852e-08
7.55765e-08
7.07063e-08
5.05373e-08
4.33627e-08
2.61589e-08
1.63212e-07
2.05984e-07
1.9036e-07
1.76232e-07
1.36153e-07
9.76803e-08
7.51846e-08
5.96347e-08
4.78627e-08
4.40225e-08
4.35729e-08
4.72674e-08
5.89334e-08
7.44706e-08
9.68726e-08
1.35216e-07
1.75552e-07
1.89892e-07
2.04751e-07
1.63336e-07
2.22954e-07
2.94014e-07
2.8225e-07
2.42288e-07
2.06742e-07
1.74683e-07
1.3837e-07
1.00375e-07
7.10247e-08
5.51195e-08
5.47064e-08
7.03282e-08
9.96099e-08
1.37665e-07
1.7408e-07
2.06139e-07
2.41633e-07
2.81699e-07
2.94438e-07
2.23492e-07
2.6709e-07
3.20381e-07
3.2269e-07
2.83285e-07
2.34516e-07
1.9169e-07
1.57311e-07
1.27586e-07
9.78749e-08
7.10265e-08
7.04829e-08
9.677e-08
1.26209e-07
1.55778e-07
1.89971e-07
2.32454e-07
2.81019e-07
3.20937e-07
3.20311e-07
2.68352e-07
4.19518e-07
3.66853e-07
3.17877e-07
2.73336e-07
2.2721e-07
1.85579e-07
1.50489e-07
1.20979e-07
9.71536e-08
7.92856e-08
7.84483e-08
9.5824e-08
1.19564e-07
1.48857e-07
1.83588e-07
2.24888e-07
2.71084e-07
3.16358e-07
3.66331e-07
4.18894e-07
6.49026e-07
4.99765e-07
3.67047e-07
2.93434e-07
2.37878e-07
1.89778e-07
1.50098e-07
1.17416e-07
9.1355e-08
7.50407e-08
7.43831e-08
9.02744e-08
1.16035e-07
1.48311e-07
1.87566e-07
2.35534e-07
2.91602e-07
3.65964e-07
4.98601e-07
6.46145e-07
8.98349e-07
6.71505e-07
4.35796e-07
3.32955e-07
2.72513e-07
2.22769e-07
1.80932e-07
1.46976e-07
1.19667e-07
1.02094e-07
1.01468e-07
1.18473e-07
1.45193e-07
1.78451e-07
2.19765e-07
2.69607e-07
3.30824e-07
4.34167e-07
6.68206e-07
8.92723e-07
1.15404e-06
9.08548e-07
5.64944e-07
5.06036e-07
5.18606e-07
5.25894e-07
5.22089e-07
4.96017e-07
4.22645e-07
3.08755e-07
3.06491e-07
4.19224e-07
4.91325e-07
5.15825e-07
5.18769e-07
5.12137e-07
5.01586e-07
5.61093e-07
9.02405e-07
1.14585e-06
1.44778e-06
1.39557e-06
1.77723e-06
2.15756e-06
2.75816e-06
3.28816e-06
3.6803e-06
3.79256e-06
3.34535e-06
2.4199e-06
2.40317e-06
3.32158e-06
3.76565e-06
3.64955e-06
3.25646e-06
2.72947e-06
2.13665e-06
1.76189e-06
1.385e-06
1.43701e-06
1.76895e-06
2.31009e-06
2.84124e-06
3.35455e-06
3.88317e-06
4.37157e-06
4.78692e-06
5.06557e-06
5.119e-06
4.89705e-06
4.86922e-06
5.08791e-06
5.03454e-06
4.75652e-06
4.34218e-06
3.85567e-06
3.3303e-06
2.82046e-06
2.29297e-06
1.75557e-06
2.5901e-07
2.57406e-07
1.73172e-07
6.13799e-08
7.05203e-08
6.90025e-08
5.20962e-08
3.94819e-08
3.04669e-08
2.55724e-08
2.55551e-08
2.97494e-08
3.89393e-08
5.14492e-08
6.83826e-08
7.07206e-08
6.07264e-08
1.65323e-07
2.51921e-07
2.5577e-07
2.82299e-07
2.98339e-07
2.30757e-07
1.94072e-07
1.766e-07
1.22615e-07
8.03964e-08
6.07888e-08
4.59611e-08
3.6923e-08
3.71937e-08
4.53851e-08
6.00957e-08
7.96028e-08
1.21276e-07
1.75557e-07
1.92861e-07
2.27262e-07
2.95715e-07
2.80725e-07
3.1342e-07
4.63816e-07
4.15746e-07
3.14293e-07
2.43052e-07
1.96355e-07
1.56964e-07
1.12554e-07
7.52936e-08
5.29151e-08
5.25281e-08
7.4643e-08
1.1159e-07
1.55885e-07
1.95289e-07
2.41649e-07
3.1233e-07
4.13496e-07
4.64561e-07
3.1389e-07
3.793e-07
4.7739e-07
4.60201e-07
3.72739e-07
2.84229e-07
2.17788e-07
1.69838e-07
1.33909e-07
1.02972e-07
7.23804e-08
7.1826e-08
1.01793e-07
1.32453e-07
1.68099e-07
2.1549e-07
2.81037e-07
3.68647e-07
4.56557e-07
4.76688e-07
3.80479e-07
5.25286e-07
5.07643e-07
4.36573e-07
3.53804e-07
2.74584e-07
2.11752e-07
1.63963e-07
1.25752e-07
9.52091e-08
7.30165e-08
7.2267e-08
9.40074e-08
1.24328e-07
1.62124e-07
2.09172e-07
2.7111e-07
3.49973e-07
4.33655e-07
5.06261e-07
5.24113e-07
7.07807e-07
6.10122e-07
4.82392e-07
3.79783e-07
2.95416e-07
2.24168e-07
1.70864e-07
1.2905e-07
9.68314e-08
7.6916e-08
7.65145e-08
9.58935e-08
1.27599e-07
1.68748e-07
2.21163e-07
2.91646e-07
3.76233e-07
4.79558e-07
6.07551e-07
7.04186e-07
9.05773e-07
7.23216e-07
5.48428e-07
4.23047e-07
3.35327e-07
2.6285e-07
2.05189e-07
1.61139e-07
1.28922e-07
1.08331e-07
1.08029e-07
1.2796e-07
1.59378e-07
2.02389e-07
2.58965e-07
3.30877e-07
4.18946e-07
5.45054e-07
7.18759e-07
8.9963e-07
1.11281e-06
8.96659e-07
7.37144e-07
5.68536e-07
5.08606e-07
4.77011e-07
4.45022e-07
4.02707e-07
3.36555e-07
2.46069e-07
2.44458e-07
3.33994e-07
3.99191e-07
4.39906e-07
4.70526e-07
5.01647e-07
5.62282e-07
7.32742e-07
8.89827e-07
1.10441e-06
1.35515e-06
1.32339e-06
1.62885e-06
1.92021e-06
2.16137e-06
2.40827e-06
2.57602e-06
2.57958e-06
2.2553e-06
1.61565e-06
1.60259e-06
2.23856e-06
2.56162e-06
2.55438e-06
2.38382e-06
2.13676e-06
1.89989e-06
1.6144e-06
1.31311e-06
1.34455e-06
1.6263e-06
2.09001e-06
2.54035e-06
2.95564e-06
3.35465e-06
3.71394e-06
4.00569e-06
4.17913e-06
4.1595e-06
3.883e-06
3.86157e-06
4.13426e-06
4.15337e-06
3.97987e-06
3.6884e-06
3.33031e-06
2.93367e-06
2.52123e-06
2.07403e-06
1.6135e-06
3.91295e-07
3.80812e-07
3.05246e-07
1.72709e-07
5.10379e-08
6.06489e-08
4.49199e-08
2.85728e-08
2.57729e-08
1.74144e-08
2.46154e-08
2.03764e-08
2.94162e-08
4.44873e-08
6.03699e-08
5.05534e-08
1.65259e-07
3.00421e-07
3.76416e-07
3.88253e-07
3.99036e-07
4.69852e-07
3.53831e-07
2.31194e-07
1.91303e-07
1.48715e-07
8.20463e-08
5.53683e-08
3.82771e-08
2.97967e-08
2.89611e-08
3.84323e-08
5.43846e-08
8.12098e-08
1.4684e-07
1.8991e-07
2.27255e-07
3.4921e-07
4.67912e-07
3.9807e-07
4.57533e-07
7.03159e-07
6.31915e-07
4.18279e-07
2.84588e-07
2.09883e-07
1.64021e-07
1.1572e-07
7.20529e-08
4.62281e-08
4.60866e-08
7.16169e-08
1.14401e-07
1.62451e-07
2.08058e-07
2.81749e-07
4.13547e-07
6.26145e-07
7.03556e-07
4.5772e-07
5.34723e-07
6.22359e-07
5.92575e-07
4.63444e-07
3.25602e-07
2.3331e-07
1.72404e-07
1.29168e-07
9.77531e-08
6.96923e-08
6.92036e-08
9.66815e-08
1.27801e-07
1.7051e-07
2.3044e-07
3.20991e-07
4.56614e-07
5.86926e-07
6.19535e-07
5.33973e-07
6.40342e-07
6.43187e-07
5.60347e-07
4.39853e-07
3.21363e-07
2.34369e-07
1.728e-07
1.25576e-07
8.95283e-08
6.75657e-08
6.71122e-08
8.86207e-08
1.2427e-07
1.70922e-07
2.31279e-07
3.16432e-07
4.33724e-07
5.54957e-07
6.3952e-07
6.37696e-07
7.64306e-07
7.02871e-07
6.0414e-07
4.85639e-07
3.71689e-07
2.73939e-07
2.07857e-07
1.57776e-07
1.23463e-07
1.07053e-07
1.07153e-07
1.22996e-07
1.56458e-07
2.05527e-07
2.70184e-07
3.66067e-07
4.79631e-07
5.98554e-07
6.98437e-07
7.59717e-07
9.018e-07
7.75474e-07
6.80312e-07
5.52254e-07
4.40291e-07
3.49665e-07
2.74288e-07
2.19959e-07
1.86793e-07
1.68674e-07
1.68825e-07
1.86181e-07
2.18246e-07
2.71101e-07
3.44888e-07
4.34267e-07
5.4514e-07
6.73907e-07
7.70397e-07
8.95269e-07
1.05192e-06
9.0467e-07
8.65543e-07
7.44127e-07
5.67985e-07
5.14994e-07
4.6639e-07
4.134e-07
3.54835e-07
2.82794e-07
2.82073e-07
3.52887e-07
4.10547e-07
4.61939e-07
5.09332e-07
5.61161e-07
7.32891e-07
8.57019e-07
8.9809e-07
1.04364e-06
1.23493e-06
1.24861e-06
1.44957e-06
1.63124e-06
1.78179e-06
1.81956e-06
1.82343e-06
1.73346e-06
1.47282e-06
1.00452e-06
9.99529e-07
1.46284e-06
1.72166e-06
1.80886e-06
1.80185e-06
1.76203e-06
1.61447e-06
1.43619e-06
1.23875e-06
1.22494e-06
1.45192e-06
1.83903e-06
2.21064e-06
2.54005e-06
2.84079e-06
3.09839e-06
3.29898e-06
3.40535e-06
3.36177e-06
3.08505e-06
3.06951e-06
3.34155e-06
3.38449e-06
3.27802e-06
3.07751e-06
2.82047e-06
2.52124e-06
2.19392e-06
1.82482e-06
1.44018e-06
4.81312e-07
4.83163e-07
3.80803e-07
2.57415e-07
4.37802e-08
3.88947e-08
3.09953e-08
1.97359e-08
1.54968e-08
2.09005e-08
1.42599e-08
1.83852e-08
1.9576e-08
3.055e-08
3.88371e-08
4.33708e-08
2.51836e-07
3.76404e-07
4.78412e-07
4.78228e-07
5.42477e-07
6.31189e-07
4.75385e-07
3.00912e-07
2.07738e-07
1.50956e-07
6.45843e-08
4.0724e-08
2.93472e-08
2.3173e-08
2.36007e-08
2.90742e-08
4.11665e-08
6.39903e-08
1.48355e-07
2.04776e-07
2.95737e-07
4.68006e-07
6.28792e-07
5.40161e-07
6.09854e-07
7.14168e-07
7.10198e-07
4.71719e-07
2.98757e-07
2.04725e-07
1.52902e-07
1.01319e-07
5.5249e-08
3.56061e-08
3.56241e-08
5.44295e-08
1.00027e-07
1.51144e-07
2.02214e-07
2.94535e-07
4.64717e-07
7.03696e-07
7.11371e-07
6.0733e-07
6.68128e-07
6.87253e-07
6.26487e-07
4.84708e-07
3.25395e-07
2.23293e-07
1.58005e-07
1.11266e-07
7.88124e-08
5.95585e-08
5.93575e-08
7.81662e-08
1.10197e-07
1.56313e-07
2.20463e-07
3.20413e-07
4.76833e-07
6.19618e-07
6.82669e-07
6.64856e-07
7.28506e-07
7.14341e-07
6.46736e-07
5.14198e-07
3.7265e-07
2.63426e-07
1.86902e-07
1.2994e-07
8.9151e-08
7.13323e-08
7.15057e-08
8.90431e-08
1.28928e-07
1.85277e-07
2.60164e-07
3.66462e-07
5.06406e-07
6.396e-07
7.08912e-07
7.24263e-07
7.97372e-07
7.63923e-07
7.0575e-07
6.15038e-07
5.06043e-07
3.89037e-07
3.14024e-07
2.5322e-07
2.142e-07
1.96008e-07
1.96732e-07
2.14472e-07
2.52167e-07
3.1138e-07
3.84689e-07
4.98745e-07
6.07669e-07
6.98506e-07
7.57939e-07
7.91845e-07
8.7499e-07
8.23218e-07
7.78335e-07
7.25964e-07
6.75089e-07
5.9422e-07
4.88414e-07
4.09557e-07
3.64949e-07
3.36976e-07
3.37275e-07
3.64243e-07
4.07262e-07
4.83942e-07
5.87796e-07
6.68296e-07
7.18832e-07
7.70467e-07
8.16553e-07
8.6826e-07
9.64746e-07
9.19473e-07
9.07142e-07
8.97908e-07
9.10294e-07
8.96946e-07
8.58483e-07
7.85004e-07
6.96582e-07
5.90342e-07
5.90093e-07
6.9393e-07
7.80192e-07
8.52057e-07
8.89715e-07
9.02458e-07
8.89871e-07
8.98153e-07
9.11756e-07
9.56921e-07
1.08221e-06
1.14923e-06
1.25033e-06
1.32551e-06
1.39766e-06
1.43713e-06
1.44465e-06
1.39577e-06
1.26393e-06
1.01897e-06
1.01504e-06
1.25561e-06
1.38649e-06
1.43437e-06
1.42564e-06
1.38507e-06
1.31317e-06
1.23879e-06
1.13965e-06
1.07334e-06
1.23312e-06
1.54375e-06
1.83827e-06
2.08885e-06
2.30872e-06
2.48927e-06
2.62108e-06
2.68006e-06
2.62838e-06
2.41189e-06
2.40038e-06
2.61266e-06
2.66379e-06
2.60481e-06
2.47313e-06
2.29296e-06
2.07402e-06
1.82481e-06
1.53209e-06
1.22312e-06
5.55532e-07
4.8339e-07
3.92815e-07
2.61444e-07
2.65438e-08
1.53202e-08
1.19682e-08
1.03802e-08
1.02236e-08
1.04478e-08
1.30867e-08
9.72721e-09
1.01117e-08
1.18222e-08
1.52704e-08
2.61867e-08
2.55759e-07
3.88273e-07
4.78268e-07
5.51269e-07
6.38809e-07
5.46937e-07
4.04619e-07
2.85815e-07
1.66211e-07
6.64714e-08
2.57726e-08
2.48616e-08
2.37025e-08
2.27423e-08
2.5241e-08
2.3501e-08
2.46653e-08
2.55247e-08
6.46059e-08
1.63384e-07
2.80763e-07
3.98172e-07
5.40252e-07
6.33993e-07
6.94512e-07
6.14756e-07
4.65791e-07
3.19345e-07
2.26969e-07
1.51915e-07
9.90032e-08
4.47706e-08
3.37395e-08
3.80208e-08
3.82462e-08
3.35299e-08
4.51275e-08
9.84215e-08
1.50103e-07
2.23566e-07
3.14002e-07
4.57889e-07
6.07434e-07
6.89331e-07
7.29873e-07
6.72393e-07
5.42211e-07
3.86855e-07
2.7249e-07
1.88834e-07
1.31521e-07
8.55128e-08
5.06688e-08
4.40408e-08
4.37207e-08
5.07347e-08
8.51002e-08
1.3042e-07
1.8664e-07
2.68482e-07
3.80654e-07
5.34137e-07
6.64951e-07
7.24448e-07
7.58338e-07
7.31668e-07
6.45446e-07
5.31229e-07
4.24678e-07
3.23738e-07
2.34456e-07
1.67692e-07
1.19596e-07
1.01957e-07
1.03056e-07
1.21344e-07
1.6711e-07
2.33377e-07
3.20285e-07
4.19029e-07
5.24263e-07
6.37818e-07
7.24336e-07
7.52697e-07
7.85827e-07
7.98884e-07
7.67224e-07
7.11303e-07
6.52342e-07
5.91647e-07
5.333e-07
4.75245e-07
4.24995e-07
3.82316e-07
3.83258e-07
4.24935e-07
4.73555e-07
5.29957e-07
5.86883e-07
6.46245e-07
7.04286e-07
7.59796e-07
7.91886e-07
7.79932e-07
8.17688e-07
8.75205e-07
9.02759e-07
9.07083e-07
8.99781e-07
8.77612e-07
8.42297e-07
7.93772e-07
7.34382e-07
6.60612e-07
6.59951e-07
7.31482e-07
7.89549e-07
8.36934e-07
8.71321e-07
8.92779e-07
8.99682e-07
8.95309e-07
8.68275e-07
8.1155e-07
8.56635e-07
9.6411e-07
1.05154e-06
1.11268e-06
1.15417e-06
1.17062e-06
1.16254e-06
1.1252e-06
1.05472e-06
9.42602e-07
9.40116e-07
1.04895e-06
1.11843e-06
1.15509e-06
1.16267e-06
1.14588e-06
1.10443e-06
1.04365e-06
9.56917e-07
8.50211e-07
9.09101e-07
1.08107e-06
1.23388e-06
1.35435e-06
1.44728e-06
1.50407e-06
1.52514e-06
1.50093e-06
1.41724e-06
1.25655e-06
1.25192e-06
1.40846e-06
1.49146e-06
1.51532e-06
1.49394e-06
1.43702e-06
1.34456e-06
1.22494e-06
1.07333e-06
9.02322e-07
9.90405e-07
1.23131e-06
1.44962e-06
1.62388e-06
1.76661e-06
1.87469e-06
1.94456e-06
1.96436e-06
1.91178e-06
1.73595e-06
1.72811e-06
1.90016e-06
1.95256e-06
1.9329e-06
1.86326e-06
1.75554e-06
1.61347e-06
1.44015e-06
1.22309e-06
9.83118e-07
)
;

boundaryField
{
    floor
    {
        lowReCorrection 0;
        type            epsilonWallFunction;
        value           nonuniform List<scalar> 
400
(
5.48598e-07
4.74001e-07
3.82616e-07
2.45361e-07
2.58492e-08
1.53886e-08
1.16031e-08
1.00144e-08
1.00767e-08
1.42814e-08
1.00528e-08
9.44316e-09
9.99104e-09
1.16993e-08
1.50838e-08
2.6089e-08
2.5901e-07
3.91295e-07
4.81312e-07
5.55532e-07
4.7398e-07
4.71388e-07
3.67809e-07
2.37492e-07
4.30048e-08
3.93709e-08
2.92547e-08
1.90414e-08
1.89745e-08
1.41685e-08
1.976e-08
1.57216e-08
1.91858e-08
3.04775e-08
3.87846e-08
4.35177e-08
2.57406e-07
3.80812e-07
4.83163e-07
4.8339e-07
3.82611e-07
3.67839e-07
2.87601e-07
1.39576e-07
5.00601e-08
6.139e-08
4.31651e-08
2.80843e-08
1.95539e-08
2.39061e-08
1.81011e-08
2.50529e-08
2.85951e-08
4.44325e-08
6.0022e-08
5.07533e-08
1.73172e-07
3.05246e-07
3.80803e-07
3.92815e-07
2.45179e-07
2.3751e-07
1.396e-07
5.93568e-08
7.31183e-08
6.81667e-08
5.06823e-08
3.82273e-08
2.90789e-08
2.54686e-08
2.5544e-08
3.00375e-08
3.9008e-08
5.14922e-08
6.84001e-08
7.02757e-08
6.13799e-08
1.72709e-07
2.57415e-07
2.61444e-07
2.58556e-08
4.30919e-08
5.00028e-08
7.29428e-08
7.56911e-08
6.61516e-08
5.40496e-08
4.35029e-08
3.50114e-08
3.13091e-08
3.144e-08
3.57331e-08
4.47054e-08
5.53327e-08
6.72307e-08
7.59145e-08
7.05203e-08
5.10379e-08
4.37802e-08
2.65438e-08
1.55475e-08
3.99073e-08
6.11547e-08
6.79948e-08
6.61163e-08
6.1161e-08
5.42095e-08
4.66437e-08
4.00678e-08
3.79927e-08
3.80173e-08
4.09217e-08
4.80375e-08
5.57125e-08
6.26699e-08
6.75182e-08
6.90025e-08
6.06489e-08
3.88947e-08
1.53202e-08
1.18773e-08
3.03522e-08
4.36327e-08
5.04847e-08
5.39653e-08
5.4193e-08
5.19394e-08
4.85422e-08
4.56258e-08
4.79457e-08
4.76932e-08
4.64227e-08
4.99457e-08
5.35173e-08
5.58813e-08
5.5729e-08
5.20962e-08
4.49199e-08
3.09953e-08
1.19682e-08
1.01703e-08
1.90672e-08
2.88864e-08
3.806e-08
4.34207e-08
4.6627e-08
4.85411e-08
5.05033e-08
5.32864e-08
6.16378e-08
6.09955e-08
5.38323e-08
5.17993e-08
5.01002e-08
4.83272e-08
4.51496e-08
3.94819e-08
2.85728e-08
1.97359e-08
1.03802e-08
1.05374e-08
1.4675e-08
2.40724e-08
2.9688e-08
3.49481e-08
4.00092e-08
4.55999e-08
5.32724e-08
5.92793e-08
7.0081e-08
6.95074e-08
5.9644e-08
5.41652e-08
4.68271e-08
4.1376e-08
3.62547e-08
3.04669e-08
2.57729e-08
1.54968e-08
1.02236e-08
1.08504e-08
2.15641e-08
1.82651e-08
2.53509e-08
3.12968e-08
3.79781e-08
4.79195e-08
6.16071e-08
7.00561e-08
7.78287e-08
7.75693e-08
7.02061e-08
6.18926e-08
4.8468e-08
3.86579e-08
3.19405e-08
2.55724e-08
1.74144e-08
2.09005e-08
1.04478e-08
1.22993e-08
1.4437e-08
2.52619e-08
2.53878e-08
3.11782e-08
3.78877e-08
4.7636e-08
6.09716e-08
6.94975e-08
7.75665e-08
7.75709e-08
6.98484e-08
6.1496e-08
4.80661e-08
3.82631e-08
3.15547e-08
2.55551e-08
2.46154e-08
1.42599e-08
1.30867e-08
9.79573e-09
1.65268e-08
2.01885e-08
2.96965e-08
3.57172e-08
4.09298e-08
4.64221e-08
5.38298e-08
5.96432e-08
7.02053e-08
6.98424e-08
5.93111e-08
5.36081e-08
4.62046e-08
4.07707e-08
3.57026e-08
2.97494e-08
2.03764e-08
1.83852e-08
9.72721e-09
9.93407e-09
1.97758e-08
2.98548e-08
3.88901e-08
4.46659e-08
4.80278e-08
4.99393e-08
5.17937e-08
5.41628e-08
6.18866e-08
6.14905e-08
5.36031e-08
5.12446e-08
4.94244e-08
4.76043e-08
4.44201e-08
3.89393e-08
2.94162e-08
1.9576e-08
1.01117e-08
1.15925e-08
3.04513e-08
4.43063e-08
5.14699e-08
5.53382e-08
5.57105e-08
5.351e-08
5.00899e-08
4.68222e-08
4.84428e-08
4.80705e-08
4.61929e-08
4.94282e-08
5.28759e-08
5.51786e-08
5.49987e-08
5.14492e-08
4.44873e-08
3.055e-08
1.18222e-08
1.49469e-08
3.86011e-08
5.99191e-08
6.84241e-08
6.72461e-08
6.26643e-08
5.58671e-08
4.83033e-08
4.13715e-08
3.85923e-08
3.82926e-08
4.07325e-08
4.7611e-08
5.51679e-08
6.20572e-08
6.6852e-08
6.83826e-08
6.03699e-08
3.88371e-08
1.52704e-08
2.60062e-08
4.34628e-08
5.07447e-08
7.03212e-08
7.59241e-08
6.75033e-08
5.57059e-08
4.50952e-08
3.62484e-08
3.18404e-08
3.16366e-08
3.5624e-08
4.44151e-08
5.49679e-08
6.68432e-08
7.55765e-08
7.07206e-08
5.05534e-08
4.33708e-08
2.61867e-08
2.59035e-07
2.57368e-07
1.72937e-07
6.13637e-08
7.05362e-08
6.8985e-08
5.20857e-08
3.94534e-08
3.02524e-08
2.58374e-08
2.54724e-08
2.99822e-08
3.87495e-08
5.13647e-08
6.83532e-08
7.07063e-08
6.07264e-08
1.65259e-07
2.51836e-07
2.55759e-07
3.91272e-07
3.80748e-07
3.05127e-07
1.72474e-07
5.10195e-08
6.06182e-08
4.49434e-08
3.02548e-08
2.02896e-08
2.48502e-08
1.77037e-08
2.48781e-08
2.87118e-08
4.41842e-08
6.02392e-08
5.05373e-08
1.65323e-07
3.00421e-07
3.76404e-07
3.88273e-07
4.81293e-07
4.83111e-07
3.8073e-07
2.57289e-07
4.37633e-08
3.88585e-08
3.08852e-08
1.98755e-08
1.81988e-08
1.43092e-08
2.09394e-08
1.51812e-08
1.94618e-08
3.05583e-08
3.88245e-08
4.33627e-08
2.51921e-07
3.76416e-07
4.78412e-07
4.78268e-07
5.55517e-07
4.83352e-07
3.92764e-07
2.61371e-07
2.65359e-08
1.53016e-08
1.19034e-08
1.01616e-08
1.00409e-08
1.29861e-08
1.03906e-08
1.04376e-08
1.02834e-08
1.18529e-08
1.52364e-08
2.61589e-08
2.5577e-07
3.88253e-07
4.78228e-07
5.51269e-07
)
;
    }
    ceiling
    {
        lowReCorrection 0;
        type            epsilonWallFunction;
        value           nonuniform List<scalar> 
400
(
9.84182e-07
1.22479e-06
1.4429e-06
1.61762e-06
1.76148e-06
1.87138e-06
1.94357e-06
1.96617e-06
1.91708e-06
1.74576e-06
1.74166e-06
1.91241e-06
1.96529e-06
1.94619e-06
1.87682e-06
1.76895e-06
1.6263e-06
1.45192e-06
1.23312e-06
9.90405e-07
1.22479e-06
1.53434e-06
1.82825e-06
2.07919e-06
2.30055e-06
2.48392e-06
2.6195e-06
2.68295e-06
2.63672e-06
2.42583e-06
2.41795e-06
2.62909e-06
2.68079e-06
2.62238e-06
2.49079e-06
2.31009e-06
2.09001e-06
1.83903e-06
1.54375e-06
1.23131e-06
1.44289e-06
1.82824e-06
2.1987e-06
2.52796e-06
2.83005e-06
3.09114e-06
3.29679e-06
3.40907e-06
3.37256e-06
3.10292e-06
3.09039e-06
3.36173e-06
3.40554e-06
3.29975e-06
3.09917e-06
2.84124e-06
2.54035e-06
2.21064e-06
1.83827e-06
1.44962e-06
1.6176e-06
2.07916e-06
2.52793e-06
2.94251e-06
3.3424e-06
3.70535e-06
4.00318e-06
4.18377e-06
4.17281e-06
3.90677e-06
3.88651e-06
4.15838e-06
4.17853e-06
4.0057e-06
3.71397e-06
3.35455e-06
2.95564e-06
2.54005e-06
2.08885e-06
1.62388e-06
1.76145e-06
2.30051e-06
2.83e-06
3.34237e-06
3.87198e-06
4.36492e-06
4.78685e-06
5.0732e-06
5.13657e-06
4.92723e-06
4.89938e-06
5.11688e-06
5.06401e-06
4.78631e-06
4.37139e-06
3.88317e-06
3.35465e-06
2.84079e-06
2.30872e-06
1.76661e-06
1.87134e-06
2.48387e-06
3.09108e-06
3.70528e-06
4.36488e-06
4.99803e-06
5.56184e-06
5.98074e-06
6.16502e-06
6.07458e-06
6.03889e-06
6.1411e-06
5.96769e-06
5.55684e-06
4.99928e-06
4.37157e-06
3.71394e-06
3.09839e-06
2.48927e-06
1.87469e-06
1.94352e-06
2.61943e-06
3.2967e-06
4.00309e-06
4.78677e-06
5.5618e-06
6.28275e-06
6.87619e-06
7.28388e-06
7.532e-06
7.48537e-06
7.25642e-06
6.8595e-06
6.27304e-06
5.55731e-06
4.78692e-06
4.00569e-06
3.29898e-06
2.62108e-06
1.94456e-06
1.96611e-06
2.68287e-06
3.40897e-06
4.18366e-06
5.07309e-06
5.98065e-06
6.87615e-06
7.73088e-06
8.62141e-06
9.90797e-06
9.83623e-06
8.58483e-06
7.70842e-06
6.86026e-06
5.96933e-06
5.06557e-06
4.17913e-06
3.40535e-06
2.68006e-06
1.96436e-06
1.91701e-06
2.63663e-06
3.37245e-06
4.17267e-06
5.13642e-06
6.16489e-06
7.2838e-06
8.62137e-06
1.0611e-05
1.36143e-05
1.35147e-05
1.05429e-05
8.58298e-06
7.25654e-06
6.14314e-06
5.119e-06
4.1595e-06
3.36177e-06
2.62838e-06
1.91178e-06
1.74571e-06
2.42577e-06
3.10285e-06
3.90664e-06
4.92709e-06
6.07444e-06
7.53191e-06
9.90795e-06
1.36143e-05
1.47513e-05
1.48922e-05
1.35089e-05
9.82564e-06
7.47936e-06
6.03683e-06
4.89705e-06
3.883e-06
3.08505e-06
2.41189e-06
1.73595e-06
1.74178e-06
2.41816e-06
3.09071e-06
3.88696e-06
4.89999e-06
6.03969e-06
7.48652e-06
9.83799e-06
1.35169e-05
1.48918e-05
1.47644e-05
1.34128e-05
9.75865e-06
7.43207e-06
6.00124e-06
4.86922e-06
3.86157e-06
3.06951e-06
2.40038e-06
1.72811e-06
1.91259e-06
2.62936e-06
3.36211e-06
4.15888e-06
5.11749e-06
6.14183e-06
7.25725e-06
8.58584e-06
1.05442e-05
1.35102e-05
1.34129e-05
1.04662e-05
8.52804e-06
7.21306e-06
6.10634e-06
5.08791e-06
4.13426e-06
3.34155e-06
2.61266e-06
1.90016e-06
1.96546e-06
2.68104e-06
3.40589e-06
4.17898e-06
5.06456e-06
5.96831e-06
6.86016e-06
7.7091e-06
8.58378e-06
9.82671e-06
9.75885e-06
8.52807e-06
7.66379e-06
6.82092e-06
5.93391e-06
5.03454e-06
4.15337e-06
3.38449e-06
2.66379e-06
1.95256e-06
1.94634e-06
2.6226e-06
3.30004e-06
4.00608e-06
4.78678e-06
5.55738e-06
6.27361e-06
6.86085e-06
7.25718e-06
7.48018e-06
7.43221e-06
7.21306e-06
6.8209e-06
6.23682e-06
5.52369e-06
4.75652e-06
3.97987e-06
3.27802e-06
2.60481e-06
1.9329e-06
1.87694e-06
2.49097e-06
3.09941e-06
3.71427e-06
4.37176e-06
4.99973e-06
5.55782e-06
5.96987e-06
6.14374e-06
6.03754e-06
6.00131e-06
6.10631e-06
5.93388e-06
5.52368e-06
4.96762e-06
4.34218e-06
3.6884e-06
3.07751e-06
2.47313e-06
1.86326e-06
1.76906e-06
2.31023e-06
2.84143e-06
3.35478e-06
3.88345e-06
4.37193e-06
4.78734e-06
5.06605e-06
5.11955e-06
4.89771e-06
4.86931e-06
5.0879e-06
5.03451e-06
4.7565e-06
4.34217e-06
3.85567e-06
3.33031e-06
2.82047e-06
2.29296e-06
1.75554e-06
1.62639e-06
2.09012e-06
2.54049e-06
2.95582e-06
3.35487e-06
3.71422e-06
4.00603e-06
4.17954e-06
4.15998e-06
3.88357e-06
3.86169e-06
4.13426e-06
4.15335e-06
3.97986e-06
3.68838e-06
3.3303e-06
2.93367e-06
2.52124e-06
2.07402e-06
1.61347e-06
1.45198e-06
1.83911e-06
2.21075e-06
2.54019e-06
2.84097e-06
3.09861e-06
3.29926e-06
3.40568e-06
3.36217e-06
3.08551e-06
3.06966e-06
3.34159e-06
3.3845e-06
3.27803e-06
3.0775e-06
2.82046e-06
2.52123e-06
2.19392e-06
1.82481e-06
1.44015e-06
1.23317e-06
1.54381e-06
1.83835e-06
2.08896e-06
2.30885e-06
2.48944e-06
2.6213e-06
2.68032e-06
2.62869e-06
2.41225e-06
2.40053e-06
2.61271e-06
2.66381e-06
2.60482e-06
2.47314e-06
2.29297e-06
2.07403e-06
1.82482e-06
1.53209e-06
1.22309e-06
9.90438e-07
1.23136e-06
1.44969e-06
1.62397e-06
1.76672e-06
1.87482e-06
1.94471e-06
1.96455e-06
1.912e-06
1.73621e-06
1.72824e-06
1.90021e-06
1.95259e-06
1.93293e-06
1.86329e-06
1.75557e-06
1.6135e-06
1.44018e-06
1.22312e-06
9.83118e-07
)
;
    }
    fixedWalls
    {
        lowReCorrection 0;
        type            epsilonWallFunction;
        value           nonuniform List<scalar> 
800
(
5.48598e-07
6.31753e-07
6.87733e-07
7.23386e-07
7.52024e-07
7.7954e-07
8.11421e-07
8.50375e-07
9.02837e-07
9.84182e-07
4.74001e-07
5.36852e-07
6.04857e-07
6.62868e-07
7.22726e-07
7.90604e-07
8.67533e-07
9.56739e-07
1.07373e-06
1.22479e-06
3.82616e-07
3.93655e-07
4.54001e-07
5.30369e-07
6.34756e-07
7.57287e-07
8.93909e-07
1.04331e-06
1.22552e-06
1.4429e-06
2.45361e-07
2.74741e-07
3.11177e-07
3.77687e-07
5.19728e-07
7.00559e-07
8.97813e-07
1.10424e-06
1.34567e-06
1.61762e-06
2.58492e-08
1.60644e-07
2.21682e-07
2.65333e-07
4.13352e-07
6.41486e-07
8.90696e-07
1.1462e-06
1.4391e-06
1.76148e-06
1.53886e-08
6.16894e-08
1.48647e-07
1.84926e-07
3.08849e-07
5.81121e-07
8.69197e-07
1.16384e-06
1.49757e-06
1.87138e-06
1.16031e-08
2.51033e-08
9.72114e-08
1.28681e-07
2.23954e-07
5.23344e-07
8.34957e-07
1.15733e-06
1.52094e-06
1.94357e-06
1.00144e-08
2.41944e-08
4.33627e-08
8.30016e-08
1.58116e-07
4.66075e-07
7.87707e-07
1.12177e-06
1.4994e-06
1.96617e-06
1.00767e-08
2.29703e-08
3.38828e-08
4.82568e-08
1.10376e-07
4.16818e-07
7.29836e-07
1.05354e-06
1.41891e-06
1.91708e-06
1.42814e-08
2.56174e-08
3.86585e-08
4.41218e-08
9.36175e-08
3.75241e-07
6.5786e-07
9.44124e-07
1.26202e-06
1.74576e-06
1.00528e-08
2.20119e-08
3.71228e-08
4.33433e-08
9.69407e-08
3.78581e-07
6.59665e-07
9.44251e-07
1.26035e-06
1.74166e-06
9.44316e-09
2.29303e-08
3.28663e-08
4.99549e-08
1.16889e-07
4.22697e-07
7.32562e-07
1.05332e-06
1.41605e-06
1.91241e-06
9.99104e-09
2.44161e-08
4.37267e-08
8.48241e-08
1.64887e-07
4.73197e-07
7.92206e-07
1.12402e-06
1.50009e-06
1.96529e-06
1.16993e-08
2.53529e-08
9.79312e-08
1.30276e-07
2.31419e-07
5.30956e-07
8.40846e-07
1.16185e-06
1.52509e-06
1.94619e-06
1.50838e-08
6.28831e-08
1.49439e-07
1.86299e-07
3.19187e-07
5.88925e-07
8.76183e-07
1.17029e-06
1.50443e-06
1.87682e-06
2.6089e-08
1.63212e-07
2.22954e-07
2.6709e-07
4.19518e-07
6.49026e-07
8.98349e-07
1.15404e-06
1.44778e-06
1.76895e-06
2.5901e-07
2.82299e-07
3.1342e-07
3.793e-07
5.25286e-07
7.07807e-07
9.05773e-07
1.11281e-06
1.35515e-06
1.6263e-06
3.91295e-07
3.99036e-07
4.57533e-07
5.34723e-07
6.40342e-07
7.64306e-07
9.018e-07
1.05192e-06
1.23493e-06
1.45192e-06
4.81312e-07
5.42477e-07
6.09854e-07
6.68128e-07
7.28506e-07
7.97372e-07
8.7499e-07
9.64746e-07
1.08221e-06
1.23312e-06
5.55532e-07
6.38809e-07
6.94512e-07
7.29873e-07
7.58338e-07
7.85827e-07
8.17688e-07
8.56635e-07
9.09101e-07
9.90405e-07
5.55517e-07
6.38801e-07
6.94512e-07
7.29879e-07
7.58349e-07
7.8584e-07
8.17705e-07
8.56655e-07
9.09126e-07
9.90438e-07
4.83352e-07
5.46899e-07
6.14725e-07
6.72369e-07
7.31652e-07
7.98878e-07
8.7521e-07
9.64124e-07
1.0811e-06
1.23136e-06
3.92764e-07
4.04562e-07
4.65733e-07
5.42156e-07
6.45407e-07
7.67199e-07
9.02755e-07
1.05156e-06
1.23391e-06
1.44969e-06
2.61371e-07
2.85762e-07
3.19307e-07
3.86796e-07
5.31167e-07
7.11261e-07
9.07074e-07
1.1127e-06
1.35439e-06
1.62397e-06
2.65359e-08
1.66187e-07
2.26951e-07
2.72442e-07
4.24609e-07
6.52286e-07
8.99769e-07
1.1542e-06
1.44733e-06
1.76672e-06
1.53016e-08
6.63473e-08
1.51882e-07
1.88814e-07
3.23609e-07
5.91579e-07
8.77597e-07
1.17065e-06
1.50414e-06
1.87482e-06
1.19034e-08
2.56837e-08
9.89891e-08
1.31515e-07
2.34393e-07
5.33238e-07
8.42287e-07
1.16259e-06
1.52524e-06
1.94471e-06
1.01616e-08
2.48353e-08
4.48365e-08
8.54393e-08
1.67512e-07
4.75141e-07
7.93761e-07
1.12526e-06
1.50105e-06
1.96455e-06
1.00409e-08
2.37532e-08
3.40727e-08
5.07033e-08
1.19449e-07
4.24875e-07
7.34364e-07
1.05479e-06
1.41739e-06
1.912e-06
1.29861e-08
2.52998e-08
3.84348e-08
4.39119e-08
1.01577e-07
3.82169e-07
6.60592e-07
9.42677e-07
1.25671e-06
1.73621e-06
1.03906e-08
2.27793e-08
3.77954e-08
4.38216e-08
1.03394e-07
3.83231e-07
6.5994e-07
9.40156e-07
1.252e-06
1.72824e-06
1.04376e-08
2.35954e-08
3.32784e-08
5.07951e-08
1.21465e-07
4.24897e-07
7.31448e-07
1.04894e-06
1.40846e-06
1.90021e-06
1.02834e-08
2.48374e-08
4.50424e-08
8.50922e-08
1.67092e-07
4.73497e-07
7.89508e-07
1.1184e-06
1.49145e-06
1.95259e-06
1.18529e-08
2.56692e-08
9.84083e-08
1.30394e-07
2.33281e-07
5.29881e-07
8.36886e-07
1.15507e-06
1.5153e-06
1.93293e-06
1.52364e-08
6.46375e-08
1.50076e-07
1.86588e-07
3.20146e-07
5.86795e-07
8.71267e-07
1.16264e-06
1.49392e-06
1.86329e-06
2.61589e-08
1.63336e-07
2.23492e-07
2.68352e-07
4.18894e-07
6.46145e-07
8.92723e-07
1.14585e-06
1.43701e-06
1.75557e-06
2.5577e-07
2.80725e-07
3.1389e-07
3.80479e-07
5.24113e-07
7.04186e-07
8.9963e-07
1.10441e-06
1.34455e-06
1.6135e-06
3.88253e-07
3.9807e-07
4.5772e-07
5.33973e-07
6.37696e-07
7.59717e-07
8.95269e-07
1.04364e-06
1.22494e-06
1.44018e-06
4.78228e-07
5.40161e-07
6.0733e-07
6.64856e-07
7.24263e-07
7.91845e-07
8.6826e-07
9.56921e-07
1.07334e-06
1.22312e-06
5.51269e-07
6.33993e-07
6.89331e-07
7.24448e-07
7.52697e-07
7.79932e-07
8.1155e-07
8.50211e-07
9.02322e-07
9.83118e-07
5.48598e-07
6.31753e-07
6.87733e-07
7.23386e-07
7.52024e-07
7.7954e-07
8.11421e-07
8.50375e-07
9.02837e-07
9.84182e-07
4.7398e-07
5.36806e-07
6.04804e-07
6.62821e-07
7.22688e-07
7.90579e-07
8.67518e-07
9.56732e-07
1.07372e-06
1.22479e-06
3.82611e-07
3.93638e-07
4.53948e-07
5.30317e-07
6.34714e-07
7.57251e-07
8.93881e-07
1.04329e-06
1.2255e-06
1.44289e-06
2.45179e-07
2.74734e-07
3.11167e-07
3.77676e-07
5.19707e-07
7.00535e-07
8.97784e-07
1.10421e-06
1.34564e-06
1.6176e-06
2.58556e-08
1.60577e-07
2.21696e-07
2.6534e-07
4.13332e-07
6.41489e-07
8.90673e-07
1.14616e-06
1.43906e-06
1.76145e-06
1.55475e-08
6.19028e-08
1.48725e-07
1.84949e-07
3.08781e-07
5.81127e-07
8.69181e-07
1.16379e-06
1.49752e-06
1.87134e-06
1.18773e-08
2.52586e-08
9.72777e-08
1.28672e-07
2.2368e-07
5.23296e-07
8.3495e-07
1.15728e-06
1.52088e-06
1.94352e-06
1.01703e-08
2.44034e-08
4.2955e-08
8.30528e-08
1.57906e-07
4.66007e-07
7.87717e-07
1.12173e-06
1.49933e-06
1.96611e-06
1.05374e-08
2.32351e-08
3.26859e-08
4.79387e-08
1.09717e-07
4.16594e-07
7.29813e-07
1.0535e-06
1.41884e-06
1.91701e-06
1.08504e-08
2.10393e-08
3.68286e-08
4.38529e-08
9.27943e-08
3.74921e-07
6.57854e-07
9.4412e-07
1.26198e-06
1.74571e-06
1.22993e-08
2.48858e-08
3.72737e-08
4.30407e-08
9.62257e-08
3.78412e-07
6.59679e-07
9.44302e-07
1.26042e-06
1.74178e-06
9.79573e-09
2.35733e-08
3.309e-08
4.99199e-08
1.16516e-07
4.22652e-07
7.32617e-07
1.05341e-06
1.41619e-06
1.91259e-06
9.93407e-09
2.45252e-08
4.38009e-08
8.4885e-08
1.64782e-07
4.73199e-07
7.92263e-07
1.12411e-06
1.50022e-06
1.96546e-06
1.15925e-08
2.53426e-08
9.798e-08
1.30315e-07
2.31469e-07
5.30976e-07
8.40891e-07
1.16192e-06
1.52519e-06
1.94634e-06
1.49469e-08
6.29186e-08
1.49442e-07
1.8632e-07
3.19199e-07
5.8894e-07
8.76216e-07
1.17035e-06
1.50452e-06
1.87694e-06
2.60062e-08
1.6318e-07
2.22957e-07
2.67113e-07
4.19533e-07
6.49037e-07
8.98375e-07
1.15408e-06
1.44784e-06
1.76906e-06
2.59035e-07
2.82304e-07
3.13436e-07
3.7933e-07
5.25299e-07
7.07819e-07
9.05795e-07
1.11284e-06
1.3552e-06
1.62639e-06
3.91272e-07
3.99026e-07
4.57539e-07
5.34734e-07
6.40358e-07
7.64322e-07
9.01821e-07
1.05195e-06
1.23497e-06
1.45198e-06
4.81293e-07
5.42471e-07
6.0986e-07
6.68139e-07
7.28521e-07
7.97388e-07
8.75008e-07
9.64768e-07
1.08223e-06
1.23317e-06
5.55517e-07
6.38801e-07
6.94512e-07
7.29879e-07
7.58349e-07
7.8584e-07
8.17705e-07
8.56655e-07
9.09126e-07
9.90438e-07
5.55532e-07
6.38809e-07
6.94512e-07
7.29873e-07
7.58338e-07
7.85827e-07
8.17688e-07
8.56635e-07
9.09101e-07
9.90405e-07
4.8339e-07
5.46937e-07
6.14756e-07
6.72393e-07
7.31668e-07
7.98884e-07
8.75205e-07
9.6411e-07
1.08107e-06
1.23131e-06
3.92815e-07
4.04619e-07
4.65791e-07
5.42211e-07
6.45446e-07
7.67224e-07
9.02759e-07
1.05154e-06
1.23388e-06
1.44962e-06
2.61444e-07
2.85815e-07
3.19345e-07
3.86855e-07
5.31229e-07
7.11303e-07
9.07083e-07
1.11268e-06
1.35435e-06
1.62388e-06
2.65438e-08
1.66211e-07
2.26969e-07
2.7249e-07
4.24678e-07
6.52342e-07
8.99781e-07
1.15417e-06
1.44728e-06
1.76661e-06
1.53202e-08
6.64714e-08
1.51915e-07
1.88834e-07
3.23738e-07
5.91647e-07
8.77612e-07
1.17062e-06
1.50407e-06
1.87469e-06
1.19682e-08
2.57726e-08
9.90032e-08
1.31521e-07
2.34456e-07
5.333e-07
8.42297e-07
1.16254e-06
1.52514e-06
1.94456e-06
1.03802e-08
2.48616e-08
4.47706e-08
8.55128e-08
1.67692e-07
4.75245e-07
7.93772e-07
1.1252e-06
1.50093e-06
1.96436e-06
1.02236e-08
2.37025e-08
3.37395e-08
5.06688e-08
1.19596e-07
4.24995e-07
7.34382e-07
1.05472e-06
1.41724e-06
1.91178e-06
1.04478e-08
2.27423e-08
3.80208e-08
4.40408e-08
1.01957e-07
3.82316e-07
6.60612e-07
9.42602e-07
1.25655e-06
1.73595e-06
1.30867e-08
2.5241e-08
3.82462e-08
4.37207e-08
1.03056e-07
3.83258e-07
6.59951e-07
9.40116e-07
1.25192e-06
1.72811e-06
9.72721e-09
2.3501e-08
3.35299e-08
5.07347e-08
1.21344e-07
4.24935e-07
7.31482e-07
1.04895e-06
1.40846e-06
1.90016e-06
1.01117e-08
2.46653e-08
4.51275e-08
8.51002e-08
1.6711e-07
4.73555e-07
7.89549e-07
1.11843e-06
1.49146e-06
1.95256e-06
1.18222e-08
2.55247e-08
9.84215e-08
1.3042e-07
2.33377e-07
5.29957e-07
8.36934e-07
1.15509e-06
1.51532e-06
1.9329e-06
1.52704e-08
6.46059e-08
1.50103e-07
1.8664e-07
3.20285e-07
5.86883e-07
8.71321e-07
1.16267e-06
1.49394e-06
1.86326e-06
2.61867e-08
1.63384e-07
2.23566e-07
2.68482e-07
4.19029e-07
6.46245e-07
8.92779e-07
1.14588e-06
1.43702e-06
1.75554e-06
2.55759e-07
2.80763e-07
3.14002e-07
3.80654e-07
5.24263e-07
7.04286e-07
8.99682e-07
1.10443e-06
1.34456e-06
1.61347e-06
3.88273e-07
3.98172e-07
4.57889e-07
5.34137e-07
6.37818e-07
7.59796e-07
8.95309e-07
1.04365e-06
1.22494e-06
1.44015e-06
4.78268e-07
5.40252e-07
6.07434e-07
6.64951e-07
7.24336e-07
7.91886e-07
8.68275e-07
9.56917e-07
1.07333e-06
1.22309e-06
5.51269e-07
6.33993e-07
6.89331e-07
7.24448e-07
7.52697e-07
7.79932e-07
8.1155e-07
8.50211e-07
9.02322e-07
9.83118e-07
)
;
    }
}


// ************************************************************************* //
