/*--------------------------------*- C++ -*----------------------------------*\
| =========                 |                                                 |
| \\      /  F ield         | OpenFOAM: The Open Source CFD Toolbox           |
|  \\    /   O peration     | Version:  v1912                                 |
|   \\  /    A nd           | Website:  www.openfoam.com                      |
|    \\/     M anipulation  |                                                 |
\*---------------------------------------------------------------------------*/
FoamFile
{
    version     2.0;
    format      ascii;
    class       surfaceScalarField;
    location    "450";
    object      phi;
}
// * * * * * * * * * * * * * * * * * * * * * * * * * * * * * * * * * * * * * //

dimensions      [0 3 -1 0 0 0 0];
oriented        oriented;


internalField   nonuniform List<scalar> 
3895
(
0.000814745
0.000381431
0.000499359
0.000315386
0.000251562
0.000247797
6.48595e-05
0.000186702
-6.22025e-05
0.000127062
-0.000127347
6.51443e-05
-0.00013767
1.03228e-05
-0.00011365
-2.40192e-05
-9.02812e-05
-2.33692e-05
-8.48248e-05
-5.45645e-06
-6.5975e-05
-1.88498e-05
-4.43387e-05
-2.16363e-05
-3.95105e-05
-4.82816e-06
-4.68202e-05
7.30968e-06
-4.23426e-05
-4.47762e-06
-2.76153e-05
-1.47273e-05
-2.07654e-05
-6.84988e-06
-2.18347e-05
1.0693e-06
-2.49498e-05
3.11509e-06
-2.66632e-05
1.71344e-06
-2.58076e-05
-8.55659e-07
-2.25243e-05
-3.28326e-06
-1.75444e-05
-4.97993e-06
-1.2405e-05
-5.13938e-06
-7.95718e-06
-4.44781e-06
-4.63306e-06
-3.32412e-06
-2.4506e-06
-2.18246e-06
-1.05953e-06
-1.39107e-06
5.63164e-08
-1.11585e-06
1.16424e-06
-1.10792e-06
2.31412e-06
-1.14988e-06
3.46072e-06
-1.1466e-06
4.57066e-06
-1.10994e-06
5.60411e-06
-1.03345e-06
6.47382e-06
-8.69706e-07
7.12955e-06
-6.55737e-07
7.50078e-06
-3.71231e-07
7.53401e-06
-3.32256e-08
7.14053e-06
3.93481e-07
6.28129e-06
8.59232e-07
4.89929e-06
1.382e-06
2.89051e-06
2.00878e-06
1.13765e-07
2.77675e-06
-3.57575e-06
3.68952e-06
-8.34679e-06
4.77104e-06
-1.43863e-05
6.0395e-06
-2.20304e-05
7.64413e-06
-3.19452e-05
9.91478e-06
-4.53739e-05
1.34287e-05
-6.43648e-05
1.89909e-05
-9.17152e-05
2.73504e-05
-0.000130359
3.86438e-05
-0.00018251
5.2151e-05
-0.000249022
6.65123e-05
-0.000328665
7.96431e-05
-0.000417268
8.86025e-05
-0.000507732
9.04637e-05
-0.000591292
8.35604e-05
-0.000659181
6.78887e-05
-0.000702773
4.3592e-05
-0.000710764
7.99103e-06
-0.00069333
-1.74334e-05
-0.000654823
-3.8507e-05
-0.000598867
-5.59558e-05
-0.000529473
-6.93944e-05
-0.00044977
-7.97034e-05
-0.00036179
-8.79796e-05
-0.000267044
-9.47459e-05
-0.000167062
-9.99815e-05
-6.34573e-05
-0.000103605
4.18943e-05
-0.000105352
0.000147069
-0.000105175
0.000250536
-0.000103467
0.000350921
-0.000100385
0.000447303
-9.6382e-05
0.000539568
-9.22655e-05
0.000627932
-8.83638e-05
0.000715498
-8.75654e-05
0.000802588
-8.70909e-05
-0.000107933
0.00108795
0.000349294
0.00104738
0.000355949
0.000933274
0.000361907
0.000775739
0.000344238
0.000598419
0.000304382
0.000410377
0.000253186
0.000221252
0.000199448
5.38737e-05
0.000143359
-6.04921e-05
9.09966e-05
-0.000110317
4.43683e-05
-0.000132141
2.97406e-06
-0.000124577
-2.92001e-05
-0.000106866
-2.25391e-05
-0.000109173
9.61708e-06
-0.000105239
-8.41227e-06
-9.22871e-05
-2.76789e-05
-7.69555e-05
-2.21815e-05
-7.74752e-05
1.58905e-06
-8.48033e-05
1.04432e-05
-8.95792e-05
6.48931e-06
-9.09962e-05
5.61287e-07
-8.68376e-05
-7.44179e-06
-8.02957e-05
-1.15218e-05
-7.33904e-05
-1.20447e-05
-6.68711e-05
-1.09671e-05
-6.14028e-05
-8.79242e-06
-5.75472e-05
-6.03803e-06
-5.56964e-05
-3.24187e-06
-5.57291e-05
-1.08311e-06
-5.72115e-05
3.74458e-07
-5.97903e-05
1.42884e-06
-6.28579e-05
1.92103e-06
-6.61093e-05
2.1415e-06
-6.94492e-05
2.30643e-06
-7.29612e-05
2.64229e-06
-7.67759e-05
3.15896e-06
-8.09731e-05
3.82599e-06
-8.56219e-05
4.61555e-06
-9.07483e-05
5.51987e-06
-9.64289e-05
6.53979e-06
-0.000102731
7.68448e-06
-0.000109704
8.98149e-06
-0.000117385
1.04572e-05
-0.000125804
1.21094e-05
-0.000134933
1.38999e-05
-0.000144692
1.57986e-05
-0.000154969
1.79204e-05
-0.000165723
2.0669e-05
-0.000177013
2.47192e-05
-0.000188911
3.08882e-05
-0.000201536
3.9976e-05
-0.000215097
5.22046e-05
-0.000229553
6.66071e-05
-0.000244043
8.10017e-05
-0.000256427
9.20276e-05
-0.000262992
9.51672e-05
-0.000259077
8.65491e-05
-0.000240722
6.52055e-05
-0.00020655
3.37167e-05
-0.000165246
2.28746e-06
-0.00011832
-3.89347e-05
-6.60023e-05
-6.97512e-05
-1.10856e-05
-9.34237e-05
4.53009e-05
-0.000112342
0.000104655
-0.000128748
0.000168201
-0.00014325
0.000235934
-0.000155713
0.000306926
-0.000165738
0.000379743
-0.000172799
0.000452686
-0.000176548
0.00052425
-0.000176916
0.000593219
-0.000174143
0.000658492
-0.00016874
0.000719489
-0.000161382
0.000776027
-0.00015292
0.000828186
-0.000144424
0.000876805
-0.000136983
0.000921891
-0.000132651
0.000966159
-0.000131359
-0.000142725
0.000975282
0.000305926
0.00102604
0.00030519
0.00106097
0.000326978
0.00105862
0.000346591
0.00101217
0.000350829
0.00092504
0.000340315
0.000805738
0.000318751
0.000661739
0.000287358
0.00050487
0.000247865
0.00034577
0.000203469
0.000190161
0.000158582
4.71319e-05
0.000113829
-4.98672e-05
7.446e-05
-8.67289e-05
4.64788e-05
-0.00010759
1.24493e-05
-0.000116723
-1.8546e-05
-0.000105667
-3.32379e-05
-9.53384e-05
-8.73944e-06
-0.00010192
1.70245e-05
-0.00011073
1.52998e-05
-0.000116248
6.07913e-06
-0.000119948
-3.74175e-06
-0.000120909
-1.0561e-05
-0.000118827
-1.41266e-05
-0.000116432
-1.33623e-05
-0.000115707
-9.51706e-06
-0.000117305
-4.44012e-06
-0.000121097
5.50054e-07
-0.00012533
3.14989e-06
-0.000130004
5.04881e-06
-0.000134821
6.24536e-06
-0.000139746
6.84615e-06
-0.000144637
7.03235e-06
-0.000149382
7.05179e-06
-0.000154012
7.27245e-06
-0.000158628
7.77484e-06
-0.000163287
8.48432e-06
-0.000167988
9.3165e-06
-0.000172666
1.01982e-05
-0.000177228
1.11017e-05
-0.000181586
1.20422e-05
-0.000185679
1.30753e-05
-0.000189458
1.42356e-05
-0.000192807
1.54584e-05
-0.000195433
1.65264e-05
-0.000196771
1.71365e-05
-0.000195917
1.70661e-05
-0.000191729
1.64815e-05
-0.00018313
1.61196e-05
-0.000169015
1.67735e-05
-0.000147961
1.89218e-05
-0.000119093
2.33369e-05
-8.15254e-05
2.90392e-05
-3.46344e-05
3.41107e-05
2.13602e-05
3.60329e-05
8.40114e-05
3.2516e-05
0.000148756
2.18043e-05
0.000209157
4.80429e-06
0.000264817
-2.19425e-05
0.00031784
-5.07359e-05
0.000361288
-8.23827e-05
0.00040311
-0.000111574
0.000446706
-0.00013702
0.000493726
-0.000159362
0.000543821
-0.000178843
0.00059574
-0.000195169
0.000647861
-0.000207834
0.000698528
-0.000216404
0.000746353
-0.000220624
0.000790315
-0.000220509
0.000829775
-0.000216376
0.000864449
-0.000208817
0.000894345
-0.000198637
0.000919745
-0.000186782
0.000941111
-0.000174286
0.000958938
-0.000162251
0.00097382
-0.000151865
0.000985626
-0.000144457
0.00099542
-0.000141154
-0.000145615
0.000857109
0.000271375
0.000897356
0.000264943
0.000950165
0.000274169
0.00100471
0.000292049
0.00104637
0.000309163
0.0010653
0.000321385
0.00105663
0.000327426
0.00101791
0.000326072
0.000949516
0.000316264
0.000855034
0.000297951
0.000740841
0.000272776
0.000611856
0.000242814
0.000476496
0.00020982
0.000348287
0.000174687
0.000223393
0.000137343
0.000101824
0.000103023
-8.98992e-07
6.94847e-05
-5.36806e-05
4.40422e-05
-6.63316e-05
2.96755e-05
-6.90371e-05
1.80053e-05
-7.19786e-05
9.02063e-06
-7.78849e-05
2.16459e-06
-8.49374e-05
-3.50843e-06
-9.26112e-05
-6.45282e-06
-9.88299e-05
-7.1436e-06
-0.000103194
-5.1531e-06
-0.000107312
-3.21757e-07
-0.000112176
5.41371e-06
-0.000117447
8.42097e-06
-0.000122397
9.99845e-06
-0.000126694
1.05425e-05
-0.000130274
1.04267e-05
-0.000133189
9.94744e-06
-0.000135266
9.12788e-06
-0.000136822
8.82897e-06
-0.000137818
8.77035e-06
-0.000138187
8.85332e-06
-0.000137727
8.85741e-06
-0.00013627
8.74098e-06
-0.000133653
8.48473e-06
-0.000129728
8.1174e-06
-0.000124355
7.70137e-06
-0.000117431
7.31171e-06
-0.000108892
6.91954e-06
-9.85749e-05
6.20958e-06
-8.62948e-05
4.85639e-06
-7.1518e-05
2.28922e-06
-5.33773e-05
-1.6592e-06
-3.15057e-05
-5.752e-06
-4.2217e-06
-1.05105e-05
2.98755e-05
-1.51754e-05
7.27445e-05
-1.9532e-05
0.000125266
-2.34825e-05
0.000186856
-2.74794e-05
0.000255475
-3.25861e-05
0.000328217
-4.02261e-05
0.000401811
-5.17891e-05
0.000474801
-6.81857e-05
0.000542411
-8.95525e-05
0.000605355
-0.00011368
0.000661915
-0.000138943
0.000713687
-0.000163345
0.000762031
-0.000185363
0.00080698
-0.000204312
0.000847889
-0.000219751
0.000883964
-0.000231244
0.000914556
-0.000238426
0.000939285
-0.000241133
0.000958117
-0.000239456
0.000971346
-0.000233738
0.000979528
-0.000224559
0.000983387
-0.000212676
0.000983718
-0.000198968
0.000981303
-0.000184366
0.00097683
-0.000169814
0.000970815
-0.000156236
0.000963558
-0.000144607
0.000954897
-0.000135796
0.000944692
-0.000130949
-0.000131035
0.000759397
0.000238012
0.000790536
0.000233804
0.000828352
0.000236353
0.000874987
0.000245414
0.000927004
0.000257146
0.000978873
0.000269516
0.00102441
0.000281886
0.00105755
0.000292939
0.00107318
0.000300631
0.00106784
0.000303285
0.00104039
0.00030023
0.000991515
0.000291688
0.000923192
0.000278143
0.000838816
0.000259064
0.000741486
0.000234673
0.000636587
0.000207923
0.000532082
0.00017399
0.000433797
0.000142327
0.000348546
0.000114926
0.000275298
9.1253e-05
0.000212584
7.17351e-05
0.000158886
5.58628e-05
0.000112114
4.3263e-05
7.2085e-05
3.35762e-05
3.88931e-05
2.60484e-05
1.35697e-05
2.01703e-05
-2.49315e-06
1.5741e-05
-9.81916e-06
1.27397e-05
-1.16475e-05
1.02493e-05
-1.00241e-05
8.37502e-06
-6.38377e-06
6.90217e-06
-1.61338e-06
5.65635e-06
3.86771e-06
4.46635e-06
9.74027e-06
3.25532e-06
1.60539e-05
2.51533e-06
2.33887e-05
1.43552e-06
3.24746e-05
-2.32488e-07
4.32116e-05
-1.87966e-06
5.59412e-05
-3.98856e-06
7.0926e-05
-6.50008e-06
8.84204e-05
-9.37698e-06
0.00010868
-1.25579e-05
0.000131976
-1.59847e-05
0.000158564
-1.96685e-05
0.000188498
-2.37243e-05
0.000221695
-2.83408e-05
0.000257717
-3.37324e-05
0.00029593
-3.98727e-05
0.00033668
-4.65017e-05
0.000379703
-5.3534e-05
0.000425216
-6.06884e-05
0.000473394
-6.77096e-05
0.000524482
-7.457e-05
0.000578542
-8.15396e-05
0.000635178
-8.92227e-05
0.000693383
-9.8431e-05
0.000751531
-0.000109937
0.00080749
-0.000124145
0.000858838
-0.0001409
0.000904436
-0.000159278
0.000943493
-0.000178
0.000975866
-0.000195718
0.0010017
-0.000211198
0.001021
-0.000223613
0.00103374
-0.000232492
0.00104006
-0.000237559
0.00104034
-0.000238703
0.00103521
-0.000236007
0.00102552
-0.000229763
0.00101222
-0.000220445
0.000996331
-0.000208667
0.000978789
-0.000195135
0.000960419
-0.000180598
0.000941863
-0.00016581
0.000923555
-0.000151505
0.000905694
-0.000138375
0.000888221
-0.000127135
0.00087077
-0.000118345
0.0008527
-0.00011288
-0.000110866
0.000672434
0.000206415
0.000702275
0.000203963
0.000733372
0.000205256
0.00076784
0.000210946
0.000806616
0.00021837
0.00085004
0.000226092
0.000897306
0.00023462
0.000946037
0.000244208
0.000992647
0.000254021
0.00103306
0.000262874
0.00106349
0.000269795
0.00108117
0.00027401
0.00108444
0.000274873
0.00107206
0.000271443
0.00104368
0.000263058
0.00100101
0.000250589
0.000949029
0.000225974
0.00089168
0.000199676
0.000831936
0.00017467
0.0007722
0.000150989
0.000714646
0.000129289
0.000660561
0.000109948
0.000610762
9.30623e-05
0.000565846
7.84914e-05
0.000526002
6.58923e-05
0.00049119
5.4983e-05
0.000461386
4.55448e-05
0.000436832
3.7294e-05
0.000417179
2.99017e-05
0.000402246
2.33082e-05
0.000391768
1.73804e-05
0.000385447
1.19771e-05
0.000383004
6.90973e-06
0.000384514
1.74513e-06
0.000389846
-2.81673e-06
0.00039885
-7.56808e-06
0.000411183
-1.2566e-05
0.000426901
-1.75973e-05
0.000445713
-2.28006e-05
0.000467386
-2.81732e-05
0.000491672
-3.3663e-05
0.000518347
-3.9233e-05
0.00054723
-4.4868e-05
0.000578152
-5.05901e-05
0.000610896
-5.64686e-05
0.000645155
-6.25995e-05
0.000680482
-6.90596e-05
0.000716443
-7.58338e-05
0.000752733
-8.27918e-05
0.000788979
-8.97792e-05
0.00082492
-9.66299e-05
0.000860428
-0.000103217
0.000895415
-0.000109558
0.000929739
-0.000115863
0.00096306
-0.000122543
0.000994743
-0.000130114
0.00102384
-0.000139038
0.00104923
-0.000149532
0.00106977
-0.000161441
0.00108466
-0.000174161
0.00109342
-0.000186762
0.00109595
-0.00019825
0.00109248
-0.000207732
0.00108345
-0.00021458
0.00106941
-0.00021845
0.00105106
-0.000219211
0.00102924
-0.000216888
0.00100489
-0.000211654
0.000978946
-0.000203819
0.000952308
-0.000193806
0.00092576
-0.000182119
0.000899931
-0.000169305
0.000875265
-0.000155932
0.000852019
-0.000142563
0.000830262
-0.000129749
0.000809885
-0.000117997
0.000790595
-0.000107846
0.000771884
-9.96329e-05
0.000753114
-9.41103e-05
-9.08227e-05
0.000594386
0.000177666
0.00062317
0.000175179
0.000652323
0.000176103
0.000682116
0.000181154
0.000712926
0.00018756
0.000745615
0.000193402
0.000781185
0.00019905
0.0008202
0.000205193
0.000862421
0.0002118
0.000906722
0.000218572
0.000951238
0.000225279
0.000993689
0.000231558
0.00103175
0.000236815
0.00106302
0.000240173
0.00108533
0.000240744
0.00109755
0.000238366
0.00109979
0.000223736
0.00109371
0.000205756
0.00108086
0.000187525
0.00106273
0.00016912
0.001041
0.000151018
0.00101721
0.000133729
0.000992719
0.000117558
0.000968595
0.000102615
0.000945617
8.88702e-05
0.000924358
7.62424e-05
0.000905265
6.46372e-05
0.000888653
5.39066e-05
0.000874659
4.38957e-05
0.000863439
3.45285e-05
0.000855091
2.57281e-05
0.000849678
1.739e-05
0.000847199
9.38842e-06
0.000847224
1.72034e-06
0.000850278
-5.87085e-06
0.000855942
-1.32318e-05
0.000863925
-2.05492e-05
0.000874082
-2.77543e-05
0.000886108
-3.48269e-05
0.000899699
-4.17636e-05
0.000914575
-4.85388e-05
0.000930472
-5.51305e-05
0.000947143
-6.15388e-05
0.000964344
-6.77912e-05
0.000981815
-7.39399e-05
0.000999261
-8.00457e-05
0.00101635
-8.61483e-05
0.00103275
-9.22321e-05
0.00104817
-9.82132e-05
0.00106237
-0.000103981
0.00107518
-0.000109442
0.00108652
-0.000114552
0.00109633
-0.000119364
0.00110453
-0.000124065
0.00111095
-0.000128962
0.00111524
-0.000134412
0.00111692
-0.000140719
0.0011154
-0.000148009
0.0011101
-0.000156143
0.00110063
-0.000164692
0.00108688
-0.000173008
0.00106901
-0.000180387
0.00104748
-0.0001862
0.00102289
-0.00018999
0.000995942
-0.000191499
0.00096737
-0.000190639
0.000937924
-0.000187442
0.000908317
-0.000182047
0.000879185
-0.000174686
0.000851047
-0.000165668
0.000824287
-0.00015536
0.000799149
-0.000144168
0.000775741
-0.000132524
0.000754048
-0.000120869
0.000733944
-0.000109645
0.000715198
-9.92518e-05
0.000697482
-9.01299e-05
0.000680295
-8.24464e-05
0.000663173
-7.69876e-05
-7.25739e-05
0.000525111
0.000151816
0.000551937
0.000148353
0.000579147
0.000148892
0.000606468
0.000153832
0.000634008
0.00016002
0.000661956
0.000165455
0.000690631
0.000170374
0.00072061
0.000175215
0.000752543
0.000179867
0.000786887
0.000184228
0.000823744
0.000188423
0.000862761
0.000192541
0.000903123
0.000196453
0.00094354
0.000199757
0.000982368
0.000201916
0.00101809
0.000202646
0.00104838
0.000193444
0.00107283
0.000181305
0.00109166
0.000168692
0.00110528
0.000155505
0.00111432
0.000141982
0.00111956
0.000128488
0.00112182
0.0001153
0.00112186
0.000102573
0.00112036
9.03686e-05
0.0011179
7.86992e-05
0.00111499
6.75541e-05
0.001112
5.68953e-05
0.00110922
4.66684e-05
0.00110691
3.68395e-05
0.00110526
2.73828e-05
0.00110439
1.82565e-05
0.00110435
9.42617e-06
0.00110507
1.00592e-06
0.00110662
-7.41734e-06
0.0011088
-1.54131e-05
0.00111146
-2.32111e-05
0.00111448
-3.07783e-05
0.00111772
-3.80686e-05
0.00112103
-4.50655e-05
0.00112424
-5.17522e-05
0.00112723
-5.81157e-05
0.00112985
-6.41614e-05
0.00113197
-6.99168e-05
0.00113346
-7.54257e-05
0.00113415
-8.07342e-05
0.00113387
-8.58719e-05
0.00113247
-9.0833e-05
0.00112983
-9.55726e-05
0.00112588
-0.00010003
0.0011206
-0.000104164
0.00111403
-0.000107975
0.0011062
-0.000111537
0.00109715
-0.000115012
0.00108682
-0.000118633
0.00107506
-0.000122659
0.00106165
-0.0001273
0.00104627
-0.000132634
0.00102868
-0.000138554
0.00100875
-0.000144757
0.000986525
-0.000150785
0.000962265
-0.000156126
0.000936373
-0.000160308
0.000909347
-0.000162965
0.000881713
-0.000163865
0.000853975
-0.000162901
0.000826595
-0.000160061
0.000799965
-0.000155417
0.000774394
-0.000149115
0.000750097
-0.000141371
0.000727198
-0.00013246
0.000705737
-0.000122707
0.000685686
-0.000112474
0.000666959
-0.000102142
0.000649417
-9.21024e-05
0.000632865
-8.26994e-05
0.000617048
-7.43129e-05
0.000601574
-6.69723e-05
0.000586119
-6.15325e-05
-5.60602e-05
0.00046394
0.000128551
0.00048864
0.000123654
0.00051348
0.000124052
0.00053816
0.000129153
0.000563124
0.000135056
0.000588447
0.000140131
0.000613973
0.000144848
0.000639768
0.000149419
0.00066609
0.000153545
0.000693256
0.000157062
0.000721627
0.000160052
0.000751544
0.000162624
0.000783204
0.000164793
0.000816519
0.000166442
0.000851053
0.000167382
0.000886173
0.000167526
0.000919746
0.00015987
0.00095089
0.000150162
0.000979229
0.000140352
0.0010045
0.000130232
0.00102664
0.000119849
0.00104573
0.00010939
0.00106201
9.9018e-05
0.00107576
8.88263e-05
0.00108727
7.88578e-05
0.00109684
6.91288e-05
0.00110475
5.96457e-05
0.00111124
5.04026e-05
0.00111653
4.1384e-05
0.00112078
3.25836e-05
0.00112416
2.40049e-05
0.00112677
1.56466e-05
0.00112869
7.50765e-06
0.00112995
-2.53967e-07
0.00113052
-7.98881e-06
0.00113042
-1.53122e-05
0.00112961
-2.24007e-05
0.00112806
-2.92295e-05
0.00112575
-3.57608e-05
0.00112266
-4.19728e-05
0.00111876
-4.78528e-05
0.00111404
-5.33956e-05
0.00110849
-5.86104e-05
0.0011021
-6.3523e-05
0.00109484
-6.81703e-05
0.0010867
-7.25899e-05
0.00107763
-7.68072e-05
0.00106762
-8.08255e-05
0.00105668
-8.46249e-05
0.00104482
-8.8177e-05
0.00103213
-9.14687e-05
0.00101867
-9.45221e-05
0.00100455
-9.74111e-05
0.000989804
-0.000100268
0.000974442
-0.00010327
0.000958391
-0.000106609
0.000941522
-0.000110431
0.000923678
-0.00011479
0.000904728
-0.000119604
0.000884616
-0.000124645
0.000863401
-0.000129571
0.000841259
-0.000133984
0.000818451
-0.0001375
0.000795287
-0.0001398
0.000772077
-0.000140656
0.000749109
-0.000139932
0.000726623
-0.000137576
0.000704813
-0.000133607
0.000683814
-0.000128117
0.000663712
-0.000121269
0.000644545
-0.000113293
0.000626314
-0.000104477
0.000608995
-9.51544e-05
0.000592538
-8.56849e-05
0.000576869
-7.64342e-05
0.000561884
-6.77138e-05
0.000547421
-5.98501e-05
0.000533217
-5.27685e-05
0.000518993
-4.73088e-05
-4.09677e-05
0.000410014
0.000107501
0.000432754
0.000100913
0.000455183
0.000101622
0.000477153
0.000107183
0.000499456
0.000112753
0.000522205
0.000117382
0.000545206
0.000121847
0.000568445
0.000126181
0.000591946
0.000130044
0.000615696
0.000133313
0.000639735
0.000136012
0.000664208
0.000138151
0.000689306
0.000139695
0.000715185
0.000140563
0.000741905
0.000140663
0.000769435
0.000139996
0.000796486
0.000132818
0.000822576
0.000124072
0.000847481
0.000115448
0.000870934
0.000106779
0.000892721
9.80617e-05
0.000912717
8.93942e-05
0.000930872
8.08633e-05
0.000947188
7.25095e-05
0.000961706
6.43406e-05
0.000974483
5.63511e-05
0.000985596
4.85332e-05
0.000995122
4.08766e-05
0.00100314
3.33693e-05
0.00100971
2.60075e-05
0.00101492
1.87982e-05
0.00101881
1.17516e-05
0.00102144
4.8833e-06
0.00102293
-1.74496e-06
0.0010232
-8.25985e-06
0.0010224
-1.45108e-05
0.00102053
-2.05303e-05
0.00101762
-2.63168e-05
0.0010137
-3.18446e-05
0.00100882
-3.70935e-05
0.00100302
-4.20546e-05
0.000996354
-4.67275e-05
0.000988867
-5.11227e-05
0.000980606
-5.52622e-05
0.000971611
-5.91755e-05
0.000961913
-6.28919e-05
0.000951538
-6.64323e-05
0.000940515
-6.98027e-05
0.000928885
-7.29947e-05
0.000916704
-7.59954e-05
0.000904039
-7.88036e-05
0.000890963
-8.14461e-05
0.000877539
-8.39874e-05
0.000863804
-8.65333e-05
0.000849755
-8.92209e-05
0.000835339
-9.21924e-05
0.000820465
-9.55573e-05
0.000805027
-9.93517e-05
0.000788931
-0.000103509
0.000772135
-0.000107849
0.000754662
-0.000112098
0.000736608
-0.00011593
0.000718123
-0.000119015
0.000699386
-0.000121062
0.000680576
-0.000121846
0.000661856
-0.000121213
0.000643364
-0.000119084
0.000625206
-0.000115449
0.000607463
-0.000110374
0.000590192
-0.000103998
0.000573433
-9.65337e-05
0.000557215
-8.82585e-05
0.00054156
-7.94988e-05
0.000526481
-7.06057e-05
0.000511977
-6.19303e-05
0.000498023
-5.376e-05
0.000484533
-4.63601e-05
0.000471356
-3.95916e-05
0.00045818
-3.41324e-05
-2.72395e-05
0.000362528
8.82937e-05
0.000383496
7.99451e-05
0.000403597
8.15215e-05
0.000423064
8.77153e-05
0.000442881
9.29361e-05
0.00046308
9.71838e-05
0.000483527
0.000101399
0.000504301
0.000105407
0.000525426
0.000108919
0.000546814
0.000111925
0.000568379
0.000114447
0.000590074
0.000116455
0.000611886
0.000117883
0.000633811
0.000118639
0.000655846
0.000118628
0.000678007
0.000117835
0.000699386
0.000111439
0.000719791
0.000103668
0.000739229
9.60091e-05
0.000757639
8.83689e-05
0.000774942
8.07589e-05
0.000791076
7.326e-05
0.000805999
6.59406e-05
0.000819681
5.88274e-05
0.000832104
5.19174e-05
0.000843259
4.51958e-05
0.000853147
3.86459e-05
0.000861772
3.22508e-05
0.000869148
2.59942e-05
0.000875288
1.98674e-05
0.000880214
1.38722e-05
0.000883951
8.01424e-06
0.000886538
2.29638e-06
0.00088804
-3.24719e-06
0.00088846
-8.6793e-06
0.00088788
-1.39309e-05
0.000886333
-1.89832e-05
0.000883852
-2.38367e-05
0.000880485
-2.84766e-05
0.000876278
-3.28874e-05
0.000871287
-3.70627e-05
0.000865564
-4.10044e-05
0.000859163
-4.47225e-05
0.000852136
-4.82348e-05
0.000844525
-5.15645e-05
0.000836367
-5.47339e-05
0.000827694
-5.77588e-05
0.000818535
-6.06445e-05
0.000808927
-6.33866e-05
0.00079891
-6.59784e-05
0.00078853
-6.84231e-05
0.00077783
-7.0746e-05
0.000766845
-7.30021e-05
0.000755589
-7.5278e-05
0.000744051
-7.76828e-05
0.000732187
-8.03285e-05
0.00071993
-8.32999e-05
0.000707201
-8.66231e-05
0.000693933
-9.02408e-05
0.000680088
-9.40036e-05
0.000665671
-9.76811e-05
0.000650733
-0.000100991
0.000635358
-0.00010364
0.000619652
-0.000105356
0.000603724
-0.000105918
0.000587675
-0.000105164
0.000571596
-0.000103005
0.000555567
-9.94207e-05
0.000539663
-9.44703e-05
0.000523956
-8.82909e-05
0.000508519
-8.10964e-05
0.000493427
-7.31663e-05
0.000478755
-6.4827e-05
0.000464574
-5.64244e-05
0.000450935
-4.82917e-05
0.000437869
-4.06938e-05
0.000425332
-3.38233e-05
0.00041326
-2.75194e-05
0.000401264
-2.21366e-05
-1.50718e-05
0.000320758
7.05689e-05
0.000340087
6.06159e-05
0.000357962
6.36461e-05
0.000375206
7.04711e-05
0.00039282
7.53222e-05
0.000410691
7.93128e-05
0.000428759
8.33316e-05
0.000447166
8.70003e-05
0.000465944
9.01406e-05
0.000485031
9.28382e-05
0.000504357
9.51208e-05
0.00052386
9.69517e-05
0.000543464
9.82787e-05
0.000563079
9.90243e-05
0.000582607
9.90997e-05
0.000601974
9.84689e-05
0.000620332
9.30811e-05
0.000637524
8.64753e-05
0.000653615
7.99181e-05
0.000668631
7.33534e-05
0.000682584
6.68052e-05
0.000695493
6.03509e-05
0.000707376
5.40575e-05
0.00071825
4.7954e-05
0.000728126
4.2041e-05
0.000737016
3.63064e-05
0.000744927
3.07348e-05
0.000751868
2.531e-05
0.000757847
2.00151e-05
0.000762874
1.48401e-05
0.000766962
9.78385e-06
0.000770126
4.85027e-06
0.000772398
2.43731e-08
0.000773805
-4.65368e-06
0.000774359
-9.23367e-06
0.000774097
-1.36684e-05
0.000773048
-1.79347e-05
0.00077124
-2.20289e-05
0.000768706
-2.59424e-05
0.000765483
-2.96643e-05
0.00076161
-3.31901e-05
0.000757129
-3.65231e-05
0.000752079
-3.96727e-05
0.000746499
-4.26544e-05
0.000740421
-4.54869e-05
0.000733875
-4.81875e-05
0.000726884
-5.07684e-05
0.000719473
-5.32333e-05
0.000711665
-5.55789e-05
0.000703488
-5.78009e-05
0.000694968
-5.99035e-05
0.000686132
-6.19095e-05
0.000676996
-6.3866e-05
0.000667563
-6.58455e-05
0.000657819
-6.79386e-05
0.000647727
-7.02368e-05
0.000637236
-7.28085e-05
0.000626285
-7.56722e-05
0.00061482
-7.87762e-05
0.000602806
-8.1989e-05
0.000590232
-8.51072e-05
0.000577119
-8.78783e-05
0.000563511
-9.00324e-05
0.00054947
-9.13156e-05
0.000535068
-9.15151e-05
0.000520381
-9.04767e-05
0.00050549
-8.81146e-05
0.000490488
-8.44182e-05
0.000475474
-7.94562e-05
0.00046056
-7.33771e-05
0.000445867
-6.64037e-05
0.00043152
-5.88185e-05
0.000417635
-5.09427e-05
0.000404319
-4.31077e-05
0.000391645
-3.56186e-05
0.000379666
-2.87142e-05
0.000368348
-2.25051e-05
0.000357683
-1.68545e-05
0.000347202
-1.16557e-05
-4.79049e-06
0.000284047
5.39953e-05
0.000301804
4.28586e-05
0.000317587
4.7863e-05
0.000332893
5.51648e-05
0.00034856
5.96556e-05
0.000364357
6.35154e-05
0.000380323
6.7366e-05
0.000396614
7.07088e-05
0.000413241
7.35136e-05
0.000430153
7.59265e-05
0.000447311
7.79624e-05
0.000464676
7.95868e-05
0.000482187
8.07681e-05
0.00049976
8.14513e-05
0.000517294
8.15659e-05
0.000534686
8.10762e-05
0.000551131
7.66366e-05
0.000566448
7.11581e-05
0.000580678
6.56885e-05
0.000593845
6.01865e-05
0.000605973
5.46764e-05
0.000617097
4.92274e-05
0.000627253
4.39018e-05
0.000636477
3.87295e-05
0.000644804
3.37146e-05
0.000652261
2.88494e-05
0.000658873
2.41223e-05
0.000664663
1.95204e-05
0.000669649
1.50286e-05
0.000673851
1.06385e-05
0.000677285
6.35018e-06
0.000679971
2.16413e-06
0.00068192
-1.92534e-06
0.000683163
-5.89586e-06
0.000683699
-9.77e-06
0.000683553
-1.35224e-05
0.000682749
-1.71304e-05
0.000681307
-2.05873e-05
0.000679252
-2.38872e-05
0.000676611
-2.70231e-05
0.000673413
-2.99923e-05
0.000669689
-3.27991e-05
0.000665469
-3.54528e-05
0.000660782
-3.79675e-05
0.000655654
-4.03587e-05
0.000650107
-4.26405e-05
0.00064416
-4.48217e-05
0.000637831
-4.69038e-05
0.000631135
-4.88829e-05
0.000624088
-5.07545e-05
0.000616706
-5.25215e-05
0.000609
-5.42027e-05
0.000600972
-5.58383e-05
0.000592616
-5.74901e-05
0.000583912
-5.92346e-05
0.000574824
-6.11488e-05
0.000565305
-6.32892e-05
0.000555301
-6.56684e-05
0.000544762
-6.82373e-05
0.000533649
-7.08762e-05
0.000521943
-7.34008e-05
0.000509646
-7.55817e-05
0.000496787
-7.71725e-05
0.000483412
-7.7941e-05
0.000469591
-7.76942e-05
0.000455412
-7.62975e-05
0.000440983
-7.36853e-05
0.000426432
-6.98672e-05
0.000411905
-6.49298e-05
0.000397562
-5.90337e-05
0.000383563
-5.24048e-05
0.000370062
-4.53178e-05
0.000357194
-3.80742e-05
0.000345062
-3.09763e-05
0.000333733
-2.42891e-05
0.000323242
-1.82232e-05
0.000313541
-1.28044e-05
0.000304658
-7.97106e-06
0.000296065
-3.06305e-06
3.3177e-06
0.000251798
3.82835e-05
0.000267991
2.66654e-05
0.000281861
3.39931e-05
0.000295501
4.15244e-05
0.000309434
4.57236e-05
0.000323392
4.95573e-05
0.000337521
5.32367e-05
0.000351963
5.62669e-05
0.000366696
5.87804e-05
0.000381676
6.09467e-05
0.000396876
6.2762e-05
0.000412266
6.41965e-05
0.0004278
6.52342e-05
0.000443415
6.58369e-05
0.00045903
6.59502e-05
0.000474561
6.55457e-05
0.000489277
6.19206e-05
0.000503002
5.74326e-05
0.00051576
5.29309e-05
0.000527562
4.8384e-05
0.000538425
4.38135e-05
0.000548372
3.92803e-05
0.000557434
3.48399e-05
0.000565643
3.05202e-05
0.000573032
2.63263e-05
0.000579629
2.22523e-05
0.000585462
1.82896e-05
0.000590554
1.44276e-05
0.000594931
1.06523e-05
0.000598611
6.95796e-06
0.000601615
3.34651e-06
0.000603961
-1.81518e-07
0.000605663
-3.62765e-06
0.000606745
-6.97777e-06
0.000607214
-1.02392e-05
0.000607089
-1.3397e-05
0.000606389
-1.64306e-05
0.000605132
-1.93311e-05
0.000603339
-2.20938e-05
0.00060103
-2.47139e-05
0.000598228
-2.71902e-05
0.000594956
-2.9527e-05
0.000591236
-3.17335e-05
0.000587091
-3.38219e-05
0.000582538
-3.58054e-05
0.000577592
-3.76945e-05
0.000572265
-3.94947e-05
0.000566566
-4.12048e-05
0.000560501
-4.28186e-05
0.000554076
-4.43297e-05
0.000547294
-4.57389e-05
0.000540153
-4.70613e-05
0.000532645
-4.83312e-05
0.000524758
-4.96026e-05
0.000516466
-5.09424e-05
0.000507734
-5.24174e-05
0.000498521
-5.40757e-05
0.000488779
-5.59263e-05
0.000478464
-5.79227e-05
0.000467544
-5.9956e-05
0.000456003
-6.18599e-05
0.00044385
-6.34288e-05
0.000431121
-6.44438e-05
0.000417882
-6.47013e-05
0.000404225
-6.40378e-05
0.000390274
-6.23465e-05
0.000376177
-5.95877e-05
0.000362102
-5.57922e-05
0.000348232
-5.10597e-05
0.000334751
-4.55529e-05
0.000321833
-3.94871e-05
0.000309629
-3.31135e-05
0.000298254
-2.66992e-05
0.000287784
-2.05064e-05
0.000278248
-1.47533e-05
0.00026965
-9.62523e-06
0.000261911
-5.06503e-06
0.000255082
-1.14278e-06
0.00024863
3.38898e-06
9.14353e-06
0.000223468
2.31978e-05
0.000238065
1.20689e-05
0.000250246
2.1812e-05
0.00026246
2.93099e-05
0.00027484
3.3344e-05
0.000287178
3.72191e-05
0.000299708
4.07064e-05
0.000312533
4.34421e-05
0.00032561
4.57037e-05
0.000338902
4.7655e-05
0.000352388
4.9276e-05
0.000366039
5.05453e-05
0.000379814
5.14593e-05
0.00039366
5.19906e-05
0.000407514
5.20964e-05
0.000421304
5.17553e-05
0.000434385
4.88397e-05
0.000446599
4.52185e-05
0.000457965
4.15649e-05
0.000468494
3.78551e-05
0.000478197
3.41104e-05
0.000487092
3.03856e-05
0.000495201
2.67308e-05
0.00050255
2.31718e-05
0.000509163
1.97134e-05
0.000515064
1.63507e-05
0.000520277
1.30769e-05
0.000524821
9.88318e-06
0.000528719
6.75453e-06
0.000531988
3.6887e-06
0.000534647
6.87525e-07
0.000536715
-2.24943e-06
0.000538207
-5.11992e-06
0.000539142
-7.91228e-06
0.000539529
-1.06258e-05
0.00053938
-1.32487e-05
0.000538712
-1.57622e-05
0.000537537
-1.81558e-05
0.000535867
-2.04244e-05
0.000533718
-2.25644e-05
0.000531103
-2.45751e-05
0.000528036
-2.64608e-05
0.000524533
-2.82301e-05
0.000520605
-2.98939e-05
0.000516263
-3.14631e-05
0.000511514
-3.29455e-05
0.000506363
-3.43438e-05
0.000500813
-3.56547e-05
0.000494864
-3.68703e-05
0.000488518
-3.79833e-05
0.000481772
-3.8993e-05
0.000474624
-3.99129e-05
0.000467067
-4.07742e-05
0.00045909
-4.16256e-05
0.000450675
-4.25277e-05
0.000441798
-4.35401e-05
0.000432427
-4.47052e-05
0.00042253
-4.60297e-05
0.000412079
-4.74713e-05
0.000401056
-4.89325e-05
0.000389462
-5.02665e-05
0.000377327
-5.1294e-05
0.00036471
-5.18268e-05
0.000351703
-5.16938e-05
0.000338428
-5.07629e-05
0.000325037
-4.89556e-05
0.000311704
-4.62544e-05
0.000298615
-4.27031e-05
0.000285959
-3.84038e-05
0.000273914
-3.35084e-05
0.000262636
-2.8209e-05
0.000252245
-2.27224e-05
0.000242819
-1.72733e-05
0.000234393
-1.20804e-05
0.000226954
-7.31423e-06
0.000220473
-3.14395e-06
0.000214839
5.68364e-07
0.000210119
3.57811e-06
0.000205848
7.65953e-06
1.27699e-05
0.00019856
8.56688e-06
0.000211521
-8.92151e-07
0.000222268
1.10654e-05
0.000233251
1.83272e-05
0.000244237
2.23578e-05
0.000255158
2.62977e-05
0.000266295
2.95701e-05
0.000277699
3.2038e-05
0.000289318
3.40843e-05
0.000301126
3.58476e-05
0.000313103
3.72981e-05
0.000325224
3.84252e-05
0.000337448
3.92349e-05
0.00034973
3.97083e-05
0.000362015
3.98117e-05
0.00037424
3.953e-05
0.000385833
3.72467e-05
0.000396654
3.43975e-05
0.000406721
3.14978e-05
0.000416046
2.85306e-05
0.000424638
2.55178e-05
0.000432514
2.25103e-05
0.00043969
1.95548e-05
0.000446186
1.66754e-05
0.000452023
1.38768e-05
0.000457219
1.11548e-05
0.000461791
8.50439e-06
0.000465756
5.91789e-06
0.000469132
3.3793e-06
0.000471933
8.8686e-07
0.000474178
-1.55733e-06
0.000475879
-3.94996e-06
0.000477045
-6.28567e-06
0.000477686
-8.55345e-06
0.000477808
-1.07484e-05
0.000477419
-1.2859e-05
0.000476524
-1.48678e-05
0.000475132
-1.67635e-05
0.000473248
-1.8541e-05
0.000470882
-2.01979e-05
0.000468041
-2.17345e-05
0.000464736
-2.31559e-05
0.000460977
-2.44709e-05
0.000456773
-2.569e-05
0.000452133
-2.68231e-05
0.000447065
-2.78771e-05
0.000441575
-2.88535e-05
0.000435668
-2.97481e-05
0.000429351
-3.05535e-05
0.000422631
-3.12627e-05
0.000415513
-3.18759e-05
0.000408007
-3.2406e-05
0.000400115
-3.28825e-05
0.000391839
-3.33502e-05
0.000383175
-3.38635e-05
0.000374111
-3.44756e-05
0.000364629
-3.52231e-05
0.00035471
-3.61112e-05
0.000344341
-3.71017e-05
0.000333518
-3.81096e-05
0.000322259
-3.90082e-05
0.000310611
-3.96451e-05
0.000298647
-3.9863e-05
0.000286475
-3.9522e-05
0.000274231
-3.85186e-05
0.000262072
-3.6797e-05
0.000250172
-3.43541e-05
0.000238707
-3.12383e-05
0.000227848
-2.75445e-05
0.000217745
-2.3406e-05
0.000208522
-1.89851e-05
0.00020026
-1.44609e-05
0.000193002
-1.00148e-05
0.000186745
-5.82399e-06
0.000181446
-2.01499e-06
0.000177051
1.25136e-06
0.000173433
4.18611e-06
0.000170657
6.35437e-06
0.000168387
9.92926e-06
1.44417e-05
0.000176567
-5.65357e-06
0.000187955
-1.22803e-05
0.000197511
1.5086e-06
0.000207403
8.43518e-06
0.000217123
1.26385e-05
0.000226778
1.66423e-05
0.000236648
1.97009e-05
0.000246738
2.19478e-05
0.000256999
2.38232e-05
0.000267414
2.54324e-05
0.00027797
2.67425e-05
0.000288641
2.77542e-05
0.000299394
2.8482e-05
0.000310188
2.89144e-05
0.000320973
2.90266e-05
0.000331693
2.881e-05
0.000341842
2.7097e-05
0.000351297
2.49426e-05
0.000360072
2.27231e-05
0.000368176
2.04267e-05
0.000375617
1.80763e-05
0.000382407
1.57202e-05
0.00038856
1.34023e-05
0.00039409
1.11453e-05
0.000399013
8.95381e-06
0.000403343
6.82424e-06
0.000407094
4.75356e-06
0.000410276
2.73589e-06
0.000412906
7.4976e-07
0.000414994
-1.20157e-06
0.000416546
-3.10929e-06
0.000417566
-4.97015e-06
0.00041806
-6.779e-06
0.000418032
-8.52558e-06
0.000417487
-1.02031e-05
0.000416429
-1.18009e-05
0.000414864
-1.33032e-05
0.0004128
-1.46996e-05
0.000410246
-1.59866e-05
0.000407211
-1.71635e-05
0.00040371
-1.82329e-05
0.000399755
-1.92011e-05
0.000395362
-2.00777e-05
0.000390545
-2.08736e-05
0.000385321
-2.15986e-05
0.000379702
-2.22589e-05
0.000373705
-2.28559e-05
0.000367343
-2.33862e-05
0.000360632
-2.3843e-05
0.000353591
-2.42212e-05
0.000346237
-2.45217e-05
0.000338588
-2.47571e-05
0.000330659
-2.4954e-05
0.000322461
-2.51521e-05
0.000313996
-2.53988e-05
0.00030526
-2.5739e-05
0.00029624
-2.62031e-05
0.000286923
-2.6794e-05
0.000277299
-2.7478e-05
0.000267372
-2.81822e-05
0.000257163
-2.88e-05
0.000246723
-2.92046e-05
0.000236127
-2.92673e-05
0.000225481
-2.88762e-05
0.000214914
-2.79516e-05
0.000204572
-2.64549e-05
0.00019461
-2.4392e-05
0.000185182
-2.18104e-05
0.000176432
-1.87939e-05
0.00016848
-1.54546e-05
0.000161419
-1.19242e-05
0.000155303
-8.34471e-06
0.000150145
-4.85687e-06
0.000145922
-1.601e-06
0.000142571
1.33654e-06
0.000140026
3.79643e-06
0.000138158
6.05388e-06
0.000137016
7.4963e-06
0.000136415
1.05307e-05
1.45194e-05
0.000157032
-1.93901e-05
0.000167042
-2.22907e-05
0.00017562
-7.06951e-06
0.00018441
-3.54217e-07
0.000192822
4.22622e-06
0.00020113
8.33444e-06
0.000209586
1.12448e-05
0.000218179
1.33546e-05
0.000226883
1.51197e-05
0.000235699
1.66157e-05
0.000244626
1.78158e-05
0.000253645
1.87352e-05
0.000262729
1.93982e-05
0.00027184
1.98029e-05
0.000280933
1.99344e-05
0.000289951
1.97918e-05
0.000298463
1.85849e-05
0.000306358
1.70473e-05
0.000313644
1.54377e-05
0.000320322
1.37483e-05
0.000326396
1.20021e-05
0.000331872
1.02445e-05
0.000336758
8.51602e-06
0.000341066
6.83734e-06
0.000344808
5.21244e-06
0.000347994
3.6379e-06
0.000350635
2.11258e-06
0.000352739
6.32013e-07
0.000354319
-8.30158e-07
0.000355373
-2.25592e-06
0.000355907
-3.64305e-06
0.000355927
-4.99046e-06
0.000355441
-6.29263e-06
0.000354456
-7.54088e-06
0.000352981
-8.72853e-06
0.000351027
-9.84624e-06
0.000348605
-1.08812e-05
0.00034573
-1.18252e-05
0.00034242
-1.26765e-05
0.000338693
-1.34364e-05
0.000334569
-1.41089e-05
0.00033007
-1.47014e-05
0.000325215
-1.52236e-05
0.000320028
-1.5686e-05
0.000314527
-1.60976e-05
0.000308732
-1.6464e-05
0.000302663
-1.67867e-05
0.000296339
-1.70624e-05
0.000289782
-1.7286e-05
0.000283014
-1.74532e-05
0.000276058
-1.75653e-05
0.000268934
-1.76335e-05
0.000261661
-1.76804e-05
0.000254247
-1.77389e-05
0.000246696
-1.78478e-05
0.000239
-1.80431e-05
0.000231146
-1.83484e-05
0.000223116
-1.87641e-05
0.000214899
-1.9261e-05
0.000206494
-1.97778e-05
0.000197921
-2.0227e-05
0.000189223
-2.05059e-05
0.000180467
-2.05117e-05
0.000171748
-2.01574e-05
0.00016318
-1.93838e-05
0.000154892
-1.8167e-05
0.000147019
-1.6519e-05
0.000139694
-1.44846e-05
0.000133035
-1.21356e-05
0.000127143
-9.56214e-06
0.000122085
-6.86639e-06
0.000117896
-4.15552e-06
0.000114572
-1.53299e-06
0.000112078
8.92505e-07
0.000110344
3.07092e-06
0.000109297
4.84336e-06
0.000108821
6.53e-06
0.00010893
7.38773e-06
0.000109601
9.85919e-06
1.34068e-05
0.000139698
-3.26075e-05
0.000148437
-3.103e-05
0.000155932
-1.45648e-05
0.000163127
-7.54951e-06
0.000169632
-2.27844e-06
0.00017593
2.0366e-06
0.000182296
4.87869e-06
0.000188754
6.89682e-06
0.000195321
8.55253e-06
0.000202022
9.91439e-06
0.000208861
1.09777e-05
0.000215818
1.17779e-05
0.000222864
1.23525e-05
0.000229956
1.27102e-05
0.000237043
1.28472e-05
0.000244066
1.27695e-05
0.000250672
1.19789e-05
0.000256763
1.09558e-05
0.000262335
9.86573e-06
0.000267381
8.7028e-06
0.000271894
7.48838e-06
0.000275876
6.26258e-06
0.000279332
5.06041e-06
0.00028227
3.8991e-06
0.000284701
2.78112e-06
0.000286637
1.70264e-06
0.000288085
6.64597e-07
0.000289054
-3.37768e-07
0.000289553
-1.32877e-06
0.000289585
-2.28827e-06
0.000289163
-3.2207e-06
0.000288296
-4.1231e-06
0.000286994
-4.99113e-06
0.000285271
-5.81788e-06
0.00028314
-6.59759e-06
0.000280617
-7.32293e-06
0.00027772
-7.98411e-06
0.00027447
-8.57504e-06
0.000270888
-9.09523e-06
0.000266999
-9.54718e-06
0.000262826
-9.93532e-06
0.000258391
-1.02665e-05
0.000253717
-1.05496e-05
0.000248824
-1.07935e-05
0.000243732
-1.10058e-05
0.000238459
-1.11911e-05
0.000233023
-1.13504e-05
0.000227442
-1.14811e-05
0.000221735
-1.15789e-05
0.000215922
-1.16405e-05
0.000210024
-1.16671e-05
0.000204058
-1.16675e-05
0.000198037
-1.16597e-05
0.000191968
-1.16694e-05
0.000185846
-1.17264e-05
0.000179661
-1.18577e-05
0.000173393
-1.20803e-05
0.000167021
-1.23924e-05
0.000160529
-1.2769e-05
0.000153912
-1.31602e-05
0.000147181
-1.34962e-05
0.000140372
-1.36968e-05
0.000133544
-1.36835e-05
0.000126779
-1.33925e-05
0.000120178
-1.27837e-05
0.000113857
-1.18457e-05
0.000107934
-1.05957e-05
0.000102523
-9.07388e-06
9.7726e-05
-7.33842e-06
9.36215e-05
-5.45763e-06
9.02602e-05
-3.50507e-06
8.7661e-05
-1.55625e-06
8.58108e-05
3.17129e-07
8.46677e-05
2.03568e-06
8.41616e-05
3.57694e-06
8.42181e-05
4.78692e-06
8.47446e-05
6.00347e-06
8.5704e-05
6.42834e-06
8.72379e-05
8.32528e-06
1.15005e-05
0.000124195
-4.5164e-05
0.000131114
-3.79488e-05
0.000136333
-1.97842e-05
0.000140506
-1.17224e-05
0.000143877
-5.65016e-06
0.000147204
-1.28966e-06
0.000150765
1.31767e-06
0.000154591
3.07064e-06
0.000158694
4.44975e-06
0.000163069
5.53865e-06
0.000167687
6.3597e-06
0.000172502
6.96354e-06
0.000177461
7.39311e-06
0.000182509
7.66241e-06
0.000187583
7.77315e-06
0.000192618
7.73427e-06
0.000197345
7.25244e-06
0.000201679
6.62169e-06
0.000205606
5.939e-06
0.00020911
5.19881e-06
0.00021218
4.41832e-06
0.000214812
3.62987e-06
0.000217012
2.86087e-06
0.000218787
2.12392e-06
0.000220149
1.41957e-06
0.000221108
7.43257e-07
0.000221675
9.72365e-08
0.000221862
-5.24723e-07
0.000221675
-1.14185e-06
0.000221126
-1.73864e-06
0.000220223
-2.31825e-06
0.000218979
-2.87827e-06
0.000217403
-3.41549e-06
0.00021551
-3.92476e-06
0.000213314
-4.40171e-06
0.000210832
-4.84104e-06
0.000208084
-5.23558e-06
0.00020509
-5.58107e-06
0.000201872
-5.87772e-06
0.000198453
-6.12807e-06
0.000194854
-6.33598e-06
0.000191094
-6.50704e-06
0.000187193
-6.64819e-06
0.000183166
-6.76639e-06
0.000179027
-6.86737e-06
0.000174791
-6.95453e-06
0.000170469
-7.02846e-06
0.000166075
-7.08716e-06
0.000161623
-7.12731e-06
0.000157129
-7.14646e-06
0.000152608
-7.14558e-06
0.000148071
-7.1313e-06
0.000143528
-7.11679e-06
0.00013898
-7.12076e-06
0.000134418
-7.16441e-06
0.000129827
-7.2666e-06
0.000125184
-7.43792e-06
0.000120467
-7.67503e-06
0.000115655
-7.95701e-06
0.00011074
-8.24507e-06
0.00010573
-8.48655e-06
0.000100656
-8.6226e-06
9.55703e-05
-8.59791e-06
9.0548e-05
-8.3702e-06
8.5681e-05
-7.91658e-06
8.1071e-05
-7.23579e-06
7.68217e-05
-6.34635e-06
7.30293e-05
-5.28153e-06
6.97749e-05
-4.08402e-06
6.7118e-05
-2.80067e-06
6.50923e-05
-1.47946e-06
6.37056e-05
-1.69551e-07
6.29388e-05
1.08397e-06
6.27482e-05
2.22624e-06
6.30734e-05
3.25177e-06
6.38373e-05
4.02305e-06
6.49834e-05
4.8573e-06
6.64103e-05
5.00147e-06
6.84057e-05
6.32992e-06
9.15855e-06
0.000109445
-5.60711e-05
0.000112552
-4.10553e-05
0.000113317
-2.05498e-05
0.000113019
-1.14244e-05
0.000112711
-5.3421e-06
0.000113146
-1.72444e-06
0.000114322
1.41883e-07
0.000116071
1.32128e-06
0.000118284
2.23666e-06
0.000120877
2.94628e-06
0.000123768
3.46844e-06
0.000126885
3.8461e-06
0.000130165
4.11353e-06
0.000133546
4.2814e-06
0.000136968
4.3514e-06
0.000140371
4.33133e-06
0.000143561
4.06178e-06
0.000146475
3.70746e-06
0.000149096
3.31876e-06
0.000151404
2.8903e-06
0.000153388
2.43441e-06
0.000155043
1.97456e-06
0.000156374
1.52994e-06
0.00015739
1.10827e-06
0.000158101
7.08572e-07
0.000158518
3.26516e-07
0.000158653
-3.80617e-08
0.000158515
-3.86681e-07
0.000158111
-7.3741e-07
0.000157448
-1.07609e-06
0.000156535
-1.40524e-06
0.00015538
-1.72331e-06
0.000153993
-2.02816e-06
0.000152384
-2.31625e-06
0.000150567
-2.58467e-06
0.000148556
-2.82996e-06
0.000146368
-3.04721e-06
0.00014402
-3.23361e-06
0.000141532
-3.3896e-06
0.000138921
-3.5172e-06
0.000136204
-3.61921e-06
0.000133397
-3.69954e-06
0.000130512
-3.76299e-06
0.00012756
-3.81439e-06
0.00012455
-3.85766e-06
0.000121491
-3.8951e-06
0.000118389
-3.9271e-06
0.000115254
-3.9523e-06
0.000112096
-3.96848e-06
0.000108923
-3.97405e-06
0.000105747
-3.9698e-06
0.000102576
-3.9603e-06
9.94139e-05
-3.95435e-06
9.62575e-05
-3.96428e-06
9.30967e-05
-4.00363e-06
8.9914e-05
-4.08394e-06
8.66868e-05
-4.21068e-06
8.33914e-05
-4.37961e-06
8.00089e-05
-4.57456e-06
7.65316e-05
-4.76778e-06
7.29682e-05
-4.92316e-06
6.93477e-05
-5.00205e-06
6.57198e-05
-4.97006e-06
6.21529e-05
-4.80329e-06
5.8728e-05
-4.4917e-06
5.55318e-05
-4.03954e-06
5.26482e-05
-3.4628e-06
5.01518e-05
-2.78506e-06
4.81015e-05
-2.03374e-06
4.65378e-05
-1.23696e-06
4.54808e-05
-4.22446e-07
4.49304e-05
3.80836e-07
4.48662e-05
1.14816e-06
4.52494e-05
1.84305e-06
4.60323e-05
2.46886e-06
4.71375e-05
2.91781e-06
4.85507e-05
3.44414e-06
5.01033e-05
3.44889e-06
5.219e-05
4.24321e-06
6.68384e-06
9.33263e-05
-6.24225e-05
8.97536e-05
-3.74827e-05
8.50006e-05
-1.57968e-05
8.10056e-05
-7.42944e-06
7.86439e-05
-2.98036e-06
7.78307e-05
-9.11241e-07
7.79895e-05
-1.69697e-08
7.87441e-05
5.66751e-07
7.99274e-05
1.05336e-06
8.14419e-05
1.4317e-06
8.32074e-05
1.70294e-06
8.51575e-05
1.89604e-06
8.72381e-05
2.03294e-06
8.94007e-05
2.11882e-06
9.15982e-05
2.1539e-06
9.3786e-05
2.14345e-06
9.58366e-05
2.01118e-06
9.77066e-05
1.83747e-06
9.93813e-05
1.64412e-06
0.000100845
1.42702e-06
0.000102085
1.19412e-06
0.000103099
9.60387e-07
0.000103892
7.3731e-07
0.000104471
5.28486e-07
0.000104848
3.32226e-07
0.000105029
1.44809e-07
0.000105025
-3.40686e-08
0.000104843
-2.04612e-07
0.000104485
-3.79337e-07
0.000103957
-5.4781e-07
0.000103264
-7.1169e-07
0.00010241
-8.70252e-07
0.000101405
-1.0223e-06
0.000100254
-1.16574e-06
9.89683e-05
-1.29891e-06
9.75583e-05
-1.41988e-06
9.60367e-05
-1.52566e-06
9.44177e-05
-1.61457e-06
9.27151e-05
-1.68701e-06
9.09421e-05
-1.74427e-06
8.91109e-05
-1.78795e-06
8.72317e-05
-1.82033e-06
8.5313e-05
-1.84426e-06
8.33612e-05
-1.86264e-06
8.13814e-05
-1.87783e-06
7.93775e-05
-1.89126e-06
7.73537e-05
-1.90325e-06
7.53145e-05
-1.91307e-06
7.32655e-05
-1.91954e-06
7.12133e-05
-1.92182e-06
6.9164e-05
-1.9205e-06
6.7122e-05
-1.91829e-06
6.50879e-05
-1.92029e-06
6.3057e-05
-1.93336e-06
6.10182e-05
-1.96485e-06
5.89548e-05
-2.02054e-06
5.68465e-05
-2.10241e-06
5.46735e-05
-2.20659e-06
5.24213e-05
-2.32233e-06
5.00861e-05
-2.43255e-06
4.76791e-05
-2.51616e-06
4.52287e-05
-2.55172e-06
4.27801e-05
-2.52145e-06
4.03913e-05
-2.41447e-06
3.81277e-05
-2.22813e-06
3.60557e-05
-1.96754e-06
3.42364e-05
-1.64343e-06
3.27208e-05
-1.26954e-06
3.15476e-05
-8.60542e-07
3.07413e-05
-4.3066e-07
3.03126e-05
6.32787e-09
3.02574e-05
4.35963e-07
3.05595e-05
8.46073e-07
3.11868e-05
1.21576e-06
3.21064e-05
1.54924e-06
3.32448e-05
1.77941e-06
3.4625e-05
2.06392e-06
3.60313e-05
2.04265e-06
3.78948e-05
2.37967e-06
4.32284e-06
7.347e-05
-5.91238e-05
6.21409e-05
-2.61536e-05
5.42481e-05
-7.90393e-06
4.97638e-05
-2.94514e-06
4.7768e-05
-9.84537e-07
4.71455e-05
-2.88728e-07
4.71434e-05
-1.49018e-08
4.75012e-05
2.08927e-07
4.81425e-05
4.12095e-07
4.90084e-05
5.65756e-07
5.00398e-05
6.71556e-07
5.11897e-05
7.46209e-07
5.24228e-05
7.99805e-07
5.37083e-05
8.33368e-07
5.50158e-05
8.46398e-07
5.63175e-05
8.41753e-07
5.75379e-05
7.907e-07
5.86517e-05
7.23739e-07
5.96481e-05
6.47726e-07
6.05146e-05
5.6051e-07
6.12423e-05
4.66418e-07
6.18297e-05
3.72955e-07
6.22816e-05
2.85363e-07
6.26055e-05
2.0459e-07
6.28087e-05
1.29066e-07
6.28965e-05
5.69934e-08
6.28745e-05
-1.20079e-08
6.27477e-05
-7.78834e-08
6.25152e-05
-1.46839e-07
6.21805e-05
-2.13037e-07
6.17462e-05
-2.77428e-07
6.12158e-05
-3.3988e-07
6.05934e-05
-3.99898e-07
5.98841e-05
-4.56462e-07
5.90942e-05
-5.08928e-07
5.82307e-05
-5.56427e-07
5.73025e-05
-5.97496e-07
5.63193e-05
-6.31295e-07
5.52903e-05
-6.58069e-07
5.42244e-05
-6.78398e-07
5.31294e-05
-6.92928e-07
5.20117e-05
-7.02641e-07
5.08763e-05
-7.08874e-07
4.97267e-05
-7.1302e-07
4.85651e-05
-7.16242e-07
4.73932e-05
-7.19283e-07
4.62123e-05
-7.22391e-07
4.50246e-05
-7.25333e-07
4.38327e-05
-7.27659e-07
4.26399e-05
-7.29073e-07
4.14493e-05
-7.29883e-07
4.02624e-05
-7.31337e-07
3.90777e-05
-7.35661e-07
3.78901e-05
-7.45771e-07
3.66899e-05
-7.64634e-07
3.54638e-05
-7.94366e-07
3.41966e-05
-8.35226e-07
3.28748e-05
-8.84782e-07
3.149e-05
-9.37575e-07
3.0043e-05
-9.85556e-07
2.85462e-05
-1.01931e-06
2.70243e-05
-1.02981e-06
2.55129e-05
-1.01014e-06
2.40552e-05
-9.56771e-07
2.2697e-05
-8.69845e-07
2.1482e-05
-7.52609e-07
2.04489e-05
-6.10325e-07
1.96284e-05
-4.49028e-07
1.90425e-05
-2.74642e-07
1.87046e-05
-9.27098e-08
1.86195e-05
9.14133e-08
1.87832e-05
2.722e-07
1.91847e-05
4.44636e-07
1.98005e-05
5.99923e-07
2.06108e-05
7.38932e-07
2.15549e-05
8.35297e-07
2.26725e-05
9.46385e-07
2.37568e-05
9.58295e-07
2.51576e-05
9.78918e-07
2.27746e-06
4.88072e-05
-4.01708e-05
3.32743e-05
-1.06206e-05
2.70722e-05
-1.70185e-06
2.46487e-05
-5.21623e-07
2.38091e-05
-1.44965e-07
2.3569e-05
-4.86379e-08
2.35602e-05
-6.09516e-09
2.37232e-05
4.59302e-08
2.40411e-05
9.42095e-08
2.44786e-05
1.28285e-07
2.49996e-05
1.50586e-07
2.55793e-05
1.66439e-07
2.6201e-05
1.78131e-07
2.6849e-05
1.85393e-07
2.75074e-05
1.87954e-07
2.81624e-05
1.8674e-07
2.87774e-05
1.75763e-07
2.93398e-05
1.61327e-07
2.98431e-05
1.44419e-07
3.02791e-05
1.24471e-07
3.06426e-05
1.02922e-07
3.09337e-05
8.18947e-08
3.11564e-05
6.26904e-08
3.13157e-05
4.52845e-08
3.14156e-05
2.90847e-08
3.14591e-05
1.35418e-08
3.14485e-05
-1.42267e-09
3.13862e-05
-1.56051e-08
3.12705e-05
-3.11053e-08
3.11032e-05
-4.57304e-08
3.08857e-05
-5.99243e-08
3.06196e-05
-7.37702e-08
3.03068e-05
-8.71571e-08
2.99501e-05
-9.97402e-08
2.95527e-05
-1.11476e-07
2.91183e-05
-1.22116e-07
2.86521e-05
-1.31224e-07
2.81593e-05
-1.38553e-07
2.76454e-05
-1.4417e-07
2.71152e-05
-1.48196e-07
2.6573e-05
-1.50745e-07
2.60225e-05
-1.52055e-07
2.54661e-05
-1.52482e-07
2.49055e-05
-1.52424e-07
2.43415e-05
-1.52228e-07
2.37743e-05
-1.5214e-07
2.32042e-05
-1.52279e-07
2.26315e-05
-1.52641e-07
2.2057e-05
-1.53149e-07
2.14817e-05
-1.53757e-07
2.09064e-05
-1.54554e-07
2.03309e-05
-1.55843e-07
1.97533e-05
-1.58148e-07
1.91697e-05
-1.62128e-07
1.85735e-05
-1.68413e-07
1.79565e-05
-1.77375e-07
1.73102e-05
-1.88888e-07
1.66275e-05
-2.02139e-07
1.59055e-05
-2.15586e-07
1.51471e-05
-2.27118e-07
1.43622e-05
-2.34406e-07
1.35677e-05
-2.35364e-07
1.27862e-05
-2.28559e-07
1.20428e-05
-2.13464e-07
1.13634e-05
-1.90443e-07
1.07714e-05
-1.60539e-07
1.02862e-05
-1.25159e-07
9.92296e-06
-8.57821e-08
9.69197e-06
-4.36494e-08
9.59934e-06
-7.72437e-11
9.64688e-06
4.38725e-08
9.83207e-06
8.70136e-08
1.01486e-05
1.28091e-07
1.05832e-05
1.65298e-07
1.11245e-05
1.97631e-07
1.17375e-05
2.22359e-07
1.24426e-05
2.41263e-07
1.31352e-05
2.65737e-07
1.39163e-05
1.97814e-07
7.19579e-07
1.9638e-05
9.01732e-06
7.31547e-06
6.79385e-06
6.64888e-06
6.60024e-06
6.59415e-06
6.64008e-06
6.73429e-06
6.86257e-06
7.01316e-06
7.1796e-06
7.35773e-06
7.54312e-06
7.73108e-06
7.91782e-06
8.09358e-06
8.25491e-06
8.39932e-06
8.5238e-06
8.62672e-06
8.70861e-06
8.7713e-06
8.81659e-06
8.84567e-06
8.85921e-06
8.85779e-06
8.84219e-06
8.81108e-06
8.76535e-06
8.70543e-06
8.63166e-06
8.5445e-06
8.44476e-06
8.33328e-06
8.21117e-06
8.07994e-06
7.94139e-06
7.79722e-06
7.64902e-06
7.49828e-06
7.34622e-06
7.19374e-06
7.04132e-06
6.88909e-06
6.73695e-06
6.58467e-06
6.43203e-06
6.27888e-06
6.12513e-06
5.97057e-06
5.81473e-06
5.65658e-06
5.49445e-06
5.32604e-06
5.14867e-06
4.95978e-06
4.75764e-06
4.54205e-06
4.31493e-06
4.08053e-06
3.84516e-06
3.61661e-06
3.40314e-06
3.2127e-06
3.05216e-06
2.927e-06
2.84122e-06
2.79757e-06
2.79749e-06
2.84136e-06
2.92838e-06
3.05647e-06
3.22177e-06
3.4194e-06
3.64176e-06
3.88302e-06
4.14876e-06
4.34657e-06
)
;

boundaryField
{
    inlet
    {
        type            calculated;
        value           nonuniform List<scalar> 
25
(
-0.00119618
-0.00105581
-0.000931914
-0.000822558
-0.000726034
-0.000640837
-0.000565637
-0.000499262
-0.000440675
-0.000388964
-0.00034332
-0.000303033
-0.000267473
-0.000236086
-0.000208382
-0.00018393
-0.000162346
-0.000143295
-0.00012648
-0.000111638
-9.8538e-05
-8.69749e-05
-7.67687e-05
-6.77602e-05
-5.98088e-05
)
;
    }
    outlet
    {
        type            calculated;
        value           nonuniform List<scalar> 
25
(
0.000910521
0.00100095
0.00099831
0.000930113
0.00083253
0.000733071
0.000644924
0.000569605
0.000503901
0.000444451
0.000389097
0.000336921
0.000287957
0.000242804
0.000202222
0.000166715
0.000136337
0.000110714
8.91442e-05
7.07476e-05
5.46647e-05
4.02558e-05
2.7203e-05
1.54741e-05
5.06615e-06
)
;
    }
    fixedWalls
    {
        type            calculated;
        value           uniform 0;
    }
    frontAndBack
    {
        type            empty;
        value           nonuniform 0();
    }
}


// ************************************************************************* //
