/*--------------------------------*- C++ -*----------------------------------*\
| =========                 |                                                 |
| \\      /  F ield         | OpenFOAM: The Open Source CFD Toolbox           |
|  \\    /   O peration     | Version:  v1912                                 |
|   \\  /    A nd           | Website:  www.openfoam.com                      |
|    \\/     M anipulation  |                                                 |
\*---------------------------------------------------------------------------*/
FoamFile
{
    version     2.0;
    format      ascii;
    class       volVectorField;
    location    "450";
    object      U;
}
// * * * * * * * * * * * * * * * * * * * * * * * * * * * * * * * * * * * * * //

dimensions      [0 1 -1 0 0 0 0];


internalField   nonuniform List<vector> 
2000
(
(0.84616 0.187394 0)
(0.515132 0.124089 0)
(0.223446 0.0684421 0)
(0.0598043 0.0174441 6.19675e-20)
(-0.00455634 -0.023218 1.20859e-17)
(-0.0642152 -0.0384692 1.04393e-17)
(-0.077618 -0.0372463 0)
(-0.0716083 -0.0167136 0)
(-0.0590596 0.0115784 0)
(-0.0420867 0.0253109 2.37071e-17)
(-0.0415062 0.0107967 -1.45243e-17)
(-0.0273133 -0.000923952 -1.364e-17)
(-0.0160448 -0.00295748 0)
(-0.0193504 -0.00266936 0)
(-0.020894 -0.00199501 -1.08423e-17)
(-0.0153153 0.000814953 0)
(-0.00854272 0.00355798 9.76576e-18)
(-0.00786634 0.00646155 3.62917e-21)
(-0.00906754 0.00619218 9.43885e-18)
(-0.00990291 0.00494407 -4.65843e-18)
(-0.00990606 0.00293761 9.21064e-18)
(-0.00899529 0.00104328 0)
(-0.00728098 0.00015431 0)
(-0.00526569 -0.000194305 1.32331e-23)
(-0.00347735 -0.000343616 0)
(-0.00206626 -0.000419312 -4.52074e-18)
(-0.00110561 -0.00049148 0)
(-0.000528802 -0.00059799 4.53415e-18)
(-0.000156827 -0.000719009 0)
(0.000196686 -0.000778114 0)
(0.00056871 -0.000741749 0)
(0.000944569 -0.000669749 1.15278e-18)
(0.00131114 -0.000613089 0)
(0.00165853 -0.000596424 -5.84796e-19)
(0.00197268 -0.000619681 1.95136e-14)
(0.00222544 -0.000667698 1.94963e-14)
(0.00240075 -0.000722042 6.02795e-19)
(0.0024886 -0.000774007 -6.10293e-19)
(0.0024412 -0.000843308 0)
(0.00224464 -0.000936401 2.5107e-18)
(0.00188767 -0.0010415 0)
(0.0013413 -0.00114011 -2.59371e-18)
(0.00057569 -0.00121151 0)
(-0.000495193 -0.00124637 -5.37453e-18)
(-0.00193663 -0.00124589 2.72999e-18)
(-0.00378267 -0.00128516 0)
(-0.00614331 -0.00141059 0)
(-0.0091763 -0.00155361 -2.85878e-18)
(-0.0131869 -0.00142815 0)
(-0.0187589 -0.000461721 2.92938e-18)
(-0.0268319 0.00202901 0)
(-0.0386455 0.00634163 5.89649e-18)
(-0.0555431 0.0119294 -5.84474e-18)
(-0.0786096 0.0174275 5.72635e-18)
(-0.108174 0.021078 -2.7374e-18)
(-0.143419 0.0211051 0)
(-0.18236 0.0162314 2.34164e-18)
(-0.222156 0.00620503 -2.09349e-18)
(-0.259142 -0.00802869 -4.12318e-18)
(-0.28854 -0.0243304 3.36047e-18)
(-0.305428 -0.0394813 -3.31717e-18)
(-0.308101 -0.0501338 3.54537e-18)
(-0.30175 -0.05623 -4.03702e-18)
(-0.286808 -0.0591527 4.8383e-18)
(-0.264374 -0.0599532 -7.57261e-21)
(-0.235353 -0.059386 7.21939e-18)
(-0.200192 -0.057682 0)
(-0.159062 -0.0548469 0)
(-0.112191 -0.0508763 7.41448e-20)
(-0.0602664 -0.0458116 0)
(-0.00451237 -0.0395942 1.9841e-17)
(0.0548166 -0.0318764 0)
(0.118148 -0.0224974 1.98619e-17)
(0.184937 -0.0115886 -4.87233e-19)
(0.254452 0.00061685 1.71538e-17)
(0.328012 0.0138171 2.98511e-17)
(0.402096 0.0276334 7.34617e-19)
(0.48993 0.0416088 -1.01489e-17)
(0.555982 0.0540763 -6.5314e-18)
(0.713018 0.0648036 0)
(1.0153 0.210384 0)
(0.944633 0.194212 0)
(0.804473 0.179985 -3.53316e-18)
(0.654418 0.152316 7.29736e-18)
(0.509218 0.111172 0)
(0.36003 0.0683762 -7.30016e-18)
(0.216487 0.0293347 0)
(0.0821337 -0.00529198 0)
(-0.028278 -0.0180382 0)
(-0.0562773 -0.0188572 -1.73351e-17)
(-0.0668518 -0.0248641 1.57678e-17)
(-0.0720906 -0.0159646 1.44595e-17)
(-0.0641808 0.00608587 0)
(-0.0515675 0.0199045 6.32843e-18)
(-0.0554609 0.00880022 0)
(-0.0492698 -0.00388098 0)
(-0.0381046 -0.00462565 0)
(-0.0324578 -0.00132368 5.27608e-18)
(-0.0358313 0.000702503 -1.03553e-17)
(-0.0377241 0.000764888 -5.10277e-18)
(-0.0381951 0.000171792 0)
(-0.0369093 -0.000694143 0)
(-0.0340046 -0.00165135 0)
(-0.0306591 -0.00212053 -7.44373e-18)
(-0.0275023 -0.00196713 0)
(-0.0247726 -0.00133748 4.97207e-18)
(-0.0226727 -0.000502484 2.49312e-18)
(-0.0213424 0.000160865 0)
(-0.0208506 0.000382484 0)
(-0.02106 0.000323506 0)
(-0.0217753 0.000122773 0)
(-0.0227654 -6.98249e-05 -6.34477e-19)
(-0.0238767 -0.000219834 0)
(-0.0250398 -0.000307341 3.21011e-19)
(-0.0262596 -0.000304751 1.61672e-19)
(-0.0275982 -0.000195899 0)
(-0.0290984 9.17048e-06 0)
(-0.030782 0.000285505 6.64203e-19)
(-0.0326584 0.000610665 0)
(-0.0347789 0.000981679 -1.35628e-18)
(-0.037169 0.00141577 0)
(-0.0398559 0.00194047 -1.38781e-18)
(-0.0428674 0.00257773 0)
(-0.0462324 0.00332954 1.41778e-18)
(-0.0499641 0.0041932 1.43755e-18)
(-0.0540582 0.0051946 0)
(-0.0585001 0.00648211 0)
(-0.0632772 0.00837324 -2.97576e-18)
(-0.0683651 0.0113518 0)
(-0.0737086 0.0160058 1.26915e-20)
(-0.0792844 0.0228602 0)
(-0.0852316 0.0320288 0)
(-0.0918656 0.042805 0)
(-0.0994591 0.0536144 0)
(-0.107729 0.062287 6.01386e-18)
(-0.115229 0.0664755 0)
(-0.1196 0.0641759 -5.50799e-18)
(-0.118944 0.0544117 2.67477e-18)
(-0.112049 0.0380735 -2.34782e-18)
(-0.0952246 0.017963 -4.95661e-18)
(-0.0632698 -0.00416524 5.11222e-18)
(-0.0441026 -0.0299502 -5.63937e-18)
(-0.0191665 -0.050832 6.5924e-18)
(0.00900761 -0.0655636 0)
(0.0399238 -0.0757974 -1.30334e-17)
(0.0742292 -0.0830313 -9.69999e-18)
(0.112719 -0.0880844 0)
(0.155614 -0.0910357 5.74468e-18)
(0.202595 -0.0916227 1.25483e-17)
(0.253121 -0.0896279 0)
(0.306571 -0.0849382 0)
(0.362381 -0.0774971 0)
(0.420084 -0.0674132 0)
(0.479411 -0.054989 -1.35833e-17)
(0.540108 -0.0407384 5.92352e-18)
(0.603027 -0.0253156 -1.17477e-17)
(0.666574 -0.00966035 1.01465e-17)
(0.738534 0.00518965 -3.46362e-18)
(0.795605 0.0167691 0)
(0.911587 0.0222406 0)
(0.978489 0.201539 0)
(0.978854 0.193008 -2.79007e-18)
(0.969154 0.205115 3.48557e-18)
(0.939082 0.208537 -3.0644e-18)
(0.87803 0.194613 2.88896e-18)
(0.785599 0.168726 2.84705e-18)
(0.66934 0.138085 0)
(0.540997 0.106024 0)
(0.408202 0.0750637 0)
(0.285899 0.0459413 6.87743e-18)
(0.173812 0.0180399 0)
(0.0721966 -0.00635144 0)
(-0.0213593 -0.0139188 0)
(-0.0471081 -0.003739 -7.192e-18)
(-0.0514494 -0.0117694 0)
(-0.0599488 -0.018407 -6.04463e-18)
(-0.061098 -0.0116043 0)
(-0.0504222 0.00825999 5.86681e-18)
(-0.0479369 0.0158529 2.87177e-18)
(-0.0521791 0.012177 0)
(-0.0540989 0.00593331 -2.79082e-18)
(-0.0554885 -0.000260072 0)
(-0.0555796 -0.00440188 0)
(-0.0541837 -0.00605681 5.44842e-18)
(-0.052222 -0.00607072 0)
(-0.0507774 -0.00523178 1.36268e-18)
(-0.0504748 -0.0038135 -4.09182e-18)
(-0.0512809 -0.00191456 0)
(-0.0526731 3.08127e-06 0)
(-0.0542187 0.00141016 -6.83762e-19)
(-0.0559391 0.00233165 0)
(-0.0577856 0.00284819 2.01651e-22)
(-0.0596803 0.00308912 0)
(-0.0615694 0.00320155 6.92129e-19)
(-0.0634453 0.00333055 8.70131e-20)
(-0.0653596 0.00352072 0)
(-0.0673538 0.00377213 1.76523e-19)
(-0.06944 0.00407314 -3.56052e-19)
(-0.0716029 0.00442581 -3.59417e-19)
(-0.0738109 0.00483766 -7.26321e-19)
(-0.0760271 0.00532615 7.34592e-19)
(-0.0782253 0.00591705 7.42241e-19)
(-0.0803983 0.00663241 0)
(-0.082536 0.00747376 1.52404e-18)
(-0.0845652 0.00841864 -3.09351e-18)
(-0.086281 0.00946377 0)
(-0.0873161 0.0107018 -1.59824e-18)
(-0.0871768 0.0124276 3.24889e-18)
(-0.0852908 0.0151385 0)
(-0.080985 0.0193678 -1.6935e-18)
(-0.0735259 0.025573 1.7697e-18)
(-0.0623344 0.0339714 -1.83185e-18)
(-0.0470047 0.0437633 -1.89757e-18)
(-0.0274626 0.0534561 0)
(-0.00390055 0.0609433 -3.93508e-18)
(0.0236864 0.0638635 -1.88997e-18)
(0.0552582 0.0599928 1.6532e-18)
(0.0889083 0.0484961 1.54802e-18)
(0.123155 0.028236 2.6105e-18)
(0.155481 0.00180685 0)
(0.186209 -0.0244355 0)
(0.21441 -0.0464042 0)
(0.242888 -0.0645876 -1.33409e-18)
(0.274533 -0.0800537 0)
(0.310396 -0.0933806 3.25341e-18)
(0.350037 -0.10461 0)
(0.392578 -0.11348 -1.99869e-18)
(0.43717 -0.119589 -4.47424e-18)
(0.483034 -0.122543 0)
(0.529509 -0.122086 -2.47392e-18)
(0.576112 -0.118183 2.57538e-18)
(0.622575 -0.111053 0)
(0.668834 -0.101166 0)
(0.715067 -0.0891796 0)
(0.761505 -0.0759044 -5.39546e-18)
(0.809017 -0.0622499 0)
(0.856895 -0.0494041 -1.88132e-18)
(0.910079 -0.0384774 3.36379e-18)
(0.953058 -0.031876 0)
(1.0355 -0.0309716 3.92805e-19)
(0.970611 0.209118 0)
(0.963917 0.194768 1.52758e-18)
(0.96643 0.198518 0)
(0.977153 0.206413 1.69654e-18)
(0.982035 0.208892 -3.00799e-18)
(0.968293 0.204275 -1.34284e-18)
(0.930744 0.193734 0)
(0.870746 0.177885 0)
(0.791109 0.156589 0)
(0.69538 0.131345 1.35279e-18)
(0.589435 0.105427 1.3845e-18)
(0.480013 0.0807126 0)
(0.369222 0.0580272 0)
(0.26664 0.0376552 0)
(0.179605 0.0185821 0)
(0.100324 0.00270903 6.40535e-18)
(0.0295131 -0.00986896 -3.38845e-18)
(-0.0314889 -0.00952013 0)
(-0.0347405 0.000469409 -3.28148e-18)
(-0.0367954 0.00203736 1.61641e-18)
(-0.0371411 0.000883907 3.20647e-18)
(-0.0385253 -0.00175285 0)
(-0.0416566 -0.0043477 0)
(-0.04562 -0.0054724 -3.11585e-18)
(-0.0487573 -0.00442194 0)
(-0.0504252 -0.00155249 -1.54426e-18)
(-0.0515846 0.00197117 1.5451e-18)
(-0.053774 0.00449184 0)
(-0.0557367 0.00566506 0)
(-0.0578664 0.00620325 7.68358e-19)
(-0.0597605 0.00628271 0)
(-0.0613945 0.00604267 -7.71262e-19)
(-0.0627198 0.00562978 0)
(-0.0637179 0.00519106 -1.94953e-19)
(-0.0644992 0.00494243 -9.81502e-20)
(-0.0651128 0.00496022 -2.47344e-20)
(-0.0655294 0.00518801 -2.99836e-19)
(-0.0656433 0.00560489 4.04362e-19)
(-0.0653756 0.00611138 4.09599e-19)
(-0.0646463 0.00666264 1.2469e-18)
(-0.063366 0.00725999 -4.22376e-19)
(-0.0614557 0.00792435 4.29971e-19)
(-0.0588683 0.00866106 0)
(-0.0555795 0.00940759 8.99076e-19)
(-0.0515228 0.00999139 9.17213e-19)
(-0.0465229 0.0101235 0)
(-0.0402424 0.00948718 1.94268e-18)
(-0.0322527 0.00789224 1.00435e-18)
(-0.0222995 0.00561413 0)
(-0.00984907 0.00344939 -3.25731e-18)
(0.0063349 0.00198403 -2.22472e-18)
(0.0273838 0.00173161 1.10431e-18)
(0.0533447 0.00257744 2.15719e-18)
(0.0847499 0.00375811 0)
(0.121632 0.00388684 9.75883e-19)
(0.163193 0.00131509 2.68052e-18)
(0.208211 -0.00541048 1.5931e-18)
(0.254631 -0.0167924 -1.40304e-18)
(0.30203 -0.0317723 -6.48939e-19)
(0.348367 -0.0488983 0)
(0.393068 -0.0674129 0)
(0.436072 -0.086001 0)
(0.478199 -0.103577 1.74308e-18)
(0.520283 -0.119518 6.55441e-19)
(0.562351 -0.133395 0)
(0.603827 -0.144734 -1.57984e-18)
(0.644042 -0.153034 1.75186e-18)
(0.682512 -0.157885 -1.88235e-18)
(0.718979 -0.15907 -2.02648e-18)
(0.75341 -0.1566 1.25117e-19)
(0.785997 -0.150735 -2.41659e-18)
(0.817137 -0.141953 0)
(0.847366 -0.130902 0)
(0.877348 -0.118342 0)
(0.907686 -0.105113 0)
(0.93929 -0.0920899 0)
(0.971832 -0.0803275 3.66876e-18)
(1.00865 -0.0706766 -1.34272e-18)
(1.0389 -0.0650891 0)
(1.0961 -0.0633731 -4.23448e-19)
(0.972988 0.216082 0)
(0.965832 0.20181 1.87361e-18)
(0.959206 0.195604 2.49567e-19)
(0.96149 0.195551 1.90974e-18)
(0.97267 0.197544 0)
(0.985522 0.199245 -1.60965e-18)
(0.992499 0.199307 0)
(0.988452 0.196267 -3.63015e-19)
(0.970213 0.18905 0)
(0.93562 0.177587 -1.60804e-18)
(0.884712 0.162778 -1.24464e-18)
(0.81959 0.145694 -3.15813e-19)
(0.743279 0.126753 3.13463e-19)
(0.65805 0.106128 0)
(0.569126 0.0852927 3.13424e-19)
(0.479333 0.066254 0)
(0.393436 0.0502768 2.65624e-18)
(0.314057 0.0363704 -3.51567e-19)
(0.24694 0.024321 0)
(0.192071 0.0147458 -1.90181e-18)
(0.147223 0.00788806 0)
(0.109868 0.00333021 0)
(0.0788545 0.000727682 0)
(0.052721 -0.000770269 0)
(0.0309576 -0.00183188 -2.22354e-19)
(0.0140977 -0.00235451 0)
(0.000865573 -0.00167792 0)
(-0.00416192 0.000470147 1.15642e-19)
(-0.00635392 0.00197709 0)
(-0.00619512 0.00306932 0)
(-0.00466778 0.00375953 0)
(-0.00231335 0.00415476 -5.88099e-20)
(0.000393891 0.0043318 0)
(0.00385533 0.00422243 -2.68281e-19)
(0.00685305 0.00470638 0)
(0.0105068 0.00539081 3.01272e-20)
(0.0148038 0.00562419 1.51421e-19)
(0.0200638 0.00534326 3.03885e-20)
(0.0264323 0.00481933 -6.10246e-20)
(0.0340219 0.00411042 -4.90238e-19)
(0.0429892 0.00322347 -4.91391e-19)
(0.0535135 0.00220105 4.91949e-19)
(0.0657629 0.00107665 -1.23012e-19)
(0.0799304 -0.000163405 -9.80483e-19)
(0.0962175 -0.00158204 9.74986e-19)
(0.114674 -0.00329379 -1.21071e-19)
(0.13538 -0.0054654 0)
(0.158322 -0.00824579 -9.4527e-19)
(0.182999 -0.0116807 0)
(0.209731 -0.0157205 9.18876e-19)
(0.238706 -0.0200668 0)
(0.270068 -0.0245484 8.89933e-19)
(0.304045 -0.0290828 0)
(0.340925 -0.0337953 -2.09553e-19)
(0.380874 -0.0390911 -7.97064e-19)
(0.423744 -0.0456013 -7.41515e-19)
(0.468953 -0.0540047 1.72883e-19)
(0.515466 -0.064812 0)
(0.561901 -0.0783532 5.47912e-19)
(0.606843 -0.0941069 -1.38667e-19)
(0.649438 -0.111121 0)
(0.689283 -0.128092 1.38979e-19)
(0.72627 -0.143812 -5.42837e-19)
(0.760373 -0.15747 -5.98327e-19)
(0.791465 -0.168544 0)
(0.819367 -0.176633 1.49143e-18)
(0.844014 -0.181441 0)
(0.865563 -0.182827 1.83979e-18)
(0.884403 -0.18085 2.01415e-18)
(0.901114 -0.175763 2.17553e-18)
(0.916416 -0.16799 2.70715e-19)
(0.931107 -0.15809 0)
(0.945996 -0.146712 0)
(0.96187 -0.134553 0)
(0.979346 -0.122341 -2.69037e-19)
(0.999174 -0.110801 0)
(1.021 -0.100742 -1.67084e-18)
(1.0473 -0.0928197 1.64569e-18)
(1.06926 -0.0882769 1.03731e-19)
(1.11279 -0.0870318 4.49886e-20)
(0.974194 0.218515 -1.23404e-18)
(0.970935 0.206365 1.19437e-18)
(0.965119 0.198176 -2.82406e-19)
(0.96114 0.194117 0)
(0.962199 0.191949 0)
(0.968263 0.190553 0)
(0.977776 0.189896 0)
(0.988508 0.189497 1.25401e-18)
(0.997439 0.188329 0)
(1.00094 0.185385 -1.12105e-18)
(0.99578 0.179987 -1.39743e-18)
(0.979844 0.171941 3.204e-19)
(0.952675 0.161472 9.67789e-19)
(0.914331 0.148677 0)
(0.865635 0.133759 -1.47674e-18)
(0.808232 0.117853 0)
(0.746058 0.102472 -1.1805e-18)
(0.68364 0.0879755 2.95234e-19)
(0.622865 0.0743877 -1.23503e-18)
(0.565781 0.0621111 -9.51203e-19)
(0.513223 0.0513509 0)
(0.465537 0.0420928 0)
(0.422906 0.0342125 -6.83985e-19)
(0.385283 0.0276077 0)
(0.352537 0.0221413 -5.43217e-19)
(0.324462 0.0176319 0)
(0.300614 0.0137943 0)
(0.280794 0.0103757 -9.58329e-20)
(0.264869 0.0074344 0)
(0.252498 0.00500134 0)
(0.243367 0.00301916 0)
(0.237237 0.00139893 5.06736e-20)
(0.23383 3.19537e-05 2.05253e-19)
(0.233107 -0.00111247 1.29185e-19)
(0.23485 -0.00244983 0)
(0.239233 -0.00407188 0)
(0.246039 -0.00584948 -2.59253e-20)
(0.255002 -0.00780713 -1.29832e-19)
(0.266232 -0.00999025 5.16208e-20)
(0.279642 -0.0123936 0)
(0.295076 -0.0150087 0)
(0.312428 -0.0178285 -2.04838e-19)
(0.331642 -0.0208497 1.01086e-19)
(0.352682 -0.0240908 -4.04325e-19)
(0.375514 -0.0276108 4.00745e-19)
(0.400069 -0.0315027 9.81234e-20)
(0.426219 -0.0358687 0)
(0.453764 -0.040734 3.87307e-19)
(0.482491 -0.0459964 0)
(0.512261 -0.0515298 0)
(0.542954 -0.0571977 0)
(0.57449 -0.0628865 0)
(0.60686 -0.0685698 0)
(0.640085 -0.0743893 1.76105e-19)
(0.674115 -0.0806846 0)
(0.708723 -0.0879358 6.65343e-19)
(0.743429 -0.0966294 -1.52076e-19)
(0.7775 -0.107079 0)
(0.810038 -0.119244 5.82829e-19)
(0.840157 -0.132575 1.29149e-19)
(0.867165 -0.14622 5.72679e-19)
(0.890638 -0.159247 -1.34248e-19)
(0.910412 -0.170821 0)
(0.926545 -0.180333 -6.69137e-19)
(0.939242 -0.187388 0)
(0.948817 -0.19174 0)
(0.955722 -0.193275 -8.58439e-19)
(0.96056 -0.19202 0)
(0.964067 -0.188155 0)
(0.967047 -0.181993 -1.06505e-18)
(0.970317 -0.173951 -2.95459e-19)
(0.974656 -0.164523 0)
(0.980752 -0.154245 0)
(0.989201 -0.143673 0)
(1.00039 -0.13337 3.00591e-19)
(1.01481 -0.123884 -1.02776e-18)
(1.03193 -0.115802 -2.39487e-19)
(1.0538 -0.109601 -1.88044e-19)
(1.07231 -0.106017 -1.17482e-19)
(1.11063 -0.10515 -2.4007e-19)
(0.974501 0.219011 4.36038e-18)
(0.973757 0.208037 -4.18682e-18)
(0.971714 0.200428 0)
(0.96916 0.196215 -2.54012e-18)
(0.967055 0.192943 0)
(0.966168 0.18932 -2.23975e-18)
(0.967424 0.185829 0)
(0.971676 0.183022 2.98252e-18)
(0.978987 0.180748 -3.70318e-18)
(0.988297 0.178508 1.69091e-18)
(0.99771 0.175803 1.58074e-18)
(1.005 0.172186 0)
(1.00814 0.167303 -4.27501e-18)
(1.00548 0.160734 -2.72263e-18)
(0.995621 0.152135 3.82653e-18)
(0.97782 0.141812 0)
(0.953066 0.130632 1.17201e-18)
(0.923771 0.119341 0)
(0.891716 0.108125 1.16848e-18)
(0.858189 0.0969763 1.16835e-18)
(0.82423 0.0861019 0)
(0.790829 0.0757761 0)
(0.75886 0.066201 -6.40018e-19)
(0.728996 0.0574817 0)
(0.701677 0.049597 6.21672e-19)
(0.677128 0.0424627 0)
(0.655466 0.0359892 0)
(0.636718 0.0300973 0)
(0.620914 0.0247032 0)
(0.607997 0.0197268 0)
(0.597903 0.0150852 0)
(0.590582 0.0106958 0)
(0.585975 0.00647192 1.77245e-19)
(0.583979 0.00233619 -8.59597e-20)
(0.584422 -0.00185834 4.39743e-20)
(0.587326 -0.00617269 0)
(0.592581 -0.0105912 0)
(0.599954 -0.0150665 8.60199e-20)
(0.609277 -0.019616 -3.51498e-19)
(0.620383 -0.0242681 3.51422e-19)
(0.633093 -0.0290246 0)
(0.647244 -0.0338754 8.7447e-19)
(0.662695 -0.0388179 -7.02907e-19)
(0.679317 -0.0438682 -3.60014e-19)
(0.696978 -0.0490641 -3.42132e-19)
(0.71553 -0.0544548 0)
(0.734796 -0.0600767 0)
(0.754569 -0.0659184 -1.03937e-18)
(0.77464 -0.0719124 0)
(0.794831 -0.0779738 0)
(0.815006 -0.0840166 0)
(0.835078 -0.0899791 6.99701e-19)
(0.855007 -0.0958753 1.39541e-18)
(0.874766 -0.101834 0)
(0.89428 -0.108102 0)
(0.913362 -0.114985 -6.44698e-19)
(0.931666 -0.122759 0)
(0.948694 -0.131549 1.29348e-18)
(0.963857 -0.141241 6.87426e-19)
(0.976582 -0.151456 0)
(0.986448 -0.161626 7.03402e-19)
(0.993275 -0.171118 1.34648e-18)
(0.997145 -0.179341 1.41893e-18)
(0.998364 -0.185835 7.21599e-19)
(0.997394 -0.190307 -1.62904e-18)
(0.994795 -0.192609 1.7587e-18)
(0.991192 -0.192715 2.84866e-18)
(0.987266 -0.190707 0)
(0.983713 -0.186768 0)
(0.981207 -0.181169 1.19682e-18)
(0.980357 -0.174246 0)
(0.981687 -0.166379 2.49906e-18)
(0.985617 -0.157981 2.52992e-18)
(0.992483 -0.14948 0)
(1.00245 -0.141313 2.39762e-18)
(1.01583 -0.133907 -1.03879e-18)
(1.03196 -0.127704 0)
(1.05276 -0.123052 0)
(1.07039 -0.12041 0)
(1.1072 -0.119957 -1.92471e-19)
(0.974733 0.218938 -3.35886e-18)
(0.975458 0.208203 3.21538e-18)
(0.976057 0.201061 -6.24449e-18)
(0.975937 0.19737 2.87288e-18)
(0.974876 0.194465 0)
(0.973203 0.190793 2.53308e-18)
(0.971491 0.186593 -4.84884e-18)
(0.970478 0.182351 -4.49562e-18)
(0.971002 0.178145 -7.91881e-20)
(0.973718 0.17397 0)
(0.978827 0.169893 0)
(0.985995 0.165885 3.60012e-18)
(0.994405 0.161717 3.29483e-18)
(1.00289 0.15697 -3.28029e-18)
(1.01001 0.151253 -8.90478e-18)
(1.01433 0.144469 0)
(1.01495 0.136917 0)
(1.01191 0.1289 0)
(1.00569 0.120407 0)
(0.996757 0.111426 0)
(0.98562 0.102163 0)
(0.972908 0.0928937 0)
(0.959304 0.0838292 1.24152e-18)
(0.945437 0.0750827 -2.58968e-18)
(0.931826 0.0666873 0)
(0.918875 0.0586461 0)
(0.906899 0.0509569 0)
(0.89614 0.043594 0)
(0.886763 0.0364993 0)
(0.878874 0.02963 -6.63624e-19)
(0.872547 0.0229543 0)
(0.86783 0.0164333 0)
(0.864741 0.0100201 1.25381e-20)
(0.863229 0.00364761 0)
(0.863193 -0.00260983 -4.10146e-20)
(0.864559 -0.00878784 0)
(0.867217 -0.0149521 1.70522e-19)
(0.871016 -0.0211059 0)
(0.875827 -0.0272406 6.7191e-19)
(0.881532 -0.0333481 -3.30615e-19)
(0.888012 -0.0394123 -6.90064e-19)
(0.895151 -0.0454183 -6.67539e-19)
(0.90284 -0.051364 6.71383e-19)
(0.910976 -0.0572636 6.75436e-19)
(0.919454 -0.0631449 1.41141e-18)
(0.928156 -0.0690391 1.42021e-18)
(0.936948 -0.0749647 0)
(0.945689 -0.0809117 -7.46482e-19)
(0.954248 -0.086836 0)
(0.962523 -0.0926774 0)
(0.97046 -0.098381 -1.47533e-18)
(0.978041 -0.103923 -7.1821e-19)
(0.985284 -0.109341 5.03658e-20)
(0.992203 -0.114749 0)
(0.998776 -0.120333 0)
(1.0049 -0.126309 0)
(1.01034 -0.13286 1.48894e-18)
(1.01481 -0.140062 -1.3997e-18)
(1.01794 -0.147832 -1.39363e-18)
(1.01941 -0.155906 0)
(1.01905 -0.163879 -1.43927e-18)
(1.01685 -0.171285 9.27369e-20)
(1.01303 -0.177689 -1.59067e-18)
(1.00797 -0.18275 1.77084e-18)
(1.00213 -0.186253 -4.6407e-20)
(0.996043 -0.188093 -1.9928e-18)
(0.990224 -0.188255 -2.15492e-18)
(0.985193 -0.186799 0)
(0.98143 -0.183851 0)
(0.979364 -0.179602 0)
(0.979355 -0.174297 0)
(0.981696 -0.168224 -2.83624e-18)
(0.986615 -0.16171 -2.86939e-18)
(0.9943 -0.155109 0)
(1.00483 -0.148791 -2.71704e-18)
(1.01845 -0.143116 4.89612e-18)
(1.03454 -0.138445 0)
(1.05497 -0.135022 0)
(1.07224 -0.133182 0)
(1.10804 -0.132934 9.10671e-19)
(0.975035 0.218503 8.34988e-18)
(0.977128 0.207477 0)
(0.979624 0.200811 1.42925e-17)
(0.980943 0.197723 0)
(0.980749 0.195183 6.22122e-18)
(0.97984 0.191826 0)
(0.97866 0.187913 5.47947e-18)
(0.977188 0.183673 0)
(0.975612 0.179007 -5.04212e-18)
(0.974452 0.173915 0)
(0.974288 0.16857 8.89004e-18)
(0.975604 0.163136 -4.11516e-18)
(0.978696 0.157647 0)
(0.983585 0.152003 7.3136e-18)
(0.989925 0.146054 -1.87189e-19)
(0.997058 0.139719 -6.68676e-18)
(1.00412 0.133135 6.4807e-18)
(1.01043 0.126391 0)
(1.01561 0.119345 0)
(1.01942 0.111904 6.09141e-18)
(1.02171 0.104137 0)
(1.02255 0.0961829 -2.96391e-18)
(1.02214 0.0881597 0)
(1.02075 0.0801421 2.80789e-18)
(1.01865 0.0721748 0)
(1.01612 0.0642884 2.90053e-18)
(1.01336 0.0565022 0)
(1.01059 0.0488176 0)
(1.00795 0.041225 1.44986e-18)
(1.00556 0.0337237 6.97043e-19)
(1.00353 0.0263157 0)
(1.00192 0.0189938 0)
(1.00077 0.0117461 -1.0885e-18)
(1.00009 0.00455602 0)
(0.999822 -0.00248517 0)
(0.999935 -0.00942701 0)
(1.00039 -0.0163181 -1.77806e-19)
(1.00112 -0.0231468 0)
(1.00209 -0.0298823 -1.10524e-18)
(1.00324 -0.0365027 -7.51082e-19)
(1.00452 -0.0429931 7.26093e-19)
(1.0059 -0.0493445 0)
(1.00735 -0.0555577 0)
(1.00882 -0.0616445 1.55143e-18)
(1.01029 -0.0676253 -1.50809e-18)
(1.01171 -0.0735213 -1.52431e-18)
(1.01302 -0.0793445 0)
(1.01418 -0.0850888 -5.77781e-20)
(1.01515 -0.0907282 1.63649e-18)
(1.0159 -0.0962289 0)
(1.01645 -0.101568 1.6212e-18)
(1.01685 -0.106752 1.69541e-18)
(1.01715 -0.111831 -1.65796e-18)
(1.01741 -0.116907 0)
(1.01764 -0.122128 0)
(1.01777 -0.127652 0)
(1.01769 -0.13361 -1.67626e-18)
(1.01719 -0.14005 0)
(1.01605 -0.146905 0)
(1.01409 -0.153978 0)
(1.01121 -0.160971 3.67771e-18)
(1.00748 -0.167541 -1.81629e-18)
(1.00306 -0.17336 0)
(0.998252 -0.178157 -2.01969e-18)
(0.993407 -0.181744 -2.24062e-18)
(0.988893 -0.184006 4.65e-18)
(0.985066 -0.184894 -4.92363e-18)
(0.982257 -0.18442 -5.20203e-18)
(0.980761 -0.182654 0)
(0.980834 -0.179726 -5.71508e-18)
(0.982693 -0.175826 0)
(0.986526 -0.171195 0)
(0.992493 -0.166124 0)
(1.00076 -0.160937 5.98337e-18)
(1.01143 -0.155977 -5.7258e-18)
(1.02478 -0.151576 -7.97868e-18)
(1.04031 -0.148039 0)
(1.05989 -0.145536 3.5954e-18)
(1.07643 -0.144298 0)
(1.11066 -0.144109 -1.49866e-18)
(0.975434 0.217691 -9.47133e-18)
(0.979143 0.206091 -9.21931e-18)
(0.983424 0.200247 -1.64608e-17)
(0.985581 0.197999 0)
(0.985488 0.195683 -1.41454e-17)
(0.984789 0.19242 -6.73855e-18)
(0.984205 0.188734 0)
(0.983459 0.18473 1.20094e-17)
(0.982362 0.180206 1.12107e-17)
(0.981045 0.175111 0)
(0.97972 0.169535 -1.00541e-17)
(0.978627 0.163574 0)
(0.978082 0.157291 0)
(0.978417 0.150711 8.71594e-18)
(0.979853 0.143837 8.07786e-18)
(0.982453 0.136703 -1.8247e-19)
(0.986069 0.129519 1.84508e-19)
(0.990428 0.12244 0)
(0.995238 0.115368 0)
(1.00015 0.108184 -6.97987e-18)
(1.00484 0.100865 -7.0713e-18)
(1.00908 0.0934516 1.03647e-17)
(1.01277 0.0859869 3.45486e-18)
(1.01589 0.0785019 3.4269e-18)
(1.01847 0.0710148 0)
(1.02056 0.0635369 -3.27648e-18)
(1.02221 0.0560754 0)
(1.02348 0.0486326 0)
(1.02443 0.0412094 -3.31134e-18)
(1.02509 0.0338109 0)
(1.02552 0.0264445 0)
(1.02575 0.0191158 0)
(1.0258 0.0118305 8.21066e-19)
(1.02568 0.00460859 -4.27999e-19)
(1.02546 -0.00252095 2.13757e-19)
(1.0251 -0.00956378 0)
(1.02462 -0.0165254 0)
(1.02403 -0.0233893 0)
(1.02331 -0.0301309 8.34056e-19)
(1.02249 -0.0367329 8.39659e-19)
(1.02155 -0.0431853 -1.75348e-18)
(1.02053 -0.0494828 0)
(1.01944 -0.0556269 0)
(1.01829 -0.0616281 -3.54829e-18)
(1.0171 -0.067503 -1.82324e-18)
(1.01589 -0.0732693 0)
(1.01464 -0.0789387 0)
(1.01336 -0.0845118 1.83063e-18)
(1.01205 -0.089978 5.68253e-20)
(1.01074 -0.0953235 0)
(1.00946 -0.100544 0)
(1.00827 -0.105658 -1.92847e-18)
(1.00723 -0.110715 0)
(1.00638 -0.1158 0)
(1.00573 -0.121025 0)
(1.00523 -0.12651 0)
(1.00478 -0.132348 0)
(1.00424 -0.138572 -4.1595e-18)
(1.00344 -0.145129 0)
(1.00223 -0.151868 0)
(1.00056 -0.158563 1.63756e-19)
(0.998443 -0.164942 0)
(0.995993 -0.170731 0)
(0.993402 -0.175688 0)
(0.990902 -0.179623 1.00552e-17)
(0.988735 -0.182404 -5.26807e-18)
(0.987132 -0.183955 5.57036e-18)
(0.986309 -0.184254 1.28276e-20)
(0.986458 -0.183341 0)
(0.987758 -0.181314 6.44741e-18)
(0.990378 -0.17834 -6.56244e-18)
(0.994489 -0.174643 0)
(1.00027 -0.170506 0)
(1.00794 -0.166248 -1.43921e-19)
(1.01765 -0.162206 6.47279e-18)
(1.0298 -0.158701 5.96148e-18)
(1.04399 -0.155993 0)
(1.06212 -0.154211 -4.08092e-18)
(1.07752 -0.153406 0)
(1.1099 -0.153279 1.12942e-18)
(0.975986 0.216474 0)
(0.981692 0.204216 2.12373e-17)
(0.98777 0.199649 1.8843e-17)
(0.990443 0.198414 0)
(0.990124 0.19624 8.03878e-18)
(0.989274 0.19298 -7.77872e-18)
(0.988777 0.189397 0)
(0.988288 0.185472 -1.35795e-17)
(0.98762 0.18101 0)
(0.986865 0.17601 0)
(0.986058 0.170529 0)
(0.985169 0.164596 0)
(0.984236 0.158219 0)
(0.98338 0.151403 1.82877e-19)
(0.982746 0.144156 -9.53555e-18)
(0.982476 0.13653 -1.82311e-19)
(0.982713 0.128781 1.83735e-19)
(0.983555 0.121145 0)
(0.985 0.113601 0)
(0.986926 0.106078 0)
(0.989148 0.0985535 -2.02652e-19)
(0.991499 0.0910507 2.06545e-19)
(0.993867 0.0835947 -3.95629e-18)
(0.996179 0.0761958 -3.92544e-18)
(0.99838 0.0688515 0)
(1.00043 0.061554 -3.99064e-18)
(1.00228 0.0542957 3.9785e-18)
(1.00392 0.0470695 0)
(1.00534 0.0398696 1.92828e-18)
(1.00651 0.0326947 1.98628e-18)
(1.00743 0.0255487 0)
(1.0081 0.0184391 0)
(1.00852 0.0113729 1.00318e-18)
(1.00871 0.00438548 -1.48857e-20)
(1.00871 -0.00256337 -4.9495e-19)
(1.00852 -0.00943876 0)
(1.00816 -0.0162222 0)
(1.00764 -0.0229062 -1.01141e-18)
(1.00699 -0.0294786 0)
(1.00621 -0.0359273 -1.02242e-18)
(1.00533 -0.0422446 -5.87698e-20)
(1.00438 -0.0484277 0)
(1.0034 -0.0544796 2.09557e-18)
(1.00242 -0.0604102 4.17472e-18)
(1.00146 -0.0662337 2.08083e-18)
(1.00054 -0.0719646 0)
(0.999684 -0.0776134 -4.37076e-18)
(0.998892 -0.0831827 0)
(0.99818 -0.0886681 -2.18035e-18)
(0.997571 -0.0940635 0)
(0.997096 -0.0993706 0)
(0.996794 -0.104608 0)
(0.9967 -0.10982 0)
(0.996834 -0.115073 0)
(0.997188 -0.120458 -4.7586e-18)
(0.997716 -0.126065 4.79315e-18)
(0.998326 -0.131965 0)
(0.998898 -0.138182 4.72004e-18)
(0.999296 -0.144671 -4.91727e-18)
(0.999404 -0.151311 0)
(0.999152 -0.157913 -4.93139e-18)
(0.998532 -0.164244 0)
(0.997604 -0.170062 0)
(0.996481 -0.17514 0)
(0.995304 -0.179286 -5.72241e-18)
(0.994227 -0.182358 6.06474e-18)
(0.993401 -0.184262 -6.3337e-18)
(0.992975 -0.184959 1.32188e-17)
(0.993099 -0.184471 -6.87616e-18)
(0.993936 -0.18289 0)
(0.995671 -0.180376 7.40969e-18)
(0.998523 -0.177161 -7.45649e-18)
(1.00274 -0.173536 0)
(1.00863 -0.169831 -1.153e-19)
(1.01645 -0.166389 -7.09306e-18)
(1.02669 -0.163532 0)
(1.03907 -0.161471 0)
(1.05557 -0.160338 -4.55245e-18)
(1.06974 -0.159873 0)
(1.1007 -0.159992 -1.28004e-18)
(0.976761 0.214805 0)
(0.984936 0.202011 -1.22353e-17)
(0.992772 0.199206 -1.07156e-17)
(0.995651 0.198994 0)
(0.994985 0.196875 1.84471e-17)
(0.993961 0.193641 1.74197e-17)
(0.993395 0.190147 0)
(0.992836 0.186214 1.56816e-17)
(0.992172 0.181696 -1.48909e-17)
(0.991574 0.176675 0)
(0.991093 0.171217 0)
(0.99066 0.16533 0)
(0.990213 0.159005 0)
(0.989732 0.152225 -1.1331e-17)
(0.989207 0.144979 -1.11345e-17)
(0.988644 0.13729 1.02345e-17)
(0.988117 0.129393 -3.02958e-17)
(0.987749 0.121539 0)
(0.987621 0.113746 0)
(0.987735 0.105978 9.70944e-18)
(0.988043 0.0982351 1.89908e-17)
(0.988492 0.0905495 -9.29914e-18)
(0.989049 0.0829499 0)
(0.989696 0.0754474 0)
(0.99041 0.0680385 -4.66425e-18)
(0.991164 0.0607137 9.18986e-18)
(0.99193 0.0534624 -9.16794e-18)
(0.992681 0.0462743 0)
(0.993392 0.0391398 0)
(0.994041 0.0320531 -2.2636e-18)
(0.994608 0.0250141 0)
(0.99508 0.0180255 2.33331e-18)
(0.995447 0.0110959 -1.14325e-18)
(0.995724 0.00421971 -1.45231e-20)
(0.99591 -0.00261658 -7.29731e-21)
(0.995997 -0.00938161 0)
(0.995992 -0.0160595 0)
(0.995906 -0.0226475 -2.91289e-20)
(0.995749 -0.0291381 1.18407e-18)
(0.995532 -0.0355214 3.54339e-18)
(0.995275 -0.0417914 4.73757e-18)
(0.995002 -0.0479468 2.4161e-18)
(0.994739 -0.0539917 -2.37945e-18)
(0.994509 -0.0599348 -2.40201e-18)
(0.994334 -0.0657876 2.48279e-18)
(0.994231 -0.0715618 0)
(0.994212 -0.0772658 4.95522e-18)
(0.994284 -0.0829023 -5.12217e-18)
(0.994459 -0.088469 0)
(0.994748 -0.0939631 0)
(0.995173 -0.099388 0)
(0.995752 -0.104761 0)
(0.996502 -0.11012 0)
(0.997426 -0.115521 0)
(0.998503 -0.121035 5.37338e-18)
(0.999681 -0.126736 -1.09478e-17)
(1.00088 -0.132679 -5.5818e-18)
(1.00198 -0.138879 5.63171e-18)
(1.00286 -0.145296 5.54461e-18)
(1.00341 -0.151822 -5.77607e-18)
(1.00355 -0.15829 5.88445e-18)
(1.00323 -0.16449 0)
(1.00245 -0.170196 6.19773e-18)
(1.00126 -0.175188 -6.40481e-18)
(0.999735 -0.179275 0)
(0.997962 -0.182305 -1.37463e-17)
(0.996053 -0.184178 7.15038e-18)
(0.994143 -0.184854 -1.49467e-17)
(0.992403 -0.184358 7.78461e-18)
(0.99105 -0.182795 0)
(0.990353 -0.180345 8.25402e-18)
(0.990634 -0.177262 8.49438e-18)
(0.992258 -0.173857 -8.46067e-18)
(0.99564 -0.17048 -8.45052e-18)
(1.00114 -0.167473 8.13226e-18)
(1.00934 -0.165167 0)
(1.02001 -0.163711 0)
(1.03527 -0.163293 5.23981e-18)
(1.04861 -0.163179 0)
(1.07942 -0.16391 1.47709e-18)
(0.977833 0.212618 1.62221e-17)
(0.988995 0.199651 0)
(0.998473 0.19906 -2.41233e-17)
(1.00125 0.199736 2.18555e-17)
(1.00018 0.197594 -2.08413e-17)
(0.999034 0.194439 1.99888e-17)
(0.998405 0.191039 0)
(0.997731 0.187067 1.60147e-19)
(0.996956 0.182465 1.68118e-17)
(0.996292 0.177379 0)
(0.99581 0.171871 0)
(0.995466 0.165946 0)
(0.995218 0.159602 2.77317e-17)
(0.995039 0.152827 0)
(0.994889 0.145607 2.47103e-17)
(0.994716 0.137948 0)
(0.994512 0.130059 4.62164e-17)
(0.994315 0.12218 0)
(0.994169 0.114338 0)
(0.994075 0.106508 -2.21004e-17)
(0.994012 0.0986974 -1.08246e-17)
(0.993965 0.0909374 0)
(0.993938 0.083259 0)
(0.993947 0.0756767 0)
(0.994003 0.0681917 5.2666e-18)
(0.99411 0.0607989 -5.2499e-18)
(0.994263 0.0534906 -1.07896e-19)
(0.994457 0.0462582 0)
(0.994683 0.0390923 5.3466e-18)
(0.99493 0.0319869 0)
(0.995189 0.0249405 0)
(0.995449 0.0179531 -2.63742e-18)
(0.995704 0.011028 1.35146e-18)
(0.995943 0.00415543 -1.44373e-20)
(0.996162 -0.00266396 3.30053e-19)
(0.996347 -0.00941197 0)
(0.996496 -0.0160763 0)
(0.996613 -0.022653 1.32885e-18)
(0.996705 -0.0291364 -1.33487e-18)
(0.996776 -0.0355194 -2.68483e-18)
(0.99684 -0.0417984 -2.70279e-18)
(0.996912 -0.047974 -2.72335e-18)
(0.997012 -0.0540511 0)
(0.997157 -0.060038 0)
(0.997364 -0.0659449 -2.79741e-18)
(0.997644 -0.0717817 -5.76394e-18)
(0.998008 -0.0775551 0)
(0.998459 -0.0832673 1.16496e-17)
(0.999001 -0.0889166 0)
(0.999639 -0.0945003 0)
(1.00038 -0.100022 -6.0677e-18)
(1.00122 -0.105495 6.12972e-18)
(1.00216 -0.110949 6.19011e-18)
(1.00318 -0.116432 0)
(1.00424 -0.122001 6.30419e-18)
(1.00526 -0.127712 1.2591e-17)
(1.00617 -0.133609 -1.34642e-19)
(1.00683 -0.139697 -6.3403e-18)
(1.00712 -0.145933 0)
(1.00689 -0.152215 6.50872e-18)
(1.00604 -0.158385 1.47483e-19)
(1.00449 -0.164244 0)
(1.00218 -0.169575 -1.41322e-17)
(0.999127 -0.174166 -1.12714e-19)
(0.995363 -0.177828 0)
(0.990978 -0.18042 7.83808e-18)
(0.98611 -0.181854 0)
(0.98096 -0.182109 8.52614e-18)
(0.975794 -0.181241 -8.86484e-18)
(0.970955 -0.179386 -9.17171e-18)
(0.966847 -0.176757 -9.4909e-18)
(0.963928 -0.173636 9.63085e-18)
(0.962679 -0.170354 9.77858e-18)
(0.963608 -0.167268 0)
(0.967134 -0.164714 0)
(0.973877 -0.163021 0)
(0.983597 -0.162264 0)
(0.998601 -0.162742 0)
(1.01195 -0.163093 0)
(1.04453 -0.164918 0)
(0.979275 0.209853 1.98973e-17)
(0.993932 0.197333 0)
(1.00486 0.199295 2.72775e-17)
(1.00729 0.200617 -2.19495e-20)
(1.00581 0.198415 0)
(1.00459 0.195398 -4.52026e-17)
(1.00392 0.192074 0)
(1.00315 0.188042 -2.01325e-17)
(1.0023 0.183362 1.93211e-17)
(1.00157 0.178214 -1.83883e-17)
(1.00102 0.172643 3.49767e-17)
(1.00062 0.166651 -3.32648e-17)
(1.00034 0.160244 -3.12694e-17)
(1.00018 0.15342 0)
(1.00012 0.146169 2.86599e-17)
(1.00012 0.138492 0)
(1.00014 0.13059 -5.29021e-17)
(1.00021 0.122695 2.62205e-17)
(1.00031 0.114838 0)
(1.00044 0.106995 1.25633e-17)
(1.00056 0.0991718 0)
(1.00065 0.0913949 0)
(1.00072 0.0836914 -1.24299e-17)
(1.00077 0.0760757 0)
(1.00082 0.0685509 0)
(1.00089 0.0611137 0)
(1.00098 0.0537589 6.02084e-18)
(1.00109 0.0464798 0)
(1.00123 0.0392679 1.10978e-19)
(1.00139 0.0321186 6.14051e-18)
(1.00156 0.0250311 0)
(1.00175 0.0180053 0)
(1.00195 0.0110371 -1.51555e-18)
(1.00215 0.00413402 7.56896e-19)
(1.00234 -0.00270657 0)
(1.00253 -0.00947604 3.86091e-19)
(1.00269 -0.0161634 7.73939e-19)
(1.00284 -0.0227631 0)
(1.00298 -0.0292708 0)
(1.00311 -0.035682 3.13699e-18)
(1.00324 -0.0419946 0)
(1.00338 -0.0482101 -3.18009e-18)
(1.00354 -0.0543334 3.20564e-18)
(1.00373 -0.0603721 0)
(1.00396 -0.0663346 0)
(1.00423 -0.0722285 -1.14353e-19)
(1.00454 -0.0780581 0)
(1.0049 -0.0838232 -6.60766e-18)
(1.00527 -0.0895196 6.7914e-18)
(1.00566 -0.0951424 0)
(1.00605 -0.100691 6.82122e-18)
(1.00641 -0.106174 1.14266e-19)
(1.00672 -0.111613 -6.96424e-18)
(1.00692 -0.117044 0)
(1.00696 -0.122512 -7.10125e-18)
(1.00674 -0.128059 -7.16931e-18)
(1.00616 -0.133716 1.46155e-17)
(1.00507 -0.139478 0)
(1.00332 -0.145298 7.56335e-18)
(1.00078 -0.151073 7.68748e-18)
(0.997297 -0.156652 1.42737e-19)
(0.992784 -0.161846 0)
(0.987188 -0.166452 2.46284e-17)
(0.980518 -0.170273 8.40487e-18)
(0.972854 -0.173145 -1.7631e-17)
(0.964351 -0.174952 0)
(0.955248 -0.175642 -1.9027e-17)
(0.945873 -0.175233 -1.97887e-17)
(0.936638 -0.173823 1.02821e-17)
(0.92803 -0.171586 1.06707e-17)
(0.920588 -0.168765 -2.19454e-17)
(0.914879 -0.165661 1.11699e-17)
(0.911454 -0.162609 0)
(0.91086 -0.159959 0)
(0.913505 -0.158022 2.17814e-17)
(0.920006 -0.157117 0)
(0.93002 -0.157232 0)
(0.9461 -0.158837 0)
(0.960504 -0.159828 0)
(0.996947 -0.163229 0)
(0.981152 0.206468 -4.34668e-17)
(0.999746 0.195257 -3.77308e-17)
(1.01186 0.199925 -3.00205e-17)
(1.01376 0.201607 -5.6686e-21)
(1.01195 0.199371 0)
(1.01072 0.196535 2.54909e-17)
(1.01002 0.193252 0)
(1.0092 0.189146 0)
(1.00832 0.184398 -2.17284e-17)
(1.00757 0.179194 2.06827e-17)
(1.00699 0.173564 -7.90662e-17)
(1.00655 0.167506 3.74286e-17)
(1.00623 0.161034 3.59891e-17)
(1.00603 0.154147 3.42677e-17)
(1.00593 0.146839 3.77647e-19)
(1.00591 0.139111 0)
(1.00596 0.13116 6.03615e-17)
(1.00608 0.123219 -2.95191e-17)
(1.00626 0.115321 0)
(1.00648 0.107446 -2.91376e-17)
(1.00672 0.0995989 0)
(1.00693 0.0918004 -1.42953e-17)
(1.00712 0.0840741 1.39876e-17)
(1.00729 0.0764325 1.41221e-17)
(1.00745 0.0688781 1.40661e-17)
(1.00761 0.0614078 1.40277e-17)
(1.00777 0.0540173 0)
(1.00793 0.0467006 0)
(1.00809 0.0394494 -6.89286e-18)
(1.00826 0.0322607 -6.90355e-18)
(1.00842 0.0251343 0)
(1.00859 0.0180697 0)
(1.00875 0.011066 -1.75758e-18)
(1.00891 0.00412988 0)
(1.00905 -0.00274065 -4.39182e-19)
(1.00917 -0.00953924 -4.32536e-19)
(1.00926 -0.0162548 1.45021e-20)
(1.00932 -0.0228806 0)
(1.00933 -0.0294125 -3.55585e-18)
(1.0093 -0.0358465 5.78528e-20)
(1.00922 -0.0421806 3.59922e-18)
(1.00909 -0.0484154 3.56835e-18)
(1.0089 -0.0545544 -3.59823e-18)
(1.00866 -0.0606028 0)
(1.00835 -0.0665662 0)
(1.00797 -0.0724483 7.4053e-18)
(1.0075 -0.0782491 0)
(1.00692 -0.083964 0)
(1.0062 -0.0895847 -1.54104e-17)
(1.0053 -0.0951016 0)
(1.0042 -0.100509 0)
(1.00286 -0.105809 -7.91559e-18)
(1.00123 -0.111017 0)
(0.999257 -0.116158 -8.21744e-18)
(0.996863 -0.121268 0)
(0.993957 -0.126381 0)
(0.990422 -0.131514 -1.69231e-17)
(0.986122 -0.136658 -1.72944e-17)
(0.980909 -0.141763 8.92291e-18)
(0.97464 -0.146729 -8.81384e-18)
(0.967195 -0.151416 -9.01263e-18)
(0.958499 -0.155653 0)
(0.948543 -0.159259 -3.8396e-17)
(0.9374 -0.162069 0)
(0.925236 -0.163957 4.12026e-17)
(0.912315 -0.164847 -2.14965e-17)
(0.899005 -0.164731 2.22863e-17)
(0.885764 -0.163674 2.32504e-17)
(0.873132 -0.161809 0)
(0.861704 -0.15934 -2.5128e-17)
(0.8521 -0.156527 2.59694e-17)
(0.844934 -0.153669 -2.65793e-17)
(0.840767 -0.151088 0)
(0.840122 -0.14911 0)
(0.84335 -0.148009 1.19046e-20)
(0.851028 -0.148092 0)
(0.862659 -0.149251 0)
(0.881099 -0.15218 0)
(0.897503 -0.153991 0)
(0.93963 -0.159349 0)
(0.983507 0.202468 0)
(1.00638 0.193567 1.98125e-19)
(1.01938 0.200875 3.37369e-17)
(1.02068 0.202654 -6.22444e-17)
(1.01864 0.200475 0)
(1.01745 0.197847 0)
(1.01675 0.194569 0)
(1.01592 0.190382 2.59433e-17)
(1.01504 0.185574 0)
(1.01429 0.180318 0)
(1.0137 0.174628 4.45617e-17)
(1.01323 0.168507 -4.28037e-17)
(1.01287 0.161969 3.79931e-19)
(1.01261 0.155017 -3.84755e-17)
(1.01245 0.147646 -3.66546e-17)
(1.01236 0.139855 0)
(1.01234 0.131841 3.81085e-19)
(1.01239 0.123836 0)
(1.01251 0.115879 0)
(1.01267 0.107952 -4.03299e-19)
(1.01284 0.10006 0)
(1.013 0.0922212 1.60662e-17)
(1.01314 0.0844569 0)
(1.01325 0.076778 -1.58712e-17)
(1.01334 0.0691861 2.14562e-19)
(1.01342 0.0616784 -1.5764e-17)
(1.01347 0.0542509 -7.97873e-18)
(1.0135 0.0468985 0)
(1.0135 0.0396122 0)
(1.01346 0.0323904 7.99661e-18)
(1.0134 0.0252334 0)
(1.01331 0.0181405 0)
(1.01316 0.0111131 3.96182e-18)
(1.01296 0.00415744 0)
(1.01268 -0.00272498 9.91047e-19)
(1.01229 -0.0095267 0)
(1.01179 -0.0162359 -9.88798e-19)
(1.01116 -0.022844 -2.01471e-18)
(1.01036 -0.029345 3.9929e-18)
(1.0094 -0.0357338 -4.01836e-18)
(1.00825 -0.0420063 -4.04812e-18)
(1.00689 -0.0481612 0)
(1.00532 -0.0541994 0)
(1.00352 -0.0601228 0)
(1.00147 -0.0659334 8.52335e-18)
(0.999168 -0.0716308 0)
(0.996575 -0.077211 0)
(0.993671 -0.0826654 0)
(0.990428 -0.0879824 -1.11044e-19)
(0.986818 -0.0931497 0)
(0.982812 -0.0981588 -9.16411e-18)
(0.978381 -0.10301 -9.28714e-18)
(0.973492 -0.107714 -9.41444e-18)
(0.968101 -0.112294 9.43481e-18)
(0.962151 -0.11678 0)
(0.955562 -0.121198 0)
(0.948231 -0.125564 9.86252e-18)
(0.940035 -0.129865 2.00589e-17)
(0.930845 -0.134052 -2.04381e-17)
(0.920537 -0.138035 0)
(0.909022 -0.14169 0)
(0.89627 -0.144869 0)
(0.882331 -0.147426 2.27254e-17)
(0.867352 -0.149232 -2.37327e-17)
(0.851587 -0.150202 -2.44798e-17)
(0.835398 -0.150304 2.55076e-17)
(0.819248 -0.149571 -2.6696e-17)
(0.803684 -0.148099 0)
(0.789317 -0.146049 2.89468e-17)
(0.776789 -0.143636 3.00322e-17)
(0.766744 -0.141117 3.09709e-17)
(0.759789 -0.13878 0)
(0.756457 -0.136918 0)
(0.757221 -0.135827 3.17305e-17)
(0.762356 -0.135739 5.78583e-20)
(0.772393 -0.136953 2.85153e-17)
(0.786652 -0.139257 0)
(0.808409 -0.143621 0)
(0.827422 -0.146391 0)
(0.876395 -0.153935 0)
(0.98634 0.197925 -6.18629e-17)
(1.01372 0.192421 5.31552e-19)
(1.02734 0.202082 -3.65455e-17)
(1.02804 0.203757 3.47924e-17)
(1.02583 0.201737 0)
(1.02462 0.199296 0)
(1.02378 0.195962 0)
(1.02275 0.191666 -2.89776e-17)
(1.02164 0.186772 0)
(1.02063 0.18143 0)
(1.01974 0.175645 5.06452e-17)
(1.01897 0.169428 -3.78582e-19)
(1.01828 0.162797 -4.56674e-17)
(1.01769 0.155756 0)
(1.01718 0.1483 0)
(1.01674 0.140428 0)
(1.01635 0.132335 -7.77829e-17)
(1.01602 0.124255 0)
(1.01575 0.116228 0)
(1.0155 0.108241 3.72278e-17)
(1.01525 0.100296 0)
(1.01496 0.0924112 0)
(1.01461 0.0846063 0)
(1.01421 0.0768912 -1.82945e-17)
(1.01374 0.0692675 -3.6251e-17)
(1.0132 0.0617329 1.81917e-17)
(1.01258 0.0542844 -9.19456e-18)
(1.01187 0.0469193 0)
(1.01106 0.0396228 9.09786e-18)
(1.01015 0.0324034 -8.99267e-18)
(1.00913 0.0252612 0)
(1.00796 0.0181946 0)
(1.00661 0.0112082 -6.78095e-18)
(1.00506 0.00430997 -2.27181e-18)
(1.00329 -0.00249403 -1.13123e-18)
(1.00127 -0.00919422 0)
(0.99897 -0.0157772 0)
(0.996372 -0.022232 2.2784e-18)
(0.993456 -0.0285506 4.64318e-18)
(0.990206 -0.0347261 -4.67921e-18)
(0.986607 -0.0407533 4.72058e-18)
(0.982651 -0.0466295 0)
(0.978332 -0.0523541 0)
(0.973643 -0.0579277 0)
(0.968577 -0.0633506 -9.76314e-18)
(0.963125 -0.0686209 9.99862e-18)
(0.957278 -0.0737334 0)
(0.951023 -0.0786795 0)
(0.944351 -0.0834479 -1.0321e-19)
(0.937255 -0.0880279 0)
(0.92973 -0.0924132 1.06458e-17)
(0.921774 -0.0966059 -1.00437e-19)
(0.913379 -0.100618 2.2084e-17)
(0.904525 -0.104473 0)
(0.895176 -0.108198 0)
(0.885267 -0.111818 0)
(0.874709 -0.115345 2.3754e-17)
(0.863387 -0.118765 0)
(0.851183 -0.122035 -2.47265e-17)
(0.83799 -0.125076 0)
(0.823743 -0.127781 -2.59621e-17)
(0.808444 -0.130032 0)
(0.792186 -0.131711 0)
(0.775168 -0.132728 2.84152e-17)
(0.757699 -0.133033 0)
(0.740196 -0.132629 0)
(0.723168 -0.131576 3.20936e-17)
(0.707202 -0.129993 0)
(0.692935 -0.128052 -6.96544e-17)
(0.68102 -0.125967 3.60936e-17)
(0.672095 -0.123987 -3.71644e-17)
(0.666744 -0.122376 3.79201e-17)
(0.665461 -0.1214 -3.81873e-17)
(0.66867 -0.12132 5.10086e-20)
(0.676573 -0.122327 9.49976e-20)
(0.689682 -0.12472 -3.30555e-17)
(0.70714 -0.12819 -2.85822e-17)
(0.732687 -0.133991 0)
(0.754452 -0.137776 1.40554e-17)
(0.810672 -0.147567 -6.90281e-18)
(0.989625 0.192955 6.52699e-17)
(1.02178 0.191897 8.59706e-19)
(1.03581 0.203483 6.20258e-19)
(1.03562 0.204917 -3.8775e-17)
(1.0326 0.203035 0)
(1.03029 0.200572 3.5977e-17)
(1.02803 0.196949 0)
(1.0254 0.192338 0)
(1.02263 0.187157 0)
(1.01996 0.181543 0)
(1.01747 0.175505 3.68048e-19)
(1.01517 0.169062 5.4057e-17)
(1.01304 0.162238 0)
(1.01109 0.155035 0)
(1.00927 0.147447 0)
(1.00756 0.139471 -4.52868e-17)
(1.00595 0.131296 -3.69242e-19)
(1.00443 0.123156 0)
(1.00299 0.11509 0)
(1.00158 0.107083 0)
(1.00012 0.0991357 -4.24909e-17)
(0.99859 0.0912644 -2.1103e-17)
(0.996945 0.0834862 0)
(0.995172 0.0758104 2.07108e-17)
(0.993257 0.0682393 4.1518e-17)
(0.99119 0.0607707 -2.06287e-17)
(0.988958 0.0534038 -2.0684e-19)
(0.98654 0.0461278 0)
(0.983927 0.038949 -2.07679e-17)
(0.981088 0.0318779 1.04291e-17)
(0.977986 0.0249051 0)
(0.974595 0.0180319 0)
(0.970892 0.0112665 5.17107e-18)
(0.966857 0.00461903 -2.61192e-20)
(0.962468 -0.00190179 6.50953e-19)
(0.957708 -0.008285 0)
(0.952563 -0.0145169 -2.66044e-18)
(0.947024 -0.0205858 0)
(0.941089 -0.0264839 5.06301e-20)
(0.93476 -0.0322051 5.41166e-18)
(0.928043 -0.0377455 -5.47231e-18)
(0.920947 -0.0431034 -1.11768e-17)
(0.913482 -0.0482798 0)
(0.905659 -0.0532766 -1.14784e-17)
(0.897485 -0.0580951 1.16456e-17)
(0.888967 -0.0627353 -1.1729e-17)
(0.88011 -0.0671939 0)
(0.870919 -0.0714652 -1.22038e-17)
(0.861403 -0.0755418 1.23174e-17)
(0.851575 -0.0794173 0)
(0.841452 -0.08309 0)
(0.831053 -0.0865657 1.29783e-17)
(0.820387 -0.0898593 -1.32133e-17)
(0.809451 -0.0929934 0)
(0.798213 -0.0959936 0)
(0.786613 -0.0988819 0)
(0.77456 -0.101667 -5.71449e-17)
(0.761935 -0.104335 0)
(0.748617 -0.106846 2.97257e-17)
(0.734498 -0.109132 0)
(0.719519 -0.111103 3.12753e-17)
(0.703693 -0.112663 3.23711e-17)
(0.68713 -0.113724 0)
(0.67005 -0.114223 3.46068e-17)
(0.652785 -0.114139 3.59191e-17)
(0.635774 -0.113499 0)
(0.619552 -0.112385 -3.88559e-17)
(0.604722 -0.110928 0)
(0.591931 -0.109305 -2.74467e-20)
(0.581837 -0.107726 1.90581e-20)
(0.575062 -0.106424 0)
(0.572169 -0.10564 2.70994e-20)
(0.573614 -0.10561 4.52065e-17)
(0.579774 -0.106564 -4.42838e-17)
(0.590799 -0.108653 -4.17925e-17)
(0.607204 -0.112183 0)
(0.627909 -0.116745 3.24403e-17)
(0.657219 -0.123872 0)
(0.681429 -0.128638 -1.57879e-17)
(0.744538 -0.140568 7.7005e-18)
(0.993547 0.187731 0)
(1.03075 0.19195 4.79607e-17)
(1.04375 0.204767 4.09576e-17)
(1.03991 0.205565 -1.02091e-19)
(1.03195 0.203216 0)
(1.02392 0.199927 -7.9807e-17)
(1.01578 0.195287 0)
(1.00754 0.189747 7.31372e-17)
(0.999655 0.183776 0)
(0.99243 0.177505 0)
(0.98594 0.170943 3.42975e-19)
(0.980134 0.164106 0)
(0.974934 0.157004 -5.91087e-17)
(0.970247 0.149628 5.65581e-17)
(0.965962 0.141957 5.41093e-17)
(0.961959 0.133978 1.03203e-16)
(0.958216 0.125864 5.04517e-17)
(0.954727 0.117837 0)
(0.951405 0.109925 0)
(0.948148 0.102109 4.93716e-17)
(0.944859 0.0943821 4.86906e-17)
(0.941463 0.0867567 2.42183e-17)
(0.937912 0.0792462 0)
(0.934181 0.0718588 0)
(0.930253 0.0645962 -2.40432e-17)
(0.926113 0.057456 0)
(0.921746 0.0504353 2.40762e-17)
(0.917137 0.0435271 0)
(0.912254 0.036767 2.42234e-17)
(0.907076 0.0301362 -1.20724e-17)
(0.90158 0.0236241 1.21844e-17)
(0.895752 0.0172391 0)
(0.889577 0.0109908 0)
(0.883046 0.00488883 3.06028e-18)
(0.87615 -0.00105851 0)
(0.868886 -0.00684143 -7.81236e-19)
(0.861258 -0.0124484 3.12989e-18)
(0.853277 -0.0178702 0)
(0.844961 -0.0231014 -6.39108e-18)
(0.83633 -0.0281391 0)
(0.827407 -0.0329822 6.59474e-18)
(0.818217 -0.0376323 1.3292e-17)
(0.808781 -0.0420927 0)
(0.799119 -0.0463678 2.74861e-17)
(0.789246 -0.0504615 -1.39285e-17)
(0.779173 -0.0543759 0)
(0.768912 -0.0581111 0)
(0.758473 -0.0616646 1.4667e-17)
(0.747874 -0.0650333 0)
(0.737134 -0.0682152 0)
(0.726281 -0.0712125 -1.55566e-17)
(0.715338 -0.0740338 3.16893e-17)
(0.704321 -0.0766945 0)
(0.693226 -0.0792156 0)
(0.682019 -0.081619 -3.3509e-17)
(0.670631 -0.0839215 0)
(0.65896 -0.0861272 -1.37837e-19)
(0.646876 -0.0882208 -3.55487e-17)
(0.634243 -0.090164 -3.6329e-17)
(0.620943 -0.0918967 0)
(0.606911 -0.0933438 -3.81578e-17)
(0.592156 -0.0944273 -3.91298e-17)
(0.576791 -0.0950815 0)
(0.561046 -0.0952684 -8.36124e-17)
(0.545268 -0.0949896 -4.32864e-17)
(0.529917 -0.094294 4.49882e-17)
(0.515544 -0.0932789 4.66368e-17)
(0.502772 -0.0920856 -4.83871e-17)
(0.492253 -0.0908917 9.99847e-17)
(0.484635 -0.0898987 -5.13981e-17)
(0.480518 -0.0893201 -5.24912e-17)
(0.480428 -0.0893713 -5.2982e-17)
(0.484776 -0.0902541 0)
(0.493905 -0.0921714 0)
(0.507906 -0.0952356 0)
(0.527309 -0.0997562 0)
(0.550786 -0.105235 0)
(0.583312 -0.113458 -2.93478e-17)
(0.609167 -0.119053 0)
(0.677969 -0.132822 0)
(0.9988 0.182496 0)
(1.03779 0.192019 0)
(1.04101 0.204232 4.14902e-17)
(1.0221 0.202591 4.41182e-17)
(0.998568 0.197928 0)
(0.97657 0.192303 4.43035e-17)
(0.95665 0.185622 0)
(0.938846 0.178524 -8.25298e-17)
(0.923356 0.171432 0)
(0.910141 0.164402 0)
(0.898912 0.157386 -1.47775e-16)
(0.889309 0.150342 -7.1108e-17)
(0.881007 0.143235 6.79487e-17)
(0.873725 0.136018 -6.51419e-17)
(0.867203 0.128644 -6.24165e-17)
(0.861206 0.121077 -1.19845e-16)
(0.855664 0.113463 0)
(0.850544 0.105994 5.86117e-17)
(0.845709 0.0986818 0)
(0.841 0.0914978 -1.1546e-16)
(0.836284 0.0844303 5.76121e-17)
(0.831462 0.0774842 0)
(0.82648 0.0706695 -2.86613e-17)
(0.82131 0.063992 0)
(0.81594 0.0574528 0)
(0.810362 0.0510502 0)
(0.804567 0.0447742 0)
(0.798544 0.0386475 0)
(0.792276 0.0326765 -1.4375e-17)
(0.785749 0.0268332 0)
(0.77895 0.0211216 -2.90118e-17)
(0.771869 0.0155521 -7.30623e-18)
(0.764496 0.0101312 0)
(0.756827 0.00486545 0)
(0.748865 -0.000239054 -9.32573e-19)
(0.740616 -0.00517536 9.36837e-19)
(0.732096 -0.00993538 0)
(0.72333 -0.0145133 -3.84516e-18)
(0.714346 -0.0189068 0)
(0.705175 -0.0231159 0)
(0.695849 -0.0271423 -1.59668e-17)
(0.686396 -0.0309899 0)
(0.67684 -0.0346639 1.64929e-17)
(0.667201 -0.0381703 -1.67042e-17)
(0.657492 -0.0415144 0)
(0.647721 -0.0446998 0)
(0.637896 -0.0477285 0)
(0.628026 -0.0506005 0)
(0.618126 -0.0533155 -1.82844e-17)
(0.608215 -0.0558745 0)
(0.598319 -0.0582816 1.89027e-17)
(0.58846 -0.0605461 -3.8495e-17)
(0.578653 -0.0626821 3.92948e-17)
(0.568888 -0.0647069 4.00056e-17)
(0.559123 -0.0666369 4.06305e-17)
(0.54928 -0.0684826 0)
(0.539243 -0.0702423 4.21465e-17)
(0.528868 -0.0718974 8.60304e-17)
(0.518007 -0.0734106 8.78004e-17)
(0.506531 -0.0747279 -4.4924e-17)
(0.494368 -0.0757861 9.19351e-17)
(0.481529 -0.0765244 4.72381e-17)
(0.468135 -0.076898 0)
(0.454433 -0.0768917 1.00211e-16)
(0.440791 -0.0765297 0)
(0.427694 -0.0758799 -1.07064e-16)
(0.415709 -0.0750524 5.53487e-17)
(0.405457 -0.0741924 -2.94182e-20)
(0.39757 -0.0734705 -5.86613e-17)
(0.392658 -0.0730705 0)
(0.391268 -0.0731802 6.07795e-17)
(0.393868 -0.0739844 6.09956e-17)
(0.400817 -0.0756512 0)
(0.41242 -0.0783548 -5.72129e-17)
(0.428704 -0.082173 5.33397e-17)
(0.450255 -0.0874174 0)
(0.475449 -0.0935181 0)
(0.510034 -0.102457 3.23384e-17)
(0.536152 -0.108572 0)
(0.608457 -0.123648 0)
(1.00402 0.17724 7.55821e-17)
(1.02676 0.189398 0)
(0.99703 0.196786 -8.71687e-17)
(0.944552 0.18939 0)
(0.895553 0.180295 -4.9805e-17)
(0.856795 0.171513 0)
(0.826304 0.162879 0)
(0.801814 0.154755 0)
(0.782062 0.147254 0)
(0.766095 0.140231 -8.92129e-17)
(0.753045 0.133515 8.58591e-17)
(0.7422 0.126988 -2.05671e-19)
(0.733022 0.12056 0)
(0.725099 0.114153 0)
(0.718085 0.107698 0)
(0.711688 0.101145 1.40542e-16)
(0.70581 0.0946079 0)
(0.700409 0.0882384 -6.89079e-17)
(0.695331 0.0820371 0)
(0.690402 0.0759706 -1.99278e-19)
(0.685476 0.0700242 2.01021e-19)
(0.680451 0.0641983 6.83857e-17)
(0.675279 0.0584995 3.40923e-17)
(0.669943 0.0529321 0)
(0.664442 0.0474969 -3.43027e-17)
(0.658774 0.0421924 0)
(0.652938 0.0370202 0)
(0.646944 0.0319817 0)
(0.640769 0.027068 1.73822e-17)
(0.634402 0.022278 -1.74605e-17)
(0.627831 0.017618 1.75068e-17)
(0.621048 0.0130919 8.8097e-18)
(0.614044 0.00870205 0)
(0.606821 0.00445232 0)
(0.599383 0.000346748 1.12887e-18)
(0.591743 -0.0036101 0)
(0.583922 -0.00741305 0)
(0.575949 -0.0110589 9.34611e-18)
(0.567858 -0.0145475 9.47729e-18)
(0.559684 -0.0178804 -9.60683e-18)
(0.551457 -0.021061 -2.08667e-20)
(0.543206 -0.0240937 0)
(0.534952 -0.0269843 3.99678e-20)
(0.526709 -0.0297388 0)
(0.518486 -0.0323625 0)
(0.510285 -0.0348594 -2.11127e-17)
(0.502107 -0.037232 0)
(0.493956 -0.0394817 0)
(0.485842 -0.0416093 2.21791e-17)
(0.477781 -0.0436172 0)
(0.469794 -0.0455102 0)
(0.4619 -0.0472966 4.67246e-17)
(0.454106 -0.0489876 6.69468e-20)
(0.446397 -0.0505956 -4.8212e-17)
(0.438725 -0.0521308 -4.90649e-17)
(0.431 -0.0535964 -4.98651e-17)
(0.423097 -0.0549847 -5.06921e-17)
(0.414867 -0.0562739 -5.14973e-17)
(0.406155 -0.0574277 -1.04947e-16)
(0.396836 -0.0583992 1.07025e-16)
(0.386843 -0.059138 -5.4644e-17)
(0.376206 -0.0596015 -5.59503e-17)
(0.365069 -0.059767 5.74551e-17)
(0.353704 -0.059642 4.05624e-20)
(0.3425 -0.0592702 -6.07525e-17)
(0.331947 -0.0587329 6.24888e-17)
(0.322593 -0.0581432 2.43533e-20)
(0.315017 -0.0576385 6.5868e-17)
(0.309784 -0.0573702 0)
(0.307423 -0.0574957 0)
(0.308401 -0.0581703 0)
(0.313115 -0.0595463 -6.81523e-17)
(0.321862 -0.0617584 0)
(0.334916 -0.0649545 -1.06319e-19)
(0.352246 -0.0691834 -5.84811e-17)
(0.374515 -0.0747505 0)
(0.399778 -0.0810414 4.49328e-17)
(0.434595 -0.0901459 0)
(0.459006 -0.0962901 0)
(0.531514 -0.111888 1.15727e-17)
(0.997056 0.17083 2.35235e-18)
(0.960101 0.177927 0)
(0.870032 0.174912 4.73308e-17)
(0.779138 0.160015 0)
(0.713823 0.147322 5.63112e-17)
(0.670862 0.137273 0)
(0.64061 0.128663 0)
(0.617631 0.121189 0)
(0.599665 0.114618 1.06383e-16)
(0.585476 0.108668 2.0624e-16)
(0.574089 0.103119 9.97774e-17)
(0.564751 0.0978251 1.92405e-16)
(0.556927 0.0926849 0)
(0.550224 0.0876159 8.91108e-17)
(0.544321 0.0825506 8.55555e-17)
(0.538953 0.0774397 -1.64004e-16)
(0.534029 0.0723675 0)
(0.529518 0.0674451 0)
(0.525289 0.062668 0)
(0.521184 0.0580066 1.6212e-16)
(0.517069 0.0534465 -8.10392e-17)
(0.512858 0.0489864 -8.114e-17)
(0.508516 0.0446306 -4.07135e-17)
(0.504042 0.0403826 4.08311e-17)
(0.499446 0.0362435 4.09223e-17)
(0.494736 0.0322161 0)
(0.489913 0.0283021 -4.13702e-17)
(0.484991 0.0244697 0)
(0.479947 0.0207387 -2.08546e-17)
(0.474767 0.0171171 2.0979e-17)
(0.46944 0.0136034 -2.11491e-17)
(0.463957 0.0101967 0)
(0.458314 0.00689803 1.07417e-17)
(0.452512 0.00371048 0)
(0.446557 0.000636614 0)
(0.440464 -0.00232086 0)
(0.434253 -0.0051589 0)
(0.427955 -0.00787602 -5.65384e-18)
(0.421603 -0.010473 -1.14527e-17)
(0.41523 -0.0129523 1.16073e-17)
(0.408864 -0.0153169 -1.21441e-20)
(0.402529 -0.0175713 0)
(0.396242 -0.0197205 -2.42467e-17)
(0.390012 -0.0217694 -2.4643e-17)
(0.383842 -0.0237225 0)
(0.37773 -0.0255834 2.5399e-17)
(0.371671 -0.0273543 0)
(0.365666 -0.0290369 0)
(0.359717 -0.0306326 2.66326e-17)
(0.353838 -0.032144 5.40802e-17)
(0.348042 -0.0335753 0)
(0.342343 -0.0349328 -5.56582e-17)
(0.33674 -0.036224 -5.64568e-17)
(0.331211 -0.037456 0)
(0.325701 -0.0386324 5.80374e-17)
(0.320118 -0.03975 5.88333e-17)
(0.314339 -0.0407966 5.96515e-17)
(0.308219 -0.0417493 6.05548e-17)
(0.30162 -0.0425757 1.2293e-16)
(0.294436 -0.0432386 3.78551e-20)
(0.286629 -0.0437033 -6.36566e-17)
(0.278257 -0.0439469 0)
(0.26949 -0.0439674 -6.63212e-17)
(0.260612 -0.0437901 -1.35723e-16)
(0.252 -0.0434697 1.38917e-16)
(0.244102 -0.0430882 -7.10662e-17)
(0.237399 -0.042748 -7.25628e-17)
(0.232372 -0.0425656 0)
(0.229482 -0.0426633 -7.48863e-17)
(0.229147 -0.0431653 0)
(0.231737 -0.044193 0)
(0.237571 -0.0458645 -7.40151e-17)
(0.246887 -0.0482856 0)
(0.259931 -0.0515767 6.78806e-17)
(0.276619 -0.0557645 -6.30503e-17)
(0.29768 -0.0611307 0)
(0.320904 -0.0670616 -4.79464e-17)
(0.35348 -0.0756207 0)
(0.373941 -0.0811669 0)
(0.442179 -0.096253 -1.22579e-17)
(0.943676 0.159905 -7.91901e-17)
(0.792329 0.149734 0)
(0.646351 0.134633 5.28087e-17)
(0.54651 0.116144 0)
(0.491778 0.10437 6.37007e-17)
(0.460765 0.0963095 0)
(0.439208 0.0897628 0)
(0.422489 0.0841876 0)
(0.40944 0.0793714 4.79013e-20)
(0.399289 0.0750851 4.89693e-20)
(0.391242 0.07114 -1.13107e-16)
(0.384684 0.0674107 -1.09344e-16)
(0.379211 0.0638138 0)
(0.374539 0.0602852 -2.03149e-16)
(0.370434 0.056773 -9.7613e-17)
(0.366699 0.0532394 1.87454e-16)
(0.363274 0.0497405 0)
(0.360144 0.0463517 9.35676e-17)
(0.357217 0.0430685 9.39041e-17)
(0.354369 0.039869 -9.41816e-17)
(0.351491 0.0367413 0)
(0.348521 0.0336841 -9.49667e-17)
(0.345444 0.0307003 4.76722e-17)
(0.342273 0.0277934 -4.79125e-17)
(0.339026 0.0249657 4.8205e-17)
(0.335713 0.0222141 0)
(0.332333 0.0195324 -2.68101e-20)
(0.328897 0.016914 0)
(0.325385 0.0143651 0)
(0.321778 0.0118915 0)
(0.31807 0.00949339 -1.32473e-20)
(0.314254 0.0071705 0)
(0.310326 0.00492371 -1.276e-17)
(0.306287 0.00275472 6.44412e-18)
(0.302145 0.000664845 0)
(0.297911 -0.00134467 0)
(0.293603 -0.00327224 -6.6528e-18)
(0.289249 -0.00511739 0)
(0.284877 -0.00688121 0)
(0.280513 -0.00856575 1.38037e-17)
(0.276182 -0.0101736 -5.68137e-21)
(0.271901 -0.0117082 -2.83542e-17)
(0.267684 -0.0131732 -2.8748e-17)
(0.263537 -0.0145724 2.91417e-17)
(0.259457 -0.0159089 0)
(0.255442 -0.0171854 0)
(0.251483 -0.0184036 0)
(0.247577 -0.0195651 0)
(0.243725 -0.0206711 -3.1222e-17)
(0.23993 -0.0217237 2.06327e-20)
(0.236201 -0.0227258 0)
(0.232543 -0.0236812 0)
(0.228947 -0.0245935 6.56104e-17)
(0.225388 -0.0254649 0)
(0.221811 -0.0262941 0)
(0.218134 -0.0270741 -6.7783e-17)
(0.214248 -0.0277915 0)
(0.210038 -0.028426 -6.9257e-17)
(0.205397 -0.0289531 -1.40191e-16)
(0.200258 -0.0293484 -7.09972e-17)
(0.194618 -0.0295932 7.20127e-17)
(0.188556 -0.0296817 0)
(0.182245 -0.0296258 7.43741e-17)
(0.175938 -0.0294578 1.51319e-16)
(0.169955 -0.0292303 -7.69644e-17)
(0.16465 -0.0290121 7.82187e-17)
(0.160388 -0.0288832 7.93365e-17)
(0.157523 -0.02893 0)
(0.156383 -0.0292412 -1.93533e-20)
(0.15727 -0.0299045 0)
(0.160449 -0.0310068 0)
(0.166158 -0.0326329 7.80998e-17)
(0.174575 -0.0348609 0)
(0.185905 -0.0377816 0)
(0.200035 -0.0414059 6.60511e-17)
(0.217684 -0.0459679 -5.93578e-17)
(0.236617 -0.0509204 0)
(0.26396 -0.0581025 -4.00438e-17)
(0.278656 -0.0624291 0)
(0.336867 -0.0756621 0)
(0.781195 0.136258 0)
(0.508928 0.100281 5.56347e-17)
(0.371091 0.0813089 -5.9765e-17)
(0.305399 0.0671994 6.74499e-17)
(0.276713 0.0601207 -1.20306e-20)
(0.260878 0.055477 6.89715e-17)
(0.248811 0.0516117 0)
(0.239106 0.0483009 1.33449e-16)
(0.231628 0.0454688 -1.30624e-16)
(0.225917 0.0429755 -1.2738e-16)
(0.221422 0.0406967 0)
(0.217758 0.0385501 0)
(0.214704 0.0364853 0)
(0.212104 0.0344648 1.12e-16)
(0.20982 0.032457 0)
(0.207738 0.0304391 -1.03737e-16)
(0.205827 0.0284422 0)
(0.20409 0.0265102 1.18561e-20)
(0.202469 0.0246406 -1.055e-16)
(0.200881 0.0228198 0)
(0.199256 0.0210379 0)
(0.197559 0.0192951 1.07932e-16)
(0.195793 0.0175938 0)
(0.193976 0.0159364 5.47969e-17)
(0.192122 0.0143246 -5.52186e-17)
(0.190239 0.0127524 0)
(0.188323 0.0112214 5.61148e-17)
(0.186382 0.00973583 0)
(0.184397 0.00828731 0)
(0.182355 0.0068802 0)
(0.180253 0.00551623 2.90251e-17)
(0.178087 0.00419534 0)
(0.175855 0.00291782 0)
(0.173556 0.00168266 -7.46728e-18)
(0.171196 0.000492512 0)
(0.168783 -0.000651782 0)
(0.166328 -0.00174957 -8.94539e-22)
(0.163852 -0.00280084 0)
(0.161373 -0.00380648 0)
(0.15891 -0.00476785 1.74791e-21)
(0.15648 -0.00568666 1.61557e-17)
(0.154095 -0.00656503 3.27118e-17)
(0.151764 -0.00740527 3.31207e-17)
(0.149492 -0.00820969 3.35385e-17)
(0.147276 -0.00898025 0)
(0.145111 -0.00971851 3.43708e-17)
(0.142993 -0.0104256 0)
(0.140913 -0.0111024 0)
(0.138871 -0.0117499 3.5574e-17)
(0.136865 -0.012369 8.58446e-21)
(0.134895 -0.0129612 0)
(0.13296 -0.013528 -7.32933e-17)
(0.13105 -0.0140701 -1.47855e-16)
(0.129138 -0.0145868 0)
(0.127184 -0.0150749 7.51096e-17)
(0.125128 -0.0155273 7.56535e-17)
(0.122897 -0.0159337 0)
(0.120418 -0.0162806 0)
(0.117629 -0.0165534 7.74004e-17)
(0.114501 -0.0167403 0)
(0.111054 -0.0168349 0)
(0.107363 -0.0168406 0)
(0.10356 -0.0167724 -8.05387e-17)
(0.0998278 -0.0166573 -8.14485e-17)
(0.0963782 -0.0165326 0)
(0.093438 -0.0164438 -8.31271e-17)
(0.0912308 -0.0164412 -8.37376e-17)
(0.0899684 -0.0165782 8.40905e-17)
(0.0898452 -0.0169106 1.68104e-16)
(0.091041 -0.0174835 0)
(0.0937171 -0.0183521 0)
(0.0980234 -0.0195686 0)
(0.104071 -0.021181 0)
(0.112005 -0.0232465 -7.31228e-17)
(0.121718 -0.0257667 6.76284e-17)
(0.133786 -0.0289015 6.04442e-17)
(0.146393 -0.0322537 -5.14954e-17)
(0.165269 -0.0371653 -2.44114e-19)
(0.173536 -0.0398345 0)
(0.214716 -0.0494119 1.40679e-17)
(0.40858 0.0780679 8.08771e-17)
(0.163851 0.0347338 -9.43009e-17)
(0.114653 0.0266905 0)
(0.0943088 0.0215939 5.6211e-21)
(0.0870897 0.0193599 -5.34012e-17)
(0.0827476 0.0178891 -5.31306e-17)
(0.0789288 0.0166265 0)
(0.0758107 0.0155406 -1.04306e-16)
(0.0734756 0.0146176 0)
(0.0717273 0.0138104 0)
(0.0703529 0.0130754 0)
(0.0692285 0.0123842 0)
(0.0682921 0.0117201 0)
(0.0674975 0.0110711 9.25971e-17)
(0.0667985 0.0104268 0)
(0.0661591 0.00977967 8.72877e-17)
(0.0655725 0.00913929 8.82008e-17)
(0.0650433 0.00852013 -1.80118e-16)
(0.0645505 0.00792159 0)
(0.0640621 0.00733907 9.33767e-17)
(0.0635524 0.00676791 -9.4888e-17)
(0.0630126 0.00620889 0)
(0.0624486 0.00566279 -4.8864e-17)
(0.0618702 0.00513044 -4.95406e-17)
(0.0612838 0.00461215 0)
(0.0606908 0.00410763 -5.08433e-17)
(0.0600894 0.00361727 5.14733e-17)
(0.0594821 0.00314162 0)
(0.0588603 0.00267889 0)
(0.058218 0.00222979 2.66483e-17)
(0.0575561 0.00179415 -2.69461e-17)
(0.0568732 0.00137205 0)
(0.0561676 0.00096362 0)
(0.0554394 0.000567591 -6.95795e-18)
(0.0546901 0.000186074 3.5158e-18)
(0.053922 -0.000180802 0)
(0.0531397 -0.000532931 7.17941e-18)
(0.0523504 -0.000870403 0)
(0.0515621 -0.00119355 0)
(0.050782 -0.00150285 1.56453e-22)
(0.0500169 -0.00179888 2.99156e-17)
(0.0492729 -0.00208237 0)
(0.048554 -0.00235409 0)
(0.0478624 -0.00261478 -3.07988e-17)
(0.0471977 -0.00286506 3.1079e-17)
(0.0465576 -0.00310545 -3.13454e-17)
(0.0459388 -0.00333629 0)
(0.0453378 -0.00355788 3.18273e-17)
(0.0447512 -0.00377048 -3.20343e-17)
(0.0441767 -0.0039744 1.83138e-21)
(0.0436117 -0.00416995 0)
(0.0430523 -0.00435732 -2.41305e-21)
(0.0424915 -0.00453634 1.3038e-16)
(0.0419174 -0.00470618 0)
(0.0413122 -0.00486504 3.21259e-21)
(0.0406524 -0.00501 0)
(0.0399119 -0.00513713 0)
(0.0390657 -0.00524186 0)
(0.0380965 -0.0053199 6.55124e-17)
(0.0370009 -0.00536829 0)
(0.0357946 -0.00538662 6.55792e-17)
(0.0345141 -0.00537795 0)
(0.0332157 -0.00534922 0)
(0.0319705 -0.00531105 0)
(0.030857 -0.00527699 0)
(0.0299554 -0.00526261 -8.32709e-22)
(0.0293422 -0.00528496 0)
(0.029088 -0.00536199 -1.30314e-16)
(0.0292576 -0.00551318 -6.44889e-17)
(0.0299122 -0.00575031 6.34868e-17)
(0.031107 -0.00609329 0)
(0.0328962 -0.00655981 0)
(0.0353197 -0.00716594 0)
(0.0384364 -0.00793093 5.39863e-17)
(0.0421922 -0.00885543 3.9249e-20)
(0.0468464 -0.00999245 0)
(0.0515757 -0.0112075 3.73529e-17)
(0.058968 -0.0129661 2.94714e-17)
(0.0613941 -0.0139013 0)
(0.0780568 -0.0175281 -1.00744e-17)
)
;

boundaryField
{
    inlet
    {
        type            fixedValue;
        value           uniform (0.97437 0.22495 0);
    }
    outlet
    {
        type            zeroGradient;
    }
    fixedWalls
    {
        type            noSlip;
    }
    frontAndBack
    {
        type            empty;
    }
}


// ************************************************************************* //
