/*--------------------------------*- C++ -*----------------------------------*\
| =========                 |                                                 |
| \\      /  F ield         | OpenFOAM: The Open Source CFD Toolbox           |
|  \\    /   O peration     | Version:  v1912                                 |
|   \\  /    A nd           | Website:  www.openfoam.com                      |
|    \\/     M anipulation  |                                                 |
\*---------------------------------------------------------------------------*/
FoamFile
{
    version     2.0;
    format      ascii;
    class       volScalarField;
    location    "300";
    object      k;
}
// * * * * * * * * * * * * * * * * * * * * * * * * * * * * * * * * * * * * * //

dimensions      [0 2 -2 0 0 0 0];


internalField   nonuniform List<scalar> 
4000
(
1.64138e-05
9.90869e-06
4.89184e-06
3.89708e-06
3.40924e-06
3.03237e-06
2.90978e-06
3.07087e-06
3.5921e-06
4.35232e-06
3.64301e-06
3.06383e-06
2.84178e-06
2.96202e-06
3.26757e-06
3.77584e-06
4.33417e-06
5.49469e-06
1.27265e-05
2.37118e-05
3.98884e-05
3.24149e-05
2.34743e-05
1.63843e-05
6.1402e-06
5.55348e-06
5.71015e-06
5.66385e-06
5.82383e-06
6.47508e-06
6.0255e-06
5.81249e-06
5.66972e-06
5.69988e-06
5.64789e-06
8.28961e-06
1.87948e-05
2.56851e-05
3.47811e-05
4.23098e-05
4.71005e-05
4.20075e-05
3.37047e-05
2.43741e-05
1.63072e-05
8.38519e-06
7.37463e-06
7.36556e-06
7.92038e-06
8.52994e-06
8.37429e-06
7.89659e-06
7.35449e-06
7.21955e-06
9.96731e-06
1.83928e-05
2.70864e-05
3.68534e-05
4.45196e-05
4.93128e-05
5.13577e-05
4.77682e-05
4.03567e-05
3.0333e-05
2.2501e-05
1.63895e-05
1.19917e-05
7.74301e-06
9.06368e-06
9.69321e-06
9.70354e-06
9.22982e-06
8.1532e-06
1.27375e-05
1.74946e-05
2.43244e-05
3.29336e-05
4.30873e-05
5.02283e-05
5.34795e-05
5.43686e-05
5.26596e-05
4.74158e-05
3.96044e-05
3.06199e-05
2.32654e-05
1.79282e-05
1.42539e-05
1.11554e-05
9.0791e-06
9.12549e-06
1.17156e-05
1.51596e-05
1.92664e-05
2.5677e-05
3.34035e-05
4.25336e-05
5.03233e-05
5.51515e-05
5.6467e-05
5.6928e-05
5.744e-05
5.54118e-05
5.14621e-05
4.70562e-05
4.20955e-05
3.6372e-05
3.04809e-05
2.46753e-05
2.02398e-05
2.10885e-05
2.66732e-05
3.32984e-05
4.00298e-05
4.56524e-05
5.04292e-05
5.47005e-05
5.83585e-05
5.99796e-05
5.90419e-05
5.95041e-05
6.25963e-05
6.40922e-05
6.41545e-05
6.35139e-05
6.19814e-05
5.94573e-05
5.59646e-05
5.1802e-05
4.71116e-05
4.80294e-05
5.37306e-05
5.8508e-05
6.2401e-05
6.52065e-05
6.68049e-05
6.7378e-05
6.70863e-05
6.52035e-05
6.16684e-05
6.24177e-05
6.83564e-05
7.32965e-05
7.67886e-05
7.91888e-05
8.01917e-05
7.96221e-05
7.7505e-05
7.38463e-05
6.84401e-05
6.93914e-05
7.56619e-05
8.00024e-05
8.25795e-05
8.34221e-05
8.25151e-05
8.00536e-05
7.63503e-05
7.1037e-05
6.46403e-05
6.6005e-05
7.53746e-05
8.36947e-05
9.02959e-05
9.54444e-05
9.87181e-05
9.98056e-05
9.87669e-05
9.52953e-05
8.87703e-05
8.98517e-05
9.72271e-05
0.000101483
0.00010308
0.00010227
9.9058e-05
9.37904e-05
8.69273e-05
7.81934e-05
6.83037e-05
7.10609e-05
8.41257e-05
9.55817e-05
0.000104666
0.000112034
0.000117588
0.000121243
0.0001227
0.000121131
0.000114227
0.000115553
0.000123099
0.00012529
0.000124284
0.000120903
0.000115463
0.000108057
9.87916e-05
8.6995e-05
7.3453e-05
9.99054e-06
7.67558e-06
6.17378e-06
6.1655e-06
6.25586e-06
4.8003e-06
4.22944e-06
3.76559e-06
4.37674e-06
4.51172e-06
4.16541e-06
3.77484e-06
4.09218e-06
4.59327e-06
5.32742e-06
6.55112e-06
6.58985e-06
6.73791e-06
9.42622e-06
1.31272e-05
3.23695e-05
3.28605e-05
2.71872e-05
2.4323e-05
1.5887e-05
1.00226e-05
1.00106e-05
9.62817e-06
9.5373e-06
9.9408e-06
9.73957e-06
9.53952e-06
9.60259e-06
1.0231e-05
1.11278e-05
1.9694e-05
2.67384e-05
3.01967e-05
3.70509e-05
3.44401e-05
4.20054e-05
5.09771e-05
3.97515e-05
2.98312e-05
2.37492e-05
2.04539e-05
1.46739e-05
1.27473e-05
1.22843e-05
1.29304e-05
1.29141e-05
1.23933e-05
1.29025e-05
1.6065e-05
2.19032e-05
2.59356e-05
3.31689e-05
4.43376e-05
5.36735e-05
4.42922e-05
4.77673e-05
5.86035e-05
5.4972e-05
4.07388e-05
2.9955e-05
2.37368e-05
2.04525e-05
1.84668e-05
1.51002e-05
1.48775e-05
1.49668e-05
1.55925e-05
1.92167e-05
2.10207e-05
2.47682e-05
3.18535e-05
4.3303e-05
5.70116e-05
5.99112e-05
4.99544e-05
5.26592e-05
6.03958e-05
5.82666e-05
4.95433e-05
3.70262e-05
2.82075e-05
2.23704e-05
1.89296e-05
1.72992e-05
1.85049e-05
1.88247e-05
1.78274e-05
1.96457e-05
2.34591e-05
2.99658e-05
3.95997e-05
5.29891e-05
6.10163e-05
6.2608e-05
5.48759e-05
5.74395e-05
6.43268e-05
6.36562e-05
5.82317e-05
4.97923e-05
3.9914e-05
3.24771e-05
2.64456e-05
2.16326e-05
1.92965e-05
1.97436e-05
2.27267e-05
2.82277e-05
3.50616e-05
4.31332e-05
5.39225e-05
6.21e-05
6.71103e-05
6.71383e-05
5.97301e-05
6.25949e-05
7.0193e-05
7.1892e-05
7.07837e-05
6.77798e-05
6.12257e-05
5.08367e-05
4.20219e-05
3.61391e-05
3.23403e-05
3.29747e-05
3.76518e-05
4.42984e-05
5.49053e-05
6.6126e-05
7.20943e-05
7.50028e-05
7.56821e-05
7.3304e-05
6.50019e-05
6.83544e-05
7.82404e-05
8.35797e-05
8.73942e-05
9.05428e-05
9.08206e-05
8.64284e-05
7.77962e-05
6.67884e-05
5.53696e-05
5.68207e-05
6.99901e-05
8.23789e-05
9.11648e-05
9.57229e-05
9.55172e-05
9.21087e-05
8.78008e-05
8.16866e-05
7.08848e-05
7.53727e-05
9.05016e-05
0.000103087
0.000113427
0.000122019
0.000126805
0.000125315
0.000119053
0.000107907
9.22241e-05
9.37571e-05
0.000111128
0.000124091
0.000131483
0.000133123
0.000128142
0.000118992
0.000107865
9.4258e-05
7.80755e-05
8.41246e-05
0.000100311
0.000115163
0.000127603
0.000138216
0.000146676
0.000152621
0.000155592
0.000154545
0.000147505
0.000149036
0.000156908
0.000158819
0.000156453
0.00015084
0.000142489
0.000131776
0.000119055
0.000103737
8.69366e-05
4.89776e-06
6.17272e-06
6.99665e-06
7.9216e-06
7.76567e-06
5.76985e-06
5.27184e-06
4.80609e-06
4.73808e-06
4.9192e-06
4.79527e-06
4.76892e-06
5.01245e-06
5.48965e-06
6.3939e-06
8.58879e-06
8.22043e-06
7.35269e-06
6.7087e-06
5.48422e-06
2.34679e-05
2.71967e-05
2.68349e-05
2.56298e-05
1.68514e-05
1.2074e-05
1.18041e-05
1.14129e-05
1.13604e-05
1.19181e-05
1.18195e-05
1.1416e-05
1.14745e-05
1.22096e-05
1.28681e-05
2.11847e-05
2.83805e-05
2.90861e-05
3.01807e-05
2.54898e-05
3.37109e-05
3.97524e-05
3.40254e-05
2.85987e-05
2.50577e-05
2.27022e-05
1.75231e-05
1.51128e-05
1.45257e-05
1.51687e-05
1.5201e-05
1.46877e-05
1.54289e-05
1.92221e-05
2.43017e-05
2.68493e-05
3.16942e-05
3.81605e-05
4.42463e-05
3.66356e-05
4.03583e-05
5.49727e-05
5.06385e-05
3.95914e-05
3.12236e-05
2.62961e-05
2.39919e-05
2.15116e-05
1.84336e-05
1.81167e-05
1.83413e-05
1.9007e-05
2.20853e-05
2.44101e-05
2.72742e-05
3.31857e-05
4.25531e-05
5.39833e-05
5.66384e-05
4.26287e-05
4.74172e-05
5.82681e-05
5.77488e-05
4.91795e-05
3.84516e-05
3.05509e-05
2.53316e-05
2.24439e-05
2.17113e-05
2.31265e-05
2.35374e-05
2.20438e-05
2.29543e-05
2.62606e-05
3.20757e-05
4.07979e-05
5.23206e-05
6.03544e-05
6.05987e-05
4.97686e-05
5.54119e-05
6.36564e-05
6.28006e-05
5.64514e-05
4.65237e-05
3.75995e-05
3.08454e-05
2.57757e-05
2.21909e-05
2.11794e-05
2.1409e-05
2.28923e-05
2.70425e-05
3.27354e-05
4.01235e-05
4.98081e-05
6.00421e-05
6.62524e-05
6.66541e-05
5.78568e-05
6.40902e-05
7.18912e-05
7.33774e-05
6.91959e-05
6.08072e-05
5.14257e-05
4.24767e-05
3.48022e-05
2.89326e-05
2.54416e-05
2.58753e-05
3.01131e-05
3.67781e-05
4.55894e-05
5.53416e-05
6.51785e-05
7.35273e-05
7.73625e-05
7.52139e-05
6.66889e-05
7.32935e-05
8.35771e-05
9.2484e-05
9.57069e-05
9.31546e-05
8.29923e-05
7.45715e-05
6.42673e-05
5.30004e-05
4.26503e-05
4.3683e-05
5.5837e-05
6.85881e-05
7.98825e-05
8.96708e-05
9.94497e-05
0.000101452
9.73152e-05
8.73106e-05
7.60459e-05
8.36913e-05
0.000103083
0.000130085
0.000155539
0.000175353
0.000187778
0.000184783
0.000171728
0.000147728
0.000115578
0.000118221
0.000154482
0.00018118
0.000195443
0.000197524
0.000184396
0.000163172
0.00013608
0.000107471
8.668e-05
9.55793e-05
0.000115161
0.000133367
0.000149158
0.000162979
0.000174351
0.000182593
0.000187073
0.000186576
0.000178658
0.000180394
0.000189352
0.000190895
0.000187111
0.000179201
0.000167908
0.000153912
0.000137742
0.000118971
9.86679e-05
3.89293e-06
6.14675e-06
7.93185e-06
9.41935e-06
8.17123e-06
6.79008e-06
6.14832e-06
5.73018e-06
5.63378e-06
5.84162e-06
5.79792e-06
5.73506e-06
5.98638e-06
6.59898e-06
7.57785e-06
9.52135e-06
1.01482e-05
8.22661e-06
6.56557e-06
4.30351e-06
1.64114e-05
2.43695e-05
2.56537e-05
2.28514e-05
1.54073e-05
1.33118e-05
1.28814e-05
1.27705e-05
1.31878e-05
1.40758e-05
1.40126e-05
1.33028e-05
1.30391e-05
1.33328e-05
1.41085e-05
1.93898e-05
2.64686e-05
2.84324e-05
2.68098e-05
1.8772e-05
2.43867e-05
2.98415e-05
2.86037e-05
2.61679e-05
2.50691e-05
2.21946e-05
1.82242e-05
1.65471e-05
1.64179e-05
1.72656e-05
1.73596e-05
1.67207e-05
1.70519e-05
1.93513e-05
2.3556e-05
2.59488e-05
2.86151e-05
3.17721e-05
3.3259e-05
2.70713e-05
3.03363e-05
4.074e-05
3.95922e-05
3.41205e-05
2.9498e-05
2.66256e-05
2.48121e-05
2.22946e-05
2.04111e-05
2.03273e-05
2.06486e-05
2.0907e-05
2.26914e-05
2.50473e-05
2.71748e-05
3.09884e-05
3.65651e-05
4.25169e-05
4.29897e-05
3.251e-05
3.96095e-05
4.95466e-05
4.91802e-05
4.32076e-05
3.61046e-05
3.04213e-05
2.65236e-05
2.45121e-05
2.4181e-05
2.4747e-05
2.51147e-05
2.44032e-05
2.48513e-05
2.7285e-05
3.17368e-05
3.81096e-05
4.58401e-05
5.18974e-05
5.21177e-05
4.17398e-05
5.14653e-05
5.82353e-05
5.64512e-05
5.05214e-05
4.28636e-05
3.58949e-05
3.04072e-05
2.642e-05
2.40174e-05
2.424e-05
2.45131e-05
2.46993e-05
2.75791e-05
3.20663e-05
3.80626e-05
4.55725e-05
5.35871e-05
5.95474e-05
6.12619e-05
5.39863e-05
6.4154e-05
7.0782e-05
6.91934e-05
6.29979e-05
5.55871e-05
4.80274e-05
4.09022e-05
3.44537e-05
2.88908e-05
2.56108e-05
2.6105e-05
3.02491e-05
3.66566e-05
4.39125e-05
5.15457e-05
5.9332e-05
6.68197e-05
7.29316e-05
7.42295e-05
6.68465e-05
7.67855e-05
8.73876e-05
9.57018e-05
9.54945e-05
9.29875e-05
8.8438e-05
8.18764e-05
7.18711e-05
5.88725e-05
4.55653e-05
4.67535e-05
6.24928e-05
7.74148e-05
8.85311e-05
9.5561e-05
9.95192e-05
0.000101619
0.000100813
9.13897e-05
7.96494e-05
9.02914e-05
0.000113419
0.000155532
0.000199923
0.000231139
0.000249702
0.000253567
0.000241719
0.000211731
0.000165618
0.000167857
0.000218965
0.000253562
0.000267286
0.0002636
0.000243574
0.000209564
0.000162665
0.000118298
9.34459e-05
0.000104663
0.000127599
0.000149156
0.000168459
0.000185822
0.000200589
0.000211933
0.000218589
0.000219181
0.000211978
0.00021376
0.000222298
0.000222879
0.000216949
0.000205926
0.000191207
0.000173582
0.000153809
0.000131609
0.000107876
3.40005e-06
6.18252e-06
7.74489e-06
8.18682e-06
7.52508e-06
7.09426e-06
6.74536e-06
6.55085e-06
6.65164e-06
7.08612e-06
7.05267e-06
6.83767e-06
6.98529e-06
7.41673e-06
8.02177e-06
8.89819e-06
9.50891e-06
8.56e-06
6.49979e-06
3.72522e-06
6.1517e-06
1.58929e-05
1.686e-05
1.54145e-05
1.3911e-05
1.38177e-05
1.37447e-05
1.4202e-05
1.55036e-05
1.75236e-05
1.73295e-05
1.56392e-05
1.45675e-05
1.42203e-05
1.44539e-05
1.5779e-05
1.94202e-05
2.12684e-05
1.9799e-05
8.4189e-06
1.63111e-05
2.37541e-05
2.50627e-05
2.50709e-05
2.35531e-05
2.01977e-05
1.79319e-05
1.73228e-05
1.80775e-05
1.97748e-05
1.97941e-05
1.82917e-05
1.76779e-05
1.86721e-05
2.14939e-05
2.4534e-05
2.5991e-05
2.69525e-05
2.60647e-05
1.84323e-05
2.25003e-05
2.99537e-05
3.12228e-05
2.94991e-05
2.75723e-05
2.61957e-05
2.42264e-05
2.19986e-05
2.12681e-05
2.21129e-05
2.23443e-05
2.15449e-05
2.23454e-05
2.44298e-05
2.63663e-05
2.83375e-05
3.10157e-05
3.32113e-05
3.17663e-05
2.41524e-05
3.06242e-05
3.70252e-05
3.84514e-05
3.61058e-05
3.24015e-05
2.89922e-05
2.65927e-05
2.5406e-05
2.52094e-05
2.58703e-05
2.62285e-05
2.5478e-05
2.56134e-05
2.71304e-05
2.9991e-05
3.39069e-05
3.80076e-05
4.0433e-05
3.88881e-05
3.24645e-05
4.70591e-05
4.97965e-05
4.65246e-05
4.28643e-05
3.82577e-05
3.36339e-05
2.97314e-05
2.70275e-05
2.59213e-05
2.77977e-05
2.82341e-05
2.67074e-05
2.81967e-05
3.12782e-05
3.55321e-05
4.047e-05
4.52653e-05
4.90471e-05
5.27038e-05
4.95884e-05
6.35143e-05
6.77809e-05
6.08083e-05
5.55862e-05
5.12597e-05
4.6576e-05
4.17074e-05
3.69222e-05
3.25476e-05
3.07724e-05
3.15889e-05
3.44427e-05
3.96205e-05
4.4939e-05
4.9995e-05
5.45887e-05
5.87354e-05
6.40302e-05
7.12006e-05
6.62061e-05
7.9186e-05
9.05365e-05
9.31502e-05
9.29835e-05
9.75562e-05
9.94832e-05
9.68773e-05
8.85113e-05
7.42264e-05
5.77644e-05
5.94065e-05
7.89315e-05
9.54581e-05
0.000104865
0.000107411
0.00010447
9.87166e-05
9.8283e-05
9.46991e-05
8.20574e-05
9.54398e-05
0.000122009
0.000175342
0.000231134
0.000277161
0.00031165
0.000328766
0.000322216
0.000285985
0.00022516
0.000227433
0.000294365
0.000335406
0.000343974
0.000327111
0.000291276
0.000242665
0.000183413
0.000127248
9.8649e-05
0.00011203
0.000138212
0.000162976
0.000185821
0.000207558
0.000226591
0.000241531
0.000251403
0.000254795
0.000250993
0.000252812
0.000258035
0.000255833
0.000246733
0.000232187
0.000213144
0.000191088
0.000167711
0.000142256
0.000115243
3.0581e-06
4.7303e-06
5.6353e-06
6.77927e-06
7.09151e-06
7.16324e-06
7.17857e-06
7.32918e-06
7.79694e-06
8.64043e-06
8.57238e-06
8.02557e-06
7.85468e-06
7.89571e-06
7.99206e-06
7.98307e-06
7.499e-06
6.33927e-06
5.20611e-06
3.22574e-06
5.57078e-06
9.9723e-06
1.20402e-05
1.33056e-05
1.38152e-05
1.40511e-05
1.44085e-05
1.54527e-05
1.77164e-05
2.0861e-05
2.02946e-05
1.74929e-05
1.56633e-05
1.48021e-05
1.4511e-05
1.44187e-05
1.40311e-05
1.2815e-05
1.10629e-05
5.59076e-06
8.36727e-06
2.04378e-05
2.2687e-05
2.21882e-05
2.01995e-05
1.8432e-05
1.75211e-05
1.76526e-05
1.92915e-05
2.19542e-05
2.16075e-05
1.91613e-05
1.78711e-05
1.80426e-05
1.93602e-05
2.15009e-05
2.35888e-05
2.43492e-05
2.18806e-05
9.97558e-06
1.63912e-05
2.37348e-05
2.62918e-05
2.66249e-05
2.61966e-05
2.47826e-05
2.27134e-05
2.12356e-05
2.13813e-05
2.32484e-05
2.33166e-05
2.1639e-05
2.15936e-05
2.30416e-05
2.49047e-05
2.63718e-05
2.71942e-05
2.72959e-05
2.47303e-05
1.73505e-05
2.32733e-05
2.82051e-05
3.05482e-05
3.0421e-05
2.89923e-05
2.73647e-05
2.60118e-05
2.52856e-05
2.53093e-05
2.68985e-05
2.73178e-05
2.57149e-05
2.54837e-05
2.62978e-05
2.79731e-05
2.99679e-05
3.16428e-05
3.18258e-05
2.94699e-05
2.48329e-05
4.21025e-05
3.99172e-05
3.75992e-05
3.58945e-05
3.36337e-05
3.10392e-05
2.87304e-05
2.7287e-05
2.74717e-05
3.10761e-05
3.17278e-05
2.83674e-05
2.84158e-05
3.01493e-05
3.26746e-05
3.54136e-05
3.77307e-05
3.95199e-05
4.22755e-05
4.47913e-05
6.19849e-05
6.12323e-05
5.14259e-05
4.80255e-05
4.65746e-05
4.48797e-05
4.2605e-05
4.00504e-05
3.7875e-05
3.92825e-05
4.05779e-05
4.04608e-05
4.32694e-05
4.60692e-05
4.82419e-05
4.961e-05
5.07479e-05
5.42368e-05
6.4844e-05
6.45948e-05
8.01904e-05
9.08167e-05
8.29939e-05
8.84339e-05
9.94806e-05
0.000107635
0.000109769
0.000103679
8.84543e-05
7.02641e-05
7.24033e-05
9.38597e-05
0.000111381
0.000118424
0.000116001
0.000106654
9.41815e-05
8.80189e-05
9.48955e-05
8.29524e-05
9.87138e-05
0.000126795
0.000187766
0.000249695
0.000311645
0.000360506
0.000386852
0.000381705
0.000332905
0.000256977
0.000259228
0.000340382
0.000394134
0.000401951
0.000376524
0.000326575
0.000262205
0.000196285
0.000132107
0.000101833
0.000117584
0.000146671
0.000174347
0.000200586
0.000226589
0.000249488
0.000268364
0.000282111
0.000289589
0.000291022
0.000292897
0.000292778
0.000286376
0.000273368
0.000254923
0.000232087
0.000205728
0.000178944
0.00015057
0.000120664
3.07263e-06
4.44091e-06
5.11061e-06
6.09438e-06
6.71871e-06
7.16068e-06
7.58395e-06
8.20066e-06
9.18121e-06
1.07018e-05
1.05533e-05
9.38256e-06
8.72411e-06
8.26484e-06
7.88415e-06
7.37785e-06
6.53169e-06
5.36837e-06
4.44229e-06
3.01877e-06
5.70805e-06
1.00041e-05
1.17713e-05
1.28662e-05
1.37364e-05
1.44052e-05
1.5296e-05
1.71087e-05
2.05814e-05
2.59971e-05
2.49192e-05
1.99007e-05
1.70736e-05
1.55657e-05
1.47901e-05
1.41926e-05
1.33158e-05
1.21409e-05
1.01045e-05
5.65743e-06
7.35388e-06
1.46624e-05
1.74896e-05
1.82119e-05
1.79318e-05
1.75227e-05
1.74235e-05
1.82761e-05
2.08806e-05
2.51464e-05
2.44464e-05
2.04273e-05
1.83062e-05
1.77352e-05
1.80317e-05
1.86477e-05
1.93073e-05
1.91119e-05
1.59327e-05
7.10366e-06
1.19959e-05
2.04505e-05
2.39843e-05
2.48111e-05
2.42284e-05
2.27145e-05
2.12426e-05
2.06767e-05
2.21113e-05
2.64194e-05
2.61161e-05
2.2183e-05
2.09848e-05
2.16249e-05
2.30334e-05
2.44109e-05
2.50174e-05
2.43661e-05
2.09336e-05
1.25901e-05
1.79331e-05
2.2367e-05
2.53283e-05
2.65231e-05
2.65933e-05
2.6012e-05
2.52128e-05
2.474e-05
2.57164e-05
3.07287e-05
3.07523e-05
2.61383e-05
2.50171e-05
2.54104e-05
2.62936e-05
2.71062e-05
2.72128e-05
2.60945e-05
2.31628e-05
1.88623e-05
3.63985e-05
3.24874e-05
3.08476e-05
3.04075e-05
2.97311e-05
2.87299e-05
2.77609e-05
2.74637e-05
2.92588e-05
3.72185e-05
3.76876e-05
3.01836e-05
2.84969e-05
2.89879e-05
3.01098e-05
3.11555e-05
3.18169e-05
3.23203e-05
3.44135e-05
3.90841e-05
5.94624e-05
5.08505e-05
4.2481e-05
4.09017e-05
4.17056e-05
4.26038e-05
4.29056e-05
4.29493e-05
4.40649e-05
5.20097e-05
5.36588e-05
4.72554e-05
4.65482e-05
4.64727e-05
4.58326e-05
4.44379e-05
4.32076e-05
4.47293e-05
5.37476e-05
6.18487e-05
7.96217e-05
8.6427e-05
7.45705e-05
8.18729e-05
9.68735e-05
0.000109766
0.000115687
0.000110795
9.42302e-05
7.87371e-05
8.13324e-05
9.97074e-05
0.000118328
0.000124102
0.000117863
0.000103757
8.71622e-05
7.86217e-05
9.02488e-05
8.21379e-05
9.98013e-05
0.000125306
0.000184778
0.000253558
0.000328754
0.000386844
0.00041795
0.000404336
0.000328883
0.000237846
0.000241915
0.000333481
0.000413676
0.000430928
0.000401569
0.000343116
0.000265783
0.00019365
0.000130368
0.000102657
0.000121238
0.000152615
0.000182588
0.000211929
0.000241527
0.000268362
0.000291451
0.000309965
0.000323941
0.000335259
0.000337198
0.000327034
0.000313909
0.000295992
0.000273297
0.000246569
0.0002167
0.00018682
0.000156175
0.000124049
3.1414e-06
4.61799e-06
4.95217e-06
5.71271e-06
6.52007e-06
7.29574e-06
8.18083e-06
9.42603e-06
1.1005e-05
1.30604e-05
1.2775e-05
1.10733e-05
9.82647e-06
8.72657e-06
7.84902e-06
6.95471e-06
5.90806e-06
4.88955e-06
4.19507e-06
3.10015e-06
5.60637e-06
9.65971e-06
1.13938e-05
1.27641e-05
1.42003e-05
1.54528e-05
1.71088e-05
1.99938e-05
2.45837e-05
2.91802e-05
2.73436e-05
2.30959e-05
1.94477e-05
1.70753e-05
1.56606e-05
1.4582e-05
1.30318e-05
1.14418e-05
9.55754e-06
5.67865e-06
7.31992e-06
1.27498e-05
1.5099e-05
1.65424e-05
1.73265e-05
1.76582e-05
1.82784e-05
2.02597e-05
2.42985e-05
3.33605e-05
3.16548e-05
2.31363e-05
1.98802e-05
1.8313e-05
1.78684e-05
1.76594e-05
1.70256e-05
1.53889e-05
1.28123e-05
7.31411e-06
7.73297e-06
1.84627e-05
2.14956e-05
2.22902e-05
2.20004e-05
2.12367e-05
2.06764e-05
2.15602e-05
2.61558e-05
4.57089e-05
4.32974e-05
2.53028e-05
2.1596e-05
2.0993e-05
2.15897e-05
2.23095e-05
2.25987e-05
2.19294e-05
1.89937e-05
8.05102e-06
1.42639e-05
1.89267e-05
2.24406e-05
2.45116e-05
2.54063e-05
2.52849e-05
2.4739e-05
2.50797e-05
3.0914e-05
6.68537e-05
6.16782e-05
3.00965e-05
2.53517e-05
2.50289e-05
2.54891e-05
2.55989e-05
2.47971e-05
2.28384e-05
1.94614e-05
1.49407e-05
3.05054e-05
2.64582e-05
2.57799e-05
2.64208e-05
2.70267e-05
2.72857e-05
2.74628e-05
2.86127e-05
3.68443e-05
9.22949e-05
8.65388e-05
3.65423e-05
2.94739e-05
2.84998e-05
2.83962e-05
2.81343e-05
2.74563e-05
2.68249e-05
2.78589e-05
3.27222e-05
5.59702e-05
4.20275e-05
3.48058e-05
3.44539e-05
3.69204e-05
4.00484e-05
4.29482e-05
4.66201e-05
5.70831e-05
0.000116101
0.000112879
5.98524e-05
5.03463e-05
4.64109e-05
4.29727e-05
3.92048e-05
3.61991e-05
3.63118e-05
4.37816e-05
5.80524e-05
7.75051e-05
7.78041e-05
6.42701e-05
7.18697e-05
8.85073e-05
0.000103675
0.000110793
0.000105172
9.44489e-05
0.000137222
0.000135747
9.92207e-05
0.000111843
0.000117945
0.000110558
9.43198e-05
7.6224e-05
6.74998e-05
8.12549e-05
7.96318e-05
9.87626e-05
0.000119044
0.000171725
0.000241707
0.000322199
0.000381692
0.000404333
0.000361923
0.000270213
0.000298711
0.00029637
0.000277429
0.000369282
0.000413511
0.000393571
0.000334405
0.000252153
0.000179412
0.000123138
0.000101137
0.000122695
0.000155587
0.000187068
0.000218584
0.000251399
0.000282109
0.000309964
0.000335532
0.00036265
0.0004001
0.000401294
0.00036581
0.000339205
0.00031387
0.00028627
0.000255649
0.000222634
0.000190629
0.000158575
0.000125085
3.24344e-06
4.8079e-06
5.06392e-06
5.68186e-06
6.64068e-06
7.76158e-06
9.14744e-06
1.09865e-05
1.23831e-05
1.42153e-05
1.38873e-05
1.23189e-05
1.10749e-05
9.3932e-06
8.03617e-06
6.83071e-06
5.70801e-06
4.88665e-06
4.49289e-06
3.32135e-06
5.67026e-06
9.70187e-06
1.14132e-05
1.31861e-05
1.55118e-05
1.77268e-05
2.05848e-05
2.45806e-05
2.79167e-05
7.41034e-05
6.91171e-05
2.60056e-05
2.30918e-05
1.99053e-05
1.75189e-05
1.57156e-05
1.33848e-05
1.14599e-05
9.64997e-06
5.83543e-06
7.81063e-06
1.22915e-05
1.44997e-05
1.64114e-05
1.80836e-05
1.93009e-05
2.08848e-05
2.42976e-05
3.65253e-05
0.000160291
0.000151017
3.43219e-05
2.31588e-05
2.04624e-05
1.91968e-05
1.83458e-05
1.67864e-05
1.47254e-05
1.23697e-05
7.8881e-06
9.02356e-06
1.50702e-05
1.84138e-05
2.04078e-05
2.12716e-05
2.1383e-05
2.21111e-05
2.61548e-05
5.4646e-05
0.000272369
0.000258395
5.09994e-05
2.53401e-05
2.22337e-05
2.16805e-05
2.15603e-05
2.08812e-05
1.89138e-05
1.54809e-05
9.14761e-06
1.11471e-05
1.72885e-05
2.17072e-05
2.41816e-05
2.52098e-05
2.53079e-05
2.57149e-05
3.09132e-05
8.81486e-05
0.00041558
0.000394382
7.79122e-05
3.01422e-05
2.62011e-05
2.57669e-05
2.55018e-05
2.43866e-05
2.1976e-05
1.77344e-05
1.16168e-05
2.46608e-05
2.16358e-05
2.21941e-05
2.4018e-05
2.59201e-05
2.74701e-05
2.92577e-05
3.68438e-05
0.000121359
0.000553109
0.000524174
0.000109483
3.65881e-05
3.0249e-05
2.84334e-05
2.67601e-05
2.4723e-05
2.28341e-05
2.25197e-05
2.62916e-05
5.18069e-05
3.61437e-05
2.8936e-05
2.88916e-05
3.25465e-05
3.78732e-05
4.40633e-05
5.70821e-05
0.000153782
0.000636729
0.00060337
0.000144327
5.97931e-05
4.71311e-05
4.02709e-05
3.42195e-05
3.0016e-05
2.98356e-05
3.72778e-05
5.34068e-05
7.38471e-05
6.67978e-05
5.30055e-05
5.88732e-05
7.42233e-05
8.84499e-05
9.42266e-05
9.44471e-05
0.000179453
0.000634356
0.000603868
0.000172667
9.90021e-05
9.92086e-05
9.30867e-05
7.80483e-05
6.16747e-05
5.50604e-05
6.9133e-05
7.54129e-05
9.52916e-05
0.0001079
0.00014773
0.000211722
0.000285967
0.000332891
0.000328876
0.000270212
0.00030323
0.000550134
0.000533329
0.000300703
0.000277354
0.000333334
0.000339716
0.000293489
0.000218258
0.000153101
0.000110498
9.70061e-05
0.000121126
0.000154539
0.000186571
0.000219177
0.000254791
0.000289587
0.000323939
0.000362649
0.000417015
0.000490756
0.000492237
0.000419313
0.000365765
0.000326971
0.000292667
0.000257882
0.000222129
0.00018917
0.00015674
0.000122955
2.85972e-06
4.97328e-06
5.18958e-06
5.85799e-06
7.07596e-06
8.61155e-06
1.06644e-05
1.30287e-05
1.41952e-05
1.52554e-05
1.49103e-05
1.38768e-05
1.27634e-05
1.05598e-05
8.59681e-06
7.08171e-06
5.8793e-06
5.22545e-06
4.9446e-06
3.46094e-06
5.52945e-06
1.0423e-05
1.20169e-05
1.40902e-05
1.75531e-05
2.08852e-05
2.60062e-05
2.91728e-05
7.40779e-05
7.21007e-05
6.97813e-05
6.90918e-05
2.73217e-05
2.48962e-05
2.034e-05
1.74721e-05
1.41643e-05
1.20183e-05
1.0163e-05
6.01425e-06
8.24767e-06
1.30225e-05
1.51422e-05
1.72577e-05
1.97813e-05
2.19639e-05
2.51506e-05
3.3354e-05
0.000160259
0.000129217
0.000127315
0.000150941
3.16837e-05
2.45256e-05
2.17092e-05
1.99535e-05
1.75273e-05
1.53392e-05
1.30397e-05
8.3804e-06
9.61073e-06
1.48482e-05
1.80999e-05
2.03258e-05
2.21155e-05
2.32499e-05
2.64191e-05
4.57042e-05
0.000272342
0.00019646
0.000197502
0.00025822
4.33312e-05
2.62507e-05
2.34619e-05
2.24865e-05
2.07631e-05
1.84454e-05
1.5063e-05
9.70259e-06
9.04197e-06
1.84763e-05
2.31197e-05
2.47472e-05
2.58704e-05
2.68974e-05
3.07269e-05
6.68486e-05
0.000415559
0.000277699
0.000284299
0.000394028
6.16902e-05
3.09192e-05
2.75042e-05
2.63927e-05
2.52074e-05
2.35969e-05
1.89642e-05
9.04822e-06
2.02145e-05
1.93033e-05
2.11852e-05
2.42418e-05
2.77978e-05
3.10759e-05
3.72177e-05
9.22918e-05
0.000553091
0.000368356
0.000382586
0.000523616
8.65451e-05
3.78958e-05
3.1987e-05
2.85061e-05
2.47293e-05
2.15066e-05
1.96843e-05
2.08384e-05
4.71149e-05
3.23428e-05
2.5445e-05
2.56124e-05
3.07728e-05
3.92814e-05
5.20078e-05
0.000116097
0.000636713
0.000456332
0.000479529
0.000602836
0.000112917
5.37945e-05
4.07069e-05
3.16785e-05
2.61034e-05
2.57484e-05
3.27245e-05
4.78329e-05
6.84421e-05
5.53836e-05
4.26581e-05
4.55686e-05
5.77638e-05
7.02613e-05
7.87339e-05
0.000137217
0.000634344
0.000508805
0.000538643
0.000603421
0.000135637
8.11501e-05
7.21503e-05
5.91221e-05
4.64551e-05
4.33055e-05
5.62658e-05
6.92707e-05
8.87674e-05
9.22177e-05
0.000115587
0.000165613
0.00022515
0.000256969
0.000237842
0.000298705
0.000550126
0.000537806
0.000565725
0.000533047
0.000296266
0.000241853
0.000259278
0.00022733
0.000167581
0.000117691
9.35579e-05
8.97711e-05
0.000114223
0.0001475
0.000178655
0.000211975
0.00025099
0.000291019
0.000335256
0.000400096
0.000490753
0.000507901
0.000528369
0.000492097
0.000401161
0.0003371
0.000292847
0.00025277
0.000213706
0.000180314
0.00014896
0.000115489
3.31094e-06
4.80404e-06
5.12442e-06
5.83745e-06
7.04722e-06
8.54558e-06
1.0524e-05
1.27537e-05
1.38744e-05
1.49057e-05
1.51802e-05
1.4136e-05
1.30019e-05
1.06852e-05
8.66056e-06
7.11799e-06
5.92921e-06
5.30771e-06
5.08793e-06
2.93351e-06
5.87698e-06
1.00249e-05
1.18972e-05
1.40392e-05
1.7364e-05
2.0315e-05
2.49243e-05
2.73357e-05
6.90962e-05
6.97699e-05
7.19695e-05
7.38169e-05
2.91531e-05
2.59653e-05
2.09236e-05
1.76917e-05
1.42559e-05
1.22272e-05
1.07048e-05
5.77837e-06
8.25411e-06
1.28918e-05
1.51709e-05
1.73529e-05
1.97963e-05
2.16108e-05
2.44457e-05
3.16469e-05
0.000150991
0.000127297
0.000129039
0.00015931
3.33451e-05
2.52828e-05
2.21348e-05
1.99953e-05
1.74772e-05
1.53726e-05
1.32685e-05
8.45637e-06
9.66283e-06
1.49421e-05
1.83229e-05
2.06419e-05
2.23406e-05
2.3313e-05
2.61108e-05
4.32865e-05
0.000258369
0.000197477
0.000196267
0.000270478
4.55958e-05
2.66312e-05
2.34763e-05
2.23274e-05
2.05157e-05
1.83193e-05
1.51024e-05
9.78793e-06
9.1121e-06
1.88064e-05
2.3525e-05
2.51073e-05
2.62226e-05
2.73118e-05
3.07443e-05
6.16622e-05
0.000394356
0.000284268
0.000277574
0.000413053
6.68222e-05
3.09916e-05
2.71559e-05
2.6102e-05
2.49324e-05
2.33971e-05
1.88732e-05
9.24902e-06
2.11193e-05
1.9763e-05
2.14149e-05
2.4511e-05
2.8229e-05
3.17215e-05
3.76784e-05
8.65179e-05
0.000524145
0.00038255
0.000368389
0.000550651
9.23848e-05
3.75911e-05
3.14422e-05
2.81155e-05
2.44582e-05
2.13404e-05
1.94448e-05
2.02975e-05
4.80354e-05
3.29802e-05
2.58792e-05
2.61061e-05
3.15877e-05
4.05736e-05
5.36513e-05
0.000112861
0.000603339
0.000479493
0.000456543
0.000634668
0.000116242
5.24113e-05
3.96678e-05
3.10795e-05
2.57687e-05
2.54701e-05
3.22881e-05
4.7118e-05
6.93928e-05
5.68339e-05
4.36912e-05
4.67582e-05
5.94086e-05
7.24035e-05
8.13308e-05
0.000135736
0.00060384
0.000538613
0.000509033
0.000632886
0.000137544
7.93595e-05
7.09084e-05
5.82908e-05
4.58512e-05
4.26875e-05
5.52559e-05
6.85199e-05
8.98488e-05
9.37516e-05
0.000118228
0.000167855
0.000227432
0.000259231
0.000241916
0.000296361
0.00053331
0.000565704
0.000537862
0.0005493
0.000298926
0.000238879
0.00025819
0.000226312
0.000166477
0.000116086
9.24115e-05
8.89164e-05
0.00011555
0.000149032
0.000180393
0.000213758
0.000252811
0.000292895
0.000337194
0.000401287
0.000492225
0.000528355
0.000507897
0.000490398
0.00039996
0.000335386
0.000291323
0.000251383
0.000212385
0.000179019
0.000147788
0.000114448
3.21413e-06
4.37509e-06
4.84007e-06
5.72069e-06
6.81163e-06
7.99476e-06
9.36154e-06
1.10631e-05
1.23153e-05
1.38776e-05
1.41386e-05
1.23006e-05
1.09627e-05
9.18912e-06
7.82919e-06
6.69227e-06
5.73661e-06
5.13062e-06
4.85448e-06
3.42217e-06
5.76657e-06
9.58596e-06
1.14117e-05
1.33225e-05
1.56516e-05
1.74966e-05
1.98972e-05
2.30888e-05
2.59999e-05
6.90914e-05
7.38283e-05
2.78283e-05
2.45399e-05
2.05938e-05
1.77938e-05
1.56537e-05
1.33481e-05
1.15984e-05
9.92817e-06
5.87773e-06
7.84778e-06
1.23405e-05
1.46707e-05
1.67187e-05
1.82908e-05
1.91602e-05
2.04244e-05
2.3131e-05
3.43157e-05
0.000150941
0.000159323
3.63659e-05
2.43764e-05
2.10079e-05
1.94452e-05
1.82518e-05
1.66023e-05
1.47202e-05
1.2533e-05
8.04014e-06
9.21322e-06
1.5574e-05
1.89901e-05
2.08975e-05
2.15385e-05
2.16337e-05
2.21778e-05
2.52963e-05
5.09901e-05
0.000258219
0.000270491
5.44187e-05
2.6265e-05
2.22447e-05
2.15176e-05
2.1418e-05
2.05745e-05
1.86361e-05
1.53682e-05
9.25359e-06
1.17237e-05
1.78244e-05
2.20359e-05
2.43949e-05
2.54708e-05
2.57084e-05
2.61321e-05
3.0089e-05
7.78987e-05
0.000394025
0.000413063
8.76795e-05
3.10364e-05
2.58426e-05
2.54432e-05
2.53681e-05
2.43884e-05
2.19519e-05
1.75155e-05
1.12921e-05
2.67101e-05
2.27407e-05
2.28937e-05
2.46954e-05
2.67019e-05
2.83614e-05
3.01771e-05
3.65344e-05
0.000109466
0.000523611
0.00055066
0.000121075
3.70221e-05
2.94276e-05
2.76275e-05
2.60504e-05
2.41224e-05
2.23014e-05
2.17937e-05
2.49651e-05
5.37342e-05
3.76545e-05
3.0114e-05
3.02475e-05
3.44388e-05
4.0455e-05
4.72486e-05
5.9843e-05
0.000144309
0.000602826
0.000634674
0.000153642
5.73282e-05
4.43261e-05
3.81327e-05
3.27721e-05
2.90534e-05
2.90332e-05
3.62345e-05
5.197e-05
7.5662e-05
6.99992e-05
5.5841e-05
6.24926e-05
7.8929e-05
9.38569e-05
9.97058e-05
9.92177e-05
0.000172655
0.000603407
0.000632891
0.000179602
9.50841e-05
9.50266e-05
8.93374e-05
7.50425e-05
5.94645e-05
5.32959e-05
6.69891e-05
7.39916e-05
9.72246e-05
0.000111125
0.000154484
0.000218961
0.000294365
0.000340386
0.000333495
0.000277436
0.000300693
0.000533036
0.000549301
0.00030361
0.000271344
0.000330382
0.000334837
0.000287888
0.000213333
0.000148553
0.000108159
9.54609e-05
0.000123096
0.000156905
0.00018935
0.000222297
0.000258034
0.000292777
0.000327033
0.000365806
0.000419306
0.000492088
0.000490399
0.000416883
0.000362731
0.000324198
0.000289986
0.000255259
0.000219645
0.000186949
0.000154823
0.000121329
3.02776e-06
4.18672e-06
4.91548e-06
5.95834e-06
6.95221e-06
7.82817e-06
8.71103e-06
9.82229e-06
1.10744e-05
1.27649e-05
1.30046e-05
1.09636e-05
9.43468e-06
8.23531e-06
7.36862e-06
6.58053e-06
5.77056e-06
5.02209e-06
4.68317e-06
3.27124e-06
5.67052e-06
9.59453e-06
1.14853e-05
1.30526e-05
1.45645e-05
1.56593e-05
1.70685e-05
1.94422e-05
2.30874e-05
2.73213e-05
2.91569e-05
2.45391e-05
1.99827e-05
1.71454e-05
1.55316e-05
1.43335e-05
1.29287e-05
1.15803e-05
9.88789e-06
5.76934e-06
7.33499e-06
1.28846e-05
1.54227e-05
1.70473e-05
1.76736e-05
1.78674e-05
1.83026e-05
1.98757e-05
2.31542e-05
3.16801e-05
3.33457e-05
2.43746e-05
2.03413e-05
1.83697e-05
1.77571e-05
1.74419e-05
1.66998e-05
1.52981e-05
1.29989e-05
7.53526e-06
8.14186e-06
1.92285e-05
2.20751e-05
2.26821e-05
2.2338e-05
2.15881e-05
2.09806e-05
2.1592e-05
2.53361e-05
4.33265e-05
4.55973e-05
2.62639e-05
2.16504e-05
2.07536e-05
2.13079e-05
2.20824e-05
2.24196e-05
2.17022e-05
1.87538e-05
7.92238e-06
1.51696e-05
1.96427e-05
2.29474e-05
2.48442e-05
2.56068e-05
2.54781e-05
2.50125e-05
2.53478e-05
3.01379e-05
6.1683e-05
6.68238e-05
3.10356e-05
2.51767e-05
2.4838e-05
2.5396e-05
2.553e-05
2.465e-05
2.25818e-05
1.90746e-05
1.44296e-05
3.33277e-05
2.82352e-05
2.70403e-05
2.75743e-05
2.81918e-05
2.84112e-05
2.84928e-05
2.94701e-05
3.65827e-05
8.65333e-05
9.23868e-05
3.70215e-05
2.87297e-05
2.75624e-05
2.73703e-05
2.71013e-05
2.65052e-05
2.58947e-05
2.66509e-05
3.08725e-05
5.85086e-05
4.42983e-05
3.67758e-05
3.66521e-05
3.96148e-05
4.32631e-05
4.6542e-05
5.03399e-05
5.97854e-05
0.000112905
0.000116243
5.73276e-05
4.67996e-05
4.31058e-05
4.02039e-05
3.70884e-05
3.46269e-05
3.49626e-05
4.22062e-05
5.62024e-05
8.00009e-05
8.23825e-05
6.85867e-05
7.74093e-05
9.54508e-05
0.000111375
0.000118324
0.000111841
9.89997e-05
0.000135629
0.000137543
9.50832e-05
0.000105938
0.000111644
0.000104539
8.93123e-05
7.25199e-05
6.46815e-05
7.81478e-05
7.76929e-05
0.00010148
0.000124087
0.000181177
0.000253554
0.0003354
0.000394136
0.000413689
0.0003693
0.00027736
0.00029626
0.000298924
0.000271343
0.00036366
0.000406561
0.000384029
0.000324304
0.000243365
0.000172599
0.000119396
9.89613e-05
0.000125287
0.000158816
0.000190893
0.000222877
0.000255831
0.000286375
0.000313909
0.000339204
0.000365762
0.000401156
0.00039996
0.000362731
0.000335788
0.000310359
0.000282593
0.000251908
0.000219058
0.000187445
0.000155867
0.000122896
3.00463e-06
4.50891e-06
5.41914e-06
6.57897e-06
7.38581e-06
7.87598e-06
8.25708e-06
8.72467e-06
9.39262e-06
1.05596e-05
1.06842e-05
9.18756e-06
8.23401e-06
7.63976e-06
7.22403e-06
6.77155e-06
6.15265e-06
5.25331e-06
4.49878e-06
3.15443e-06
5.71315e-06
1.02212e-05
1.22166e-05
1.3327e-05
1.42099e-05
1.47961e-05
1.55615e-05
1.70716e-05
1.99033e-05
2.48989e-05
2.59694e-05
2.05925e-05
1.71435e-05
1.53581e-05
1.44882e-05
1.38485e-05
1.30008e-05
1.19246e-05
1.02118e-05
5.85757e-06
7.20983e-06
1.60519e-05
1.92078e-05
1.9343e-05
1.86642e-05
1.80379e-05
1.77319e-05
1.83096e-05
2.04588e-05
2.45222e-05
2.52805e-05
2.10042e-05
1.83671e-05
1.74994e-05
1.75842e-05
1.79847e-05
1.82673e-05
1.7604e-05
1.48943e-05
7.58635e-06
1.27307e-05
2.10149e-05
2.44014e-05
2.50393e-05
2.44226e-05
2.30364e-05
2.16213e-05
2.09905e-05
2.22315e-05
2.62474e-05
2.66292e-05
2.22419e-05
2.07515e-05
2.12885e-05
2.27437e-05
2.42738e-05
2.49128e-05
2.41117e-05
2.05969e-05
1.21874e-05
1.92621e-05
2.34502e-05
2.62525e-05
2.72785e-05
2.71249e-05
2.62928e-05
2.54063e-05
2.50259e-05
2.61987e-05
3.09152e-05
3.09895e-05
2.58402e-05
2.48364e-05
2.53103e-05
2.60994e-05
2.66634e-05
2.65895e-05
2.5416e-05
2.25181e-05
1.81655e-05
4.00375e-05
3.50592e-05
3.27298e-05
3.20609e-05
3.12736e-05
3.01452e-05
2.89846e-05
2.84971e-05
3.02458e-05
3.78903e-05
3.75895e-05
2.94259e-05
2.75612e-05
2.78283e-05
2.87771e-05
2.97762e-05
3.04893e-05
3.10049e-05
3.2762e-05
3.68204e-05
6.23989e-05
5.49026e-05
4.5584e-05
4.39061e-05
4.49324e-05
4.60629e-05
4.64671e-05
4.64062e-05
4.7127e-05
5.37896e-05
5.24096e-05
4.43249e-05
4.31051e-05
4.29955e-05
4.26645e-05
4.17921e-05
4.10534e-05
4.26908e-05
5.11386e-05
5.97124e-05
8.25766e-05
9.1162e-05
7.98767e-05
8.85222e-05
0.000104855
0.000118414
0.000124095
0.000117943
9.92091e-05
8.11498e-05
7.93575e-05
9.50256e-05
0.000111644
0.000116464
0.00011042
9.74352e-05
8.23752e-05
7.49551e-05
8.67805e-05
7.98217e-05
0.000103076
0.000131478
0.000195437
0.000267275
0.000343964
0.000401947
0.000430933
0.000413525
0.000333349
0.000241855
0.000238878
0.00033038
0.000406561
0.000420402
0.000389149
0.000330599
0.000254917
0.000185462
0.000125645
0.000100004
0.000124281
0.00015645
0.000187108
0.000216947
0.000246731
0.000273367
0.000295991
0.00031387
0.00032697
0.000337097
0.000335386
0.000324198
0.000310359
0.000291934
0.000268879
0.00024202
0.000212358
0.000182929
0.000152871
0.000121427
3.26503e-06
5.28498e-06
6.38932e-06
7.55675e-06
7.99558e-06
7.97771e-06
7.87792e-06
7.84495e-06
8.03044e-06
8.58903e-06
8.65003e-06
7.8198e-06
7.36204e-06
7.22116e-06
7.20537e-06
7.11516e-06
6.79986e-06
5.74737e-06
4.82707e-06
3.12012e-06
5.66352e-06
1.112e-05
1.28661e-05
1.40921e-05
1.44423e-05
1.45055e-05
1.47868e-05
1.56585e-05
1.75198e-05
2.03475e-05
2.09333e-05
1.77954e-05
1.55296e-05
1.44865e-05
1.41212e-05
1.38896e-05
1.34085e-05
1.21741e-05
1.01374e-05
5.67927e-06
9.95701e-06
2.18944e-05
2.42939e-05
2.35508e-05
2.14866e-05
1.93559e-05
1.80287e-05
1.78654e-05
1.91936e-05
2.17065e-05
2.21334e-05
1.94415e-05
1.77527e-05
1.75809e-05
1.8437e-05
2.01323e-05
2.2131e-05
2.27168e-05
2.05265e-05
8.46969e-06
1.74865e-05
2.47586e-05
2.72662e-05
2.71682e-05
2.63599e-05
2.48993e-05
2.30295e-05
2.15871e-05
2.16781e-05
2.34587e-05
2.34735e-05
2.15135e-05
2.13034e-05
2.27408e-05
2.48044e-05
2.62483e-05
2.66899e-05
2.63335e-05
2.37954e-05
1.65412e-05
2.567e-05
2.99566e-05
3.20686e-05
3.17314e-05
2.99862e-05
2.79685e-05
2.62897e-05
2.54859e-05
2.57642e-05
2.75006e-05
2.71525e-05
2.54391e-05
2.53924e-05
2.60972e-05
2.74141e-05
2.90012e-05
3.04194e-05
3.06051e-05
2.84027e-05
2.36929e-05
4.56486e-05
4.31273e-05
4.01174e-05
3.80576e-05
3.5528e-05
3.26711e-05
3.0107e-05
2.83941e-05
2.8431e-05
3.19829e-05
3.14397e-05
2.76246e-05
2.73679e-05
2.87757e-05
3.10522e-05
3.36398e-05
3.59512e-05
3.77882e-05
4.02919e-05
4.25331e-05
6.52026e-05
6.61206e-05
5.53345e-05
5.15387e-05
4.99886e-05
4.82363e-05
4.58282e-05
4.29698e-05
4.02688e-05
4.07046e-05
3.96659e-05
3.81309e-05
4.02024e-05
4.26634e-05
4.48624e-05
4.6545e-05
4.80827e-05
5.16334e-05
6.16318e-05
6.22416e-05
8.34189e-05
9.57195e-05
8.96612e-05
9.55507e-05
0.0001074
0.000115991
0.000117857
0.000110556
9.30888e-05
7.21524e-05
7.09065e-05
8.93368e-05
0.000104539
0.00011042
0.000108021
9.96976e-05
8.86435e-05
8.3227e-05
9.11546e-05
8.03841e-05
0.000102267
0.00013312
0.00019752
0.000263587
0.000327098
0.000376516
0.000401569
0.000393581
0.000339729
0.000259288
0.00025819
0.000334838
0.000384032
0.000389151
0.000362428
0.000312939
0.000250498
0.000188148
0.000127048
9.88991e-05
0.000120901
0.000150838
0.000179199
0.000205923
0.000232184
0.000254921
0.000273297
0.000286271
0.000292668
0.000292847
0.000291323
0.000289986
0.000282593
0.000268879
0.000249983
0.000227018
0.000200935
0.000174623
0.000146883
0.00011775
3.77307e-06
6.52178e-06
8.56925e-06
9.4934e-06
8.87699e-06
7.97008e-06
7.36705e-06
6.94075e-06
6.81184e-06
7.06201e-06
7.09462e-06
6.66975e-06
6.56172e-06
6.76099e-06
7.1113e-06
7.50325e-06
8.08451e-06
7.68904e-06
6.26024e-06
3.45148e-06
8.31605e-06
1.97057e-05
2.11883e-05
1.93829e-05
1.57705e-05
1.44133e-05
1.41894e-05
1.45815e-05
1.57206e-05
1.74868e-05
1.77079e-05
1.5659e-05
1.4332e-05
1.38453e-05
1.38875e-05
1.39383e-05
1.52132e-05
1.66456e-05
1.57547e-05
6.20382e-06
1.83941e-05
2.59316e-05
2.68461e-05
2.59447e-05
2.45282e-05
2.14968e-05
1.86444e-05
1.76559e-05
1.83431e-05
1.99522e-05
1.99959e-05
1.82502e-05
1.74376e-05
1.79801e-05
2.01289e-05
2.34384e-05
2.50458e-05
2.50645e-05
2.37366e-05
1.63076e-05
2.43175e-05
3.18457e-05
3.31799e-05
3.09839e-05
2.83324e-05
2.6366e-05
2.44053e-05
2.23054e-05
2.1557e-05
2.24835e-05
2.2325e-05
2.14136e-05
2.2076e-05
2.42671e-05
2.62439e-05
2.75785e-05
2.94338e-05
3.1145e-05
2.99477e-05
2.25884e-05
3.33948e-05
3.95927e-05
4.07929e-05
3.81056e-05
3.39031e-05
2.9964e-05
2.71024e-05
2.55948e-05
2.54978e-05
2.63888e-05
2.6098e-05
2.53629e-05
2.55246e-05
2.66589e-05
2.89987e-05
3.23471e-05
3.60346e-05
3.84698e-05
3.72542e-05
3.10173e-05
5.0424e-05
5.39157e-05
4.98029e-05
4.55686e-05
4.0467e-05
3.54109e-05
3.11533e-05
2.81326e-05
2.67581e-05
2.85031e-05
2.81131e-05
2.60469e-05
2.70979e-05
2.97735e-05
3.3638e-05
3.82283e-05
4.28626e-05
4.66936e-05
5.02021e-05
4.73854e-05
6.68011e-05
7.20897e-05
6.51708e-05
5.93257e-05
5.45834e-05
4.96056e-05
4.44351e-05
3.92038e-05
3.42195e-05
3.16779e-05
3.10775e-05
3.277e-05
3.70865e-05
4.17901e-05
4.65434e-05
5.11293e-05
5.54757e-05
6.0852e-05
6.8141e-05
6.37427e-05
8.25123e-05
9.55141e-05
9.94431e-05
9.95105e-05
0.00010446
0.000106646
0.000103753
9.43201e-05
7.8052e-05
5.91242e-05
5.82882e-05
7.50419e-05
8.93127e-05
9.74347e-05
9.96966e-05
9.75001e-05
9.28757e-05
9.31965e-05
9.08021e-05
7.93531e-05
9.90557e-05
0.000128139
0.000184392
0.000243562
0.000291263
0.000326567
0.000343116
0.000334412
0.000293503
0.000227337
0.000226309
0.000287891
0.000324309
0.000330603
0.00031294
0.00027781
0.0002313
0.000175429
0.000122155
9.55908e-05
0.000115461
0.000142487
0.000167906
0.000191204
0.000213142
0.000232086
0.000246569
0.00025565
0.000257883
0.000252771
0.000251382
0.000255258
0.000251907
0.00024202
0.000227018
0.000207897
0.000186082
0.000163177
0.000138371
0.000112164
4.32879e-06
6.57102e-06
8.20053e-06
1.01243e-05
9.48733e-06
7.47967e-06
6.50706e-06
5.87758e-06
5.68009e-06
5.86755e-06
5.91287e-06
5.71201e-06
5.7377e-06
6.1265e-06
6.78799e-06
8.08791e-06
9.33252e-06
7.95265e-06
6.17422e-06
3.91367e-06
1.87903e-05
2.67337e-05
2.83871e-05
2.64738e-05
1.94247e-05
1.40281e-05
1.33088e-05
1.30262e-05
1.33809e-05
1.41728e-05
1.42808e-05
1.33541e-05
1.2924e-05
1.29912e-05
1.34016e-05
1.52251e-05
2.26348e-05
2.56434e-05
2.44419e-05
1.62978e-05
2.70847e-05
3.3166e-05
3.16947e-05
2.86161e-05
2.59858e-05
2.3584e-05
1.93031e-05
1.70205e-05
1.67799e-05
1.75194e-05
1.74738e-05
1.65998e-05
1.66938e-05
1.82597e-05
2.21227e-05
2.50378e-05
2.60665e-05
2.84927e-05
2.97405e-05
2.43624e-05
3.29281e-05
4.32972e-05
4.25498e-05
3.65627e-05
3.10121e-05
2.71888e-05
2.50106e-05
2.25928e-05
2.08767e-05
2.07585e-05
2.05121e-05
2.05698e-05
2.24111e-05
2.4902e-05
2.66811e-05
2.94294e-05
3.39743e-05
3.94509e-05
4.07846e-05
3.04974e-05
4.25281e-05
5.29869e-05
5.23188e-05
4.58383e-05
3.80053e-05
3.16397e-05
2.7209e-05
2.47925e-05
2.43808e-05
2.52024e-05
2.49277e-05
2.43828e-05
2.46438e-05
2.65834e-05
3.04145e-05
3.60318e-05
4.31138e-05
4.92092e-05
4.98306e-05
3.98903e-05
5.46964e-05
6.20972e-05
6.00403e-05
5.35852e-05
4.52636e-05
3.77289e-05
3.18151e-05
2.74548e-05
2.47214e-05
2.47272e-05
2.44561e-05
2.41187e-05
2.65017e-05
3.04858e-05
3.59479e-05
4.28605e-05
5.04717e-05
5.65588e-05
5.85638e-05
5.17024e-05
6.73752e-05
7.50002e-05
7.3524e-05
6.68157e-05
5.87318e-05
5.07453e-05
4.32067e-05
3.62001e-05
3.00176e-05
2.61037e-05
2.57665e-05
2.90512e-05
3.46254e-05
4.10514e-05
4.808e-05
5.54736e-05
6.27947e-05
6.91577e-05
7.10241e-05
6.43259e-05
8.00516e-05
9.21064e-05
0.000101447
0.000101612
9.87101e-05
9.4177e-05
8.71617e-05
7.62273e-05
6.16791e-05
4.6456e-05
4.58478e-05
5.94631e-05
7.25203e-05
8.2375e-05
8.86422e-05
9.28742e-05
9.51962e-05
9.55944e-05
8.75331e-05
7.691e-05
9.37887e-05
0.000118989
0.000163167
0.000209557
0.000242656
0.000262201
0.000265786
0.000252162
0.000218268
0.000167582
0.000166471
0.000213335
0.00024337
0.000254922
0.0002505
0.0002313
0.000199924
0.000155464
0.000113473
9.03992e-05
0.000108056
0.000131774
0.00015391
0.000173579
0.000191086
0.000205726
0.0002167
0.000222635
0.00022213
0.000213706
0.000212383
0.000219644
0.000219057
0.000212358
0.000200935
0.000186082
0.000168645
0.00014929
0.000127705
0.000104759
5.49046e-06
6.72514e-06
7.33676e-06
8.18869e-06
8.52678e-06
6.31246e-06
5.34277e-06
4.87035e-06
4.89424e-06
5.27035e-06
5.34008e-06
5.14563e-06
5.00319e-06
5.21544e-06
5.71767e-06
7.67358e-06
7.95112e-06
6.99083e-06
6.17922e-06
4.87683e-06
2.56732e-05
3.01896e-05
2.90829e-05
2.8433e-05
2.1279e-05
1.28075e-05
1.21326e-05
1.1433e-05
1.14571e-05
1.20388e-05
1.22765e-05
1.16009e-05
1.15665e-05
1.19081e-05
1.21576e-05
1.66584e-05
2.56431e-05
2.69965e-05
2.73863e-05
2.35418e-05
3.68518e-05
4.43354e-05
3.81604e-05
3.17736e-05
2.69513e-05
2.43452e-05
1.91111e-05
1.53784e-05
1.4711e-05
1.53204e-05
1.53576e-05
1.47092e-05
1.52871e-05
1.75941e-05
2.27038e-05
2.50519e-05
2.84907e-05
3.38845e-05
3.96377e-05
3.37849e-05
4.30845e-05
5.70099e-05
5.39822e-05
4.25162e-05
3.32096e-05
2.72925e-05
2.4359e-05
2.19232e-05
1.89078e-05
1.84363e-05
1.83127e-05
1.86314e-05
2.16939e-05
2.40998e-05
2.63233e-05
3.11381e-05
3.94482e-05
5.05592e-05
5.52286e-05
4.04939e-05
5.03208e-05
6.10169e-05
6.03563e-05
5.18977e-05
4.04318e-05
3.18233e-05
2.60911e-05
2.28342e-05
2.19693e-05
2.35882e-05
2.3393e-05
2.19479e-05
2.25767e-05
2.54097e-05
3.05991e-05
3.84651e-05
4.92069e-05
5.79627e-05
5.85475e-05
4.7566e-05
5.83565e-05
6.71103e-05
6.62532e-05
5.95484e-05
4.90464e-05
3.95185e-05
3.23188e-05
2.68244e-05
2.28335e-05
2.15061e-05
2.13389e-05
2.22987e-05
2.58922e-05
3.10019e-05
3.77844e-05
4.66902e-05
5.65576e-05
6.2886e-05
6.38243e-05
5.55348e-05
6.70848e-05
7.56813e-05
7.73614e-05
7.29302e-05
6.40276e-05
5.42359e-05
4.47302e-05
3.63148e-05
2.98381e-05
2.5749e-05
2.54682e-05
2.90312e-05
3.49617e-05
4.26898e-05
5.16309e-05
6.08491e-05
6.91562e-05
7.33123e-05
7.19584e-05
6.41849e-05
7.6349e-05
8.77987e-05
9.73121e-05
0.00010081
9.82804e-05
8.80179e-05
7.86249e-05
6.75043e-05
5.50638e-05
4.33053e-05
4.2684e-05
5.32933e-05
6.46809e-05
7.49548e-05
8.32269e-05
9.31948e-05
9.55931e-05
9.234e-05
8.35849e-05
7.33635e-05
8.69258e-05
0.000107862
0.000136076
0.000162661
0.000183411
0.000196286
0.000193654
0.000179419
0.000153107
0.000117689
0.00011608
0.000148549
0.0001726
0.000185464
0.000188148
0.000175427
0.000155463
0.00012996
0.000103063
8.37512e-05
9.87901e-05
0.000119053
0.00013774
0.000153807
0.000167709
0.000178942
0.00018682
0.000190629
0.000189171
0.000180313
0.000179017
0.000186948
0.000187445
0.000182928
0.000174623
0.000163177
0.00014929
0.000133452
0.000115221
9.5639e-05
1.27577e-05
9.42356e-06
6.70392e-06
6.55459e-06
6.4769e-06
5.1916e-06
4.43465e-06
4.20687e-06
4.51449e-06
5.02819e-06
5.19011e-06
4.9308e-06
4.70639e-06
4.49813e-06
4.80412e-06
6.23254e-06
6.16377e-06
6.17616e-06
7.26416e-06
9.442e-06
3.47592e-05
3.70466e-05
3.01833e-05
2.68093e-05
1.98168e-05
1.10652e-05
1.01012e-05
9.55587e-06
9.66047e-06
1.02294e-05
1.0847e-05
9.95409e-06
9.88533e-06
1.02026e-05
1.01219e-05
1.57634e-05
2.4441e-05
2.73846e-05
3.3108e-05
3.25418e-05
4.45176e-05
5.36725e-05
4.42468e-05
3.32614e-05
2.60668e-05
2.18769e-05
1.59281e-05
1.28018e-05
1.23599e-05
1.30322e-05
1.32551e-05
1.25193e-05
1.29861e-05
1.48795e-05
2.05163e-05
2.37269e-05
2.97391e-05
3.96371e-05
5.1054e-05
4.20561e-05
5.02271e-05
5.99108e-05
5.66391e-05
4.29898e-05
3.17658e-05
2.47281e-05
2.09288e-05
1.8992e-05
1.5475e-05
1.50537e-05
1.50979e-05
1.53661e-05
1.87513e-05
2.05887e-05
2.37877e-05
2.99412e-05
4.07809e-05
5.5227e-05
5.88777e-05
4.7813e-05
5.51507e-05
6.26089e-05
6.0601e-05
5.21181e-05
3.88862e-05
2.94666e-05
2.31592e-05
1.94587e-05
1.77301e-05
1.89553e-05
1.88724e-05
1.75148e-05
1.9073e-05
2.25136e-05
2.83974e-05
3.72491e-05
4.98277e-05
5.85473e-05
6.05875e-05
5.26962e-05
5.99788e-05
6.71388e-05
6.66553e-05
6.12632e-05
5.2702e-05
4.22739e-05
3.44125e-05
2.78601e-05
2.25218e-05
1.96856e-05
1.94423e-05
2.17925e-05
2.66509e-05
3.27613e-05
4.0289e-05
5.01986e-05
5.85622e-05
6.38238e-05
6.44008e-05
5.74684e-05
6.52027e-05
7.33032e-05
7.52134e-05
7.42296e-05
7.12016e-05
6.48447e-05
5.37489e-05
4.37856e-05
3.72802e-05
3.27247e-05
3.22865e-05
3.62329e-05
4.22056e-05
5.11386e-05
6.163e-05
6.81393e-05
7.10224e-05
7.19575e-05
7.01881e-05
6.2618e-05
7.10358e-05
8.16845e-05
8.73085e-05
9.13884e-05
9.46993e-05
9.4898e-05
9.02522e-05
8.12578e-05
6.91348e-05
5.62648e-05
5.52525e-05
6.69859e-05
7.81457e-05
8.67787e-05
9.11529e-05
9.08003e-05
8.75315e-05
8.35838e-05
7.82014e-05
6.83723e-05
7.81918e-05
9.42552e-05
0.000107468
0.000118296
0.000127247
0.000132108
0.000130369
0.00012314
0.000110499
9.35568e-05
9.24091e-05
0.000108156
0.000119394
0.000125644
0.000127047
0.000122153
0.000113472
0.000103062
9.04706e-05
7.53903e-05
8.69933e-05
0.000103735
0.000118969
0.000131607
0.000142255
0.000150569
0.000156174
0.000158574
0.00015674
0.00014896
0.000147787
0.000154822
0.000155866
0.00015287
0.000146883
0.00013837
0.000127705
0.000115221
0.000100341
8.41521e-05
2.372e-05
1.31077e-05
5.48111e-06
4.3013e-06
3.72119e-06
3.2255e-06
3.0283e-06
3.11716e-06
3.35567e-06
3.52595e-06
3.10788e-06
3.52716e-06
3.32546e-06
3.17625e-06
3.12193e-06
3.44529e-06
3.91151e-06
4.87904e-06
9.46648e-06
1.82869e-05
4.23099e-05
3.44513e-05
2.54966e-05
1.87765e-05
8.44127e-06
5.59219e-06
5.65667e-06
5.67905e-06
5.83851e-06
6.00716e-06
5.94007e-06
5.92961e-06
5.79237e-06
5.86691e-06
5.68279e-06
6.20653e-06
1.63144e-05
2.35407e-05
3.25349e-05
3.99896e-05
4.93128e-05
4.42934e-05
3.66361e-05
2.70733e-05
1.84357e-05
9.97104e-06
7.09287e-06
7.29958e-06
7.8653e-06
8.34356e-06
8.43959e-06
8.03312e-06
7.53067e-06
7.5809e-06
8.46802e-06
1.63089e-05
2.43676e-05
3.3786e-05
4.20556e-05
4.71076e-05
5.34793e-05
4.99548e-05
4.26284e-05
3.25078e-05
2.4151e-05
1.73467e-05
1.25841e-05
8.04539e-06
9.13543e-06
9.68206e-06
9.77345e-06
9.24788e-06
7.91914e-06
1.21837e-05
1.65389e-05
2.25854e-05
3.04948e-05
4.04924e-05
4.78124e-05
5.13499e-05
5.64666e-05
5.48758e-05
4.97681e-05
4.17375e-05
3.24584e-05
2.48257e-05
1.88576e-05
1.494e-05
1.16163e-05
9.04218e-06
9.24188e-06
1.12908e-05
1.44314e-05
1.81638e-05
2.36891e-05
3.10116e-05
3.9887e-05
4.75645e-05
5.26956e-05
5.43562e-05
5.90412e-05
5.97294e-05
5.7856e-05
5.39851e-05
4.95867e-05
4.47898e-05
3.90813e-05
3.27236e-05
2.62946e-05
2.08386e-05
2.02914e-05
2.49649e-05
3.08748e-05
3.68221e-05
4.25314e-05
4.73835e-05
5.17005e-05
5.55336e-05
5.74679e-05
5.69154e-05
6.16673e-05
6.50006e-05
6.66877e-05
6.68453e-05
6.62052e-05
6.45944e-05
6.18489e-05
5.8053e-05
5.34071e-05
4.78323e-05
4.71169e-05
5.19691e-05
5.62018e-05
5.97116e-05
6.22404e-05
6.37413e-05
6.43246e-05
6.4184e-05
6.26176e-05
5.9494e-05
6.46388e-05
7.08831e-05
7.60445e-05
7.96481e-05
8.20564e-05
8.2952e-05
8.21377e-05
7.96318e-05
7.5413e-05
6.92701e-05
6.85188e-05
7.39906e-05
7.7692e-05
7.98208e-05
8.03831e-05
7.9352e-05
7.69089e-05
7.33627e-05
6.83719e-05
6.24106e-05
6.8302e-05
7.80737e-05
8.66784e-05
9.34445e-05
9.86479e-05
0.000101832
0.000102656
0.000101137
9.70058e-05
8.97703e-05
8.89152e-05
9.54597e-05
9.89604e-05
0.000100003
9.88981e-05
9.55898e-05
9.03982e-05
8.37505e-05
7.53899e-05
6.60037e-05
7.34513e-05
8.6935e-05
9.86664e-05
0.000107875
0.000115241
0.000120663
0.000124048
0.000125084
0.000122954
0.000115488
0.000114446
0.000121328
0.000122895
0.000121426
0.000117749
0.000112163
0.000104759
9.56385e-05
8.41519e-05
7.10705e-05
)
;

boundaryField
{
    floor
    {
        type            kqRWallFunction;
        value           nonuniform List<scalar> 
400
(
1.64138e-05
9.99054e-06
4.89776e-06
3.89293e-06
3.40005e-06
3.0581e-06
3.07263e-06
3.1414e-06
3.24344e-06
2.85972e-06
3.31094e-06
3.21413e-06
3.02776e-06
3.00463e-06
3.26503e-06
3.77307e-06
4.32879e-06
5.49046e-06
1.27577e-05
2.372e-05
9.90869e-06
7.67558e-06
6.17272e-06
6.14675e-06
6.18252e-06
4.7303e-06
4.44091e-06
4.61799e-06
4.8079e-06
4.97328e-06
4.80404e-06
4.37509e-06
4.18672e-06
4.50891e-06
5.28498e-06
6.52178e-06
6.57102e-06
6.72514e-06
9.42356e-06
1.31077e-05
4.89184e-06
6.17378e-06
6.99665e-06
7.93185e-06
7.74489e-06
5.6353e-06
5.11061e-06
4.95217e-06
5.06392e-06
5.18958e-06
5.12442e-06
4.84007e-06
4.91548e-06
5.41914e-06
6.38932e-06
8.56925e-06
8.20053e-06
7.33676e-06
6.70392e-06
5.48111e-06
3.89708e-06
6.1655e-06
7.9216e-06
9.41935e-06
8.18682e-06
6.77927e-06
6.09438e-06
5.71271e-06
5.68186e-06
5.85799e-06
5.83745e-06
5.72069e-06
5.95834e-06
6.57897e-06
7.55675e-06
9.4934e-06
1.01243e-05
8.18869e-06
6.55459e-06
4.3013e-06
3.40924e-06
6.25586e-06
7.76567e-06
8.17123e-06
7.52508e-06
7.09151e-06
6.71871e-06
6.52007e-06
6.64068e-06
7.07596e-06
7.04722e-06
6.81163e-06
6.95221e-06
7.38581e-06
7.99558e-06
8.87699e-06
9.48733e-06
8.52678e-06
6.4769e-06
3.72119e-06
3.03237e-06
4.8003e-06
5.76985e-06
6.79008e-06
7.09426e-06
7.16324e-06
7.16068e-06
7.29574e-06
7.76158e-06
8.61155e-06
8.54558e-06
7.99476e-06
7.82817e-06
7.87598e-06
7.97771e-06
7.97008e-06
7.47967e-06
6.31246e-06
5.1916e-06
3.2255e-06
2.90978e-06
4.22944e-06
5.27184e-06
6.14832e-06
6.74536e-06
7.17857e-06
7.58395e-06
8.18083e-06
9.14744e-06
1.06644e-05
1.0524e-05
9.36154e-06
8.71103e-06
8.25708e-06
7.87792e-06
7.36705e-06
6.50706e-06
5.34277e-06
4.43465e-06
3.0283e-06
3.07087e-06
3.76559e-06
4.80609e-06
5.73018e-06
6.55085e-06
7.32918e-06
8.20066e-06
9.42603e-06
1.09865e-05
1.30287e-05
1.27537e-05
1.10631e-05
9.82229e-06
8.72467e-06
7.84495e-06
6.94075e-06
5.87758e-06
4.87035e-06
4.20687e-06
3.11716e-06
3.5921e-06
4.37674e-06
4.73808e-06
5.63378e-06
6.65164e-06
7.79694e-06
9.18121e-06
1.1005e-05
1.23831e-05
1.41952e-05
1.38744e-05
1.23153e-05
1.10744e-05
9.39262e-06
8.03044e-06
6.81184e-06
5.68009e-06
4.89424e-06
4.51449e-06
3.35567e-06
4.35232e-06
4.51172e-06
4.9192e-06
5.84162e-06
7.08612e-06
8.64043e-06
1.07018e-05
1.30604e-05
1.42153e-05
1.52554e-05
1.49057e-05
1.38776e-05
1.27649e-05
1.05596e-05
8.58903e-06
7.06201e-06
5.86755e-06
5.27035e-06
5.02819e-06
3.52595e-06
3.64301e-06
4.16541e-06
4.79527e-06
5.79792e-06
7.05267e-06
8.57238e-06
1.05533e-05
1.2775e-05
1.38873e-05
1.49103e-05
1.51802e-05
1.41386e-05
1.30046e-05
1.06842e-05
8.65003e-06
7.09462e-06
5.91287e-06
5.34008e-06
5.19011e-06
3.10788e-06
3.06383e-06
3.77484e-06
4.76892e-06
5.73506e-06
6.83767e-06
8.02557e-06
9.38256e-06
1.10733e-05
1.23189e-05
1.38768e-05
1.4136e-05
1.23006e-05
1.09636e-05
9.18756e-06
7.8198e-06
6.66975e-06
5.71201e-06
5.14563e-06
4.9308e-06
3.52716e-06
2.84178e-06
4.09218e-06
5.01245e-06
5.98638e-06
6.98529e-06
7.85468e-06
8.72411e-06
9.82647e-06
1.10749e-05
1.27634e-05
1.30019e-05
1.09627e-05
9.43468e-06
8.23401e-06
7.36204e-06
6.56172e-06
5.7377e-06
5.00319e-06
4.70639e-06
3.32546e-06
2.96202e-06
4.59327e-06
5.48965e-06
6.59898e-06
7.41673e-06
7.89571e-06
8.26484e-06
8.72657e-06
9.3932e-06
1.05598e-05
1.06852e-05
9.18912e-06
8.23531e-06
7.63976e-06
7.22116e-06
6.76099e-06
6.1265e-06
5.21544e-06
4.49813e-06
3.17625e-06
3.26757e-06
5.32742e-06
6.3939e-06
7.57785e-06
8.02177e-06
7.99206e-06
7.88415e-06
7.84902e-06
8.03617e-06
8.59681e-06
8.66056e-06
7.82919e-06
7.36862e-06
7.22403e-06
7.20537e-06
7.1113e-06
6.78799e-06
5.71767e-06
4.80412e-06
3.12193e-06
3.77584e-06
6.55112e-06
8.58879e-06
9.52135e-06
8.89819e-06
7.98307e-06
7.37785e-06
6.95471e-06
6.83071e-06
7.08171e-06
7.11799e-06
6.69227e-06
6.58053e-06
6.77155e-06
7.11516e-06
7.50325e-06
8.08791e-06
7.67358e-06
6.23254e-06
3.44529e-06
4.33417e-06
6.58985e-06
8.22043e-06
1.01482e-05
9.50891e-06
7.499e-06
6.53169e-06
5.90806e-06
5.70801e-06
5.8793e-06
5.92921e-06
5.73661e-06
5.77056e-06
6.15265e-06
6.79986e-06
8.08451e-06
9.33252e-06
7.95112e-06
6.16377e-06
3.91151e-06
5.49469e-06
6.73791e-06
7.35269e-06
8.22661e-06
8.56e-06
6.33927e-06
5.36837e-06
4.88955e-06
4.88665e-06
5.22545e-06
5.30771e-06
5.13062e-06
5.02209e-06
5.25331e-06
5.74737e-06
7.68904e-06
7.95265e-06
6.99083e-06
6.17616e-06
4.87904e-06
1.27265e-05
9.42622e-06
6.7087e-06
6.56557e-06
6.49979e-06
5.20611e-06
4.44229e-06
4.19507e-06
4.49289e-06
4.9446e-06
5.08793e-06
4.85448e-06
4.68317e-06
4.49878e-06
4.82707e-06
6.26024e-06
6.17422e-06
6.17922e-06
7.26416e-06
9.46648e-06
2.37118e-05
1.31272e-05
5.48422e-06
4.30351e-06
3.72522e-06
3.22574e-06
3.01877e-06
3.10015e-06
3.32135e-06
3.46094e-06
2.93351e-06
3.42217e-06
3.27124e-06
3.15443e-06
3.12012e-06
3.45148e-06
3.91367e-06
4.87683e-06
9.442e-06
1.82869e-05
)
;
    }
    ceiling
    {
        type            kqRWallFunction;
        value           nonuniform List<scalar> 
400
(
7.10609e-05
8.41246e-05
9.55793e-05
0.000104663
0.00011203
0.000117584
0.000121238
0.000122695
0.000121126
0.000114223
0.00011555
0.000123096
0.000125287
0.000124281
0.000120901
0.000115461
0.000108056
9.87901e-05
8.69933e-05
7.34513e-05
8.41257e-05
0.000100311
0.000115161
0.000127599
0.000138212
0.000146671
0.000152615
0.000155587
0.000154539
0.0001475
0.000149032
0.000156905
0.000158816
0.00015645
0.000150838
0.000142487
0.000131774
0.000119053
0.000103735
8.6935e-05
9.55817e-05
0.000115163
0.000133367
0.000149156
0.000162976
0.000174347
0.000182588
0.000187068
0.000186571
0.000178655
0.000180393
0.00018935
0.000190893
0.000187108
0.000179199
0.000167906
0.00015391
0.00013774
0.000118969
9.86664e-05
0.000104666
0.000127603
0.000149158
0.000168459
0.000185821
0.000200586
0.000211929
0.000218584
0.000219177
0.000211975
0.000213758
0.000222297
0.000222877
0.000216947
0.000205923
0.000191204
0.000173579
0.000153807
0.000131607
0.000107875
0.000112034
0.000138216
0.000162979
0.000185822
0.000207558
0.000226589
0.000241527
0.000251399
0.000254791
0.00025099
0.000252811
0.000258034
0.000255831
0.000246731
0.000232184
0.000213142
0.000191086
0.000167709
0.000142255
0.000115241
0.000117588
0.000146676
0.000174351
0.000200589
0.000226591
0.000249488
0.000268362
0.000282109
0.000289587
0.000291019
0.000292895
0.000292777
0.000286375
0.000273367
0.000254921
0.000232086
0.000205726
0.000178942
0.000150569
0.000120663
0.000121243
0.000152621
0.000182593
0.000211933
0.000241531
0.000268364
0.000291451
0.000309964
0.000323939
0.000335256
0.000337194
0.000327033
0.000313909
0.000295991
0.000273297
0.000246569
0.0002167
0.00018682
0.000156174
0.000124048
0.0001227
0.000155592
0.000187073
0.000218589
0.000251403
0.000282111
0.000309965
0.000335532
0.000362649
0.000400096
0.000401287
0.000365806
0.000339204
0.00031387
0.000286271
0.00025565
0.000222635
0.000190629
0.000158574
0.000125084
0.000121131
0.000154545
0.000186576
0.000219181
0.000254795
0.000289589
0.000323941
0.00036265
0.000417015
0.000490753
0.000492225
0.000419306
0.000365762
0.00032697
0.000292668
0.000257883
0.00022213
0.000189171
0.00015674
0.000122954
0.000114227
0.000147505
0.000178658
0.000211978
0.000250993
0.000291022
0.000335259
0.0004001
0.000490756
0.000507901
0.000528355
0.000492088
0.000401156
0.000337097
0.000292847
0.000252771
0.000213706
0.000180313
0.00014896
0.000115488
0.000115553
0.000149036
0.000180394
0.00021376
0.000252812
0.000292897
0.000337198
0.000401294
0.000492237
0.000528369
0.000507897
0.000490399
0.00039996
0.000335386
0.000291323
0.000251382
0.000212383
0.000179017
0.000147787
0.000114446
0.000123099
0.000156908
0.000189352
0.000222298
0.000258035
0.000292778
0.000327034
0.00036581
0.000419313
0.000492097
0.000490398
0.000416883
0.000362731
0.000324198
0.000289986
0.000255258
0.000219644
0.000186948
0.000154822
0.000121328
0.00012529
0.000158819
0.000190895
0.000222879
0.000255833
0.000286376
0.000313909
0.000339205
0.000365765
0.000401161
0.00039996
0.000362731
0.000335788
0.000310359
0.000282593
0.000251907
0.000219057
0.000187445
0.000155866
0.000122895
0.000124284
0.000156453
0.000187111
0.000216949
0.000246733
0.000273368
0.000295992
0.00031387
0.000326971
0.0003371
0.000335386
0.000324198
0.000310359
0.000291934
0.000268879
0.00024202
0.000212358
0.000182928
0.00015287
0.000121426
0.000120903
0.00015084
0.000179201
0.000205926
0.000232187
0.000254923
0.000273297
0.00028627
0.000292667
0.000292847
0.000291323
0.000289986
0.000282593
0.000268879
0.000249983
0.000227018
0.000200935
0.000174623
0.000146883
0.000117749
0.000115463
0.000142489
0.000167908
0.000191207
0.000213144
0.000232087
0.000246569
0.000255649
0.000257882
0.00025277
0.000251383
0.000255259
0.000251908
0.00024202
0.000227018
0.000207897
0.000186082
0.000163177
0.00013837
0.000112163
0.000108057
0.000131776
0.000153912
0.000173582
0.000191088
0.000205728
0.0002167
0.000222634
0.000222129
0.000213706
0.000212385
0.000219645
0.000219058
0.000212358
0.000200935
0.000186082
0.000168645
0.00014929
0.000127705
0.000104759
9.87916e-05
0.000119055
0.000137742
0.000153809
0.000167711
0.000178944
0.00018682
0.000190629
0.00018917
0.000180314
0.000179019
0.000186949
0.000187445
0.000182929
0.000174623
0.000163177
0.00014929
0.000133452
0.000115221
9.56385e-05
8.6995e-05
0.000103737
0.000118971
0.000131609
0.000142256
0.00015057
0.000156175
0.000158575
0.00015674
0.00014896
0.000147788
0.000154823
0.000155867
0.000152871
0.000146883
0.000138371
0.000127705
0.000115221
0.000100341
8.41519e-05
7.3453e-05
8.69366e-05
9.86679e-05
0.000107876
0.000115243
0.000120664
0.000124049
0.000125085
0.000122955
0.000115489
0.000114448
0.000121329
0.000122896
0.000121427
0.00011775
0.000112164
0.000104759
9.5639e-05
8.41521e-05
7.10705e-05
)
;
    }
    fixedWalls
    {
        type            kqRWallFunction;
        value           nonuniform List<scalar> 
800
(
1.64138e-05
3.98884e-05
4.71005e-05
5.13577e-05
5.43686e-05
5.6928e-05
5.95041e-05
6.24177e-05
6.6005e-05
7.10609e-05
9.99054e-06
3.23695e-05
4.20054e-05
4.77673e-05
5.26592e-05
5.74395e-05
6.25949e-05
6.83544e-05
7.53727e-05
8.41246e-05
4.89776e-06
2.34679e-05
3.37109e-05
4.03583e-05
4.74172e-05
5.54119e-05
6.40902e-05
7.32935e-05
8.36913e-05
9.55793e-05
3.89293e-06
1.64114e-05
2.43867e-05
3.03363e-05
3.96095e-05
5.14653e-05
6.4154e-05
7.67855e-05
9.02914e-05
0.000104663
3.40005e-06
6.1517e-06
1.63111e-05
2.25003e-05
3.06242e-05
4.70591e-05
6.35143e-05
7.9186e-05
9.54398e-05
0.00011203
3.0581e-06
5.57078e-06
8.36727e-06
1.63912e-05
2.32733e-05
4.21025e-05
6.19849e-05
8.01904e-05
9.87138e-05
0.000117584
3.07263e-06
5.70805e-06
7.35388e-06
1.19959e-05
1.79331e-05
3.63985e-05
5.94624e-05
7.96217e-05
9.98013e-05
0.000121238
3.1414e-06
5.60637e-06
7.31992e-06
7.73297e-06
1.42639e-05
3.05054e-05
5.59702e-05
7.75051e-05
9.87626e-05
0.000122695
3.24344e-06
5.67026e-06
7.81063e-06
9.02356e-06
1.11471e-05
2.46608e-05
5.18069e-05
7.38471e-05
9.52916e-05
0.000121126
2.85972e-06
5.52945e-06
8.24767e-06
9.61073e-06
9.04197e-06
2.02145e-05
4.71149e-05
6.84421e-05
8.87674e-05
0.000114223
3.31094e-06
5.87698e-06
8.25411e-06
9.66283e-06
9.1121e-06
2.11193e-05
4.80354e-05
6.93928e-05
8.98488e-05
0.00011555
3.21413e-06
5.76657e-06
7.84778e-06
9.21322e-06
1.17237e-05
2.67101e-05
5.37342e-05
7.5662e-05
9.72246e-05
0.000123096
3.02776e-06
5.67052e-06
7.33499e-06
8.14186e-06
1.51696e-05
3.33277e-05
5.85086e-05
8.00009e-05
0.00010148
0.000125287
3.00463e-06
5.71315e-06
7.20983e-06
1.27307e-05
1.92621e-05
4.00375e-05
6.23989e-05
8.25766e-05
0.000103076
0.000124281
3.26503e-06
5.66352e-06
9.95701e-06
1.74865e-05
2.567e-05
4.56486e-05
6.52026e-05
8.34189e-05
0.000102267
0.000120901
3.77307e-06
8.31605e-06
1.83941e-05
2.43175e-05
3.33948e-05
5.0424e-05
6.68011e-05
8.25123e-05
9.90557e-05
0.000115461
4.32879e-06
1.87903e-05
2.70847e-05
3.29281e-05
4.25281e-05
5.46964e-05
6.73752e-05
8.00516e-05
9.37887e-05
0.000108056
5.49046e-06
2.56732e-05
3.68518e-05
4.30845e-05
5.03208e-05
5.83565e-05
6.70848e-05
7.6349e-05
8.69258e-05
9.87901e-05
1.27577e-05
3.47592e-05
4.45176e-05
5.02271e-05
5.51507e-05
5.99788e-05
6.52027e-05
7.10358e-05
7.81918e-05
8.69933e-05
2.372e-05
4.23099e-05
4.93128e-05
5.34793e-05
5.64666e-05
5.90412e-05
6.16673e-05
6.46388e-05
6.8302e-05
7.34513e-05
2.37118e-05
4.23098e-05
4.93128e-05
5.34795e-05
5.6467e-05
5.90419e-05
6.16684e-05
6.46403e-05
6.83037e-05
7.3453e-05
1.31272e-05
3.44401e-05
4.42922e-05
4.99544e-05
5.48759e-05
5.97301e-05
6.50019e-05
7.08848e-05
7.80755e-05
8.69366e-05
5.48422e-06
2.54898e-05
3.66356e-05
4.26287e-05
4.97686e-05
5.78568e-05
6.66889e-05
7.60459e-05
8.668e-05
9.86679e-05
4.30351e-06
1.8772e-05
2.70713e-05
3.251e-05
4.17398e-05
5.39863e-05
6.68465e-05
7.96494e-05
9.34459e-05
0.000107876
3.72522e-06
8.4189e-06
1.84323e-05
2.41524e-05
3.24645e-05
4.95884e-05
6.62061e-05
8.20574e-05
9.8649e-05
0.000115243
3.22574e-06
5.59076e-06
9.97558e-06
1.73505e-05
2.48329e-05
4.47913e-05
6.45948e-05
8.29524e-05
0.000101833
0.000120664
3.01877e-06
5.65743e-06
7.10366e-06
1.25901e-05
1.88623e-05
3.90841e-05
6.18487e-05
8.21379e-05
0.000102657
0.000124049
3.10015e-06
5.67865e-06
7.31411e-06
8.05102e-06
1.49407e-05
3.27222e-05
5.80524e-05
7.96318e-05
0.000101137
0.000125085
3.32135e-06
5.83543e-06
7.8881e-06
9.14761e-06
1.16168e-05
2.62916e-05
5.34068e-05
7.54129e-05
9.70061e-05
0.000122955
3.46094e-06
6.01425e-06
8.3804e-06
9.70259e-06
9.04822e-06
2.08384e-05
4.78329e-05
6.92707e-05
8.97711e-05
0.000115489
2.93351e-06
5.77837e-06
8.45637e-06
9.78793e-06
9.24902e-06
2.02975e-05
4.7118e-05
6.85199e-05
8.89164e-05
0.000114448
3.42217e-06
5.87773e-06
8.04014e-06
9.25359e-06
1.12921e-05
2.49651e-05
5.197e-05
7.39916e-05
9.54609e-05
0.000121329
3.27124e-06
5.76934e-06
7.53526e-06
7.92238e-06
1.44296e-05
3.08725e-05
5.62024e-05
7.76929e-05
9.89613e-05
0.000122896
3.15443e-06
5.85757e-06
7.58635e-06
1.21874e-05
1.81655e-05
3.68204e-05
5.97124e-05
7.98217e-05
0.000100004
0.000121427
3.12012e-06
5.67927e-06
8.46969e-06
1.65412e-05
2.36929e-05
4.25331e-05
6.22416e-05
8.03841e-05
9.88991e-05
0.00011775
3.45148e-06
6.20382e-06
1.63076e-05
2.25884e-05
3.10173e-05
4.73854e-05
6.37427e-05
7.93531e-05
9.55908e-05
0.000112164
3.91367e-06
1.62978e-05
2.43624e-05
3.04974e-05
3.98903e-05
5.17024e-05
6.43259e-05
7.691e-05
9.03992e-05
0.000104759
4.87683e-06
2.35418e-05
3.37849e-05
4.04939e-05
4.7566e-05
5.55348e-05
6.41849e-05
7.33635e-05
8.37512e-05
9.5639e-05
9.442e-06
3.25418e-05
4.20561e-05
4.7813e-05
5.26962e-05
5.74684e-05
6.2618e-05
6.83723e-05
7.53903e-05
8.41521e-05
1.82869e-05
3.99896e-05
4.71076e-05
5.13499e-05
5.43562e-05
5.69154e-05
5.9494e-05
6.24106e-05
6.60037e-05
7.10705e-05
1.64138e-05
3.98884e-05
4.71005e-05
5.13577e-05
5.43686e-05
5.6928e-05
5.95041e-05
6.24177e-05
6.6005e-05
7.10609e-05
9.90869e-06
3.24149e-05
4.20075e-05
4.77682e-05
5.26596e-05
5.744e-05
6.25963e-05
6.83564e-05
7.53746e-05
8.41257e-05
4.89184e-06
2.34743e-05
3.37047e-05
4.03567e-05
4.74158e-05
5.54118e-05
6.40922e-05
7.32965e-05
8.36947e-05
9.55817e-05
3.89708e-06
1.63843e-05
2.43741e-05
3.0333e-05
3.96044e-05
5.14621e-05
6.41545e-05
7.67886e-05
9.02959e-05
0.000104666
3.40924e-06
6.1402e-06
1.63072e-05
2.2501e-05
3.06199e-05
4.70562e-05
6.35139e-05
7.91888e-05
9.54444e-05
0.000112034
3.03237e-06
5.55348e-06
8.38519e-06
1.63895e-05
2.32654e-05
4.20955e-05
6.19814e-05
8.01917e-05
9.87181e-05
0.000117588
2.90978e-06
5.71015e-06
7.37463e-06
1.19917e-05
1.79282e-05
3.6372e-05
5.94573e-05
7.96221e-05
9.98056e-05
0.000121243
3.07087e-06
5.66385e-06
7.36556e-06
7.74301e-06
1.42539e-05
3.04809e-05
5.59646e-05
7.7505e-05
9.87669e-05
0.0001227
3.5921e-06
5.82383e-06
7.92038e-06
9.06368e-06
1.11554e-05
2.46753e-05
5.1802e-05
7.38463e-05
9.52953e-05
0.000121131
4.35232e-06
6.47508e-06
8.52994e-06
9.69321e-06
9.0791e-06
2.02398e-05
4.71116e-05
6.84401e-05
8.87703e-05
0.000114227
3.64301e-06
6.0255e-06
8.37429e-06
9.70354e-06
9.12549e-06
2.10885e-05
4.80294e-05
6.93914e-05
8.98517e-05
0.000115553
3.06383e-06
5.81249e-06
7.89659e-06
9.22982e-06
1.17156e-05
2.66732e-05
5.37306e-05
7.56619e-05
9.72271e-05
0.000123099
2.84178e-06
5.66972e-06
7.35449e-06
8.1532e-06
1.51596e-05
3.32984e-05
5.8508e-05
8.00024e-05
0.000101483
0.00012529
2.96202e-06
5.69988e-06
7.21955e-06
1.27375e-05
1.92664e-05
4.00298e-05
6.2401e-05
8.25795e-05
0.00010308
0.000124284
3.26757e-06
5.64789e-06
9.96731e-06
1.74946e-05
2.5677e-05
4.56524e-05
6.52065e-05
8.34221e-05
0.00010227
0.000120903
3.77584e-06
8.28961e-06
1.83928e-05
2.43244e-05
3.34035e-05
5.04292e-05
6.68049e-05
8.25151e-05
9.9058e-05
0.000115463
4.33417e-06
1.87948e-05
2.70864e-05
3.29336e-05
4.25336e-05
5.47005e-05
6.7378e-05
8.00536e-05
9.37904e-05
0.000108057
5.49469e-06
2.56851e-05
3.68534e-05
4.30873e-05
5.03233e-05
5.83585e-05
6.70863e-05
7.63503e-05
8.69273e-05
9.87916e-05
1.27265e-05
3.47811e-05
4.45196e-05
5.02283e-05
5.51515e-05
5.99796e-05
6.52035e-05
7.1037e-05
7.81934e-05
8.6995e-05
2.37118e-05
4.23098e-05
4.93128e-05
5.34795e-05
5.6467e-05
5.90419e-05
6.16684e-05
6.46403e-05
6.83037e-05
7.3453e-05
2.372e-05
4.23099e-05
4.93128e-05
5.34793e-05
5.64666e-05
5.90412e-05
6.16673e-05
6.46388e-05
6.8302e-05
7.34513e-05
1.31077e-05
3.44513e-05
4.42934e-05
4.99548e-05
5.48758e-05
5.97294e-05
6.50006e-05
7.08831e-05
7.80737e-05
8.6935e-05
5.48111e-06
2.54966e-05
3.66361e-05
4.26284e-05
4.97681e-05
5.7856e-05
6.66877e-05
7.60445e-05
8.66784e-05
9.86664e-05
4.3013e-06
1.87765e-05
2.70733e-05
3.25078e-05
4.17375e-05
5.39851e-05
6.68453e-05
7.96481e-05
9.34445e-05
0.000107875
3.72119e-06
8.44127e-06
1.84357e-05
2.4151e-05
3.24584e-05
4.95867e-05
6.62052e-05
8.20564e-05
9.86479e-05
0.000115241
3.2255e-06
5.59219e-06
9.97104e-06
1.73467e-05
2.48257e-05
4.47898e-05
6.45944e-05
8.2952e-05
0.000101832
0.000120663
3.0283e-06
5.65667e-06
7.09287e-06
1.25841e-05
1.88576e-05
3.90813e-05
6.18489e-05
8.21377e-05
0.000102656
0.000124048
3.11716e-06
5.67905e-06
7.29958e-06
8.04539e-06
1.494e-05
3.27236e-05
5.8053e-05
7.96318e-05
0.000101137
0.000125084
3.35567e-06
5.83851e-06
7.8653e-06
9.13543e-06
1.16163e-05
2.62946e-05
5.34071e-05
7.5413e-05
9.70058e-05
0.000122954
3.52595e-06
6.00716e-06
8.34356e-06
9.68206e-06
9.04218e-06
2.08386e-05
4.78323e-05
6.92701e-05
8.97703e-05
0.000115488
3.10788e-06
5.94007e-06
8.43959e-06
9.77345e-06
9.24188e-06
2.02914e-05
4.71169e-05
6.85188e-05
8.89152e-05
0.000114446
3.52716e-06
5.92961e-06
8.03312e-06
9.24788e-06
1.12908e-05
2.49649e-05
5.19691e-05
7.39906e-05
9.54597e-05
0.000121328
3.32546e-06
5.79237e-06
7.53067e-06
7.91914e-06
1.44314e-05
3.08748e-05
5.62018e-05
7.7692e-05
9.89604e-05
0.000122895
3.17625e-06
5.86691e-06
7.5809e-06
1.21837e-05
1.81638e-05
3.68221e-05
5.97116e-05
7.98208e-05
0.000100003
0.000121426
3.12193e-06
5.68279e-06
8.46802e-06
1.65389e-05
2.36891e-05
4.25314e-05
6.22404e-05
8.03831e-05
9.88981e-05
0.000117749
3.44529e-06
6.20653e-06
1.63089e-05
2.25854e-05
3.10116e-05
4.73835e-05
6.37413e-05
7.9352e-05
9.55898e-05
0.000112163
3.91151e-06
1.63144e-05
2.43676e-05
3.04948e-05
3.9887e-05
5.17005e-05
6.43246e-05
7.69089e-05
9.03982e-05
0.000104759
4.87904e-06
2.35407e-05
3.3786e-05
4.04924e-05
4.75645e-05
5.55336e-05
6.4184e-05
7.33627e-05
8.37505e-05
9.56385e-05
9.46648e-06
3.25349e-05
4.20556e-05
4.78124e-05
5.26956e-05
5.74679e-05
6.26176e-05
6.83719e-05
7.53899e-05
8.41519e-05
1.82869e-05
3.99896e-05
4.71076e-05
5.13499e-05
5.43562e-05
5.69154e-05
5.9494e-05
6.24106e-05
6.60037e-05
7.10705e-05
)
;
    }
}


// ************************************************************************* //
