/*--------------------------------*- C++ -*----------------------------------*\
| =========                 |                                                 |
| \\      /  F ield         | OpenFOAM: The Open Source CFD Toolbox           |
|  \\    /   O peration     | Version:  v1912                                 |
|   \\  /    A nd           | Website:  www.openfoam.com                      |
|    \\/     M anipulation  |                                                 |
\*---------------------------------------------------------------------------*/
FoamFile
{
    version     2.0;
    format      ascii;
    class       volVectorField;
    location    "480";
    object      U;
}
// * * * * * * * * * * * * * * * * * * * * * * * * * * * * * * * * * * * * * //

dimensions      [0 1 -1 0 0 0 0];


internalField   nonuniform List<vector> 
2000
(
(0.545548 0.0934285 0)
(-0.240565 0.00952697 -1.26863e-16)
(-0.0990034 0.00949586 -1.90814e-16)
(-0.0570252 0.00762563 -4.86729e-16)
(-0.0413046 0.00622357 0)
(-0.031295 0.00484499 0)
(-0.0252177 0.00391023 0)
(-0.021127 0.00329589 3.90391e-16)
(-0.0181478 0.00276804 -4.14726e-16)
(-0.0157111 0.00235075 4.37667e-16)
(-0.0137606 0.00201543 -4.59176e-16)
(-0.0121012 0.00171462 0)
(-0.0105963 0.00144946 4.99911e-16)
(-0.00919036 0.00120363 1.42841e-20)
(-0.00779031 0.000961302 0)
(-0.00632937 0.00071495 -2.82963e-16)
(-0.00479392 0.000486033 0)
(-0.00317006 0.00024869 0)
(-0.00139083 5.11478e-06 -3.3086e-16)
(0.000515279 -0.000218776 0)
(0.00246069 -0.000409397 3.26051e-16)
(0.00437495 -0.000572025 -6.21549e-16)
(0.0062117 -0.000700767 0)
(0.00790225 -0.000780034 2.85278e-16)
(0.00935089 -0.000802597 2.76136e-16)
(0.0104641 -0.000771726 0)
(0.011188 -0.000704095 0)
(0.0115339 -0.000622257 1.32584e-16)
(0.0115731 -0.00054388 0)
(0.0114041 -0.000476583 0)
(0.0111243 -0.00041997 2.682e-16)
(0.0108044 -0.000369593 1.35225e-16)
(0.0104855 -0.000321106 2.72888e-16)
(0.010186 -0.000272127 0)
(0.00991037 -0.000222362 0)
(0.00965672 -0.000172637 -6.99153e-17)
(0.00942219 -0.000123664 0)
(0.00920489 -7.62525e-05 -2.67966e-23)
(0.00900392 -3.03599e-05 -1.78178e-17)
(0.00881955 1.36694e-05 0)
(0.00865176 5.63215e-05 0)
(0.00850119 9.73222e-05 1.80713e-17)
(0.00836793 0.00013697 3.62696e-17)
(0.00825397 0.0001747 0)
(0.00816253 0.000210617 7.2894e-17)
(0.00809939 0.000244989 0)
(0.0080699 0.000279049 7.29765e-17)
(0.00807723 0.000314637 -2.91529e-16)
(0.00811856 0.000353755 -1.45388e-16)
(0.00818331 0.000397656 -2.89668e-16)
(0.00825482 0.000445209 0)
(0.00831913 0.000492089 1.4354e-16)
(0.00837947 0.000532222 0)
(0.00847114 0.000561363 0)
(0.00865759 0.000582393 0)
(0.00902148 0.000597536 -3.9326e-21)
(0.00968353 0.000604325 -3.84689e-21)
(0.0107576 0.000628121 0)
(0.0122398 0.000712426 0)
(0.0139408 0.000897524 0)
(0.0155197 0.00121357 0)
(0.016544 0.00158663 0)
(0.0177683 0.00151947 1.39894e-20)
(0.0238872 -4.18447e-05 -1.89583e-16)
(0.0283631 -0.00216804 0)
(0.015523 0.00437464 0)
(-0.0937626 0.0119891 6.05694e-17)
(-0.224456 -0.00516879 -7.46696e-17)
(-0.302865 -0.030672 0)
(-0.32374 -0.0452828 0)
(-0.305902 -0.0479555 0)
(-0.268641 -0.0446853 0)
(-0.210879 -0.037764 0)
(-0.135632 -0.0282068 2.40388e-16)
(-0.046756 -0.0179283 0)
(0.0528999 -0.0046711 -4.12698e-16)
(0.150001 0.0144256 0)
(0.278371 0.0365354 -3.39062e-16)
(0.352466 0.0558155 0)
(0.574736 0.0893364 8.57907e-17)
(0.890142 0.137811 0)
(0.259319 0.0566382 4.2264e-17)
(-0.0989879 0.0128711 0)
(-0.0904316 0.00588266 2.31074e-16)
(-0.0755649 0.00791557 -2.47304e-16)
(-0.0613147 0.00744812 0)
(-0.051234 0.00658868 0)
(-0.0442922 0.00588806 -3.49815e-16)
(-0.0390435 0.0050748 0)
(-0.0346224 0.00439063 0)
(-0.0309748 0.00381257 4.23472e-16)
(-0.0278094 0.003229 0)
(-0.0249136 0.00268081 2.33782e-16)
(-0.0221998 0.0021362 2.83395e-20)
(-0.0195321 0.00156548 0)
(-0.0168113 0.000968328 0)
(-0.0140083 0.000413345 0)
(-0.0111228 -0.000182018 0)
(-0.00803411 -0.000801275 0)
(-0.00474904 -0.00135104 3.64728e-16)
(-0.00138646 -0.00179246 0)
(0.00195354 -0.00213999 4.02728e-16)
(0.00523878 -0.00239228 0)
(0.00841448 -0.00251784 -3.27555e-16)
(0.0113822 -0.00249064 0)
(0.0140136 -0.0023105 1.4241e-16)
(0.0161879 -0.00201736 0)
(0.0178397 -0.00167608 -1.31947e-16)
(0.0189795 -0.00134778 1.29252e-16)
(0.0196792 -0.00106947 0)
(0.020037 -0.000851822 -1.26011e-16)
(0.0201526 -0.000685814 0)
(0.0201112 -0.000554283 -1.24797e-16)
(0.0199752 -0.000441235 0)
(0.0197832 -0.000335594 0)
(0.0195569 -0.000233075 0)
(0.0193093 -0.000131963 -3.1529e-17)
(0.0190496 -3.42796e-05 -3.17024e-17)
(0.0187852 6.0348e-05 1.59469e-17)
(0.0185228 0.000149965 0)
(0.0182677 0.000236268 0)
(0.0180244 0.000318103 -1.62663e-17)
(0.0177961 0.000396542 4.18991e-22)
(0.017587 0.000469248 3.29704e-17)
(0.017403 0.000535095 0)
(0.0172531 0.000593457 -6.67724e-17)
(0.0171468 0.00064637 0)
(0.017091 0.00070021 1.34815e-16)
(0.0170843 0.000763302 0)
(0.0171127 0.000844995 1.35305e-16)
(0.0171494 0.0009474 0)
(0.0171654 0.00105912 -1.35337e-16)
(0.017149 0.00115373 0)
(0.0171276 0.00119935 -1.35847e-16)
(0.0171584 0.00118248 0)
(0.0173107 0.00108511 -4.03253e-16)
(0.0176737 0.000869805 -5.27456e-16)
(0.0182622 0.000593023 0)
(0.0189958 0.000434821 0)
(0.0198229 0.00060358 0)
(0.0207638 0.00122616 0)
(0.0215767 0.00198065 0)
(0.0223313 0.000462995 2.349e-16)
(0.0231568 -0.00266125 0)
(-0.0126901 0.0141702 0)
(-0.128064 0.0420808 -4.1254e-17)
(-0.265123 0.0392609 0)
(-0.332754 -0.000578494 -2.19972e-17)
(-0.317859 -0.0407537 0)
(-0.282547 -0.0626658 0)
(-0.247283 -0.0721248 0)
(-0.192777 -0.073263 5.97834e-17)
(-0.121476 -0.068803 0)
(-0.0341141 -0.0592079 -2.59753e-16)
(0.0651975 -0.0452988 0)
(0.175673 -0.0239123 1.93606e-16)
(0.284646 0.00436191 -1.49321e-16)
(0.420221 0.0364684 3.12266e-18)
(0.508607 0.0653712 0)
(0.747482 0.101961 -3.06816e-17)
(0.985878 0.168645 5.63523e-18)
(0.660305 0.10588 0)
(0.228234 0.0499783 0)
(-0.0347964 0.00934368 0)
(-0.0737775 0.00386992 4.17448e-16)
(-0.0727861 0.00493091 0)
(-0.0634182 0.00533122 0)
(-0.0559857 0.00534252 0)
(-0.0505006 0.00484253 0)
(-0.0456827 0.00427881 0)
(-0.0416749 0.00382469 -1.76982e-16)
(-0.038199 0.00325043 0)
(-0.0350346 0.00267887 -1.92484e-16)
(-0.0321171 0.00207782 3.99674e-16)
(-0.0293199 0.00141515 0)
(-0.0265314 0.000682994 0)
(-0.0237164 2.45647e-05 0)
(-0.0209068 -0.000712252 0)
(-0.0179273 -0.00151724 2.4231e-16)
(-0.0147246 -0.00222927 -2.56153e-16)
(-0.0114018 -0.00278067 0)
(-0.00804789 -0.00320252 2.98961e-16)
(-0.0046706 -0.003516 0)
(-0.00126133 -0.00368468 0)
(0.00214664 -0.00365001 -1.83836e-16)
(0.00544155 -0.00339843 -3.38094e-16)
(0.00847384 -0.00297837 0)
(0.0111236 -0.00247513 0)
(0.0133338 -0.00197395 -7.40653e-21)
(0.0151072 -0.00152915 0)
(0.0164861 -0.00116479 0)
(0.0175345 -0.000881519 0)
(0.0183182 -0.000662679 0)
(0.0188925 -0.000486328 0)
(0.0193021 -0.000334525 0)
(0.0195806 -0.00019632 0)
(0.0197545 -6.71722e-05 3.11717e-17)
(0.0198455 5.40026e-05 -3.09981e-17)
(0.0198711 0.000167351 0)
(0.0198452 0.000273061 -3.85834e-18)
(0.0197791 0.000371963 3.86035e-18)
(0.019681 0.000464842 0)
(0.0195571 0.000551836 6.20756e-17)
(0.0194118 0.000630429 -3.11706e-17)
(0.0192503 0.000697094 0)
(0.0190796 0.000749142 1.26168e-16)
(0.0189075 0.00078796 0)
(0.0187404 0.000820864 0)
(0.0185798 0.000861762 0)
(0.0184171 0.000927861 0)
(0.0182316 0.00102938 0)
(0.0179935 0.00115629 0)
(0.0176729 0.00126881 -1.3231e-16)
(0.0172465 0.00130813 1.34138e-16)
(0.0166534 0.00124142 0)
(0.0157433 0.00105534 1.39831e-16)
(0.0142064 0.000730401 2.90101e-16)
(0.0115236 0.0003415 0)
(0.00770606 0.000136642 0)
(0.00366046 0.00020679 0)
(0.000798403 0.000106762 0)
(-0.00014563 -0.00117465 0)
(-0.00141517 -0.00381844 2.80017e-16)
(-0.0290654 0.0130196 1.06001e-16)
(-0.108208 0.0518012 0)
(-0.219372 0.0825175 1.0215e-18)
(-0.279348 0.0655734 -1.97233e-17)
(-0.245303 0.0113891 5.22967e-17)
(-0.190134 -0.0297275 0)
(-0.15903 -0.0528714 0)
(-0.116202 -0.0656321 0)
(-0.0588281 -0.0724793 -7.54072e-17)
(0.0147792 -0.0741821 -8.68174e-17)
(0.102753 -0.0695424 0)
(0.200126 -0.0569912 0)
(0.304856 -0.0355791 0)
(0.409299 -0.00805806 1.0356e-16)
(0.532613 0.0220539 8.12629e-17)
(0.620673 0.0481597 -4.83416e-17)
(0.832667 0.0726361 0)
(0.995539 0.193712 -5.41124e-18)
(0.876314 0.150544 0)
(0.571931 0.100585 -1.46645e-17)
(0.238054 0.0475309 -3.05625e-17)
(0.00702089 0.0105516 -1.75722e-16)
(-0.0555903 0.00211267 0)
(-0.0641381 0.00224031 -1.37981e-16)
(-0.0596533 0.00343881 0)
(-0.0558776 0.00359282 0)
(-0.0518251 0.00325643 0)
(-0.0483227 0.00313612 1.5977e-16)
(-0.0453284 0.00270592 0)
(-0.0426095 0.00226771 0)
(-0.0401873 0.00175491 -1.73766e-16)
(-0.0379609 0.00115553 0)
(-0.0358045 0.000407 0)
(-0.0336802 -0.000215648 0)
(-0.0316783 -0.00096213 0)
(-0.0295481 -0.00186968 -1.87554e-16)
(-0.0271608 -0.00268729 1.91185e-16)
(-0.0246166 -0.00330111 0)
(-0.0220002 -0.00378136 -2.04708e-16)
(-0.0192671 -0.00418799 0)
(-0.0163274 -0.00447296 0)
(-0.0131576 -0.00453449 1.22368e-16)
(-0.00984808 -0.00432248 2.20969e-21)
(-0.00655733 -0.00387408 0)
(-0.00343831 -0.00328869 0)
(-0.000596514 -0.00267708 -2.00969e-16)
(0.00190962 -0.00211972 0)
(0.00406837 -0.00165275 0)
(0.00590554 -0.00127883 0)
(0.00745877 -0.000982216 -8.97484e-17)
(0.0087637 -0.00074091 0)
(0.00985246 -0.000536154 0)
(0.010754 -0.000355744 0)
(0.0114923 -0.000193824 -3.99719e-17)
(0.0120872 -4.74458e-05 3.92225e-17)
(0.012556 8.45074e-05 1.93269e-17)
(0.0129129 0.000203641 4.75721e-18)
(0.0131694 0.000311291 -4.69899e-18)
(0.0133337 0.000410494 -1.8635e-17)
(0.0134098 0.000502162 -3.70795e-17)
(0.0133977 0.000584137 3.70157e-17)
(0.0132944 0.000651266 0)
(0.0130954 0.000699381 -7.46115e-17)
(0.0127963 0.000728305 0)
(0.0123941 0.00074468 7.63712e-17)
(0.0118907 0.00076376 0)
(0.0112922 0.000807036 0)
(0.0106016 0.00089302 0)
(0.00980001 0.00101974 0)
(0.00881353 0.00114083 1.68765e-16)
(0.00745166 0.00116931 0)
(0.00528608 0.00108151 1.86404e-16)
(0.00162102 0.00106918 0)
(-0.00490643 0.00148853 0)
(-0.0155946 0.00209697 0)
(-0.0282155 0.00166912 0)
(-0.0391703 -0.000809081 0)
(-0.0465023 -0.0044481 0)
(-0.0525354 -0.00473513 -1.33274e-16)
(-0.0666416 0.0071184 -9.05312e-17)
(-0.103157 0.0397639 -1.0127e-16)
(-0.166916 0.0850718 0)
(-0.218869 0.105371 2.31247e-17)
(-0.194574 0.0667295 1.51286e-18)
(-0.110339 0.00320466 -4.83781e-17)
(-0.069996 -0.0295908 0)
(-0.0354543 -0.0540757 -6.3368e-17)
(0.0114649 -0.0700598 0)
(0.0739329 -0.0809141 5.62566e-17)
(0.150909 -0.0861026 5.14549e-17)
(0.23884 -0.0831858 0)
(0.33277 -0.0710686 0)
(0.430766 -0.0500125 -4.27983e-17)
(0.527671 -0.0230896 3.80144e-17)
(0.638089 0.00619335 3.06527e-17)
(0.721224 0.0300142 4.08319e-17)
(0.905108 0.0499125 0)
(0.982496 0.203759 0)
(0.958308 0.177885 -7.06258e-18)
(0.807091 0.1458 1.56342e-19)
(0.547891 0.0992791 3.20735e-17)
(0.266837 0.0508412 -6.62249e-20)
(0.0550453 0.0151848 0)
(-0.0338303 0.000824749 1.68336e-16)
(-0.0499518 0.00163106 1.67658e-16)
(-0.0535773 0.00193177 0)
(-0.0528951 0.00211567 0)
(-0.0510008 0.00227425 1.53954e-16)
(-0.0492962 0.00203917 0)
(-0.0475259 0.00182054 0)
(-0.0460394 0.00144926 -1.59673e-16)
(-0.044753 0.00103649 0)
(-0.0435689 0.000322434 0)
(-0.0424511 -0.000178457 0)
(-0.0416045 -0.000835805 0)
(-0.0406854 -0.00180566 0)
(-0.0394786 -0.00271378 -1.55275e-16)
(-0.0381125 -0.00336798 0)
(-0.0366865 -0.00389577 7.82719e-17)
(-0.0350949 -0.0044266 0)
(-0.033154 -0.0049098 -8.03271e-17)
(-0.030773 -0.00518219 8.2793e-17)
(-0.028016 -0.00512549 8.68588e-17)
(-0.0250495 -0.00474848 9.27131e-17)
(-0.0220539 -0.00416059 0)
(-0.0191699 -0.00349955 1.09389e-16)
(-0.0164851 -0.0028727 5.98347e-17)
(-0.0140386 -0.00233142 0)
(-0.0118377 -0.00188508 0)
(-0.0098755 -0.0015218 7.74508e-17)
(-0.00813961 -0.00122082 0)
(-0.00661666 -0.000963706 -9.0205e-17)
(-0.00529359 -0.000738503 4.83463e-17)
(-0.00415822 -0.000538515 1.03122e-16)
(-0.00320023 -0.000360525 0)
(-0.00241132 -0.00020253 -5.75962e-17)
(-0.00178524 -6.24989e-05 7.47255e-18)
(-0.00131925 6.26588e-05 -7.68688e-18)
(-0.00101217 0.000178096 6.2071e-17)
(-0.000868516 0.000287094 0)
(-0.000902397 0.000388398 -1.21829e-16)
(-0.00114041 0.000478436 -5.94265e-17)
(-0.00161538 0.000555134 1.14679e-16)
(-0.00236238 0.000618625 0)
(-0.00340532 0.00067104 -1.03396e-16)
(-0.00473858 0.000716042 0)
(-0.00632004 0.000759384 0)
(-0.00810171 0.000802173 -8.37687e-17)
(-0.0101098 0.00083236 0)
(-0.0125987 0.000870524 0)
(-0.0163338 0.00111999 0)
(-0.0228461 0.00207334 -1.93345e-16)
(-0.0339693 0.00411212 0)
(-0.0504176 0.00660016 -5.66242e-17)
(-0.0705794 0.00769293 0)
(-0.0905848 0.0056079 0)
(-0.106534 0.000578207 0)
(-0.116581 -0.0039069 -3.71784e-17)
(-0.122246 -0.000903114 6.96991e-17)
(-0.129469 0.0182637 0)
(-0.145307 0.0568312 3.93519e-17)
(-0.164872 0.0978726 0)
(-0.155075 0.101545 0)
(-0.0801081 0.0492523 8.9055e-17)
(0.0113022 0.000869588 -1.43601e-16)
(0.044867 -0.0320482 0)
(0.0828888 -0.0583622 8.47825e-17)
(0.137363 -0.0781822 0)
(0.207128 -0.0927414 -2.1907e-19)
(0.287564 -0.100226 0)
(0.373878 -0.0981825 -3.48215e-17)
(0.461772 -0.0859363 3.46743e-17)
(0.550273 -0.0646057 3.48031e-17)
(0.636522 -0.0378517 -6.25563e-17)
(0.732769 -0.00934962 -2.66114e-17)
(0.807614 0.0123123 0)
(0.964314 0.0287929 0)
(0.971696 0.20536 5.34655e-18)
(0.971935 0.187852 6.97113e-18)
(0.923209 0.173678 9.44832e-18)
(0.781084 0.144605 -4.54977e-20)
(0.560015 0.102726 1.60329e-17)
(0.316578 0.0585892 0)
(0.1189 0.0228756 0)
(-0.0031831 0.00310255 -1.36307e-16)
(-0.0310536 0.000503122 0)
(-0.0438449 0.00159536 1.80508e-16)
(-0.0466563 0.00141203 -3.33017e-16)
(-0.048242 0.00160827 0)
(-0.0481889 0.00144214 0)
(-0.0482349 0.00119297 1.56576e-16)
(-0.0481489 0.001103 0)
(-0.0481389 0.000397867 -7.57127e-17)
(-0.048153 6.939e-05 0)
(-0.0486129 -0.000368045 0)
(-0.049084 -0.00135383 0)
(-0.0492419 -0.00234103 0)
(-0.0492928 -0.0029902 0)
(-0.0493934 -0.0035132 -6.60793e-21)
(-0.0493722 -0.00415772 0)
(-0.048932 -0.00488336 9.34146e-21)
(-0.0478972 -0.00544726 -6.38493e-17)
(-0.0462995 -0.00563991 -6.46785e-17)
(-0.0443064 -0.00542436 -6.65294e-17)
(-0.0421103 -0.004911 0)
(-0.0398651 -0.00426036 -1.0879e-16)
(-0.0376715 -0.00360554 5.13496e-21)
(-0.0355849 -0.00302099 -3.99882e-17)
(-0.0336324 -0.00252925 0)
(-0.0318279 -0.00212217 0)
(-0.0301802 -0.00177996 0)
(-0.0286967 -0.00148432 4.75406e-17)
(-0.0273839 -0.00122304 -2.46616e-17)
(-0.0262487 -0.000989053 -2.55096e-17)
(-0.0252989 -0.000778071 0)
(-0.0245452 -0.000585974 1.35029e-17)
(-0.0240012 -0.000408481 -3.45146e-18)
(-0.0236838 -0.000240862 3.51152e-18)
(-0.0236162 -7.86504e-05 -1.40628e-17)
(-0.0238276 8.30262e-05 0)
(-0.0243578 0.000250513 2.70669e-17)
(-0.0252706 0.000429014 2.62185e-17)
(-0.0266379 0.000617864 -7.5487e-17)
(-0.0285238 0.00080602 0)
(-0.0309613 0.000967507 0)
(-0.0339372 0.0010703 0)
(-0.0374169 0.00110497 3.97558e-17)
(-0.0414262 0.00112583 -2.1361e-21)
(-0.0461789 0.0013086 0)
(-0.0522234 0.00202605 0)
(-0.0605583 0.00383039 0)
(-0.0724948 0.0071365 8.91035e-17)
(-0.0889536 0.0115839 0)
(-0.109338 0.0154851 3.06477e-17)
(-0.130947 0.0161104 0)
(-0.149785 0.0113908 0)
(-0.16236 0.00245818 0)
(-0.166806 -0.00505909 2.75222e-17)
(-0.162934 -0.00229802 0)
(-0.152569 0.0188166 0)
(-0.137901 0.0565499 0)
(-0.113886 0.0884268 0)
(-0.0608625 0.0785546 0)
(0.0466468 0.0215931 -8.4257e-17)
(0.107309 -0.00920229 -6.21059e-19)
(0.150252 -0.0415336 0)
(0.201777 -0.0695623 -2.61308e-17)
(0.267817 -0.0920492 0)
(0.344024 -0.108603 -2.5416e-17)
(0.42455 -0.116641 2.62188e-17)
(0.505025 -0.113989 7.04759e-19)
(0.582843 -0.100698 -2.90084e-17)
(0.658703 -0.0787195 -2.77316e-17)
(0.731835 -0.0521288 5.27661e-17)
(0.813131 -0.0246033 2.15044e-17)
(0.877781 -0.00489239 0)
(1.0095 0.00937724 -6.54982e-18)
(0.968276 0.206736 -5.50206e-18)
(0.964507 0.190018 -7.61112e-18)
(0.958378 0.184646 0)
(0.90784 0.17236 -1.02505e-17)
(0.784609 0.146492 0)
(0.598315 0.109878 0)
(0.388999 0.0700235 -2.23962e-17)
(0.199229 0.035159 3.86539e-17)
(0.0620281 0.0108521 0)
(-0.00982959 0.00103782 -1.84756e-16)
(-0.0248013 0.000667862 3.3054e-16)
(-0.0370232 0.00204773 -9.73614e-17)
(-0.0407052 0.00120378 0)
(-0.0441848 0.00124739 8.52355e-17)
(-0.0459599 0.00147219 0)
(-0.0474854 0.000585762 7.80329e-17)
(-0.048805 0.000468357 0)
(-0.0506374 0.00044834 0)
(-0.0525706 -0.00052016 0)
(-0.0541278 -0.00160433 0)
(-0.0556591 -0.00216714 0)
(-0.057466 -0.00256227 -6.13758e-17)
(-0.0593139 -0.00324628 0)
(-0.0607687 -0.00420946 5.65376e-17)
(-0.061561 -0.00510241 0)
(-0.0616919 -0.00559211 5.39376e-17)
(-0.0613271 -0.00558169 0)
(-0.0606514 -0.00518545 -2.72432e-17)
(-0.0598033 -0.00459223 5.54075e-17)
(-0.0588705 -0.00396192 -2.82477e-17)
(-0.0579055 -0.00338657 2.88193e-17)
(-0.0569433 -0.00289681 2.93903e-17)
(-0.0560144 -0.00248622 0)
(-0.0551493 -0.00213467 0)
(-0.0543788 -0.00182328 0)
(-0.0537329 -0.00153916 -1.57095e-17)
(-0.05324 -0.00127373 7.9579e-18)
(-0.0529295 -0.00101955 0)
(-0.0528351 -0.000769111 0)
(-0.0529979 -0.000516901 0)
(-0.0534655 -0.000260464 0)
(-0.0542757 8.27952e-06 0)
(-0.0554699 0.000307745 0)
(-0.0571342 0.000657169 -7.55149e-18)
(-0.0593625 0.00106671 1.45194e-17)
(-0.0622532 0.00152818 -2.74912e-21)
(-0.0658813 0.00200742 0)
(-0.0702675 0.00244743 0)
(-0.075359 0.00279829 -2.34459e-17)
(-0.0810533 0.00307677 -2.21011e-17)
(-0.0872721 0.0034333 2.08012e-17)
(-0.0940561 0.00420739 0)
(-0.101656 0.00595315 0)
(-0.110586 0.00930515 -1.63396e-17)
(-0.121465 0.0144761 -2.89928e-17)
(-0.13441 0.0204874 0)
(-0.148298 0.0247687 2.32224e-17)
(-0.160705 0.0239133 0)
(-0.168836 0.0158584 -2.21853e-17)
(-0.170836 0.00304682 0)
(-0.165772 -0.00720437 0)
(-0.151797 -0.00659223 0)
(-0.126314 0.0116109 0)
(-0.0872453 0.0421948 -3.33761e-17)
(-0.0311121 0.0620578 3.40038e-17)
(0.0518961 0.0415362 0)
(0.141879 0.00624578 2.42883e-17)
(0.205725 -0.0269544 4.04379e-17)
(0.263953 -0.0589119 -1.04904e-17)
(0.330985 -0.0870412 -9.48556e-18)
(0.405899 -0.110383 0)
(0.482943 -0.126803 0)
(0.557289 -0.133484 -4.27741e-17)
(0.62656 -0.128999 2.33621e-17)
(0.690464 -0.11419 0)
(0.751454 -0.091571 4.8854e-17)
(0.810343 -0.0653387 -2.36627e-17)
(0.876991 -0.0390352 -2.01477e-17)
(0.931052 -0.0209997 0)
(1.04123 -0.00841152 1.21992e-17)
(0.969334 0.209541 7.15207e-18)
(0.958641 0.191562 7.83737e-18)
(0.95776 0.186538 0)
(0.951739 0.183046 0)
(0.908345 0.172229 0)
(0.808164 0.150511 0)
(0.657215 0.119746 1.42053e-17)
(0.479855 0.084879 -1.87962e-17)
(0.304628 0.0517976 -1.3949e-17)
(0.158269 0.0254813 0)
(0.0546117 0.00790423 -4.75103e-17)
(-0.00226152 0.0017109 9.75175e-17)
(-0.0145325 0.000584734 -1.29552e-16)
(-0.0279125 0.00233189 -1.10154e-16)
(-0.0343261 0.00231604 -9.82633e-17)
(-0.0381978 0.000890251 0)
(-0.0418693 0.00118086 0)
(-0.0453919 0.00170452 0)
(-0.048838 0.000649967 0)
(-0.0517328 -0.000596566 0)
(-0.0546143 -0.000938682 6.68173e-17)
(-0.0580583 -0.0010064 0)
(-0.0618081 -0.00160318 2.98044e-17)
(-0.0652804 -0.00276955 0)
(-0.0681155 -0.00399795 0)
(-0.0702955 -0.00478104 0)
(-0.0719945 -0.00495765 -2.4485e-17)
(-0.0733752 -0.00466911 2.41295e-17)
(-0.0745289 -0.0041454 -2.39382e-17)
(-0.0754996 -0.00357092 0)
(-0.0763146 -0.00304555 2.37452e-17)
(-0.0770045 -0.00259768 -2.36677e-17)
(-0.0776103 -0.0022152 0)
(-0.0781809 -0.00187317 0)
(-0.0787682 -0.00155025 0)
(-0.0794212 -0.0012333 1.17244e-17)
(-0.080185 -0.000914347 -5.84522e-18)
(-0.081103 -0.000586401 0)
(-0.0822198 -0.000242776 0)
(-0.0835745 0.000121835 -7.12961e-19)
(-0.0851795 0.000514362 6.98648e-19)
(-0.0870867 0.000951426 0)
(-0.0893567 0.00146015 0)
(-0.0920504 0.00206778 5.09396e-18)
(-0.0952388 0.00278383 -9.80551e-18)
(-0.0989816 0.00358536 9.40406e-18)
(-0.103299 0.00440642 0)
(-0.108132 0.00514604 0)
(-0.113324 0.00571223 1.65104e-17)
(-0.118623 0.00610824 -1.58923e-17)
(-0.123741 0.00652972 0)
(-0.128399 0.00741926 0)
(-0.132356 0.00944159 0)
(-0.135467 0.0132637 1.36908e-17)
(-0.137632 0.0189116 1.30519e-17)
(-0.138443 0.0249051 0)
(-0.136799 0.0280583 -1.21687e-17)
(-0.131246 0.0250091 1.26239e-17)
(-0.120775 0.0145671 2.90398e-17)
(-0.106304 0.000327478 0)
(-0.0909482 -0.0119068 0)
(-0.0730911 -0.018553 0)
(-0.0457857 -0.0128696 0)
(-0.00155779 0.00581381 6.75185e-17)
(0.0668847 0.0176219 -4.17541e-17)
(0.158477 0.00396687 0)
(0.247762 -0.0224061 -1.32877e-17)
(0.324878 -0.0524293 -8.85898e-18)
(0.398173 -0.0818053 7.47128e-18)
(0.473235 -0.108753 1.45673e-17)
(0.547528 -0.13082 7.6001e-18)
(0.61667 -0.144947 0)
(0.678108 -0.148822 2.74144e-17)
(0.731857 -0.141889 9.79467e-18)
(0.779695 -0.125574 0)
(0.825338 -0.102637 -2.22974e-17)
(0.870495 -0.0771338 0)
(0.924006 -0.052345 -8.49917e-18)
(0.968397 -0.0358275 1.10159e-17)
(1.0612 -0.0246643 -5.77145e-18)
(0.971383 0.212451 -7.34934e-18)
(0.958981 0.194273 4.35857e-18)
(0.951674 0.186527 4.87154e-18)
(0.954313 0.184189 -5.09995e-18)
(0.951023 0.181237 5.17652e-18)
(0.918922 0.172543 0)
(0.844266 0.155545 -5.77263e-18)
(0.728656 0.130889 0)
(0.584822 0.101821 -5.05048e-20)
(0.431763 0.0721745 0)
(0.287577 0.0455284 0)
(0.166677 0.0246774 0)
(0.0787749 0.00999003 4.04753e-17)
(0.0197982 0.00331157 0)
(-0.00255207 0.0020893 1.26794e-16)
(-0.0112595 0.00116884 1.40422e-16)
(-0.0222925 0.00280441 6.00175e-17)
(-0.0295285 0.00360757 0)
(-0.0345939 0.00197507 -4.71936e-17)
(-0.0389269 0.000626329 0)
(-0.0433191 0.0007225 -8.14067e-17)
(-0.0482229 0.00115574 -3.74785e-17)
(-0.0535658 0.00072429 -3.44952e-17)
(-0.0587613 -0.000635445 3.16602e-17)
(-0.0634467 -0.00216736 0)
(-0.0675935 -0.00315702 -2.68048e-17)
(-0.0713747 -0.00342827 5.09274e-17)
(-0.0749051 -0.00319276 0)
(-0.0781965 -0.00273055 0)
(-0.0812204 -0.0022372 0)
(-0.0839658 -0.00180219 -1.12787e-17)
(-0.0864517 -0.00143729 0)
(-0.0887236 -0.0011167 0)
(-0.0908412 -0.000808536 -1.06319e-17)
(-0.0928643 -0.00049141 0)
(-0.0948436 -0.000156777 0)
(-0.0968153 0.000197979 0)
(-0.0987982 0.00057763 0)
(-0.100814 0.000990871 0)
(-0.102886 0.00144466 1.18615e-18)
(-0.105048 0.00194821 -1.15546e-18)
(-0.107301 0.00251897 0)
(-0.109644 0.00318719 0)
(-0.112078 0.0039844 0)
(-0.114608 0.0049168 0)
(-0.117222 0.00594109 0)
(-0.119871 0.00695159 7.83871e-18)
(-0.122445 0.00778992 0)
(-0.124734 0.00830042 0)
(-0.126427 0.00844513 7.45919e-18)
(-0.127117 0.0084349 0)
(-0.126281 0.00876019 0)
(-0.123237 0.010094 0)
(-0.117266 0.0130564 -1.57149e-17)
(-0.107814 0.0175453 -1.61057e-17)
(-0.0944159 0.0219366 -1.69673e-17)
(-0.0763483 0.0232188 2.16029e-20)
(-0.0535973 0.0195984 -2.48386e-17)
(-0.0264563 0.0114634 4.39711e-17)
(0.0046763 0.00135734 -5.69898e-17)
(0.033422 -0.00980841 0)
(0.0627507 -0.0187587 0)
(0.0992481 -0.0225717 0)
(0.150511 -0.0216191 0)
(0.219515 -0.0203217 0)
(0.304782 -0.0298023 0)
(0.392349 -0.0518344 -8.90447e-18)
(0.473087 -0.0794043 0)
(0.547821 -0.106805 0)
(0.617826 -0.131276 1.67177e-19)
(0.680982 -0.150049 -6.44792e-18)
(0.734872 -0.160461 0)
(0.779139 -0.160977 -1.61809e-17)
(0.815708 -0.151696 -9.13919e-18)
(0.847711 -0.134343 0)
(0.879443 -0.111656 9.6144e-18)
(0.912845 -0.0873591 0)
(0.955676 -0.0643833 5.40627e-19)
(0.992203 -0.0493283 -1.09167e-17)
(1.07198 -0.0394735 -2.45568e-18)
(0.972814 0.214632 0)
(0.962627 0.197522 -9.12707e-18)
(0.951189 0.187736 -1.01234e-17)
(0.948304 0.183243 5.26347e-18)
(0.952941 0.181292 -5.27525e-18)
(0.953177 0.178801 0)
(0.933894 0.172415 5.32548e-18)
(0.884663 0.160008 0)
(0.803212 0.14158 6.0084e-18)
(0.695149 0.118745 0)
(0.571037 0.093963 -4.08338e-18)
(0.442903 0.0695545 5.10889e-18)
(0.322169 0.0476955 -6.75636e-18)
(0.216524 0.029961 -9.46705e-18)
(0.132716 0.0167188 -1.41035e-17)
(0.0713067 0.00772132 -4.47913e-17)
(0.029101 0.00379474 -3.64096e-17)
(0.00766747 0.00362891 0)
(-0.000147754 0.00292466 -1.1709e-20)
(-0.00851627 0.00212876 7.59009e-17)
(-0.0173583 0.00306157 0)
(-0.0246181 0.00406897 1.06425e-16)
(-0.0311249 0.0035786 -4.71106e-17)
(-0.0372047 0.00191571 -2.15629e-17)
(-0.0430429 0.000247708 0)
(-0.0488567 -0.000727675 1.78192e-17)
(-0.0545184 -0.000983757 -1.63884e-17)
(-0.0599104 -0.000784831 0)
(-0.0649509 -0.0004239 1.43086e-17)
(-0.0695491 -7.86293e-05 0)
(-0.0736792 0.000193356 -2.57388e-17)
(-0.0773669 0.000407734 0)
(-0.0806704 0.000606913 0)
(-0.0836574 0.000826965 1.15018e-17)
(-0.086387 0.00108401 5.58713e-18)
(-0.0888991 0.00137717 0)
(-0.0912137 0.0017006 0)
(-0.0933458 0.00205698 0)
(-0.0952988 0.00245575 0)
(-0.0970655 0.0028999 -9.19871e-19)
(-0.0986181 0.0033857 9.0107e-19)
(-0.0999022 0.00392059 0)
(-0.10085 0.00453335 0)
(-0.101392 0.00525459 0)
(-0.101457 0.00608108 0)
(-0.100971 0.00694742 -4.52706e-18)
(-0.0998534 0.00771452 -9.0584e-18)
(-0.0980084 0.00818247 0)
(-0.0952877 0.00815374 0)
(-0.0914607 0.00755849 1.94758e-17)
(-0.0862155 0.00658115 0)
(-0.0790673 0.00561417 0)
(-0.0691071 0.00515179 1.26393e-17)
(-0.055194 0.00573567 2.94153e-17)
(-0.0364802 0.0073891 0)
(-0.012829 0.00898757 2.61002e-17)
(0.0162326 0.00843642 -4.49321e-17)
(0.0515948 0.00384331 -2.73927e-17)
(0.0902974 -0.00387267 -1.9455e-17)
(0.129824 -0.0135604 1.35737e-17)
(0.171884 -0.025172 1.04494e-17)
(0.217398 -0.0354162 0)
(0.268523 -0.0415267 -7.74341e-18)
(0.328455 -0.04419 0)
(0.398825 -0.047789 5.64407e-18)
(0.477412 -0.0596688 -4.35071e-18)
(0.556373 -0.0810773 9.69015e-18)
(0.628789 -0.106398 2.78486e-18)
(0.692746 -0.130557 0)
(0.748015 -0.150916 -7.99597e-18)
(0.79357 -0.165271 0)
(0.828897 -0.171645 0)
(0.85534 -0.169098 3.88033e-18)
(0.876001 -0.158113 0)
(0.89459 -0.140476 0)
(0.91534 -0.118714 -5.24998e-19)
(0.93992 -0.0961106 -8.53372e-18)
(0.974993 -0.0752031 7.7993e-18)
(1.00583 -0.0616278 0)
(1.07654 -0.0530132 4.79105e-18)
(0.973494 0.216084 0)
(0.966341 0.200512 4.77828e-18)
(0.955362 0.190159 5.24117e-18)
(0.94753 0.183717 0)
(0.946948 0.179822 2.79141e-18)
(0.951909 0.177609 0)
(0.955412 0.175373 0)
(0.947864 0.170894 0)
(0.921027 0.162529 0)
(0.870878 0.149775 0)
(0.798324 0.133188 3.01846e-18)
(0.708056 0.113981 -3.34297e-18)
(0.606894 0.0938088 1.89686e-18)
(0.502256 0.0740417 4.53075e-18)
(0.400723 0.0558071 5.54293e-18)
(0.307827 0.0401476 3.51475e-18)
(0.226813 0.0275545 0)
(0.160039 0.0179726 0)
(0.108383 0.0110525 1.67665e-17)
(0.0694583 0.00657738 -2.34387e-17)
(0.0414961 0.00456207 0)
(0.0240715 0.00446186 -4.28837e-17)
(0.0142334 0.00475131 8.19416e-17)
(0.00736279 0.00433473 -7.06559e-17)
(0.000401119 0.00336597 0)
(-0.00785744 0.00260657 3.96413e-17)
(-0.0160453 0.00235065 -3.23811e-17)
(-0.0233474 0.00238196 0)
(-0.0296647 0.00244217 -2.39568e-17)
(-0.0350908 0.00242625 0)
(-0.0397281 0.00235226 1.98136e-17)
(-0.0436873 0.00227822 -9.2657e-18)
(-0.0470731 0.00225303 0)
(-0.0499698 0.00229774 0)
(-0.0524332 0.00240715 -8.04247e-18)
(-0.0544894 0.00256287 0)
(-0.0561366 0.00274655 0)
(-0.0573603 0.00295026 1.84946e-18)
(-0.0581485 0.00317442 -9.10139e-19)
(-0.0584715 0.00341061 4.50657e-19)
(-0.0582595 0.00364315 -4.49521e-19)
(-0.0574066 0.00387133 9.04615e-19)
(-0.0557898 0.00412241 -1.83892e-18)
(-0.0532718 0.00443378 0)
(-0.0496934 0.00481201 0)
(-0.0448875 0.0052088 1.26044e-17)
(-0.0387082 0.00551436 0)
(-0.0310482 0.00556288 0)
(-0.0218122 0.00517384 1.29576e-17)
(-0.0108475 0.0042202 -3.50094e-17)
(0.00212039 0.00267199 0)
(0.0174218 0.000608668 -1.37216e-17)
(0.0354004 -0.0017311 -2.89156e-17)
(0.0569549 -0.00397938 0)
(0.0832182 -0.00600497 1.07298e-17)
(0.115534 -0.00852094 1.65688e-17)
(0.153853 -0.0121125 0)
(0.197555 -0.0179179 1.48409e-17)
(0.245241 -0.0265251 0)
(0.295299 -0.0372402 0)
(0.347269 -0.0489358 -5.63818e-18)
(0.400888 -0.0594839 0)
(0.456725 -0.0672336 4.81622e-18)
(0.516279 -0.0727833 0)
(0.580379 -0.0792478 -3.93481e-18)
(0.647196 -0.0910593 4.90212e-18)
(0.711478 -0.109143 -2.64802e-18)
(0.767913 -0.129944 -3.5797e-18)
(0.8143 -0.149436 0)
(0.85056 -0.1651 2.47681e-18)
(0.877005 -0.175092 -2.798e-18)
(0.894647 -0.177966 0)
(0.905871 -0.173202 9.39671e-20)
(0.914201 -0.161454 -3.87448e-18)
(0.923241 -0.144387 -4.15532e-18)
(0.936691 -0.124197 -1.32498e-17)
(0.955661 -0.10369 8.59007e-18)
(0.985807 -0.0850176 0)
(1.01302 -0.0729585 0)
(1.07781 -0.0655082 -3.44459e-18)
(0.973784 0.217058 0)
(0.968874 0.20288 0)
(0.960387 0.192781 0)
(0.951937 0.185617 -7.24181e-19)
(0.946661 0.180063 -2.87644e-18)
(0.9463 0.175986 0)
(0.95051 0.173198 7.11667e-19)
(0.95589 0.170799 0)
(0.956707 0.167489 0)
(0.947002 0.162079 6.82306e-19)
(0.922557 0.153856 0)
(0.881793 0.142737 -7.07844e-19)
(0.82564 0.129208 2.20333e-18)
(0.757034 0.114038 7.95447e-19)
(0.679854 0.0981135 -8.69955e-19)
(0.598381 0.0823738 -9.51518e-19)
(0.516647 0.0675195 0)
(0.438002 0.053939 0)
(0.365112 0.0420399 0)
(0.299659 0.0321086 0)
(0.242478 0.0241271 0)
(0.194093 0.0179071 0)
(0.154492 0.0132196 -6.3138e-18)
(0.122824 0.00982511 5.73495e-18)
(0.0977338 0.00746669 -2.30901e-18)
(0.0778563 0.00591648 0)
(0.0622911 0.00499526 0)
(0.0503591 0.00451085 0)
(0.0413352 0.00426631 -4.34874e-18)
(0.0344628 0.00410243 0)
(0.0291041 0.00393464 0)
(0.0248234 0.00374932 1.1981e-17)
(0.0213799 0.00356845 0)
(0.0186754 0.00341505 0)
(0.0167002 0.00329357 3.70144e-18)
(0.0154757 0.00319215 0)
(0.0150534 0.00308754 0)
(0.0154786 0.00297907 -3.90199e-18)
(0.0166952 0.00289318 9.50714e-19)
(0.0187059 0.00280748 0)
(0.0216297 0.00265857 0)
(0.025614 0.00241919 -7.87891e-19)
(0.0307147 0.00209236 2.83957e-18)
(0.0370706 0.00168588 0)
(0.0449858 0.00119115 0)
(0.0547651 0.000573899 -3.749e-18)
(0.0666936 -0.000236673 0)
(0.0810203 -0.00135424 0)
(0.0979311 -0.00291408 -4.73008e-18)
(0.117586 -0.00501782 0)
(0.14015 -0.00774566 0)
(0.165803 -0.0111428 2.92808e-18)
(0.194669 -0.0150646 2.52824e-18)
(0.226971 -0.0192584 0)
(0.263064 -0.0236377 -4.83417e-18)
(0.303299 -0.028551 -3.38666e-18)
(0.34756 -0.0345733 -7.41032e-19)
(0.395207 -0.0423809 -2.57145e-18)
(0.445089 -0.0521951 0)
(0.495832 -0.0633388 0)
(0.546372 -0.0747561 0)
(0.596044 -0.0850152 0)
(0.644982 -0.093017 8.76331e-19)
(0.694066 -0.0991993 -8.39284e-19)
(0.743795 -0.105801 -7.80252e-19)
(0.792812 -0.115822 -1.37266e-18)
(0.837523 -0.130177 6.28733e-19)
(0.874188 -0.146546 1.7048e-18)
(0.901261 -0.161627 -5.92338e-19)
(0.919212 -0.17311 6.28523e-19)
(0.929298 -0.179537 2.72714e-18)
(0.933379 -0.17994 0)
(0.934151 -0.174067 3.51213e-18)
(0.934904 -0.162557 3.90975e-18)
(0.938667 -0.146824 4.20932e-18)
(0.948386 -0.128691 5.34305e-18)
(0.964565 -0.110522 -9.71938e-19)
(0.992046 -0.0941317 0)
(1.01722 -0.0835971 5.45467e-19)
(1.07822 -0.0772029 1.12005e-18)
(0.973962 0.217751 0)
(0.970397 0.204642 0)
(0.96422 0.194943 0)
(0.957471 0.187801 1.49746e-18)
(0.951478 0.181721 0)
(0.947304 0.176349 0)
(0.946288 0.171875 -1.48134e-18)
(0.949 0.168313 0)
(0.954221 0.16533 0)
(0.959056 0.162295 -1.38876e-18)
(0.959841 0.158457 0)
(0.953205 0.153181 1.349e-18)
(0.936821 0.146127 -1.34918e-18)
(0.909768 0.137284 -1.36615e-18)
(0.872426 0.126899 1.40166e-18)
(0.826167 0.115415 -1.45748e-18)
(0.773054 0.103353 0)
(0.715408 0.0911494 0)
(0.655484 0.0792168 0)
(0.59535 0.067969 0)
(0.536785 0.0576663 0)
(0.481208 0.0483898 0)
(0.429653 0.0401654 0)
(0.382753 0.0330231 1.41706e-18)
(0.340788 0.0269694 1.57442e-18)
(0.303798 0.0219445 0)
(0.271672 0.0178316 0)
(0.244184 0.0144907 0)
(0.221017 0.0117873 2.33373e-18)
(0.201794 0.00960308 0)
(0.186117 0.00783646 0)
(0.173602 0.00640025 0)
(0.163905 0.00521859 0)
(0.156734 0.00422453 0)
(0.15185 0.0033579 -1.65841e-18)
(0.149056 0.00256712 0)
(0.148211 0.0018026 0)
(0.149181 0.00104861 0)
(0.151855 0.00030917 4.23852e-19)
(0.15632 -0.000457526 0)
(0.1626 -0.00131506 0)
(0.170742 -0.00231697 -3.7618e-19)
(0.180844 -0.00350048 0)
(0.193042 -0.00489959 0)
(0.207469 -0.0065526 0)
(0.224262 -0.00850519 0)
(0.243549 -0.0108178 0)
(0.265423 -0.0135689 0)
(0.289926 -0.0168436 0)
(0.317023 -0.020703 0)
(0.346614 -0.0251611 0)
(0.378558 -0.0301742 0)
(0.412677 -0.0356033 0)
(0.448826 -0.0412772 0)
(0.486926 -0.0471514 1.08713e-18)
(0.526887 -0.0534481 0)
(0.568393 -0.0605501 9.35008e-19)
(0.610786 -0.0688184 0)
(0.653067 -0.0782896 0)
(0.694097 -0.0884447 0)
(0.732962 -0.0984239 0)
(0.769227 -0.107197 0)
(0.803156 -0.114069 -1.44763e-18)
(0.835539 -0.119457 1.42661e-18)
(0.866865 -0.125048 1.36973e-18)
(0.896304 -0.132952 0)
(0.921529 -0.143886 -1.19155e-18)
(0.940109 -0.156256 -1.15118e-18)
(0.951176 -0.167503 1.17735e-18)
(0.95555 -0.175709 -1.26124e-18)
(0.954859 -0.179738 0)
(0.951134 -0.178892 0)
(0.946809 -0.172994 0)
(0.944556 -0.162538 0)
(0.94667 -0.148648 0)
(0.95538 -0.132813 -2.04257e-18)
(0.970729 -0.117034 1.93114e-18)
(0.996987 -0.102849 0)
(1.0211 -0.0937963 -1.08282e-18)
(1.07948 -0.0883192 0)
(0.974124 0.218267 0)
(0.971415 0.205969 0)
(0.966777 0.196573 0)
(0.961805 0.189581 -7.75528e-19)
(0.957111 0.183567 -3.16215e-18)
(0.952702 0.177903 0)
(0.94912 0.17257 7.66319e-19)
(0.947385 0.167685 0)
(0.948259 0.163344 0)
(0.95169 0.15953 7.23369e-19)
(0.956677 0.156031 0)
(0.961471 0.152482 -6.89366e-19)
(0.964011 0.148478 2.05524e-18)
(0.962397 0.143682 6.64507e-19)
(0.955226 0.137887 -6.58297e-19)
(0.941751 0.131058 -6.89072e-19)
(0.921903 0.123307 0)
(0.89617 0.114802 0)
(0.865398 0.105771 0)
(0.830671 0.0965116 -1.44273e-18)
(0.793213 0.0872954 0)
(0.754242 0.0782986 0)
(0.714847 0.0696405 -1.6189e-18)
(0.675952 0.0614369 1.27823e-18)
(0.638333 0.0538039 -4.38439e-19)
(0.602629 0.0468188 0)
(0.56934 0.0404993 0)
(0.538811 0.0348169 0)
(0.511249 0.0297206 -5.37279e-19)
(0.486759 0.0251528 0)
(0.465366 0.0210557 0)
(0.447045 0.0173719 1.23148e-18)
(0.431737 0.0140441 0)
(0.419362 0.0110142 0)
(0.409829 0.00822352 3.34438e-19)
(0.403039 0.00561361 0)
(0.398915 0.00312985 0)
(0.397328 0.000715566 -3.51851e-19)
(0.398407 -0.0016835 8.80263e-20)
(0.402141 -0.00411927 0)
(0.408476 -0.00663728 0)
(0.417341 -0.00928029 -8.21479e-20)
(0.428658 -0.0120885 3.15978e-19)
(0.442348 -0.0150993 0)
(0.458329 -0.0183481 0)
(0.476513 -0.0218727 0)
(0.496794 -0.0257162 0)
(0.519044 -0.0299274 0)
(0.54309 -0.0345506 -9.84517e-19)
(0.568711 -0.0396045 0)
(0.595642 -0.0450657 0)
(0.623592 -0.0508652 8.63971e-19)
(0.652267 -0.056885 8.31492e-19)
(0.681417 -0.0630024 0)
(0.710855 -0.0691878 -1.93223e-18)
(0.740397 -0.0755822 -1.49678e-18)
(0.769731 -0.0824384 -3.53842e-19)
(0.79833 -0.0899733 -1.39168e-18)
(0.825467 -0.098171 0)
(0.850389 -0.106635 1.32103e-18)
(0.87259 -0.114701 0)
(0.89202 -0.121652 0)
(0.90917 -0.127101 6.54991e-19)
(0.924858 -0.13145 -6.57973e-19)
(0.939614 -0.135954 -6.46119e-19)
(0.953003 -0.142091 -1.27407e-18)
(0.963552 -0.150401 5.93644e-19)
(0.969697 -0.159815 1.80782e-18)
(0.970962 -0.168429 -6.03858e-19)
(0.968168 -0.174672 6.48252e-19)
(0.962814 -0.177574 2.87282e-18)
(0.956647 -0.176545 0)
(0.951573 -0.171391 3.42774e-18)
(0.949592 -0.162447 3.69424e-18)
(0.952369 -0.150593 3.87628e-18)
(0.961612 -0.137051 4.91844e-18)
(0.977118 -0.123551 -9.59488e-19)
(1.0028 -0.111404 0)
(1.02625 -0.103741 5.3731e-19)
(1.08242 -0.0990266 9.88276e-19)
(0.974277 0.218649 0)
(0.972236 0.206998 6.45491e-18)
(0.96863 0.197846 6.55396e-18)
(0.964817 0.190919 0)
(0.961401 0.185005 3.24938e-18)
(0.958166 0.179435 0)
(0.954948 0.174024 0)
(0.952013 0.168717 0)
(0.949919 0.163544 0)
(0.949261 0.158609 3.08919e-18)
(0.950413 0.153998 3.02849e-18)
(0.95334 0.149707 -2.96453e-18)
(0.957545 0.145634 1.48053e-18)
(0.962167 0.141604 2.83722e-18)
(0.966163 0.137409 2.77993e-18)
(0.968507 0.132877 1.33192e-18)
(0.968358 0.127883 0)
(0.965146 0.122353 0)
(0.958589 0.116284 2.64391e-18)
(0.948684 0.109761 -1.35479e-18)
(0.935688 0.102896 0)
(0.920038 0.0957815 -2.65699e-18)
(0.902252 0.088506 3.98401e-18)
(0.882882 0.0811796 -2.67596e-18)
(0.862496 0.0739282 0)
(0.841666 0.0668602 1.40009e-18)
(0.820927 0.0600455 -1.42627e-18)
(0.800754 0.0535188 0)
(0.78154 0.0472925 -1.48276e-18)
(0.763608 0.0413674 0)
(0.747215 0.035737 1.54071e-18)
(0.732564 0.0303892 -7.68032e-19)
(0.71981 0.0253049 0)
(0.709066 0.0204582 0)
(0.70041 0.0158171 -8.21586e-19)
(0.693889 0.0113434 0)
(0.689517 0.00699838 0)
(0.687312 0.00272792 2.0764e-19)
(0.687212 -0.0015313 -1.03184e-19)
(0.689144 -0.0058159 5.20044e-20)
(0.693047 -0.0101462 -5.13327e-20)
(0.698837 -0.0145419 9.91975e-20)
(0.706414 -0.0190232 -1.9521e-19)
(0.71566 -0.023609 0)
(0.726445 -0.0283184 0)
(0.738622 -0.0331722 7.54831e-19)
(0.752027 -0.0381951 0)
(0.766476 -0.0434128 0)
(0.781756 -0.0488442 6.95567e-19)
(0.797629 -0.0544872 -1.39753e-18)
(0.81384 -0.0603085 0)
(0.830138 -0.0662426 -6.60019e-19)
(0.846298 -0.0721998 -1.98742e-18)
(0.862149 -0.0781003 0)
(0.877578 -0.0839362 1.27645e-18)
(0.892479 -0.0898146 2.55455e-18)
(0.906665 -0.0959171 0)
(0.919815 -0.102387 3.75414e-18)
(0.931506 -0.109195 0)
(0.941349 -0.116051 -1.21444e-18)
(0.949183 -0.122484 -2.52407e-18)
(0.955209 -0.128034 0)
(0.960003 -0.132509 2.60551e-18)
(0.964302 -0.136264 0)
(0.96857 -0.140209 -2.6376e-18)
(0.972554 -0.145376 3.88038e-18)
(0.975271 -0.152159 -2.577e-18)
(0.975634 -0.15984 -3.8215e-18)
(0.973286 -0.167002 0)
(0.968814 -0.172339 2.78297e-18)
(0.963361 -0.174981 -2.95494e-18)
(0.958256 -0.174382 0)
(0.95491 -0.170319 -6.18634e-20)
(0.954804 -0.162997 -7.47632e-18)
(0.959178 -0.153109 -3.96667e-18)
(0.969427 -0.141686 -1.1636e-17)
(0.985277 -0.130244 7.15606e-18)
(1.01041 -0.119921 0)
(1.0332 -0.113521 0)
(1.08706 -0.109421 -2.94296e-18)
(0.974416 0.218916 0)
(0.972961 0.207793 -1.35958e-17)
(0.970181 0.198894 -1.37179e-17)
(0.967116 0.191999 6.94875e-18)
(0.964435 0.186075 -6.91473e-18)
(0.962133 0.180548 0)
(0.959968 0.175229 0)
(0.957797 0.169985 0)
(0.955648 0.164718 6.54307e-18)
(0.953724 0.159426 -3.15883e-18)
(0.952348 0.154172 -3.10161e-18)
(0.951862 0.149031 3.04329e-18)
(0.952508 0.144055 -9.07732e-18)
(0.954347 0.139259 -8.90025e-18)
(0.957236 0.134608 -2.86378e-18)
(0.960853 0.130039 0)
(0.964762 0.125467 0)
(0.968488 0.120796 0)
(0.971574 0.115947 -5.37166e-18)
(0.973644 0.11088 2.60823e-18)
(0.974445 0.105578 0)
(0.973848 0.100027 2.54387e-18)
(0.971823 0.094227 -2.52046e-18)
(0.968424 0.088212 3.8351e-18)
(0.963785 0.0820433 0)
(0.958114 0.0757871 -1.24424e-18)
(0.951664 0.0694964 -1.32587e-18)
(0.944701 0.0632088 2.57422e-18)
(0.937483 0.0569521 1.24949e-18)
(0.930255 0.0507493 0)
(0.923238 0.0446196 -1.25976e-18)
(0.916634 0.0385779 0)
(0.910617 0.0326332 0)
(0.905336 0.026788 1.32249e-18)
(0.900912 0.0210378 -2.07725e-20)
(0.897438 0.0153731 0)
(0.894965 0.00977851 6.7281e-19)
(0.893555 0.00423685 0)
(0.893107 -0.0012687 0)
(0.893579 -0.00674886 4.29359e-20)
(0.894938 -0.012214 -4.25773e-20)
(0.89713 -0.0176739 0)
(0.900091 -0.0231368 0)
(0.903746 -0.0286095 -6.45394e-19)
(0.908011 -0.0340996 0)
(0.912792 -0.0396166 1.93263e-20)
(0.917985 -0.0451729 -1.26379e-18)
(0.923471 -0.0507809 0)
(0.929121 -0.0564472 -1.24942e-18)
(0.934795 -0.0621636 1.20591e-18)
(0.940356 -0.0679012 0)
(0.945682 -0.0736116 1.23942e-18)
(0.950685 -0.0792379 -1.27652e-18)
(0.955326 -0.0847394 2.48495e-18)
(0.959602 -0.0901293 0)
(0.963511 -0.0954964 -1.21323e-18)
(0.966993 -0.100974 0)
(0.969896 -0.106662 -2.42957e-18)
(0.972012 -0.112536 0)
(0.973172 -0.118401 0)
(0.973377 -0.123943 2.50196e-18)
(0.972883 -0.128871 0)
(0.972177 -0.133095 -2.61793e-18)
(0.971809 -0.136894 0)
(0.972097 -0.140905 2.67437e-18)
(0.972838 -0.14584 -2.65667e-18)
(0.973316 -0.151978 8.06529e-18)
(0.972716 -0.158825 8.10727e-18)
(0.970691 -0.165316 0)
(0.967586 -0.170367 -8.69327e-18)
(0.964205 -0.173186 0)
(0.961534 -0.173251 -6.5695e-18)
(0.96063 -0.170314 3.44259e-18)
(0.962631 -0.164492 3.77282e-18)
(0.968512 -0.156348 0)
(0.979489 -0.146772 2.72491e-19)
(0.995324 -0.137122 -7.28993e-18)
(1.01956 -0.128395 5.94761e-18)
(1.04139 -0.123111 0)
(1.09259 -0.119502 3.87767e-18)
(0.974549 0.21908 -1.48151e-17)
(0.973628 0.208378 7.1719e-18)
(0.97158 0.199762 7.19047e-18)
(0.969111 0.192933 -7.1874e-18)
(0.966861 0.186962 7.1368e-18)
(0.965026 0.181382 0)
(0.963508 0.176058 0)
(0.962152 0.170873 -6.93509e-18)
(0.960837 0.1657 1.18618e-19)
(0.959498 0.160472 0)
(0.958147 0.155178 0)
(0.956884 0.149835 0)
(0.955869 0.144477 6.21922e-18)
(0.955283 0.13914 6.10881e-18)
(0.955281 0.133857 6.13597e-18)
(0.955956 0.128645 0)
(0.957324 0.123505 0)
(0.959324 0.118419 0)
(0.961823 0.113355 2.79703e-18)
(0.964649 0.108284 -5.6505e-18)
(0.967619 0.103176 5.56613e-18)
(0.970556 0.0979933 0)
(0.973298 0.0927018 0)
(0.975707 0.0872848 8.04291e-20)
(0.977684 0.0817472 0)
(0.979183 0.0761036 0)
(0.980204 0.070368 5.12366e-18)
(0.980775 0.064551 -2.50237e-18)
(0.980946 0.058663 2.5737e-18)
(0.980778 0.0527164 0)
(0.980341 0.0467261 0)
(0.979711 0.0407077 0)
(0.978962 0.0346762 0)
(0.97817 0.0286446 -1.23086e-18)
(0.977398 0.0226223 6.16115e-19)
(0.976701 0.0166173 0)
(0.976122 0.0106335 -6.19177e-19)
(0.975673 0.00468434 0)
(0.975366 -0.00121416 3.19216e-19)
(0.97521 -0.00706393 -1.55734e-19)
(0.9752 -0.0128742 1.54773e-19)
(0.975324 -0.0186507 -3.13251e-19)
(0.975564 -0.0243946 0)
(0.975898 -0.0301062 6.00487e-19)
(0.976303 -0.035787 0)
(0.976753 -0.041441 -5.97944e-19)
(0.977217 -0.0470746 1.19481e-18)
(0.977657 -0.0526945 0)
(0.978034 -0.0583038 1.19589e-18)
(0.978302 -0.063896 0)
(0.978423 -0.0694524 0)
(0.978375 -0.0749434 -1.20916e-18)
(0.978161 -0.0803383 2.43451e-18)
(0.977813 -0.0856219 -2.45313e-18)
(0.977384 -0.0908161 0)
(0.976915 -0.09599 0)
(0.976401 -0.101239 -2.57848e-18)
(0.975773 -0.10663 -2.59605e-18)
(0.97492 -0.112148 -5.23503e-18)
(0.973758 -0.11766 -5.29319e-18)
(0.972319 -0.122958 0)
(0.970801 -0.127851 5.4639e-18)
(0.969545 -0.132293 0)
(0.968916 -0.136487 0)
(0.9691 -0.140873 0)
(0.969932 -0.145941 5.70584e-18)
(0.970885 -0.151888 -5.55815e-18)
(0.971345 -0.158365 1.60779e-19)
(0.971 -0.164564 0)
(0.970033 -0.169584 1.2054e-17)
(0.969 -0.172699 6.36337e-18)
(0.968635 -0.173406 6.72239e-18)
(0.969739 -0.171444 -7.14625e-18)
(0.973209 -0.166875 7.36257e-18)
(0.979852 -0.16017 0)
(0.990793 -0.152131 7.67857e-18)
(1.00589 -0.143989 0)
(1.02863 -0.136646 -2.01975e-19)
(1.04906 -0.132319 -7.80597e-18)
(1.09718 -0.129132 -1.95179e-18)
(0.974691 0.219144 1.54862e-17)
(0.974278 0.208775 1.57678e-17)
(0.972887 0.200475 0)
(0.970938 0.193754 1.54258e-17)
(0.969028 0.187751 0)
(0.967471 0.1821 0)
(0.966257 0.176712 -1.47744e-17)
(0.965289 0.171488 2.16258e-17)
(0.96449 0.16632 -6.98727e-18)
(0.963791 0.161141 0)
(0.96312 0.155922 6.84384e-18)
(0.962429 0.150649 0)
(0.961704 0.145314 0)
(0.960973 0.139924 0)
(0.960299 0.13449 -6.23923e-18)
(0.959757 0.12903 -6.27768e-18)
(0.959427 0.12356 0)
(0.959375 0.118092 0)
(0.959645 0.11263 0)
(0.96025 0.107177 1.16972e-17)
(0.96118 0.101732 -5.69343e-18)
(0.962404 0.0962838 0)
(0.963869 0.0908142 -5.70303e-18)
(0.965503 0.0853109 -2.7393e-18)
(0.967231 0.0797703 0)
(0.968987 0.0741925 0)
(0.970718 0.0685764 -5.39547e-18)
(0.972379 0.0629185 -2.71788e-18)
(0.973933 0.0572157 -5.31393e-18)
(0.97535 0.0514678 -2.68335e-18)
(0.976607 0.0456782 0)
(0.977691 0.039853 0)
(0.978597 0.0340007 2.65261e-18)
(0.979325 0.0281304 0)
(0.979881 0.0222513 0)
(0.980271 0.0163724 -1.32355e-18)
(0.980508 0.0105043 -6.62676e-19)
(0.980588 0.00466002 0)
(0.980574 -0.00115305 -6.45469e-19)
(0.980482 -0.00693756 7.88051e-20)
(0.98032 -0.0126973 -7.83791e-20)
(0.980091 -0.0184319 6.34902e-19)
(0.9798 -0.024138 0)
(0.97945 -0.0298131 6.41572e-19)
(0.979046 -0.0354564 1.28108e-18)
(0.978591 -0.0410696 1.28018e-18)
(0.978086 -0.0466563 0)
(0.97753 -0.0522204 -2.56374e-18)
(0.976919 -0.0577636 0)
(0.976246 -0.0632815 0)
(0.975512 -0.0687623 2.58793e-18)
(0.974725 -0.0741881 2.60178e-18)
(0.97391 -0.0795425 2.61835e-18)
(0.973108 -0.084821 -2.637e-18)
(0.972367 -0.0900438 0)
(0.971726 -0.0952609 -5.35356e-18)
(0.971187 -0.100537 2.6234e-18)
(0.97071 -0.105918 2.64318e-18)
(0.970225 -0.11139 -1.49724e-19)
(0.969684 -0.116864 5.39498e-18)
(0.969113 -0.122198 -5.61531e-18)
(0.968649 -0.127265 -5.56913e-18)
(0.968523 -0.132039 0)
(0.968976 -0.136665 5.8624e-18)
(0.970123 -0.141452 0)
(0.97184 -0.146737 1.3719e-19)
(0.973752 -0.152657 5.97063e-18)
(0.975401 -0.158955 1.53318e-19)
(0.976515 -0.165004 0)
(0.977162 -0.170042 -6.20083e-18)
(0.977701 -0.173399 -6.49284e-18)
(0.97865 -0.174589 0)
(0.980614 -0.173346 0)
(0.984326 -0.169704 -7.516e-18)
(0.990514 -0.16409 0)
(1.0003 -0.157257 1.48027e-17)
(1.01372 -0.150351 1.37703e-17)
(1.03428 -0.144217 5.68763e-18)
(1.05285 -0.140708 1.58678e-17)
(1.09774 -0.13798 -3.78209e-18)
(0.974859 0.219103 0)
(0.974972 0.209007 -3.33469e-17)
(0.974169 0.201063 1.65345e-17)
(0.972654 0.194479 -1.60098e-17)
(0.971038 0.188455 1.60704e-17)
(0.969722 0.182749 0)
(0.968722 0.177302 1.52345e-17)
(0.967945 0.172018 -1.49226e-17)
(0.96735 0.166798 0)
(0.966917 0.16159 0)
(0.966607 0.156372 -7.0058e-18)
(0.966371 0.151128 0)
(0.966165 0.145845 -1.37358e-17)
(0.965955 0.140514 0)
(0.965724 0.135131 0)
(0.96547 0.129698 -1.45441e-19)
(0.965202 0.124217 0)
(0.964942 0.118693 0)
(0.964717 0.113132 6.23428e-18)
(0.964553 0.107541 1.53782e-19)
(0.964475 0.101926 0)
(0.964504 0.0962895 0)
(0.964649 0.0906293 5.78077e-18)
(0.964908 0.0849459 0)
(0.965271 0.0792434 0)
(0.965723 0.0735269 0)
(0.966253 0.067799 2.78175e-18)
(0.966842 0.0620591 2.76082e-18)
(0.967471 0.0563054 2.74218e-18)
(0.968118 0.0505367 2.72588e-18)
(0.968758 0.0447536 0)
(0.969372 0.0389582 0)
(0.969942 0.0331541 -2.69189e-18)
(0.970455 0.0273456 0)
(0.970899 0.021537 0)
(0.97127 0.0157333 1.34038e-18)
(0.97156 0.00994101 6.7005e-19)
(0.971785 0.0041663 0)
(0.971957 -0.00158867 3.30649e-19)
(0.972079 -0.00732066 0)
(0.972154 -0.0130261 0)
(0.972189 -0.0187018 -3.25658e-19)
(0.972185 -0.0243459 -6.70228e-19)
(0.972147 -0.0299576 -6.47915e-19)
(0.97208 -0.0355382 -1.29425e-18)
(0.971987 -0.0410904 -2.62834e-18)
(0.971872 -0.0466183 0)
(0.971738 -0.0521257 -8.01014e-20)
(0.971583 -0.0576149 2.6784e-18)
(0.97141 -0.0630836 0)
(0.97122 -0.0685252 -2.61933e-18)
(0.971027 -0.0739295 -5.34464e-18)
(0.970851 -0.0792881 -2.65095e-18)
(0.970725 -0.0846016 -2.81975e-18)
(0.970685 -0.0898875 0)
(0.970761 -0.0951819 5.4211e-18)
(0.970958 -0.10053 0)
(0.971256 -0.105962 0)
(0.971614 -0.111469 -1.50381e-19)
(0.972005 -0.116989 0)
(0.972451 -0.122424 5.68787e-18)
(0.973044 -0.127687 0)
(0.973932 -0.13276 0)
(0.975263 -0.137746 -5.93516e-18)
(0.977096 -0.142858 0)
(0.979319 -0.148327 -6.02384e-18)
(0.981639 -0.15424 -6.05469e-18)
(0.983688 -0.160389 6.41301e-18)
(0.985202 -0.166265 0)
(0.986147 -0.171207 0)
(0.986718 -0.174598 0)
(0.98728 -0.17597 0)
(0.98833 -0.175076 0)
(0.990556 -0.171968 1.49289e-17)
(0.994732 -0.167069 0)
(1.0021 -0.161139 -1.52642e-17)
(1.01293 -0.155253 -1.42334e-17)
(1.03084 -0.150257 -1.21304e-17)
(1.04733 -0.147505 -1.61529e-17)
(1.08962 -0.145455 6.65222e-20)
(0.975074 0.218936 1.85639e-17)
(0.975776 0.209096 3.57507e-17)
(0.975508 0.201561 -1.72436e-17)
(0.974333 0.195133 0)
(0.972955 0.189099 -1.66662e-17)
(0.97186 0.183347 0)
(0.97106 0.177845 1.62691e-17)
(0.970445 0.172494 -1.59139e-17)
(0.969982 0.167204 0)
(0.969669 0.161931 0)
(0.96949 0.156658 1.49188e-17)
(0.969416 0.151374 -1.46128e-17)
(0.969418 0.146067 1.4036e-17)
(0.969474 0.140731 0)
(0.969564 0.13536 0)
(0.969669 0.129953 -6.92846e-18)
(0.969777 0.124506 0)
(0.969877 0.119019 0)
(0.969967 0.113491 -1.27818e-17)
(0.970045 0.107925 -6.2228e-18)
(0.970115 0.102324 -6.2981e-18)
(0.970184 0.0966882 -6.22264e-18)
(0.970257 0.0910198 0)
(0.970338 0.085321 0)
(0.970429 0.0795976 -6.03239e-18)
(0.970535 0.0738566 -5.98044e-18)
(0.970661 0.0681034 0)
(0.970809 0.0623413 0)
(0.970981 0.0565724 0)
(0.971174 0.0507985 -2.91115e-18)
(0.971382 0.0450215 0)
(0.971601 0.0392442 2.88563e-18)
(0.971826 0.0334712 0)
(0.972053 0.0277063 0)
(0.972279 0.0219512 2.86449e-18)
(0.9725 0.0162076 1.431e-18)
(0.972719 0.0104723 1.42482e-18)
(0.972931 0.00474158 0)
(0.97313 -0.000983085 0)
(0.973317 -0.00669604 0)
(0.97349 -0.0123926 0)
(0.973652 -0.0180703 0)
(0.973803 -0.0237277 6.70326e-19)
(0.973946 -0.0293643 -1.37932e-18)
(0.974084 -0.0349802 -1.37775e-18)
(0.97422 -0.0405767 1.33688e-18)
(0.97436 -0.046156 0)
(0.974507 -0.0517202 2.68018e-18)
(0.974664 -0.0572706 -5.4531e-18)
(0.974837 -0.0628055 0)
(0.975033 -0.0683211 2.78607e-18)
(0.975265 -0.0738115 8.32224e-18)
(0.975551 -0.0792733 0)
(0.975918 -0.0847097 -1.51379e-19)
(0.97639 -0.0901357 0)
(0.976986 -0.0955779 0)
(0.977707 -0.101068 5.79379e-18)
(0.978534 -0.106626 0)
(0.97943 -0.112243 -1.51884e-19)
(0.980364 -0.117872 5.95258e-18)
(0.981328 -0.123439 0)
(0.982355 -0.128877 0)
(0.983504 -0.134166 0)
(0.98483 -0.139372 0)
(0.986319 -0.144635 0)
(0.98784 -0.15011 0)
(0.989131 -0.155838 0)
(0.98987 -0.161638 -1.2754e-17)
(0.989797 -0.16708 1.32734e-17)
(0.988829 -0.171587 0)
(0.987094 -0.174602 0)
(0.984931 -0.17571 0)
(0.982879 -0.174724 0)
(0.981746 -0.171755 -1.55587e-17)
(0.982479 -0.167274 0)
(0.986546 -0.162072 1.53894e-17)
(0.994414 -0.157162 0)
(1.00997 -0.153424 0)
(1.02483 -0.151545 6.47877e-20)
(1.06652 -0.150676 4.11213e-18)
(0.975372 0.218606 -3.96761e-17)
(0.976768 0.209083 -1.89769e-17)
(0.976995 0.201995 1.86645e-17)
(0.976075 0.195709 0)
(0.974879 0.189686 -1.79114e-17)
(0.973967 0.183939 0)
(0.973337 0.178434 -1.68198e-17)
(0.972864 0.173063 1.64183e-17)
(0.972517 0.167744 0)
(0.972305 0.16244 0)
(0.972216 0.157134 2.89006e-19)
(0.972223 0.151814 3.02333e-17)
(0.972306 0.146468 0)
(0.972448 0.141092 0)
(0.97264 0.135681 0)
(0.972871 0.130234 1.38096e-17)
(0.97313 0.124748 0)
(0.973409 0.119223 0)
(0.973702 0.113658 2.0008e-17)
(0.974002 0.108054 -1.32526e-17)
(0.974304 0.102412 6.37374e-18)
(0.974606 0.096733 6.28976e-18)
(0.974903 0.0910171 -6.37948e-18)
(0.975192 0.0852663 0)
(0.975472 0.0794849 6.07687e-18)
(0.975742 0.0736782 6.01831e-18)
(0.976004 0.0678509 6.13828e-18)
(0.976261 0.0620068 6.09181e-18)
(0.976515 0.0561499 0)
(0.976765 0.0502835 2.91881e-18)
(0.97701 0.044408 0)
(0.977252 0.0385251 8.87755e-20)
(0.97749 0.0326405 0)
(0.977723 0.0267619 2.95676e-18)
(0.977947 0.0208947 -2.85908e-18)
(0.97817 0.0150452 -1.42304e-18)
(0.978389 0.00921951 -1.41276e-18)
(0.978608 0.00342046 0)
(0.978827 -0.00234936 -7.19656e-19)
(0.979049 -0.00808744 0)
(0.979279 -0.0137929 0)
(0.979522 -0.0194666 7.10974e-19)
(0.979782 -0.0251102 0)
(0.980066 -0.0307258 1.37426e-18)
(0.980379 -0.0363164 1.37346e-18)
(0.980726 -0.0418858 -2.83035e-18)
(0.981112 -0.0474386 -2.83264e-18)
(0.981537 -0.0529789 0)
(0.982003 -0.0585098 -8.12431e-20)
(0.982507 -0.0640323 0)
(0.983047 -0.0695448 -2.78521e-18)
(0.983621 -0.0750446 -1.13598e-17)
(0.984226 -0.0805298 0)
(0.984861 -0.0860027 1.15061e-17)
(0.98552 -0.0914727 0)
(0.986188 -0.096956 0)
(0.986835 -0.10247 -5.81421e-18)
(0.987415 -0.108021 6.02478e-18)
(0.987866 -0.113594 5.92932e-18)
(0.988127 -0.119144 -5.9994e-18)
(0.988146 -0.124605 -1.24631e-17)
(0.987896 -0.129914 0)
(0.987369 -0.135046 0)
(0.986552 -0.140035 -1.30159e-17)
(0.985392 -0.144972 0)
(0.983757 -0.149957 0)
(0.981429 -0.155004 0)
(0.978154 -0.159952 0)
(0.973737 -0.164441 -1.38489e-17)
(0.96815 -0.167986 0)
(0.961602 -0.170123 0)
(0.954561 -0.170529 0)
(0.947764 -0.169118 -1.59503e-17)
(0.942255 -0.1661 0)
(0.939223 -0.162006 0)
(0.940366 -0.157657 -3.31589e-17)
(0.946243 -0.153981 0)
(0.961109 -0.151924 1.33465e-17)
(0.975864 -0.151342 9.08537e-18)
(1.02101 -0.152506 0)
(0.97581 0.21803 -2.25305e-17)
(0.978037 0.209057 0)
(0.978694 0.202508 2.01615e-17)
(0.977975 0.196255 0)
(0.976967 0.190118 -3.2465e-19)
(0.976252 0.184282 0)
(0.975793 0.178695 0)
(0.975457 0.173236 0)
(0.975224 0.16784 -1.71188e-17)
(0.975111 0.16248 0)
(0.975106 0.15714 -1.60157e-17)
(0.975184 0.151804 -3.15958e-17)
(0.975325 0.146459 0)
(0.975515 0.141098 -1.52825e-17)
(0.975746 0.135716 0)
(0.97601 0.130308 0)
(0.976299 0.124872 0)
(0.976609 0.119405 0)
(0.976934 0.113906 3.21221e-19)
(0.977272 0.108377 1.34423e-17)
(0.977619 0.102816 1.35736e-17)
(0.97797 0.0972238 -1.33957e-17)
(0.978322 0.091602 -6.78157e-18)
(0.978671 0.0859515 0)
(0.979014 0.0802757 6.47173e-18)
(0.979347 0.0745783 6.40897e-18)
(0.97967 0.0688634 -1.25342e-17)
(0.979983 0.0631332 -1.24302e-17)
(0.980285 0.0573933 0)
(0.980572 0.0516504 6.21204e-18)
(0.980841 0.0459056 0)
(0.981091 0.0401591 -2.98569e-18)
(0.981329 0.0344091 -3.05697e-18)
(0.981596 0.0286502 -5.99123e-18)
(0.981901 0.0228847 0)
(0.982242 0.0171121 0)
(0.982619 0.0113348 0)
(0.98303 0.00555495 0)
(0.983472 -0.000225275 7.15325e-19)
(0.98394 -0.00600349 0)
(0.984426 -0.0117772 0)
(0.984922 -0.0175443 -7.07735e-19)
(0.985416 -0.0233028 0)
(0.985896 -0.0290509 0)
(0.986347 -0.0347871 0)
(0.986749 -0.0405099 -8.17531e-20)
(0.987082 -0.0462178 5.73904e-18)
(0.987321 -0.0519084 2.91714e-18)
(0.987441 -0.057578 2.84639e-18)
(0.987411 -0.0632206 0)
(0.987202 -0.0688283 -5.9113e-18)
(0.986781 -0.0743917 5.79155e-18)
(0.986118 -0.0799023 0)
(0.985182 -0.0853546 -5.89073e-18)
(0.983939 -0.090748 0)
(0.982351 -0.0960868 0)
(0.980371 -0.101375 0)
(0.977943 -0.106609 -6.16881e-18)
(0.975003 -0.111767 0)
(0.971489 -0.116806 1.30252e-17)
(0.967352 -0.121666 1.29476e-17)
(0.962567 -0.126293 0)
(0.957127 -0.130663 -1.37622e-17)
(0.951035 -0.134796 -2.79697e-19)
(0.944265 -0.138763 0)
(0.93674 -0.142635 -1.46688e-17)
(0.928325 -0.146421 -1.50035e-17)
(0.918875 -0.149994 1.53697e-17)
(0.908318 -0.153075 1.57852e-17)
(0.896774 -0.155293 1.62667e-17)
(0.884629 -0.156308 0)
(0.872576 -0.155929 0)
(0.861602 -0.154189 3.61215e-17)
(0.853003 -0.151397 -1.86099e-17)
(0.848146 -0.14812 0)
(0.848887 -0.145175 1.88063e-17)
(0.855639 -0.143363 3.51755e-17)
(0.873226 -0.143727 -1.48982e-17)
(0.890627 -0.145257 0)
(0.945246 -0.149635 0)
(0.976509 0.217069 -1.4711e-18)
(0.979815 0.208849 0)
(0.980671 0.20322 -8.39071e-17)
(0.979879 0.197309 0)
(0.978864 0.191284 1.97658e-17)
(0.978166 0.185512 0)
(0.977682 0.179937 -3.79591e-17)
(0.977288 0.17443 3.69304e-17)
(0.976983 0.168941 1.7677e-17)
(0.976791 0.163457 -1.75328e-17)
(0.976703 0.157968 0)
(0.976692 0.152463 1.63838e-17)
(0.976737 0.146935 1.6326e-17)
(0.976825 0.14138 1.56523e-17)
(0.976945 0.135796 0)
(0.977086 0.130179 -1.53497e-17)
(0.977239 0.124528 1.50699e-17)
(0.977396 0.118843 0)
(0.977552 0.113124 3.41401e-19)
(0.977701 0.107373 -1.43488e-17)
(0.977835 0.101589 -2.79401e-17)
(0.97795 0.0957753 -3.50342e-19)
(0.978038 0.0899323 1.34279e-17)
(0.978095 0.0840625 0)
(0.978112 0.0781691 1.78812e-19)
(0.978086 0.0722564 -6.49165e-18)
(0.978008 0.0663275 1.30419e-17)
(0.977881 0.0603861 1.29325e-17)
(0.977687 0.0544281 6.50731e-18)
(0.977517 0.0484618 -1.27256e-17)
(0.977376 0.0424948 0)
(0.977252 0.0365358 -6.36273e-18)
(0.97713 0.0305889 3.06899e-18)
(0.976948 0.0246611 3.04559e-18)
(0.976677 0.0187593 0)
(0.976293 0.0128909 -3.09774e-18)
(0.975769 0.00706261 -1.54114e-18)
(0.975081 0.00127943 0)
(0.974202 -0.00445377 0)
(0.973105 -0.0101318 0)
(0.971766 -0.0157491 0)
(0.970158 -0.0213007 0)
(0.968256 -0.0267821 0)
(0.966037 -0.0321891 1.52892e-18)
(0.963476 -0.0375176 3.06753e-18)
(0.960551 -0.0427641 2.99801e-18)
(0.95724 -0.0479246 -3.01604e-18)
(0.953521 -0.0529951 -3.03805e-18)
(0.949374 -0.0579702 6.28893e-18)
(0.944779 -0.0628435 0)
(0.939719 -0.0676071 1.26769e-17)
(0.934179 -0.0722529 0)
(0.928147 -0.0767735 0)
(0.921614 -0.0811647 0)
(0.914571 -0.0854261 0)
(0.907006 -0.0895608 0)
(0.898903 -0.093572 0)
(0.89024 -0.0974563 0)
(0.880993 -0.101198 1.46836e-17)
(0.871144 -0.104766 -2.9768e-17)
(0.860695 -0.10812 0)
(0.849674 -0.111226 0)
(0.838132 -0.114071 1.59864e-17)
(0.826123 -0.116682 1.64642e-17)
(0.813679 -0.119116 0)
(0.800784 -0.121434 -2.56721e-19)
(0.787373 -0.123647 1.80479e-17)
(0.773388 -0.125673 -1.86463e-17)
(0.758869 -0.127323 -1.93078e-17)
(0.74407 -0.128357 -2.00481e-17)
(0.729545 -0.128578 0)
(0.716175 -0.127929 -2.18309e-17)
(0.705125 -0.126549 -2.25866e-17)
(0.697844 -0.124805 2.328e-17)
(0.695737 -0.123246 0)
(0.700744 -0.122625 4.60694e-17)
(0.712825 -0.123571 -4.21015e-17)
(0.737924 -0.127223 0)
(0.760999 -0.131912 0)
(0.832789 -0.140828 0)
(0.977834 0.216325 5.09444e-17)
(0.982076 0.207741 4.73679e-17)
(0.980481 0.201635 8.91796e-17)
(0.975691 0.19501 4.38774e-17)
(0.970276 0.188215 0)
(0.964997 0.181724 0)
(0.959824 0.175535 4.00055e-17)
(0.954748 0.169539 6.15169e-19)
(0.94987 0.163689 -3.87296e-17)
(0.945273 0.157964 5.64993e-17)
(0.940969 0.152341 0)
(0.936947 0.146799 1.81373e-17)
(0.93318 0.14132 -1.7485e-17)
(0.929637 0.135888 -1.74414e-17)
(0.926285 0.130493 -1.71303e-17)
(0.923089 0.125121 1.6551e-17)
(0.920016 0.119764 -1.6284e-17)
(0.917041 0.114415 0)
(0.914132 0.109069 -1.58047e-17)
(0.91126 0.103725 -2.94836e-19)
(0.908395 0.0983789 -2.95694e-19)
(0.905509 0.0930312 1.52207e-17)
(0.902574 0.0876811 1.53568e-17)
(0.899563 0.0823295 -1.52123e-17)
(0.896452 0.0769788 -7.39257e-18)
(0.893216 0.0716321 -1.49697e-17)
(0.889834 0.0662929 -7.28618e-18)
(0.886281 0.0609644 -7.24416e-18)
(0.882546 0.0556467 -1.45669e-17)
(0.878502 0.0503233 7.17073e-18)
(0.874114 0.0450005 0)
(0.869367 0.0396913 7.11976e-18)
(0.864252 0.0344097 0)
(0.858765 0.0291685 0)
(0.852904 0.0239783 0)
(0.84667 0.018849 3.55939e-18)
(0.840063 0.0137898 1.78492e-18)
(0.833087 0.00880959 0)
(0.825749 0.00391687 0)
(0.818055 -0.000879782 4.62065e-19)
(0.810017 -0.00557234 -4.65521e-19)
(0.801646 -0.0101536 0)
(0.792954 -0.0146174 0)
(0.783957 -0.0189586 -1.88598e-18)
(0.77467 -0.0231729 -3.82102e-18)
(0.765105 -0.0272569 0)
(0.75528 -0.0312077 0)
(0.745207 -0.0350231 0)
(0.734902 -0.0387008 -8.15196e-18)
(0.72438 -0.0422381 0)
(0.713657 -0.0456326 -8.48555e-18)
(0.702751 -0.0488819 0)
(0.691682 -0.0519853 0)
(0.68047 -0.0549444 0)
(0.669133 -0.0577637 0)
(0.657683 -0.0604502 0)
(0.646125 -0.0630105 -1.99317e-17)
(0.634455 -0.0654476 -2.05107e-17)
(0.622671 -0.0677568 -4.20576e-17)
(0.61078 -0.0699247 2.15942e-17)
(0.598812 -0.0719342 -2.25029e-17)
(0.586825 -0.0737735 0)
(0.574898 -0.0754478 2.40663e-17)
(0.56311 -0.0769861 0)
(0.551506 -0.0784361 0)
(0.540076 -0.0798436 2.65451e-17)
(0.52876 -0.0812215 -2.76841e-17)
(0.517507 -0.0825239 2.86756e-17)
(0.506376 -0.0836475 0)
(0.495655 -0.084472 6.16e-17)
(0.485945 -0.0849317 0)
(0.478188 -0.0850812 3.29039e-17)
(0.473579 -0.0851314 0)
(0.473625 -0.0854843 0)
(0.479668 -0.0866609 -6.77767e-17)
(0.493943 -0.0893829 4.00227e-19)
(0.51544 -0.094036 5.66499e-17)
(0.552448 -0.101997 4.61624e-17)
(0.582435 -0.110751 3.04142e-17)
(0.676448 -0.127176 -1.43566e-17)
(0.930088 0.209692 0)
(0.866725 0.189961 -5.25859e-17)
(0.81137 0.174606 -5.30248e-17)
(0.761994 0.160841 -1.0997e-16)
(0.719299 0.148322 0)
(0.682635 0.13711 0)
(0.650733 0.127071 5.85511e-17)
(0.62268 0.118018 -5.88669e-17)
(0.597939 0.109802 1.19543e-16)
(0.576079 0.102309 -6.01126e-17)
(0.556673 0.0954331 -6.09926e-17)
(0.539316 0.0890792 -3.04668e-17)
(0.523687 0.0831713 0)
(0.509531 0.0776498 -2.01038e-19)
(0.496628 0.072463 -1.98085e-19)
(0.484784 0.0675649 0)
(0.473828 0.0629147 -3.12614e-17)
(0.463605 0.0584767 0)
(0.453986 0.0542242 3.14431e-17)
(0.444862 0.0501363 3.13549e-17)
(0.436135 0.0461961 6.31203e-17)
(0.427724 0.0423898 0)
(0.419555 0.0387066 -3.17414e-17)
(0.411569 0.0351385 3.191e-17)
(0.403713 0.03168 0)
(0.395944 0.0283276 3.23267e-17)
(0.388227 0.0250797 0)
(0.380533 0.0219336 0)
(0.372847 0.0188951 1.65966e-17)
(0.365171 0.0159792 1.68607e-17)
(0.357503 0.0131935 0)
(0.349839 0.0105402 -1.72773e-17)
(0.342176 0.00801936 1.75162e-17)
(0.334518 0.00563052 0)
(0.326877 0.00337142 0)
(0.319264 0.00123976 0)
(0.311694 -0.000766059 0)
(0.304184 -0.00264767 0)
(0.296753 -0.00440709 0)
(0.289421 -0.006047 -1.23539e-18)
(0.282209 -0.00757094 1.26221e-18)
(0.275139 -0.00898349 0)
(0.268234 -0.0102903 0)
(0.261513 -0.0114977 0)
(0.254996 -0.0126129 0)
(0.248701 -0.0136433 0)
(0.242641 -0.014597 0)
(0.236831 -0.0154818 -2.39106e-17)
(0.231281 -0.0163054 2.45192e-17)
(0.225999 -0.017075 0)
(0.220996 -0.017798 -2.5789e-17)
(0.21628 -0.0184813 0)
(0.211859 -0.0191328 0)
(0.20774 -0.019761 0)
(0.203926 -0.0203751 0)
(0.200411 -0.0209841 0)
(0.197179 -0.0215949 1.19299e-16)
(0.194204 -0.0222109 6.0981e-17)
(0.191461 -0.0228309 -7.29973e-20)
(0.18893 -0.0234498 6.37859e-17)
(0.186614 -0.0240633 1.30219e-16)
(0.18454 -0.0246725 0)
(0.182756 -0.0252889 -1.35505e-16)
(0.181303 -0.0259335 0)
(0.180186 -0.0266295 -7.01596e-17)
(0.179347 -0.0273891 7.11922e-17)
(0.178668 -0.0281992 7.20392e-17)
(0.178034 -0.0290182 7.30973e-17)
(0.177428 -0.0297918 0)
(0.17707 -0.0304884 -1.4885e-16)
(0.177485 -0.0311413 -1.49936e-16)
(0.179545 -0.0318736 -1.49712e-16)
(0.184364 -0.0329045 0)
(0.19327 -0.0345317 -1.40867e-16)
(0.207087 -0.0370552 1.29834e-16)
(0.227934 -0.0408362 -1.15293e-16)
(0.253576 -0.0459888 -9.69289e-17)
(0.294079 -0.0533292 8.78541e-19)
(0.321833 -0.0608551 -9.57186e-17)
(0.413384 -0.0752575 4.36239e-17)
)
;

boundaryField
{
    inlet
    {
        type            fixedValue;
        value           uniform (0.97437 0.22495 0);
    }
    outlet
    {
        type            zeroGradient;
    }
    fixedWalls
    {
        type            noSlip;
    }
    frontAndBack
    {
        type            empty;
    }
}


// ************************************************************************* //
