/*--------------------------------*- C++ -*----------------------------------*\
| =========                 |                                                 |
| \\      /  F ield         | OpenFOAM: The Open Source CFD Toolbox           |
|  \\    /   O peration     | Version:  v1912                                 |
|   \\  /    A nd           | Website:  www.openfoam.com                      |
|    \\/     M anipulation  |                                                 |
\*---------------------------------------------------------------------------*/
FoamFile
{
    version     2.0;
    format      ascii;
    class       surfaceScalarField;
    location    "75";
    object      phi;
}
// * * * * * * * * * * * * * * * * * * * * * * * * * * * * * * * * * * * * * //

dimensions      [0 3 -1 0 0 0 0];
oriented        oriented;


internalField   nonuniform List<scalar> 
3895
(
0.000814733
0.000381443
0.000499323
0.00031541
0.0002515
0.000247823
6.47701e-05
0.00018673
-6.2374e-05
0.000127144
-0.00012769
6.53158e-05
-0.000138049
1.03597e-05
-0.00011359
-2.4459e-05
-8.84554e-05
-2.51351e-05
-8.19177e-05
-6.53767e-06
-6.27824e-05
-1.91353e-05
-3.98001e-05
-2.29823e-05
-3.12758e-05
-8.52431e-06
-3.29879e-05
1.71204e-06
-2.03576e-05
-1.26303e-05
6.27721e-06
-2.66348e-05
3.41575e-05
-2.78802e-05
6.46068e-05
-3.04493e-05
0.000101539
-3.69324e-05
0.000141071
-3.95315e-05
0.000175262
-3.41916e-05
0.000197324
-2.20613e-05
0.000204618
-7.29404e-06
0.000195211
9.40627e-06
0.000175563
1.96483e-05
0.000153225
2.23376e-05
0.000134574
1.86512e-05
0.000125105
9.46899e-06
0.000131094
-5.98875e-06
0.000151103
-2.00094e-05
0.000181201
-3.00975e-05
0.000216107
-3.49058e-05
0.000249355
-3.32484e-05
0.000275524
-2.61686e-05
0.000291824
-1.63006e-05
0.000298557
-6.73281e-06
0.000291843
6.71454e-06
0.000270762
2.10808e-05
0.000221711
4.90505e-05
0.000120806
0.000100905
-5.63534e-05
0.00017716
-0.000320013
0.00026366
-0.000652493
0.000332479
-0.00101185
0.000359353
-0.0013469
0.000335051
-0.00161142
0.000264524
-0.00177671
0.00016529
-0.00183679
6.00827e-05
-0.00181711
-1.96856e-05
-0.00175038
-6.67288e-05
-0.00164632
-0.000104062
-0.00151538
-0.000130942
-0.001365
-0.000150373
-0.00120052
-0.000164487
-0.00102621
-0.000174306
-0.000845992
-0.000180217
-0.0006636
-0.000182392
-0.000483655
-0.000179945
-0.000309193
-0.000174461
-0.000142523
-0.00016667
1.47276e-05
-0.000157251
0.00016175
-0.000147022
0.00029811
-0.00013636
0.000423427
-0.000125316
0.000537571
-0.000114144
0.000640715
-0.000103144
0.000733196
-9.24809e-05
0.000815218
-8.20225e-05
0.000886609
-7.13902e-05
0.000946828
-6.02191e-05
0.000995232
-4.8404e-05
0.00103147
-3.62428e-05
0.00105579
-2.43203e-05
0.00106887
-1.30719e-05
0.00107167
-2.79966e-06
0.00106508
6.58231e-06
0.00105289
1.21973e-05
0.00103909
1.37996e-05
0.00102646
1.26318e-05
1.50557e-06
0.00108794
0.000349308
0.00104736
0.00035599
0.000933215
0.000361972
0.000775622
0.000344323
0.000598278
0.000304488
0.00041033
0.000253264
0.000221274
0.000199416
5.36479e-05
0.000143167
-6.16181e-05
9.0131e-05
-0.000111512
4.33562e-05
-0.00013343
2.78281e-06
-0.000127664
-2.8748e-05
-0.00011492
-2.12689e-05
-0.000118596
5.38826e-06
-0.000122548
-8.67784e-06
-0.000125375
-2.38078e-05
-0.000123284
-2.99717e-05
-0.000121435
-3.22987e-05
-0.000112611
-4.57556e-05
-9.46349e-05
-5.75079e-05
-7.29019e-05
-5.59246e-05
-5.63534e-05
-3.86098e-05
-5.2312e-05
-1.13354e-05
-5.78356e-05
1.49299e-05
-7.35723e-05
3.5385e-05
-9.51489e-05
4.39142e-05
-0.000115255
3.87572e-05
-0.000127325
2.15387e-05
-0.000127202
-6.11143e-06
-0.000113058
-3.41531e-05
-8.36876e-05
-5.94682e-05
-4.21605e-05
-7.64329e-05
4.11924e-06
-7.95281e-05
4.51663e-05
-6.72157e-05
7.24315e-05
-4.35657e-05
8.16449e-05
-1.59463e-05
6.91235e-05
1.9236e-05
2.80536e-05
6.21508e-05
-5.40335e-05
0.000131138
-0.000187004
0.000233876
-0.000368946
0.000359102
-0.000581301
0.000476015
-0.000792596
0.000543774
-0.000966546
0.000533303
-0.00107137
0.000439871
-0.00109026
0.000283419
-0.00102875
0.000103778
-0.000939806
-2.88615e-05
-0.000845477
-0.000114014
-0.000745735
-0.000166472
-0.000643362
-0.000206434
-0.000535613
-0.000238691
-0.00042018
-0.000265806
-0.00029669
-0.000287977
-0.000166727
-0.000304269
-3.33426e-05
-0.000313601
9.92804e-05
-0.000315015
0.000228831
-0.000309496
0.000352135
-0.000297766
0.000467273
-0.000281808
0.000573455
-0.000263433
0.000670275
-0.000243843
0.000757562
-0.000223647
0.000835575
-0.000203329
0.000904934
-0.000183504
0.000966515
-0.000164724
0.00102113
-0.000147098
0.00106914
-0.000130031
0.00111017
-0.000112423
0.00114332
-9.33681e-05
0.00116768
-7.27669e-05
0.00118283
-5.13865e-05
0.001189
-3.04924e-05
0.00118703
-1.11029e-05
0.0011797
4.52883e-06
0.00116894
1.73472e-05
0.00115462
2.65197e-05
0.00113688
3.15355e-05
0.00111532
3.41927e-05
3.07691e-05
0.000975285
0.000305938
0.00102604
0.000305231
0.00106096
0.000327054
0.00105858
0.0003467
0.00101211
0.000350963
0.000924937
0.000340437
0.000805539
0.000318813
0.000661381
0.000287325
0.000503818
0.000247694
0.000343863
0.000203312
0.00018835
0.000158296
4.62532e-05
0.000113349
-5.04757e-05
7.546e-05
-9.23393e-05
4.72518e-05
-0.000118828
1.78108e-05
-0.000139222
-3.41332e-06
-0.000153086
-1.61078e-05
-0.000175522
-9.86325e-06
-0.000199131
-2.21461e-05
-0.000214043
-4.25965e-05
-0.000218786
-5.11815e-05
-0.000223561
-3.38345e-05
-0.0002339
-9.96115e-07
-0.000253466
3.44955e-05
-0.000283911
6.58296e-05
-0.000320991
8.09951e-05
-0.000356707
7.44725e-05
-0.0003811
4.59319e-05
-0.000391289
4.07792e-06
-0.000384819
-4.06236e-05
-0.000361853
-8.2434e-05
-0.000326214
-0.000112072
-0.000279402
-0.00012634
-0.000224211
-0.000122407
-0.000169564
-9.82119e-05
-0.000130503
-5.50082e-05
-0.000111128
-1.38887e-07
-0.000116923
6.79458e-05
-0.000145199
0.000159414
-0.000186593
0.00027527
-0.00022831
0.000400818
-0.000257447
0.000505152
-0.000262657
0.000548985
-0.000238776
0.000509422
-0.00018683
0.000387926
-0.000116771
0.00021336
-5.90621e-05
4.60692e-05
-6.59751e-06
-8.13261e-05
3.78992e-05
-0.000158511
8.75701e-05
-0.000216142
0.000143572
-0.000262437
0.000208802
-0.00030392
0.000284246
-0.00034125
0.000368151
-0.000371881
0.000456833
-0.000392952
0.000545975
-0.000402743
0.000632006
-0.000401046
0.000711641
-0.00038913
0.000783232
-0.000369357
0.000846089
-0.000344665
0.000900345
-0.000317689
0.000946586
-0.000290084
0.000985729
-0.00026279
0.0010191
-0.000236704
0.00104843
-0.000212831
0.00107548
-0.00019177
0.00110145
-0.00017307
0.00112634
-0.000154923
0.00114869
-0.000134776
0.00116621
-0.000110886
0.00117684
-8.33932e-05
0.00117952
-5.40709e-05
0.00117443
-2.53996e-05
0.00116294
3.87644e-07
0.0011458
2.16652e-05
0.00112512
3.8029e-05
0.00110207
4.9568e-05
0.00107734
5.62721e-05
0.00105165
5.98821e-05
5.8371e-05
0.000857111
0.000271385
0.000897362
0.00026498
0.000950178
0.000274238
0.00100472
0.000292156
0.00104638
0.00030931
0.00106525
0.000321565
0.00105644
0.000327625
0.00101748
0.000326286
0.000948628
0.000316541
0.000853525
0.000298415
0.000738383
0.000273438
0.000608016
0.000243716
0.000472157
0.000211319
0.000342352
0.000177057
0.000217856
0.000142307
0.000103295
0.000111148
9.74148e-06
7.74454e-05
-4.56622e-05
4.55405e-05
-8.09486e-05
1.31402e-05
-0.000107589
-1.59556e-05
-0.000131944
-2.68267e-05
-0.000154894
-1.08846e-05
-0.00017877
2.28803e-05
-0.000207361
6.30862e-05
-0.000242646
0.000101115
-0.000283589
0.000121937
-0.000322587
0.000113471
-0.000348879
7.22235e-05
-0.000354142
9.34157e-06
-0.00034742
-4.73456e-05
-0.000325975
-0.000103879
-0.000300545
-0.000137502
-0.000277892
-0.000148993
-0.000256609
-0.00014369
-0.000229221
-0.0001256
-0.000190122
-9.4107e-05
-0.000149056
-4.12049e-05
-0.000104062
2.29517e-05
-5.89751e-05
0.000114327
-4.85593e-06
0.000221151
6.73457e-05
0.000328616
0.000162221
0.000410277
0.000272786
0.000438419
0.000385213
0.000396995
0.000482156
0.000290983
0.000546723
0.000148792
0.000573695
1.90968e-05
0.000585493
-9.3124e-05
0.000597955
-0.000170973
0.00061811
-0.000236297
0.000651584
-0.00029591
0.000697831
-0.000350167
0.000752717
-0.000396136
0.000810816
-0.000429981
0.00086693
-0.000449065
0.000917033
-0.000452847
0.000958692
-0.000442705
0.00099096
-0.000421398
0.00101415
-0.000392546
0.0010294
-0.000359915
0.00103817
-0.00032646
0.00104199
-0.000293899
0.00104266
-0.000263461
0.00104262
-0.000236668
0.00104468
-0.00021489
0.00105114
-0.000198228
0.00106287
-0.000184801
0.00107854
-0.000170596
0.00109462
-0.000150859
0.00110684
-0.000123103
0.00111206
-8.86117e-05
0.00110919
-5.12055e-05
0.00109893
-1.51379e-05
0.00108279
1.65308e-05
0.00106233
4.21266e-05
0.0010392
6.11596e-05
0.00101454
7.42236e-05
0.000988947
8.18677e-05
0.000962478
8.63505e-05
8.6938e-05
0.000759398
0.000238021
0.000790539
0.000233839
0.000828361
0.000236416
0.000875005
0.000245512
0.000927027
0.000257288
0.000978881
0.000269711
0.00102435
0.000282151
0.00105734
0.000293305
0.0010727
0.000301172
0.00106697
0.000304146
0.00103886
0.000301556
0.000988949
0.000293622
0.000919489
0.00028078
0.000834057
0.000262488
0.000737277
0.000239087
0.000635698
0.000212726
0.000536871
0.000176272
0.000443119
0.000139293
0.000352107
0.000104153
0.000263514
7.26372e-05
0.00018688
4.98066e-05
0.000135513
4.04828e-05
0.000109054
4.93389e-05
9.59374e-05
7.62033e-05
8.63704e-05
0.000110682
7.40599e-05
0.000134248
5.6752e-05
0.000130779
3.62132e-05
9.27624e-05
2.07286e-05
2.48262e-05
1.89716e-05
-4.55887e-05
2.219e-05
-0.000107098
3.14417e-05
-0.000146754
4.31723e-05
-0.000160724
5.02469e-05
-0.000150765
4.73151e-05
-0.000122668
3.77906e-05
-8.45826e-05
3.74102e-05
-4.08245e-05
5.01389e-05
1.0223e-05
9.37396e-05
7.07267e-05
0.000171658
0.000143233
0.000282037
0.000218237
0.000415535
0.000276779
0.000556795
0.000297159
0.000686176
0.000267614
0.000784752
0.000192407
0.00084285
9.06946e-05
0.000873895
-1.19487e-05
0.000887484
-0.000106713
0.000906509
-0.000189998
0.000935523
-0.000265311
0.000973122
-0.000333509
0.00101438
-0.000391426
0.00105325
-0.000435007
0.00108472
-0.00046145
0.00110578
-0.00047013
0.00111548
-0.000462546
0.00111445
-0.00044167
0.00110434
-0.000411292
0.00108736
-0.000375569
0.00106579
-0.000338339
0.00104159
-0.000302261
0.00101662
-0.000268926
0.000993323
-0.000240166
0.000975022
-0.000218368
0.000964892
-0.00020476
0.000964656
-0.000197992
0.000973938
-0.000194083
0.000989642
-0.0001863
0.00100605
-0.000167265
0.0010172
-0.00013425
0.00101958
-9.09941e-05
0.00101287
-4.44962e-05
0.000998814
-1.08395e-06
0.000979713
3.56319e-05
0.00095774
6.40995e-05
0.000934557
8.43433e-05
0.000911116
9.76644e-05
0.000887692
0.000105291
0.000863925
0.000110117
0.000112089
0.000672434
0.000206424
0.000702277
0.000203996
0.000733377
0.000205316
0.00076785
0.000211038
0.000806634
0.000218504
0.000850062
0.000226283
0.000897321
0.000234892
0.000946017
0.00024461
0.000992553
0.000254636
0.00103285
0.000263849
0.0010631
0.000271308
0.00108048
0.000276237
0.00108334
0.000277926
0.00107059
0.000275236
0.00104248
0.000267196
0.00100122
0.000253985
0.000951142
0.000226351
0.00089509
0.000195345
0.000833447
0.000165795
0.000765546
0.000140539
0.000692574
0.000122779
0.000619609
0.000113447
0.000556834
0.000112114
0.000515261
0.000117776
0.000499703
0.00012624
0.000506534
0.000127417
0.000527756
0.000109557
0.000552538
6.79803e-05
0.000568438
8.92695e-06
0.000573466
-5.06173e-05
0.000560962
-9.45932e-05
0.000532295
-0.000118088
0.000494605
-0.000123033
0.000458419
-0.000114579
0.000431531
-9.57809e-05
0.000414014
-6.7065e-05
0.000400002
-2.68124e-05
0.000391891
1.83331e-05
0.000397079
6.55389e-05
0.000429462
0.00011085
0.000496431
0.000151268
0.000593811
0.000179399
0.000706656
0.000184314
0.000816098
0.000158171
0.000906635
0.000101871
0.00097331
2.40199e-05
0.00102287
-6.15139e-05
0.00106441
-0.000148246
0.0011047
-0.000230286
0.00114376
-0.000304373
0.00117751
-0.000367264
0.00120139
-0.000415305
0.00121226
-0.00044587
0.00120917
-0.00045836
0.00119322
-0.000454186
0.00116683
-0.000436149
0.00113287
-0.000407715
0.00109418
-0.000372602
0.0010532
-0.000334585
0.0010118
-0.000296939
0.000971392
-0.000261854
0.000933661
-0.000231195
0.000901417
-0.000207922
0.000878078
-0.000195029
0.000865844
-0.000192526
0.000865007
-0.000197155
0.000874607
-0.000203682
0.000891245
-0.000202939
0.000908016
-0.000184037
0.000917882
-0.000144115
0.000917475
-9.05866e-05
0.000907405
-3.44267e-05
0.000890316
1.60054e-05
0.000869244
5.67035e-05
0.000846804
8.65391e-05
0.000824687
0.000106461
0.000803629
0.000118723
0.000783605
0.000125315
0.000763911
0.000129811
0.000132629
0.000594386
0.000177674
0.000623172
0.00017521
0.000652328
0.00017616
0.000682124
0.000181243
0.000712938
0.00018769
0.000745633
0.000193588
0.000781209
0.000199316
0.000820233
0.000205585
0.000862475
0.000212394
0.000906831
0.000219493
0.000951455
0.000226684
0.000994079
0.000233612
0.00103237
0.000239633
0.00106395
0.000243662
0.0010867
0.000244442
0.00109949
0.000241199
0.00110187
0.000223971
0.0010947
0.000202513
0.00107854
0.00018196
0.00105404
0.000165035
0.00102272
0.000154098
0.000986894
0.000149273
0.000950661
0.000148347
0.00092074
0.000147697
0.000904482
0.000142497
0.000905069
0.00012683
0.000918779
9.58474e-05
0.000937824
4.89349e-05
0.000954126
-7.37492e-06
0.0009628
-5.92912e-05
0.000963257
-9.50503e-05
0.000955663
-0.000110493
0.000938703
-0.000106074
0.000909236
-8.51109e-05
0.000867082
-5.36272e-05
0.000818871
-1.88538e-05
0.000774634
1.74246e-05
0.000743344
4.96227e-05
0.000729882
7.90007e-05
0.000736956
0.000103776
0.000767098
0.000121127
0.000819776
0.000126721
0.000888712
0.000115378
0.000963609
8.32735e-05
0.00103512
3.0361e-05
0.001098
-3.88585e-05
0.00115278
-0.000116296
0.00119894
-0.000194407
0.00123538
-0.000266731
0.00125943
-0.000328422
0.00126838
-0.000376207
0.00126122
-0.00040815
0.00123917
-0.000423816
0.0012051
-0.000424297
0.00116273
-0.000411807
0.00111563
-0.000389054
0.00106669
-0.000358778
0.00101785
-0.00032376
0.000970204
-0.000286939
0.000924297
-0.000251032
0.000880704
-0.000218261
0.000840968
-0.00019146
0.000807847
-0.000174801
0.000783751
-0.000170933
0.000769127
-0.000177903
0.000763925
-0.000191953
0.000769334
-0.000209091
0.000783704
-0.000217308
0.000799141
-0.000199474
0.000807285
-0.000152259
0.000804803
-8.81045e-05
0.000792866
-2.24895e-05
0.000774804
3.40674e-05
0.000754127
7.73805e-05
0.000733468
0.000107198
0.000714321
0.000125608
0.000697135
0.000135909
0.000681636
0.000140813
0.000666861
0.000144586
0.000147997
0.000525112
0.000151824
0.000551939
0.000148383
0.000579152
0.000148946
0.000606478
0.000153917
0.000634022
0.000160146
0.000661974
0.000165636
0.000690656
0.000170634
0.000720648
0.000175593
0.000752614
0.000180427
0.000787043
0.000185065
0.000824072
0.000189655
0.000863391
0.000194293
0.000904214
0.000198809
0.000945228
0.000202648
0.000984694
0.000204976
0.00102085
0.000205046
0.00105084
0.000193973
0.00107376
0.000179601
0.00108958
0.000166134
0.00109907
0.000155543
0.00110376
0.000149409
0.00110544
0.000147595
0.00110608
0.000147712
0.00110812
0.00014565
0.00111414
0.00013648
0.0011253
0.00011567
0.00114012
8.10331e-05
0.00115388
3.51676e-05
0.00116111
-1.45994e-05
0.00115886
-5.70399e-05
0.00114769
-8.3884e-05
0.00112962
-9.2425e-05
0.00110778
-8.42329e-05
0.00108526
-6.25894e-05
0.00106277
-3.11426e-05
0.00103813
5.78938e-06
0.00101302
4.25328e-05
0.000989868
7.27783e-05
0.000974541
9.43277e-05
0.000971848
0.000106469
0.000984481
0.000108494
0.00101238
9.88234e-05
0.00105267
7.50887e-05
0.00110066
3.52815e-05
0.00115082
-1.97958e-05
0.00119734
-8.53793e-05
0.00123552
-0.000154475
0.00126135
-0.000220245
0.00127209
-0.000277471
0.00126657
-0.000322898
0.00124544
-0.000355072
0.00121114
-0.000373855
0.0011674
-0.000380076
0.00111833
-0.000375221
0.00106755
-0.000361032
0.00101762
-0.000339122
0.000969758
-0.000310917
0.000924066
-0.000278068
0.000879997
-0.00024287
0.000837018
-0.000208054
0.000795385
-0.000176627
0.000756656
-0.000152731
0.000722993
-0.000141138
0.000695226
-0.000143166
0.000672765
-0.000155441
0.000657508
-0.000176697
0.00065515
-0.000206733
0.000666018
-0.000228175
0.000679973
-0.000213429
0.000686844
-0.000159131
0.000683568
-8.4828e-05
0.000671783
-1.07052e-05
0.000655267
5.0584e-05
0.000637551
9.50965e-05
0.000620948
0.000123801
0.000606583
0.000139973
0.000594582
0.000147909
0.000584493
0.000150903
0.000575229
0.000153851
0.000157875
0.00046394
0.000128559
0.000488642
0.000123681
0.000513486
0.000124102
0.00053817
0.000129233
0.000563141
0.000135176
0.000588471
0.000140305
0.000614006
0.000145099
0.000639816
0.000149784
0.000666167
0.000154076
0.0006934
0.000157832
0.000721908
0.000161148
0.000752073
0.000164128
0.000784134
0.000166749
0.000818
0.000168781
0.000853151
0.000169825
0.000888703
0.000169495
0.000922084
0.000160592
0.000952109
0.000149576
0.000978522
0.000139722
0.00100175
0.000132314
0.00102287
0.000128286
0.00104319
0.000127279
0.00106373
0.000127168
0.001085
0.000124387
0.0011067
0.00011478
0.00112746
9.49044e-05
0.00114465
6.38394e-05
0.00115491
2.49112e-05
0.0011554
-1.50879e-05
0.00114619
-4.78341e-05
0.00112981
-6.74962e-05
0.00110977
-7.23853e-05
0.00108942
-6.38899e-05
0.00107147
-4.46376e-05
0.00105793
-1.75975e-05
0.0010498
1.39182e-05
0.00104673
4.55979e-05
0.00104713
7.23831e-05
0.00105096
9.04912e-05
0.00105955
9.78811e-05
0.00107449
9.35541e-05
0.00109654
7.67698e-05
0.00112484
4.67937e-05
0.00115631
3.8127e-06
0.00118612
-4.96094e-05
0.00120923
-0.000108492
0.00122153
-0.00016677
0.00122044
-0.000219159
0.00120535
-0.000262375
0.0011775
-0.000295052
0.0011396
-0.00031717
0.00109515
-0.000329409
0.00104779
-0.000332714
0.00100059
-0.000328021
0.000955589
-0.000316029
0.000913548
-0.000297082
0.000874027
-0.000271396
0.000835753
-0.000239794
0.00079731
-0.000204427
0.000757928
-0.000168672
0.000718063
-0.000136762
0.000679234
-0.000113902
0.000642702
-0.000104605
0.000607957
-0.000108421
0.000574504
-0.000121988
0.000547613
-0.000149807
0.000537801
-0.000196921
0.000545893
-0.000236268
0.000558422
-0.000225958
0.000564065
-0.000164774
0.000560635
-8.13981e-05
0.000550453
-5.22533e-07
0.000537301
6.37354e-05
0.000524346
0.000108052
0.000513299
0.000134848
0.00050478
0.000148493
0.000498616
0.000154072
0.000494262
0.000155257
0.00049064
0.000157472
0.000162326
0.000410014
0.000107509
0.000432756
0.000100939
0.000455189
0.000101669
0.000477164
0.000107258
0.000499474
0.000112865
0.000522233
0.000117547
0.000545247
0.000122085
0.000568505
0.000126526
0.000592039
0.000130542
0.000615848
0.000134024
0.000639994
0.000137002
0.000664647
0.000139474
0.00069003
0.000141367
0.000716304
0.000142507
0.000743476
0.000142653
0.000771343
0.000141627
0.000798313
0.000133622
0.000823721
0.000124168
0.000847511
0.000115932
0.000870058
0.000109767
0.000892173
0.000106171
0.00091479
0.000104663
0.00093848
0.000103478
0.000963046
9.98205e-05
0.00098727
9.05559e-05
0.00100888
7.32932e-05
0.00102495
4.77691e-05
0.00103294
1.69187e-05
0.00103167
-1.3811e-05
0.00102215
-3.83175e-05
0.00100699
-5.23403e-05
0.000989396
-5.4787e-05
0.00097243
-4.69242e-05
0.000958835
-3.10427e-05
0.000950945
-9.70666e-06
0.000950271
1.45919e-05
0.000956879
3.89899e-05
0.000969294
5.9968e-05
0.000985665
7.41197e-05
0.00100468
7.88649e-05
0.0010257
7.25373e-05
0.00104816
5.4306e-05
0.00107068
2.42709e-05
0.00109082
-1.63228e-05
0.00110561
-6.44002e-05
0.00111225
-0.000115135
0.00110883
-0.00016335
0.00109481
-0.000205139
0.00107108
-0.000238638
0.00103966
-0.000263636
0.00100322
-0.000280727
0.000964438
-0.000290629
0.000925594
-0.000293871
0.000888252
-0.000290679
0.000853112
-0.000280889
0.000819954
-0.000263923
0.000787704
-0.000239146
0.000754772
-0.000206862
0.000719747
-0.000169402
0.000682157
-0.000131083
0.000642737
-9.73409e-05
0.000602791
-7.39562e-05
0.000562683
-6.44969e-05
0.000521009
-6.6748e-05
0.000477898
-7.88766e-05
0.000441946
-0.000113855
0.000427023
-0.000181997
0.000432776
-0.00024202
0.00044287
-0.000236052
0.000446344
-0.000168248
0.000442849
-7.79037e-05
0.00043503
7.29657e-06
0.000426352
7.24139e-05
0.000419107
0.000115296
0.000414224
0.000139731
0.000411797
0.00015092
0.000411414
0.000154455
0.000412533
0.000154138
0.000414198
0.000155807
0.000161765
0.000362528
8.83005e-05
0.000383498
7.99688e-05
0.000403603
8.15652e-05
0.000423075
8.7785e-05
0.0004429
9.30409e-05
0.000463109
9.73376e-05
0.000483571
0.000101622
0.000504368
0.000105729
0.000525529
0.000109381
0.000546977
0.000112576
0.000568637
0.000115341
0.000590481
0.00011763
0.000612508
0.00011934
0.000634713
0.000120302
0.000657055
0.000120311
0.000679434
0.000119249
0.000700749
0.000112307
0.000720698
0.000104218
0.000739426
9.72037e-05
0.000757343
9.18502e-05
0.000775132
8.8383e-05
0.000793532
8.62623e-05
0.000812984
8.40261e-05
0.000833273
7.95314e-05
0.000853303
7.05258e-05
0.000871125
5.5472e-05
0.000884369
3.45243e-05
0.000891159
1.01288e-05
0.000890813
-1.34653e-05
0.000884122
-3.16264e-05
0.000872992
-4.121e-05
0.000859805
-4.16001e-05
0.000846951
-3.40701e-05
0.000836634
-2.07255e-05
0.000830731
-3.80431e-06
0.000830647
1.46766e-05
0.000836987
3.26497e-05
0.000849241
4.77142e-05
0.000865991
5.73691e-05
0.000885458
5.93986e-05
0.000905892
5.21029e-05
0.00092564
3.45578e-05
0.000943164
6.74709e-06
0.00095695
-3.01089e-05
0.000965512
-7.29615e-05
0.000967615
-0.000117239
0.000962554
-0.000158288
0.000950308
-0.000192893
0.000931601
-0.000219932
0.000907782
-0.000239817
0.00088048
-0.000253425
0.000851237
-0.000261386
0.000821276
-0.00026391
0.000791414
-0.000260817
0.000762023
-0.000251498
0.000732948
-0.000234849
0.000703432
-0.000209629
0.000672278
-0.000175708
0.000638466
-0.00013559
0.000601804
-9.44208e-05
0.00056304
-5.85763e-05
0.000523107
-3.40237e-05
0.000481613
-2.30028e-05
0.000436507
-2.16417e-05
0.00038843
-3.07998e-05
0.000348142
-7.3567e-05
0.000330366
-0.000164221
0.00033303
-0.000244685
0.000339143
-0.000242165
0.000339547
-0.000168652
0.000335872
-7.42284e-05
0.000330745
1.24235e-05
0.000326842
7.63165e-05
0.000325381
0.000116757
0.000326441
0.000138672
0.000329641
0.00014772
0.000334409
0.000149687
0.000340282
0.000148265
0.000346499
0.00014959
0.000156851
0.000320758
7.05753e-05
0.000340089
6.06379e-05
0.000357968
6.36864e-05
0.000375217
7.05355e-05
0.000392839
7.54194e-05
0.00041072
7.94559e-05
0.000428804
8.3539e-05
0.000447234
8.72987e-05
0.000466049
9.05651e-05
0.000485194
9.34315e-05
0.00050461
9.5925e-05
0.000524245
9.79954e-05
0.00054403
9.95547e-05
0.000563867
0.000100464
0.000583624
0.000100555
0.000603136
9.97363e-05
0.00062143
9.40136e-05
0.000638287
8.7361e-05
0.00065388
8.1611e-05
0.00066857
7.71597e-05
0.000682902
7.40513e-05
0.000697454
7.17099e-05
0.000712599
6.88811e-05
0.000728251
6.38792e-05
0.000743697
5.50804e-05
0.000757606
4.15624e-05
0.000768337
2.37937e-05
0.000774501
3.9649e-06
0.000775461
-1.44254e-05
0.000771554
-2.77189e-05
0.000763984
-3.36406e-05
0.000754417
-3.20325e-05
0.000744645
-2.42983e-05
0.00073636
-1.24412e-05
0.000730991
1.56503e-06
0.000729652
1.60154e-05
0.000733017
2.92852e-05
0.000741089
3.96422e-05
0.00075315
4.53076e-05
0.000767909
4.46401e-05
0.000783764
3.62476e-05
0.00079919
1.91324e-05
0.000812976
-7.03911e-06
0.000824185
-4.13187e-05
0.000832071
-8.08473e-05
0.000835979
-0.000121147
0.000835197
-0.000157506
0.0008291
-0.000186796
0.0008175
-0.000208332
0.000800801
-0.000223117
0.000779814
-0.000232438
0.000755467
-0.000237039
0.000728635
-0.000237078
0.000700121
-0.000232303
0.000670653
-0.00022203
0.000640757
-0.000204953
0.000610487
-0.000179359
0.000579324
-0.000144545
0.000546612
-0.000102878
0.000512125
-5.99338e-05
0.000476241
-2.26924e-05
0.000439406
2.81128e-06
0.000400661
1.57418e-05
0.000357466
2.15537e-05
0.000310508
1.61575e-05
0.000270764
-3.38228e-05
0.000251367
-0.000144824
0.000249481
-0.000242799
0.000250494
-0.000243177
0.000247545
-0.000165703
0.000243673
-7.03569e-05
0.000241194
1.49025e-05
0.000241681
7.58297e-05
0.000245326
0.000113112
0.000251445
0.000132553
0.000259296
0.000139868
0.000268206
0.000140777
0.00027784
0.000138631
0.000287651
0.000139779
0.00014838
0.000284047
5.40014e-05
0.000301806
4.28788e-05
0.000317593
4.79001e-05
0.000332904
5.52244e-05
0.000348577
5.97457e-05
0.000364385
6.36481e-05
0.000380366
6.75582e-05
0.00039668
7.09845e-05
0.000413342
7.39032e-05
0.000430308
7.64659e-05
0.000447548
7.8685e-05
0.00046503
8.05132e-05
0.000482698
8.18869e-05
0.000500459
8.27029e-05
0.000518179
8.28347e-05
0.000535688
8.22279e-05
0.000552085
7.76165e-05
0.000567159
7.22866e-05
0.000581044
6.77262e-05
0.000594019
6.41845e-05
0.000606492
6.15781e-05
0.000618893
5.9309e-05
0.000631505
5.62698e-05
0.000644293
5.10912e-05
0.000656794
4.25793e-05
0.000668119
3.02373e-05
0.000677133
1.47799e-05
0.000682781
-1.68356e-06
0.000684456
-1.61002e-05
0.00068223
-2.54926e-05
0.000676862
-2.8273e-05
0.000669561
-2.47319e-05
0.000661741
-1.64782e-05
0.000654782
-5.48199e-06
0.000649855
6.49197e-06
0.000647847
1.80242e-05
0.00064928
2.78513e-05
0.000654235
3.46876e-05
0.000662313
3.723e-05
0.000672699
3.42538e-05
0.000684328
2.46182e-05
0.000696133
7.32774e-06
0.000707234
-1.81404e-05
0.000717117
-5.12018e-05
0.000725501
-8.92309e-05
0.000731761
-0.000127407
0.000734555
-0.000160299
0.000732273
-0.000184515
0.00072385
-0.000199908
0.000709126
-0.000208394
0.000688649
-0.00021196
0.000663302
-0.000211692
0.000634114
-0.00020789
0.000602268
-0.000200457
0.000569154
-0.000188916
0.000536214
-0.000172013
0.000504441
-0.000147586
0.000473935
-0.000114039
0.000444171
-7.31149e-05
0.000414497
-3.02595e-05
0.000384533
7.27117e-06
0.000354165
3.31798e-05
0.000322073
4.78336e-05
0.000285793
5.78335e-05
0.000245887
5.60637e-05
0.000210878
1.18675e-06
0.000190253
-0.0001242
0.000182486
-0.000235032
0.00017809
-0.000238782
0.000172113
-0.000159725
0.000168095
-6.63387e-05
0.000167917
1.50797e-05
0.000171952
7.1795e-05
0.00017956
0.000105504
0.000189487
0.000122626
0.000200765
0.00012859
0.000212658
0.000128884
0.000224968
0.000126321
0.000237345
0.000127402
0.000137189
0.000251798
3.82892e-05
0.000267993
2.6684e-05
0.000281866
3.40271e-05
0.000295511
4.15793e-05
0.00030945
4.58068e-05
0.000323418
4.96801e-05
0.000337562
5.34145e-05
0.000352025
5.65213e-05
0.00036679
5.91378e-05
0.000381819
6.14375e-05
0.000397091
6.34125e-05
0.000412584
6.50206e-05
0.000428253
6.62178e-05
0.000444028
6.69282e-05
0.000459802
6.70611e-05
0.000475432
6.65973e-05
0.000490122
6.29272e-05
0.000503677
5.87312e-05
0.000516203
5.52004e-05
0.000527916
5.24712e-05
0.000539126
5.03678e-05
0.000550153
4.82824e-05
0.000561198
4.52242e-05
0.000572229
4.00605e-05
0.0005829
3.19087e-05
0.000592564
2.0573e-05
0.000600382
6.96233e-06
0.000605546
-6.8479e-06
0.000607525
-1.80787e-05
0.000606266
-2.42337e-05
0.000602256
-2.42636e-05
0.000596414
-1.88898e-05
0.00058991
-9.9739e-06
0.000583941
4.86703e-07
0.000579538
1.08948e-05
0.000577449
2.01132e-05
0.000578078
2.72227e-05
0.00058146
3.13054e-05
0.000587291
3.13987e-05
0.000594995
2.65504e-05
0.000603802
1.58111e-05
0.00061292
-1.79027e-06
0.000621875
-2.7096e-05
0.00063068
-6.00062e-05
0.000639212
-9.77628e-05
0.00064625
-0.000134445
0.000649447
-0.000163497
0.000646445
-0.000181512
0.000635954
-0.000189417
0.000617975
-0.000190415
0.000593365
-0.000187351
0.00056336
-0.000181688
0.000529361
-0.00017389
0.000492998
-0.000164095
0.000456262
-0.00015218
0.000421336
-0.000137087
0.000389885
-0.000116135
0.000362331
-8.64846e-05
0.000338024
-4.88072e-05
0.0003156
-7.83592e-06
0.000294069
2.88026e-05
0.00027281
5.44387e-05
0.000250047
7.05966e-05
0.000223761
8.41192e-05
0.000194732
8.50927e-05
0.000167155
2.8764e-05
0.000145298
-0.000102343
0.000130894
-0.000220628
0.000121354
-0.000229242
0.000112954
-0.000151326
0.00010882
-6.22043e-05
0.000110454
1.34452e-05
0.000117059
6.51908e-05
0.000127368
9.51943e-05
0.000139793
0.000110201
0.000153268
0.000115115
0.000167026
0.000115127
0.000180987
0.000112359
0.000194958
0.000113431
0.000124083
0.000223468
2.32031e-05
0.000238067
1.20858e-05
0.000250251
2.18431e-05
0.000262469
2.93605e-05
0.000274855
3.3421e-05
0.000287203
3.73327e-05
0.000299746
4.08708e-05
0.000312591
4.36769e-05
0.000325697
4.60319e-05
0.000339032
4.81023e-05
0.000352581
4.9863e-05
0.000366321
5.12807e-05
0.000380212
5.23269e-05
0.000394195
5.29454e-05
0.000408183
5.3073e-05
0.000422061
5.27191e-05
0.00043513
4.9858e-05
0.000447224
4.66378e-05
0.00045843
4.39938e-05
0.000468926
4.19754e-05
0.000478957
4.03371e-05
0.000488771
3.84684e-05
0.00049852
3.54749e-05
0.00050817
3.04105e-05
0.000517446
2.26333e-05
0.00052585
1.21688e-05
0.000532743
6.87659e-08
0.000537494
-1.15988e-05
0.000539623
-2.02071e-05
0.000538983
-2.35943e-05
0.000535877
-2.11569e-05
0.000531035
-1.40476e-05
0.000525478
-4.41704e-06
0.000520277
5.68728e-06
0.000516352
1.48197e-05
0.000514356
2.21099e-05
0.00051462
2.69586e-05
0.000517154
2.87715e-05
0.000521678
2.68741e-05
0.000527677
2.05519e-05
0.000534496
8.99149e-06
0.000541624
-8.91774e-06
0.00054899
-3.44623e-05
0.000556652
-6.76685e-05
0.000563779
-0.000104889
0.000568144
-0.00013881
0.000566977
-0.00016233
0.000558301
-0.000172837
0.000541579
-0.000172695
0.000517506
-0.000166341
0.000487433
-0.000157278
0.000452916
-0.000147171
0.000415573
-0.000136547
0.00037721
-0.000125732
0.000340006
-0.000114976
0.000306371
-0.000103452
0.000278172
-8.79359e-05
0.000255851
-6.41635e-05
0.000238475
-3.14306e-05
0.000224316
6.32226e-06
0.000212252
4.08669e-05
0.000200771
6.59203e-05
0.000188122
8.32456e-05
0.000172911
9.933e-05
0.000155886
0.000102118
0.000136654
4.79958e-05
0.000113849
-7.95379e-05
9.2778e-05
-0.000199557
7.85329e-05
-0.000214996
6.83499e-05
-0.000141143
6.40871e-05
-5.79414e-05
6.70255e-05
1.05067e-05
7.52889e-05
5.69274e-05
8.71569e-05
8.33262e-05
0.000100925
9.6433e-05
0.000115531
0.000100509
0.000130201
0.000100457
0.00014494
9.76209e-05
0.000159672
9.86991e-05
0.000109783
0.000198561
8.57184e-06
0.000211523
-8.76764e-07
0.000222273
1.10938e-05
0.000233259
1.83738e-05
0.000244251
2.2429e-05
0.000255181
2.64028e-05
0.00026633
2.97224e-05
0.000277751
3.22551e-05
0.000289397
3.43863e-05
0.000301243
3.62561e-05
0.000313277
3.78293e-05
0.000325474
3.90833e-05
0.000337799
4.00023e-05
0.000350199
4.05456e-05
0.000362599
4.06724e-05
0.000374903
4.04153e-05
0.000386495
3.82657e-05
0.000397231
3.59018e-05
0.000407188
3.40374e-05
0.000416511
3.2652e-05
0.000425402
3.14464e-05
0.00043406
2.98101e-05
0.000442606
2.69287e-05
0.000451009
2.20083e-05
0.00045904
1.46021e-05
0.000466321
4.8872e-06
0.00047235
-5.95987e-06
0.000476578
-1.58269e-05
0.000478549
-2.21778e-05
0.000478079
-2.31248e-05
0.000475402
-1.84799e-05
0.000471172
-9.81717e-06
0.000466302
4.52491e-07
0.000461736
1.02533e-05
0.000458277
1.8279e-05
0.000456476
2.39105e-05
0.000456598
2.68367e-05
0.000458618
2.67519e-05
0.000462241
2.32507e-05
0.00046697
1.58233e-05
0.000472272
3.68896e-06
0.000477804
-1.44491e-05
0.000483342
-4.00004e-05
0.000488084
-7.24103e-05
0.000490165
-0.000106971
0.000487233
-0.000135878
0.00047756
-0.000152656
0.00046062
-0.000155896
0.000436971
-0.000149047
0.000407847
-0.000137218
0.000374754
-0.000124185
0.000339207
-0.000111624
0.000302674
-0.000100014
0.000266701
-8.97586e-05
0.000233101
-8.13765e-05
0.000204004
-7.43546e-05
0.000181173
-6.51056e-05
0.000164944
-4.79343e-05
0.000154381
-2.08672e-05
0.000147878
1.28254e-05
0.000143977
4.47682e-05
0.000141017
6.88801e-05
0.000137472
8.67898e-05
0.000132631
0.000104171
0.000126806
0.000107943
0.000115799
5.90025e-05
9.30505e-05
-5.6789e-05
6.60681e-05
-0.000172574
4.75202e-05
-0.000196449
3.61796e-05
-0.000129803
3.1603e-05
-5.33649e-05
3.5273e-05
6.8368e-06
4.44314e-05
4.7769e-05
5.69483e-05
7.08093e-05
7.11576e-05
8.22236e-05
8.60649e-05
8.56014e-05
0.000100915
8.56067e-05
0.000115746
8.279e-05
0.000130587
8.38581e-05
9.49117e-05
0.000176567
-5.649e-06
0.000187956
-1.22663e-05
0.000197516
1.53459e-06
0.000207411
8.4783e-06
0.000217136
1.27043e-05
0.000226799
1.67396e-05
0.00023668
1.98418e-05
0.000246787
2.21482e-05
0.000257072
2.41006e-05
0.000267523
2.58049e-05
0.000278131
2.72222e-05
0.000288872
2.83415e-05
0.000299716
2.91583e-05
0.000310617
2.96453e-05
0.000321508
2.97812e-05
0.000332305
2.9618e-05
0.000342472
2.80991e-05
0.000351884
2.64899e-05
0.000360609
2.53122e-05
0.000368771
2.44902e-05
0.000376532
2.36852e-05
0.000384048
2.22939e-05
0.000391402
1.9575e-05
0.00039854
1.48704e-05
0.000405261
7.88123e-06
0.000411234
-1.08666e-06
0.000415988
-1.07135e-05
0.00041904
-1.88785e-05
0.000420052
-2.31897e-05
0.000418991
-2.2064e-05
0.000416197
-1.5686e-05
0.000412305
-5.92483e-06
0.000408097
4.6597e-06
0.000404342
1.40091e-05
0.000401659
2.09619e-05
0.000400438
2.5131e-05
0.000400825
2.64499e-05
0.000402716
2.48604e-05
0.00040578
2.0187e-05
0.000409531
1.20729e-05
0.000413447
-2.27792e-07
0.000416953
-1.79549e-05
0.000419042
-4.20893e-05
0.000417951
-7.13191e-05
0.000411709
-0.000100729
0.00039921
-0.000123379
0.000380613
-0.000134059
0.000356874
-0.000132157
0.000329194
-0.000121367
0.000298811
-0.000106835
0.00026694
-9.23132e-05
0.000234711
-7.93948e-05
0.000203115
-6.84183e-05
0.000173055
-5.96987e-05
0.000145645
-5.39663e-05
0.000122594
-5.13035e-05
0.000105551
-4.80631e-05
9.47623e-05
-3.71452e-05
8.94321e-05
-1.5537e-05
8.84741e-05
1.37834e-05
9.04628e-05
4.27794e-05
9.38782e-05
6.54648e-05
9.75157e-05
8.31523e-05
0.000101252
0.000100435
0.000104687
0.000104507
0.000101175
6.2515e-05
8.01696e-05
-3.57836e-05
4.88005e-05
-0.000141205
2.57695e-05
-0.000173418
1.39045e-05
-0.000117938
9.32004e-06
-4.87804e-05
1.28247e-05
3.33217e-06
2.2212e-05
3.83816e-05
3.47388e-05
5.82826e-05
4.87631e-05
6.81993e-05
6.33819e-05
7.09826e-05
7.78951e-05
7.10935e-05
9.23201e-05
6.8365e-05
0.0001068
6.93783e-05
7.99802e-05
0.000157032
-1.9386e-05
0.000167044
-2.2278e-05
0.000175624
-7.04557e-06
0.000184417
-3.1441e-07
0.000192834
4.28684e-06
0.00020115
8.42373e-06
0.000209618
1.13737e-05
0.00021823
1.3537e-05
0.00022696
1.53703e-05
0.000235816
1.69493e-05
0.000244797
1.82407e-05
0.00025389
1.92487e-05
0.000263067
1.99813e-05
0.000272286
2.04257e-05
0.000281489
2.05787e-05
0.0002906
2.05069e-05
0.00029917
1.95296e-05
0.0003071
1.85594e-05
0.000314456
1.7956e-05
0.000321342
1.76049e-05
0.000327876
1.71507e-05
0.000334153
1.60168e-05
0.000340181
1.35473e-05
0.000345845
9.20643e-06
0.000350891
2.83526e-06
0.000354937
-5.13267e-06
0.000357545
-1.33213e-05
0.000358421
-1.97544e-05
0.000357548
-2.23173e-05
0.000355249
-1.97651e-05
0.000352072
-1.25087e-05
0.000348621
-2.47393e-06
0.000345479
7.8014e-06
0.000343141
1.63475e-05
0.000341928
2.21751e-05
0.000341976
2.50828e-05
0.000343246
2.51799e-05
0.000345521
2.25855e-05
0.000348409
1.72987e-05
0.000351377
9.10464e-06
0.000353729
-2.57914e-06
0.000354391
-1.86173e-05
0.000351674
-3.93721e-05
0.000343647
-6.32927e-05
0.000329264
-8.63459e-05
0.000309096
-0.000103211
0.000284839
-0.000109802
0.000258242
-0.00010556
0.000230576
-9.37006e-05
0.000202742
-7.90013e-05
0.000175473
-6.50438e-05
0.000149351
-5.32736e-05
0.00012472
-4.37871e-05
0.000101754
-3.67325e-05
8.09944e-05
-3.32065e-05
6.38804e-05
-3.41896e-05
5.1831e-05
-3.60137e-05
4.49498e-05
-3.02641e-05
4.27566e-05
-1.33437e-05
4.49359e-05
1.16041e-05
5.04969e-05
3.72184e-05
5.80991e-05
5.78625e-05
6.68409e-05
7.44106e-05
7.69184e-05
9.03574e-05
8.74441e-05
9.39817e-05
9.01663e-05
5.97928e-05
7.26307e-05
-1.8248e-05
3.93425e-05
-0.000107917
1.18341e-05
-0.000145909
-1.16537e-06
-0.000104938
-5.22774e-06
-4.47181e-05
-1.96788e-06
7.23057e-08
6.74742e-06
2.96663e-05
1.87364e-05
4.62936e-05
3.21787e-05
5.4757e-05
4.61276e-05
5.70338e-05
5.99723e-05
5.72488e-05
7.36537e-05
5.46836e-05
8.74623e-05
5.55698e-05
6.53997e-05
0.000139698
-3.26037e-05
0.000148438
-3.10184e-05
0.000155936
-1.45429e-05
0.000163135
-7.51347e-06
0.000169646
-2.22426e-06
0.000175954
2.11527e-06
0.000182337
4.99125e-06
0.000188819
7.05477e-06
0.000195422
8.76763e-06
0.000202173
1.01979e-05
0.000209079
1.13346e-05
0.000216124
1.22037e-05
0.000223277
1.28287e-05
0.00023049
1.3212e-05
0.000237704
1.33648e-05
0.000244851
1.33601e-05
0.000251581
1.28e-05
0.00025783
1.23105e-05
0.000263662
1.21236e-05
0.000269157
1.21094e-05
0.00027438
1.19284e-05
0.000279331
1.10653e-05
0.000283912
8.96678e-06
0.000287893
5.2249e-06
0.000290917
-1.88874e-07
0.000292567
-6.78244e-06
0.000292562
-1.33158e-05
0.000290902
-1.80951e-05
0.000287985
-1.94003e-05
0.000284513
-1.62929e-05
0.000281222
-9.21722e-06
0.000278676
7.19805e-08
0.000277209
9.26811e-06
0.000276942
1.66142e-05
0.000277828
2.12889e-05
0.000279711
2.32006e-05
0.000282344
2.2546e-05
0.00028539
1.95396e-05
0.000288392
1.42967e-05
0.000290733
6.76439e-06
0.000291506
-3.35206e-06
0.000289312
-1.6424e-05
0.000282364
-3.2424e-05
0.000269279
-5.02075e-05
0.000250105
-6.71722e-05
0.000226507
-7.96127e-05
0.000200834
-8.41297e-05
0.000175026
-7.9752e-05
0.000150227
-6.89013e-05
0.000127018
-5.57925e-05
0.000105668
-4.36932e-05
8.61982e-05
-3.38041e-05
6.83887e-05
-2.59776e-05
5.19954e-05
-2.03392e-05
3.72961e-05
-1.85073e-05
2.52418e-05
-2.21352e-05
1.66443e-05
-2.74163e-05
1.1754e-05
-2.53738e-05
1.08218e-05
-1.24114e-05
1.43434e-05
8.08247e-06
2.17634e-05
2.97984e-05
3.18047e-05
4.78213e-05
4.37786e-05
6.24367e-05
5.79921e-05
7.6144e-05
7.31965e-05
7.87772e-05
8.0801e-05
5.21883e-05
6.80079e-05
-5.45489e-06
3.56614e-05
-7.55704e-05
4.99378e-06
-0.000115242
-1.03789e-05
-8.95655e-05
-1.46631e-05
-4.04338e-05
-1.15885e-05
-3.00227e-06
-3.55264e-06
2.16305e-05
7.52347e-06
3.52175e-05
2.01014e-05
4.21791e-05
3.31445e-05
4.39907e-05
4.61193e-05
4.4274e-05
5.88342e-05
4.19687e-05
7.17729e-05
4.26311e-05
5.14971e-05
0.000124195
-4.51605e-05
0.000131115
-3.79385e-05
0.000136338
-1.97652e-05
0.000140516
-1.16923e-05
0.000143898
-5.60592e-06
0.000147239
-1.22624e-06
0.000150823
1.40735e-06
0.000154683
3.19536e-06
0.000158832
4.61809e-06
0.000163272
5.75863e-06
0.000167972
6.63401e-06
0.000172889
7.28703e-06
0.000177968
7.74993e-06
0.000183147
8.03251e-06
0.000188361
8.15112e-06
0.000193549
8.17196e-06
0.000198464
7.88534e-06
0.000203077
7.6975e-06
0.000207452
7.74854e-06
0.000211643
7.91829e-06
0.000215652
7.91895e-06
0.000219389
7.32867e-06
0.000222642
5.71393e-06
0.000225075
2.79162e-06
0.000226281
-1.39498e-06
0.000225904
-6.40543e-06
0.000223827
-1.12385e-05
0.000220322
-1.45901e-05
0.000216099
-1.51771e-05
0.000212112
-1.23061e-05
0.000209222
-6.32707e-06
0.000207939
1.35423e-06
0.000208349
8.85854e-06
0.000210231
1.47324e-05
0.000213223
1.8297e-05
0.000216923
1.95004e-05
0.000220919
1.85499e-05
0.000224773
1.56858e-05
0.000227976
1.10932e-05
0.000229862
4.8789e-06
0.000229447
-2.93698e-06
0.000225389
-1.23663e-05
0.000216302
-2.33368e-05
0.000201489
-3.53949e-05
0.000181577
-4.72601e-05
0.000158437
-5.64728e-05
0.000134408
-6.01006e-05
0.000111429
-5.6773e-05
9.06314e-05
-4.81036e-05
7.24129e-05
-3.75739e-05
5.66581e-05
-2.79384e-05
4.29822e-05
-2.01283e-05
3.09286e-05
-1.3924e-05
2.01715e-05
-9.58208e-06
1.06248e-05
-8.96051e-06
2.20072e-06
-1.37112e-05
-5.01464e-06
-2.02009e-05
-9.32361e-06
-2.10648e-05
-9.88424e-06
-1.18508e-05
-5.88735e-06
4.08558e-06
1.9156e-06
2.19954e-05
1.30951e-05
3.66418e-05
2.67558e-05
4.8776e-05
4.31566e-05
5.97432e-05
6.07581e-05
6.11756e-05
7.15039e-05
4.14425e-05
6.37776e-05
2.27138e-06
3.5451e-05
-4.72437e-05
3.61905e-06
-8.34096e-05
-1.4394e-05
-7.15524e-05
-1.975e-05
-3.50778e-05
-1.73563e-05
-5.39599e-06
-1.00588e-05
1.4333e-05
-6.07513e-09
2.51647e-05
1.1509e-05
3.0664e-05
2.34701e-05
3.20296e-05
3.54165e-05
3.23276e-05
4.69804e-05
3.04048e-05
5.88712e-05
3.07402e-05
3.8549e-05
0.000109446
-5.60681e-05
0.000112554
-4.1047e-05
0.000113324
-2.05353e-05
0.000113035
-1.14026e-05
0.00011274
-5.31091e-06
0.000113193
-1.67999e-06
0.000114396
2.04507e-07
0.000116184
1.40792e-06
0.000118449
2.35298e-06
0.00012111
3.09755e-06
0.000124088
3.6559e-06
0.00012731
4.06529e-06
0.000130707
4.35229e-06
0.000134215
4.52465e-06
0.000137771
4.5949e-06
0.000141331
4.61268e-06
0.000144735
4.48114e-06
0.000147987
4.44512e-06
0.000151151
4.58449e-06
0.000154262
4.80758e-06
0.00015728
4.90129e-06
0.000160051
4.5568e-06
0.000162299
3.4661e-06
0.000163648
1.4431e-06
0.000163701
-1.44775e-06
0.000162172
-4.87692e-06
0.000159065
-8.13187e-06
0.000154808
-1.0333e-05
0.000150247
-1.06159e-05
0.000146423
-8.48189e-06
0.000144222
-4.12606e-06
0.000144089
1.48746e-06
0.000145947
7.00003e-06
0.000149381
1.12983e-05
0.000153841
1.38371e-05
0.000158773
1.45682e-05
0.000163658
1.36651e-05
0.000167994
1.13501e-05
0.000171245
7.84201e-06
0.000172764
3.35966e-06
0.000171717
-1.88952e-06
0.000167144
-7.79354e-06
0.000158212
-1.44046e-05
0.000144623
-2.18056e-05
0.00012695
-2.95871e-05
0.000106683
-3.62065e-05
8.58808e-05
-3.92982e-05
6.64948e-05
-3.7387e-05
4.97485e-05
-3.13573e-05
3.5959e-05
-2.37845e-05
2.47916e-05
-1.6771e-05
1.5722e-05
-1.10587e-05
8.30088e-06
-6.50289e-06
2.13014e-06
-3.41133e-06
-3.50033e-06
-3.33004e-06
-9.61991e-06
-7.59163e-06
-1.6035e-05
-1.37858e-05
-2.0914e-05
-1.61858e-05
-2.21105e-05
-1.06543e-05
-1.87094e-05
6.84498e-07
-1.08321e-05
1.41181e-05
3.57189e-07
2.54525e-05
1.44378e-05
3.46954e-05
3.14066e-05
4.27743e-05
4.93496e-05
4.32327e-05
6.13054e-05
2.94867e-05
5.81699e-05
5.40687e-06
3.61349e-05
-2.52087e-05
6.22422e-06
-5.34989e-05
-1.37697e-05
-5.15585e-05
-2.07919e-05
-2.80556e-05
-1.96478e-05
-6.54004e-06
-1.34721e-05
8.15719e-06
-4.61413e-06
1.63068e-05
5.64232e-06
2.04076e-05
1.6276e-05
2.13959e-05
2.69618e-05
2.16418e-05
3.71313e-05
2.02354e-05
4.77031e-05
2.01684e-05
2.68274e-05
9.3327e-05
-6.24202e-05
8.97571e-05
-3.7477e-05
8.50095e-05
-1.57878e-05
8.10233e-05
-7.41646e-06
7.86744e-05
-2.96197e-06
7.78795e-05
-8.851e-07
7.80641e-05
1.98685e-08
7.88543e-05
6.17742e-07
8.00856e-05
1.12169e-06
8.16628e-05
1.5204e-06
8.35062e-05
1.81251e-06
8.5548e-05
2.02342e-06
8.77302e-05
2.17014e-06
8.99991e-05
2.25574e-06
9.23075e-05
2.28653e-06
9.4627e-05
2.29312e-06
9.68688e-05
2.2394e-06
9.90571e-05
2.25681e-06
0.000101254
2.38768e-06
0.000103486
2.57592e-06
0.000105698
2.68897e-06
0.000107722
2.5329e-06
0.000109271
1.91649e-06
0.000109989
7.25923e-07
0.000109522
-9.81053e-07
0.000107651
-3.00654e-06
0.000104445
-4.92581e-06
0.000100354
-6.24186e-06
9.61867e-05
-6.44833e-06
9.29114e-05
-5.20662e-06
9.13488e-05
-2.56351e-06
9.18945e-05
9.41819e-07
9.44329e-05
4.46167e-06
9.84977e-05
7.23349e-06
0.000103477
8.85765e-06
0.000108758
9.2869e-06
0.000113778
8.64513e-06
0.000118019
7.10951e-06
0.000120981
4.87978e-06
0.000122162
2.17876e-06
0.000121048
-7.75484e-07
0.000117141
-3.88616e-06
0.000110009
-7.27231e-06
9.942e-05
-1.12171e-05
8.55804e-05
-1.57475e-05
6.9417e-05
-2.00431e-05
5.26033e-05
-2.24844e-05
3.70257e-05
-2.18094e-05
2.39847e-05
-1.83164e-05
1.38242e-05
-1.36239e-05
6.19487e-06
-9.14173e-06
6.06292e-07
-5.47011e-06
-3.34185e-06
-2.55474e-06
-6.19452e-06
-5.5866e-07
-9.05082e-06
-4.73741e-07
-1.33412e-05
-3.30122e-06
-1.91796e-05
-7.94741e-06
-2.46016e-05
-1.07638e-05
-2.69197e-05
-8.33625e-06
-2.47241e-05
-1.51102e-06
-1.79003e-05
7.29423e-06
-7.52646e-06
1.50787e-05
5.70891e-06
2.146e-05
2.17946e-05
2.66886e-05
3.83303e-05
2.6697e-05
4.96742e-05
1.81428e-05
4.97665e-05
5.3146e-06
3.50374e-05
-1.04796e-05
1.03948e-05
-2.88564e-05
-9.49559e-06
-3.16681e-05
-1.80961e-05
-1.94551e-05
-1.85954e-05
-6.04067e-06
-1.40081e-05
3.56981e-06
-6.7356e-06
9.03435e-06
1.89753e-06
1.17744e-05
1.08364e-05
1.2457e-05
1.98728e-05
1.26054e-05
2.83034e-05
1.18048e-05
3.71253e-05
1.13465e-05
1.66508e-05
7.3471e-05
-5.91225e-05
6.21447e-05
-2.61508e-05
5.42567e-05
-7.89977e-06
4.97795e-05
-2.93926e-06
4.77937e-05
-9.76175e-07
4.71855e-05
-2.7686e-07
4.72036e-05
1.7804e-09
4.75892e-05
2.32087e-07
4.82677e-05
4.43169e-07
4.9182e-05
6.06145e-07
5.02731e-05
7.2142e-07
5.14925e-05
8.04002e-07
5.28012e-05
8.61453e-07
5.41635e-05
8.93457e-07
5.55483e-05
9.01764e-07
5.69407e-05
9.00663e-07
5.82986e-05
8.81561e-07
5.96542e-05
9.0117e-07
6.10628e-05
9.79091e-07
6.25479e-05
1.0908e-06
6.4063e-05
1.17387e-06
6.54623e-05
1.13363e-06
6.65033e-05
8.75497e-07
6.68883e-05
3.40875e-07
6.63443e-05
-4.37017e-07
6.4711e-05
-1.3732e-06
6.20621e-05
-2.27696e-06
5.87559e-05
-2.93565e-06
5.54219e-05
-3.11433e-06
5.28342e-05
-2.61896e-06
5.16837e-05
-1.41293e-06
5.23388e-05
2.86671e-07
5.47352e-05
2.06529e-06
5.84665e-05
3.50218e-06
6.29655e-05
4.35867e-06
6.76538e-05
4.5986e-06
7.20078e-05
4.29113e-06
7.55752e-05
3.5421e-06
7.79802e-05
2.47479e-06
7.8932e-05
1.22689e-06
7.82193e-05
-6.27886e-08
7.56639e-05
-1.33073e-06
7.10473e-05
-2.65567e-06
6.4101e-05
-4.27083e-06
5.46956e-05
-6.34211e-06
4.32315e-05
-8.5789e-06
3.08839e-05
-1.01369e-05
1.92642e-05
-1.01897e-05
9.63849e-06
-8.69062e-06
2.44614e-06
-6.43154e-06
-2.53778e-06
-4.15781e-06
-5.71126e-06
-2.29663e-06
-7.4696e-06
-7.96402e-07
-8.30637e-06
2.78109e-07
-9.25104e-06
4.70931e-07
-1.17261e-05
-8.26134e-07
-1.63008e-05
-3.37278e-06
-2.15987e-05
-5.46594e-06
-2.49484e-05
-4.9865e-06
-2.45131e-05
-1.94637e-06
-1.97449e-05
2.52606e-06
-1.13797e-05
6.71348e-06
-2.34737e-07
1.03151e-05
1.33964e-05
1.30575e-05
2.70016e-05
1.30918e-05
3.63201e-05
8.82421e-06
3.81844e-05
3.45032e-06
3.03347e-05
-2.62985e-06
1.30212e-05
-1.15429e-05
-3.57552e-06
-1.50714e-05
-1.25634e-05
-1.04672e-05
-1.45521e-05
-4.052e-06
-1.18749e-05
8.92606e-07
-6.65258e-06
3.81206e-06
-1.57554e-07
5.2794e-06
6.60802e-06
5.69144e-06
1.34822e-05
5.73122e-06
1.98053e-05
5.48171e-06
2.63394e-05
4.81235e-06
8.41071e-06
4.88081e-05
-4.01704e-05
3.32772e-05
-1.06199e-05
2.70782e-05
-1.70078e-06
2.46591e-05
-5.20117e-07
2.38257e-05
-1.42816e-07
2.35945e-05
-4.56009e-08
2.35981e-05
-1.84098e-09
2.37783e-05
5.18678e-08
2.41193e-05
1.02218e-07
2.45867e-05
1.38739e-07
2.51446e-05
1.63528e-07
2.57671e-05
1.81451e-07
2.64346e-05
1.94021e-07
2.71276e-05
2.00439e-07
2.78286e-05
2.00698e-07
2.85309e-05
1.9844e-07
2.9219e-05
1.93421e-07
2.99202e-05
1.99994e-07
3.06751e-05
2.24189e-07
3.15049e-05
2.60987e-07
3.23843e-05
2.94461e-07
3.32196e-05
2.98291e-07
3.38505e-05
2.44591e-07
3.40769e-05
1.14484e-07
3.37236e-05
-8.36655e-08
3.26821e-05
-3.3174e-07
3.09882e-05
-5.83039e-07
2.8841e-05
-7.88487e-07
2.6612e-05
-8.85244e-07
2.47987e-05
-8.05661e-07
2.38982e-05
-5.12439e-07
2.42302e-05
-4.53248e-08
2.58144e-05
4.8102e-07
2.83877e-05
9.28954e-07
3.15352e-05
1.21117e-06
3.48235e-05
1.3103e-06
3.78676e-05
1.24695e-06
4.03555e-05
1.05427e-06
4.20598e-05
7.70495e-07
4.28475e-05
4.39132e-07
4.26739e-05
1.10808e-07
4.15244e-05
-1.81177e-07
3.932e-05
-4.51261e-07
3.58412e-05
-7.9207e-07
3.08163e-05
-1.31722e-06
2.42429e-05
-2.00551e-06
1.67134e-05
-2.60734e-06
9.32273e-06
-2.79906e-06
3.11135e-06
-2.47925e-06
-1.47027e-06
-1.84992e-06
-4.44684e-06
-1.18124e-06
-6.12596e-06
-6.17519e-07
-6.7636e-06
-1.58759e-07
-6.68007e-06
1.94579e-07
-6.53826e-06
3.29117e-07
-7.40072e-06
3.63323e-08
-1.00547e-05
-7.18757e-07
-1.39902e-05
-1.53049e-06
-1.73067e-05
-1.66996e-06
-1.82768e-05
-9.76341e-07
-1.60501e-05
2.99402e-07
-1.09275e-05
1.59092e-06
-3.3438e-06
2.73133e-06
6.03363e-06
3.68008e-06
1.53445e-05
3.7809e-06
2.16503e-05
2.51844e-06
2.38963e-05
1.20431e-06
2.12163e-05
5.01135e-08
1.21269e-05
-2.45355e-06
1.09606e-06
-4.04048e-06
-6.15271e-06
-3.21847e-06
-8.69206e-06
-1.51265e-06
-7.7616e-06
-3.78607e-08
-4.82378e-06
8.74239e-07
-8.78453e-07
1.33407e-06
3.32139e-06
1.4916e-06
7.57547e-06
1.47713e-06
1.15622e-05
1.49503e-06
1.53172e-05
1.05731e-06
2.54449e-06
1.96384e-05
9.0185e-06
7.31772e-06
6.7976e-06
6.65478e-06
6.60918e-06
6.60734e-06
6.65921e-06
6.76143e-06
6.90017e-06
7.0637e-06
7.24515e-06
7.43917e-06
7.63961e-06
7.84031e-06
8.03875e-06
8.23217e-06
8.43216e-06
8.65635e-06
8.91734e-06
9.2118e-06
9.51009e-06
9.75468e-06
9.86916e-06
9.7855e-06
9.45376e-06
8.87072e-06
8.08223e-06
7.19699e-06
6.39133e-06
5.87889e-06
5.83356e-06
6.31458e-06
7.24354e-06
8.45471e-06
9.76501e-06
1.1012e-05
1.20662e-05
1.28367e-05
1.32758e-05
1.33867e-05
1.32055e-05
1.27542e-05
1.19621e-05
1.06449e-05
8.63942e-06
6.03208e-06
3.23302e-06
7.53774e-07
-1.09615e-06
-2.27738e-06
-2.8949e-06
-3.05366e-06
-2.85908e-06
-2.52996e-06
-2.49363e-06
-3.21239e-06
-4.74288e-06
-6.41284e-06
-7.38918e-06
-7.08978e-06
-5.49885e-06
-2.76752e-06
9.12566e-07
4.69347e-06
7.21191e-06
8.41622e-06
8.46634e-06
6.01279e-06
1.97231e-06
-1.24615e-06
-2.7588e-06
-2.79666e-06
-1.92243e-06
-5.88354e-07
9.03251e-07
2.38038e-06
3.87541e-06
4.93272e-06
)
;

boundaryField
{
    inlet
    {
        type            calculated;
        value           nonuniform List<scalar> 
25
(
-0.00119618
-0.00105581
-0.000931914
-0.000822558
-0.000726034
-0.000640837
-0.000565637
-0.000499262
-0.000440675
-0.000388964
-0.00034332
-0.000303033
-0.000267473
-0.000236086
-0.000208382
-0.00018393
-0.000162346
-0.000143295
-0.00012648
-0.000111638
-9.8538e-05
-8.69749e-05
-7.67687e-05
-6.77602e-05
-5.98088e-05
)
;
    }
    outlet
    {
        type            calculated;
        value           nonuniform List<scalar> 
25
(
0.00102495
0.00108606
0.00102404
0.000933911
0.000838774
0.000743371
0.000651493
0.000565351
0.000486189
0.000414759
0.000351414
0.000296123
0.000248536
0.000208064
0.000173971
0.000145458
0.000121731
0.000102043
8.56754e-05
7.18194e-05
5.94246e-05
4.73019e-05
3.45795e-05
2.11834e-05
7.4772e-06
)
;
    }
    fixedWalls
    {
        type            calculated;
        value           uniform 0;
    }
    frontAndBack
    {
        type            empty;
        value           nonuniform 0();
    }
}


// ************************************************************************* //
