/*--------------------------------*- C++ -*----------------------------------*\
| =========                 |                                                 |
| \\      /  F ield         | OpenFOAM: The Open Source CFD Toolbox           |
|  \\    /   O peration     | Version:  v1912                                 |
|   \\  /    A nd           | Website:  www.openfoam.com                      |
|    \\/     M anipulation  |                                                 |
\*---------------------------------------------------------------------------*/
FoamFile
{
    version     2.0;
    format      ascii;
    class       surfaceScalarField;
    location    "425";
    object      phi;
}
// * * * * * * * * * * * * * * * * * * * * * * * * * * * * * * * * * * * * * //

dimensions      [0 3 -1 0 0 0 0];
oriented        oriented;


internalField   nonuniform List<scalar> 
3895
(
0.000814745
0.000381431
0.000499358
0.000315386
0.000251561
0.000247798
6.48581e-05
0.000186703
-6.22045e-05
0.000127063
-0.000127352
6.51476e-05
-0.000137678
1.03254e-05
-0.000113656
-2.40212e-05
-9.02556e-05
-2.34008e-05
-8.47781e-05
-5.47749e-06
-6.59709e-05
-1.88072e-05
-4.43982e-05
-2.15727e-05
-3.95326e-05
-4.86567e-06
-4.65824e-05
7.04989e-06
-4.13682e-05
-5.21425e-06
-2.56659e-05
-1.57023e-05
-1.79951e-05
-7.67082e-06
-1.84484e-05
4.53377e-07
-2.1231e-05
2.78255e-06
-2.2588e-05
1.35704e-06
-2.15876e-05
-1.00044e-06
-1.84357e-05
-3.1519e-06
-1.39751e-05
-4.4606e-06
-9.68103e-06
-4.29406e-06
-6.25948e-06
-3.42155e-06
-3.9575e-06
-2.30198e-06
-2.64447e-06
-1.31303e-06
-1.90978e-06
-7.34687e-07
-1.23179e-06
-6.77994e-07
-3.94487e-07
-8.37301e-07
6.08654e-07
-1.00314e-06
1.73191e-06
-1.12326e-06
2.94477e-06
-1.21286e-06
4.20247e-06
-1.25769e-06
5.41203e-06
-1.20956e-06
6.47842e-06
-1.06639e-06
7.29838e-06
-8.1996e-07
7.75582e-06
-4.57438e-07
7.75229e-06
3.52954e-09
7.05405e-06
6.9825e-07
5.60473e-06
1.44931e-06
3.2964e-06
2.30833e-06
1.6621e-08
3.27978e-06
-4.32784e-06
4.34446e-06
-9.8134e-06
5.48556e-06
-1.65376e-05
6.72426e-06
-2.47363e-05
8.19866e-06
-3.49696e-05
1.02333e-05
-4.83651e-05
1.33955e-05
-6.68576e-05
1.84925e-05
-9.31942e-05
2.63366e-05
-0.000130382
3.71883e-05
-0.000180808
5.0426e-05
-0.000245452
6.46434e-05
-0.000323182
7.77297e-05
-0.000410108
8.69263e-05
-0.00049956
8.94518e-05
-0.000583039
8.34794e-05
-0.000651754
6.87152e-05
-0.000697049
4.52945e-05
-0.000707825
1.0776e-05
-0.000692259
-1.55656e-05
-0.000655751
-3.65079e-05
-0.000601685
-5.40669e-05
-0.000533897
-6.77872e-05
-0.000455426
-7.84715e-05
-0.00036823
-8.7196e-05
-0.000273763
-9.44672e-05
-0.000173556
-0.000100207
-6.92808e-05
-0.000104275
3.70886e-05
-0.000106369
0.000143463
-0.000106374
0.000248172
-0.000104709
0.000349715
-0.000101543
0.000447093
-9.73778e-05
0.000540152
-9.30592e-05
0.000629101
-8.89487e-05
0.000717047
-8.79456e-05
0.000804385
-8.7338e-05
-0.000107957
0.00108795
0.000349295
0.00104738
0.000355949
0.000933273
0.000361908
0.000775736
0.00034424
0.000598415
0.000304384
0.000410374
0.000253188
0.00022125
0.000199449
5.38704e-05
0.000143359
-6.05147e-05
9.09844e-05
-0.000110341
4.43489e-05
-0.000132148
3.00017e-06
-0.000124613
-2.91085e-05
-0.000107103
-2.23755e-05
-0.000109652
9.59916e-06
-0.000106142
-8.72484e-06
-9.35262e-05
-2.83177e-05
-7.81202e-05
-2.30769e-05
-7.81957e-05
5.28895e-07
-8.49817e-05
9.56852e-06
-8.93791e-05
5.75445e-06
-9.03166e-05
-6.29615e-08
-8.5685e-05
-7.78344e-06
-7.87394e-05
-1.14062e-05
-7.14946e-05
-1.15388e-05
-6.4733e-05
-1.01832e-05
-5.912e-05
-7.91495e-06
-5.51959e-05
-5.23707e-06
-5.33256e-05
-2.60498e-06
-5.33758e-05
-6.27843e-07
-5.50614e-05
8.48314e-07
-5.77883e-05
1.72373e-06
-6.09859e-05
2.07434e-06
-6.43295e-05
2.13078e-06
-6.77011e-05
2.1139e-06
-7.11537e-05
2.24304e-06
-7.48233e-05
2.60325e-06
-7.8852e-05
3.2087e-06
-8.33619e-05
4.05241e-06
-8.84881e-05
5.12976e-06
-9.4244e-05
6.45416e-06
-0.000100794
7.9998e-06
-0.000108237
9.7505e-06
-0.00011662
1.16628e-05
-0.000125924
1.36487e-05
-0.000136034
1.5596e-05
-0.000146741
1.74306e-05
-0.000157786
1.92442e-05
-0.000168993
2.14405e-05
-0.000180325
2.47268e-05
-0.000191775
2.99427e-05
-0.000203447
3.80088e-05
-0.000215614
4.93546e-05
-0.000228428
6.32409e-05
-0.000241374
7.75885e-05
-0.000252656
8.90121e-05
-0.000258737
9.30069e-05
-0.000255001
8.57163e-05
-0.000237337
6.58159e-05
-0.000203933
3.53108e-05
-0.000163315
4.6762e-06
-0.000116453
-3.60855e-05
-6.48514e-05
-6.71673e-05
-1.06737e-05
-9.06856e-05
4.47979e-05
-0.000109539
0.000103081
-0.00012607
0.000165666
-0.000141057
0.000232755
-0.000154285
0.000303501
-0.000165213
0.000376452
-0.000173159
0.000449821
-0.000177644
0.000521976
-0.000178524
0.000591613
-0.000176011
0.000657542
-0.000170638
0.000719127
-0.000163128
0.000776148
-0.000154399
0.000828667
-0.000145578
0.000877524
-0.000137806
0.000922743
-0.000133164
0.000967054
-0.000131649
-0.000142714
0.000975282
0.000305927
0.00102604
0.000305191
0.00106097
0.00032698
0.00105861
0.000346593
0.00101217
0.000350832
0.000925037
0.000340318
0.000805732
0.000318754
0.000661732
0.00028736
0.000504851
0.000247865
0.000345729
0.000203471
0.000190139
0.000158591
4.71982e-05
0.000113832
-4.96756e-05
7.44984e-05
-8.66151e-05
4.65386e-05
-0.000107852
1.2512e-05
-0.000117665
-1.85051e-05
-0.000107521
-3.32208e-05
-9.78151e-05
-9.17659e-06
-0.0001045
1.62535e-05
-0.000113351
1.46049e-05
-0.000118632
5.21869e-06
-0.000122091
-4.32422e-06
-0.000122411
-1.10868e-05
-0.000119535
-1.44145e-05
-0.000116347
-1.33718e-05
-0.000114937
-9.32422e-06
-0.000116072
-4.10215e-06
-0.000119522
8.44748e-07
-0.000123751
3.60084e-06
-0.000128483
5.58041e-06
-0.00013352
6.7608e-06
-0.000138682
7.2365e-06
-0.000143744
7.19323e-06
-0.000148544
6.91294e-06
-0.000153083
6.7826e-06
-0.000157436
6.95595e-06
-0.000161736
7.50856e-06
-0.000166083
8.39936e-06
-0.000170504
9.55086e-06
-0.000174966
1.09161e-05
-0.000179452
1.24859e-05
-0.000183963
1.42619e-05
-0.000188481
1.6181e-05
-0.000192852
1.80197e-05
-0.00019667
1.94137e-05
-0.000199204
1.99649e-05
-0.000199359
1.9399e-05
-0.000195803
1.78843e-05
-0.000187526
1.64503e-05
-0.00017333
1.57462e-05
-0.000151757
1.64363e-05
-0.000121903
1.95003e-05
-8.30115e-05
2.43496e-05
-3.46774e-05
2.92544e-05
2.258e-05
3.17547e-05
8.61835e-05
2.94034e-05
0.000151691
2.02084e-05
0.000212827
4.68062e-06
0.000268833
-2.06952e-05
0.00032203
-4.8521e-05
0.000365152
-7.92079e-05
0.000405864
-0.000107879
0.000448221
-0.000133043
0.000494093
-0.000155411
0.000543355
-0.000175332
0.00059478
-0.000192481
0.000646714
-0.000206219
0.000697428
-0.000215927
0.000745451
-0.000221182
0.000789682
-0.000221875
0.000829418
-0.00021826
0.000864334
-0.000210927
0.000894418
-0.000200722
0.000919946
-0.000188656
0.000941383
-0.000175836
0.000959233
-0.000163428
0.000974101
-0.000152674
0.00098587
-0.000144934
0.000995603
-0.000141382
-0.000145552
0.000857109
0.000271375
0.000897356
0.000264944
0.000950165
0.000274171
0.00100471
0.000292051
0.00104637
0.000309166
0.0010653
0.000321389
0.00105663
0.000327431
0.00101791
0.000326077
0.000949503
0.00031627
0.000855013
0.000297961
0.000740814
0.00027279
0.000611818
0.000242827
0.000476477
0.000209839
0.000348298
0.000174718
0.000223431
0.000137378
0.000101867
0.000103059
-8.92171e-07
6.95386e-05
-5.41807e-05
4.4112e-05
-6.75604e-05
2.96332e-05
-7.088e-05
1.79245e-05
-7.44929e-05
8.8316e-06
-8.07385e-05
1.92144e-06
-8.79738e-05
-3.85155e-06
-9.56077e-05
-6.7806e-06
-0.000101499
-7.48087e-06
-0.000105368
-5.4548e-06
-0.000108979
-4.91131e-07
-0.000113481
5.34656e-06
-0.000118509
8.62926e-06
-0.000123359
1.04301e-05
-0.000127687
1.10891e-05
-0.000131372
1.09211e-05
-0.000134357
1.01787e-05
-0.00013643
8.9858e-06
-0.000137814
8.16635e-06
-0.000138369
7.5109e-06
-0.000138254
7.39341e-06
-0.000137346
7.49153e-06
-0.000135473
7.67763e-06
-0.000132514
7.95751e-06
-0.000128419
8.39066e-06
-0.000123157
9.00026e-06
-0.000116707
9.73051e-06
-0.000108937
1.02501e-05
-9.95997e-05
1.00762e-05
-8.83363e-05
8.70147e-06
-7.44613e-05
5.52389e-06
-5.65478e-05
-2.91846e-08
-3.48607e-05
-5.23669e-06
-7.49079e-06
-1.16238e-05
2.69856e-05
-1.80401e-05
7.03316e-05
-2.38457e-05
0.000123376
-2.86946e-05
0.000185486
-3.28555e-05
0.000254623
-3.73823e-05
0.000327844
-4.38177e-05
0.000401815
-5.37632e-05
0.000474881
-6.83854e-05
0.000542283
-8.80966e-05
0.000604655
-0.000110893
0.000660641
-0.000135194
0.000711847
-0.000159085
0.000759839
-0.000181034
0.000804762
-0.000200334
0.000845939
-0.000216509
0.000882477
-0.000229019
0.000913605
-0.000237347
0.000938839
-0.000241161
0.000958073
-0.000240416
0.000971571
-0.000235372
0.000979888
-0.000226578
0.000983772
-0.000214811
0.000984052
-0.000201002
0.000981541
-0.000186145
0.000976958
-0.000171253
0.000970837
-0.000157307
0.000963487
-0.000145324
0.000954754
-0.0001362
0.000944493
-0.000131121
-0.000130947
0.000759397
0.000238012
0.000790536
0.000233805
0.000828352
0.000236354
0.000874987
0.000245416
0.000927005
0.000257149
0.000978874
0.00026952
0.00102441
0.000281891
0.00105754
0.000292947
0.00107317
0.000300641
0.00106783
0.000303299
0.00104037
0.00030025
0.000991488
0.000291714
0.000923153
0.000278174
0.000838773
0.000259098
0.000741447
0.000234705
0.000636553
0.000207953
0.00053207
0.000174022
0.000433819
0.000142363
0.000348499
0.000114953
0.000275153
9.12705e-05
0.00021227
7.17153e-05
0.000158391
5.58004e-05
0.00011137
4.31694e-05
7.11375e-05
3.34518e-05
3.7768e-05
2.58886e-05
1.23054e-05
2.00078e-05
-3.82301e-06
1.56372e-05
-1.12332e-05
1.27568e-05
-1.31126e-05
1.05087e-05
-1.15739e-05
8.89138e-06
-8.06583e-06
7.58095e-06
-3.43389e-06
6.28916e-06
1.92088e-06
4.82396e-06
7.73584e-06
3.17085e-06
1.41713e-05
1.73087e-06
2.18553e-05
-1.73135e-07
3.10218e-05
-1.77304e-06
4.20687e-05
-3.55537e-06
5.51738e-05
-5.42749e-06
7.05033e-05
-7.372e-06
8.82769e-05
-9.38297e-06
0.000108772
-1.14953e-05
0.000132329
-1.38263e-05
0.000159186
-1.66063e-05
0.000189432
-2.01704e-05
0.000223031
-2.48973e-05
0.000259572
-3.10171e-05
0.000297968
-3.84248e-05
0.00033927
-4.65388e-05
0.000382853
-5.52069e-05
0.000428646
-6.38336e-05
0.000476692
-7.18916e-05
0.000527196
-7.91985e-05
0.000580313
-8.5972e-05
0.000635795
-9.28643e-05
0.000692803
-0.000100826
0.000749867
-0.000110827
0.000804976
-0.000123495
0.000855755
-0.000138875
0.000901051
-0.000156189
0.0009401
-0.000174243
0.000972743
-0.000191729
0.000999106
-0.000207397
0.00101914
-0.000220365
0.0010327
-0.000230069
0.0010398
-0.000236119
0.00104072
-0.000238271
0.00103605
-0.000236486
0.00102659
-0.000230965
0.00101336
-0.000222133
0.000997376
-0.000210598
0.000979657
-0.000197093
0.000961071
-0.000182415
0.000942297
-0.000167371
0.000923793
-0.000152749
0.000905771
-0.000139285
0.000888176
-0.00012773
0.000870638
-0.000118661
0.00085251
-0.000112993
-0.000110748
0.000672434
0.000206415
0.000702275
0.000203964
0.000733372
0.000205257
0.000767841
0.000210948
0.000806617
0.000218372
0.000850041
0.000226096
0.000897307
0.000234625
0.000946038
0.000244216
0.000992648
0.000254031
0.00103306
0.000262889
0.00106349
0.000269816
0.00108117
0.000274038
0.00108443
0.000274909
0.00107205
0.000271484
0.00104365
0.0002631
0.00100098
0.000250628
0.000948991
0.000226007
0.000891654
0.0001997
0.000831926
0.000174681
0.000772211
0.000150986
0.000714662
0.000129264
0.00066056
0.000109903
0.000610724
9.3005e-05
0.000565747
7.84284e-05
0.000525803
6.58331e-05
0.000490861
5.49497e-05
0.000460929
4.55692e-05
0.000436277
3.74088e-05
0.00041665
3.01358e-05
0.000401896
2.36452e-05
0.000391722
1.77548e-05
0.000385727
1.2284e-05
0.000383523
7.02782e-06
0.000385235
1.45953e-06
0.000390358
-3.39212e-06
0.000398764
-8.57916e-06
0.000410655
-1.36644e-05
0.000425758
-1.86584e-05
0.000443918
-2.35874e-05
0.000464978
-2.84317e-05
0.000488805
-3.32102e-05
0.000515308
-3.79985e-05
0.000544413
-4.29306e-05
0.000575997
-4.81906e-05
0.000609813
-5.39862e-05
0.000645408
-6.0493e-05
0.000682159
-6.77675e-05
0.000719413
-7.56792e-05
0.000756773
-8.38989e-05
0.000793656
-9.20899e-05
0.00082972
-9.98976e-05
0.000864853
-0.000107024
0.000899048
-0.000113394
0.000932298
-0.000119221
0.000964426
-0.000124992
0.000994961
-0.000131361
0.0010231
-0.000138963
0.00104779
-0.000148191
0.00106796
-0.000159043
0.00108279
-0.000171021
0.0010918
-0.000183253
0.00109482
-0.000194748
0.001092
-0.000204574
0.00108366
-0.000212029
0.00107027
-0.000216679
0.00105245
-0.000218291
0.00103097
-0.000216795
0.00100676
-0.000212277
0.000980786
-0.000204991
0.000953987
-0.000195334
0.000927198
-0.000183809
0.000901093
-0.000170988
0.000876154
-0.000157476
0.000852659
-0.000143876
0.000830692
-0.000130781
0.000810143
-0.000118736
0.000790721
-0.000108307
0.000771908
-9.98487e-05
0.000753063
-9.41479e-05
-9.06541e-05
0.000594386
0.000177666
0.00062317
0.000175179
0.000652324
0.000176104
0.000682116
0.000181156
0.000712926
0.000187562
0.000745616
0.000193406
0.000781186
0.000199055
0.000820202
0.0002052
0.000862424
0.000211809
0.000906726
0.000218586
0.000951243
0.000225299
0.000993697
0.000231584
0.00103176
0.000236849
0.00106303
0.000240214
0.00108534
0.000240788
0.00109756
0.00023841
0.00109979
0.000223775
0.00109371
0.000205784
0.00108085
0.000187538
0.00106272
0.000169114
0.00104099
0.000150993
0.00101721
0.000133689
0.0009927
0.000117512
0.000968553
0.000102576
0.000945535
8.88513e-05
0.000924221
7.62628e-05
0.000905075
6.4716e-05
0.000888428
5.40558e-05
0.000874454
4.41094e-05
0.000863332
3.47678e-05
0.000855167
2.59194e-05
0.000850014
1.74367e-05
0.000847846
9.1963e-06
0.000848012
1.29316e-06
0.00085122
-6.59984e-06
0.000856765
-1.41248e-05
0.000864518
-2.14174e-05
0.000874263
-2.84029e-05
0.000885755
-3.50792e-05
0.000898796
-4.14727e-05
0.000913222
-4.76369e-05
0.000928882
-5.36579e-05
0.000945603
-5.96521e-05
0.000963166
-6.5753e-05
0.000981265
-7.20859e-05
0.000999501
-7.87283e-05
0.0010174
-8.56646e-05
0.00103448
-9.27583e-05
0.00105034
-9.97639e-05
0.00106467
-0.000106415
0.00107726
-0.000112486
0.00108806
-0.000117829
0.00109712
-0.000122457
0.00110449
-0.000126586
0.0011101
-0.000130608
0.00111375
-0.000135005
0.00111501
-0.000140222
0.00111333
-0.000146519
0.00110816
-0.00015387
0.00109906
-0.000161916
0.00108584
-0.000170039
0.00106862
-0.000177524
0.00104774
-0.000183697
0.00102375
-0.000188036
0.000997279
-0.000190209
0.000969035
-0.000190047
0.000939754
-0.000187514
0.000910166
-0.000182689
0.000880936
-0.000175761
0.000852623
-0.000167021
0.000825648
-0.000156834
0.000800284
-0.000145624
0.000776657
-0.000133849
0.000754762
-0.000121982
0.000734481
-0.0001105
0.000715583
-9.9838e-05
0.000697737
-9.04611e-05
0.000680442
-8.2554e-05
0.000663227
-7.69327e-05
-7.23351e-05
0.000525111
0.000151816
0.000551937
0.000148354
0.000579147
0.000148893
0.000606469
0.000153834
0.000634008
0.000160022
0.000661956
0.000165458
0.000690632
0.000170379
0.000720612
0.000175221
0.000752545
0.000179876
0.000786891
0.000184241
0.00082375
0.00018844
0.000862771
0.000192563
0.000903138
0.000196482
0.00094356
0.000199791
0.000982393
0.000201955
0.00101812
0.000202686
0.00104841
0.00019348
0.00107286
0.000181333
0.00109169
0.000168708
0.0011053
0.000155505
0.00111433
0.000141965
0.00111956
0.00012846
0.0011218
0.000115269
0.00112183
0.000102552
0.0011203
9.03715e-05
0.00111783
7.87399e-05
0.0011149
6.76433e-05
0.00111192
5.70329e-05
0.0011092
4.68357e-05
0.00110697
3.69928e-05
0.00110544
2.74562e-05
0.0011047
1.81752e-05
0.00110476
9.13094e-06
0.00110551
5.48606e-07
0.001107
-8.09394e-06
0.00110902
-1.61398e-05
0.00111145
-2.38467e-05
0.0011142
-3.11584e-05
0.00111718
-3.80632e-05
0.0011203
-4.45909e-05
0.00112346
-5.07961e-05
0.00112656
-5.67548e-05
0.00112947
-6.25604e-05
0.00113202
-6.83102e-05
0.00113402
-7.40846e-05
0.00113521
-7.99197e-05
0.00113533
-8.57831e-05
0.00113414
-9.15638e-05
0.00113146
-9.709e-05
0.00112723
-0.000102181
0.00112145
-0.000106701
0.00111421
-0.000110591
0.00110566
-0.000113909
0.00109593
-0.000116852
0.00108505
-0.000119729
0.00107294
-0.000122901
0.0010594
-0.000126683
0.00104414
-0.000131256
0.00102687
-0.000136595
0.00100739
-0.000142444
0.000985719
-0.000148364
0.000962026
-0.000153831
0.000936665
-0.000158336
0.000910091
-0.000161463
0.000882801
-0.000162919
0.000855292
-0.000162538
0.00082803
-0.000160252
0.000801424
-0.000156083
0.000775807
-0.000150144
0.000751415
-0.000142629
0.000728392
-0.000133811
0.000706791
-0.000124023
0.000686594
-0.000113651
0.000667718
-0.000103106
0.00065003
-9.2812e-05
0.000633337
-8.31455e-05
0.000617389
-7.4513e-05
0.000601798
-6.69624e-05
0.000586234
-6.13695e-05
-5.57376e-05
0.00046394
0.000128552
0.00048864
0.000123654
0.000513481
0.000124052
0.00053816
0.000129154
0.000563124
0.000135058
0.000588448
0.000140134
0.000613974
0.000144852
0.00063977
0.000149425
0.000666092
0.000153554
0.000693259
0.000157073
0.000721632
0.000160067
0.000751552
0.000162643
0.000783217
0.000164817
0.000816537
0.000166471
0.000851078
0.000167414
0.000886205
0.000167559
0.000919785
0.0001599
0.000950933
0.000150186
0.000979274
0.000140366
0.00100455
0.000130234
0.00102667
0.000119839
0.00104576
0.000109372
0.00106203
9.89995e-05
0.00107576
8.88176e-05
0.00108726
7.88699e-05
0.00109683
6.91716e-05
0.00110475
5.97244e-05
0.00111127
5.05122e-05
0.0011166
4.1504e-05
0.00112092
3.26758e-05
0.00112436
2.40176e-05
0.001127
1.55311e-05
0.00112889
7.24205e-06
0.00113014
-7.01026e-07
0.00113057
-8.51978e-06
0.0011303
-1.58683e-05
0.0011293
-2.28473e-05
0.00112758
-2.94446e-05
0.00112517
-3.56518e-05
0.00112207
-4.14913e-05
0.00111829
-4.701e-05
0.0011138
-5.22716e-05
0.00110859
-5.73495e-05
0.0011026
-6.23155e-05
0.00109574
-6.72238e-05
0.00108791
-7.20938e-05
0.00107902
-7.6896e-05
0.00106901
-8.15498e-05
0.00105786
-8.59388e-05
0.00104562
-8.99451e-05
0.00103241
-9.34879e-05
0.00101837
-9.65503e-05
0.00100366
-9.92011e-05
0.000988412
-0.000101604
0.000972681
-0.000103998
0.000956431
-0.00010665
0.000939542
-0.000109794
0.000921845
-0.000113559
0.000903176
-0.000117925
0.000883437
-0.000122705
0.000862641
-0.000127569
0.000840921
-0.000132111
0.000818504
-0.000135919
0.000795676
-0.000138634
0.000772736
-0.00013998
0.000749969
-0.00013977
0.000727619
-0.000137902
0.000705887
-0.000134352
0.00068492
-0.000129177
0.00066481
-0.000122519
0.0006456
-0.000114601
0.000627298
-0.000105721
0.000609881
-9.62345e-05
0.000593306
-8.65311e-05
0.000577506
-7.70124e-05
0.000562384
-6.8023e-05
0.000547786
-5.99155e-05
0.000533459
-5.26347e-05
0.000519119
-4.70293e-05
-4.05585e-05
0.000410014
0.000107502
0.000432754
0.000100914
0.000455183
0.000101623
0.000477153
0.000107184
0.000499457
0.000112755
0.000522205
0.000117385
0.000545207
0.000121851
0.000568446
0.000126186
0.000591948
0.000130051
0.000615699
0.000133323
0.00063974
0.000136025
0.000664215
0.000138168
0.000689316
0.000139716
0.0007152
0.000140588
0.000741924
0.00014069
0.00076946
0.000140024
0.000796517
0.000132843
0.000822612
0.000124091
0.00084752
0.000115458
0.000870974
0.00010678
0.000892759
9.80542e-05
0.00091275
8.93812e-05
0.000930898
8.0851e-05
0.00094721
7.25059e-05
0.000961726
6.43537e-05
0.000974511
5.63874e-05
0.00098564
4.85949e-05
0.000995195
4.09573e-05
0.00100325
3.3451e-05
0.00100986
2.60599e-05
0.0010151
1.87838e-05
0.00101899
1.16365e-05
0.00102158
4.65024e-06
0.00102298
-2.09934e-06
0.00102313
-8.66702e-06
0.00102218
-1.49154e-05
0.00102016
-2.08348e-05
0.00101715
-2.64292e-05
0.0010132
-3.16994e-05
0.00100837
-3.66634e-05
0.00100272
-4.13596e-05
0.000996286
-4.58397e-05
0.000989098
-5.01606e-05
0.000981157
-5.43752e-05
0.000972455
-5.85211e-05
0.00096297
-6.2609e-05
0.000952688
-6.66142e-05
0.000941615
-7.04769e-05
0.000929791
-7.41143e-05
0.000917291
-7.7445e-05
0.00090422
-8.04171e-05
0.000890699
-8.3029e-05
0.000876842
-8.53445e-05
0.000862734
-8.7496e-05
0.000848407
-8.96703e-05
0.00083383
-9.20733e-05
0.000818918
-9.48824e-05
0.000803555
-9.81968e-05
0.00078763
-0.000102
0.000771072
-0.000106146
0.000753878
-0.000110374
0.000736117
-0.00011435
0.00071792
-0.000117722
0.000699449
-0.000120164
0.000680878
-0.000121408
0.000662363
-0.000121255
0.000644038
-0.000119577
0.000626009
-0.000116323
0.000608355
-0.000111523
0.000591131
-0.000105295
0.000574376
-9.78459e-05
0.000558119
-8.94643e-05
0.000542386
-8.05016e-05
0.000527199
-7.13439e-05
0.000512567
-6.23802e-05
0.000498476
-5.39327e-05
0.000484852
-4.62913e-05
0.000471554
-3.93365e-05
0.000458265
-3.37403e-05
-2.67532e-05
0.000362528
8.82939e-05
0.000383496
7.99455e-05
0.000403597
8.15223e-05
0.000423065
8.77166e-05
0.000442882
9.2938e-05
0.00046308
9.71865e-05
0.000483528
0.000101403
0.000504302
0.000105412
0.000525428
0.000108926
0.000546817
0.000111934
0.000568383
0.00011446
0.00059008
0.00011647
0.000611895
0.000117901
0.000633822
0.00011866
0.000655861
0.000118651
0.000678026
0.000117858
0.00069941
0.000111459
0.000719818
0.000103682
0.000739259
9.6017e-05
0.00075767
8.83692e-05
0.000774971
8.07525e-05
0.000791103
7.32498e-05
0.000806022
6.59316e-05
0.000819702
5.88257e-05
0.000832127
5.19289e-05
0.00084329
4.52246e-05
0.000853193
3.86922e-05
0.000861842
3.2308e-05
0.000869246
2.60471e-05
0.000875413
1.98927e-05
0.000880355
1.38422e-05
0.000884085
7.90589e-06
0.000886633
2.10207e-06
0.00088806
-3.52581e-06
0.000888384
-8.99154e-06
0.000887693
-1.42235e-05
0.000886042
-1.91847e-05
0.000883492
-2.38784e-05
0.000880105
-2.83124e-05
0.000875945
-3.25037e-05
0.000871069
-3.64842e-05
0.000865525
-4.02956e-05
0.000859347
-4.39825e-05
0.000852556
-4.75838e-05
0.00084516
-5.11254e-05
0.000837162
-5.4611e-05
0.000828565
-5.80173e-05
0.000819384
-6.12956e-05
0.000809651
-6.43815e-05
0.00079942
-6.72137e-05
0.000788758
-6.97551e-05
0.00077774
-7.2011e-05
0.000766434
-7.40387e-05
0.000754888
-7.59495e-05
0.000743114
-7.78967e-05
0.000731088
-8.00474e-05
0.000718751
-8.2545e-05
0.000706024
-8.54696e-05
0.00069283
-8.88073e-05
0.00067912
-9.24363e-05
0.000664883
-9.61368e-05
0.000650154
-9.96207e-05
0.000635004
-0.000102572
0.000619528
-0.000104688
0.000603824
-0.000105704
0.000587984
-0.000105415
0.00057209
-0.000103683
0.000556213
-0.000100446
0.000540419
-9.57287e-05
0.000524773
-8.96491e-05
0.000509346
-8.24188e-05
0.000494215
-7.43333e-05
0.000479463
-6.57491e-05
0.00046517
-5.70514e-05
0.000451403
-4.86133e-05
0.000438205
-4.07349e-05
0.000425545
-3.36305e-05
0.000413366
-2.71575e-05
0.000401275
-2.16493e-05
-1.45293e-05
0.000320758
7.05691e-05
0.000340087
6.06163e-05
0.000357962
6.36468e-05
0.000375207
7.04722e-05
0.000392821
7.53239e-05
0.000410692
7.93152e-05
0.00042876
8.33349e-05
0.000447167
8.70049e-05
0.000465946
9.01469e-05
0.000485034
9.28466e-05
0.000504361
9.51318e-05
0.000523866
9.69655e-05
0.000543472
9.82953e-05
0.000563089
9.90433e-05
0.00058262
9.91199e-05
0.00060199
9.84888e-05
0.000620351
9.3098e-05
0.000637546
8.64876e-05
0.000653638
7.99245e-05
0.000668654
7.33534e-05
0.000682607
6.67998e-05
0.000695514
6.03429e-05
0.000707394
5.4051e-05
0.000718266
4.79537e-05
0.000728144
4.20511e-05
0.000737039
3.63293e-05
0.000744962
3.07694e-05
0.000751921
2.53496e-05
0.000757921
2.00467e-05
0.000762968
1.48452e-05
0.000767069
9.74191e-06
0.00077023
4.74468e-06
0.000772473
-1.41421e-07
0.000773829
-4.88111e-06
0.000774313
-9.47628e-06
0.00077397
-1.38798e-05
0.000772844
-1.80593e-05
0.000770981
-2.20151e-05
0.000768427
-2.57586e-05
0.000765231
-2.93075e-05
0.000761436
-3.26895e-05
0.00075708
-3.59393e-05
0.00075219
-3.90925e-05
0.000746785
-4.21785e-05
0.000740873
-4.5214e-05
0.00073446
-4.81973e-05
0.000727547
-5.11045e-05
0.000720144
-5.38926e-05
0.00071227
-5.65076e-05
0.000703956
-5.88999e-05
0.000695243
-6.1042e-05
0.000686175
-6.29426e-05
0.000676791
-6.4655e-05
0.000667119
-6.62774e-05
0.000657164
-6.7942e-05
0.000646908
-6.97912e-05
0.000636309
-7.19464e-05
0.000625314
-7.44744e-05
0.000613868
-7.73609e-05
0.000601929
-8.04978e-05
0.000589481
-8.36889e-05
0.000576534
-8.66734e-05
0.000563121
-8.91593e-05
0.000549291
-9.08586e-05
0.000535103
-9.15163e-05
0.000520619
-9.09313e-05
0.000505907
-8.8971e-05
0.000491045
-8.55832e-05
0.000476122
-8.0806e-05
0.000461246
-7.47732e-05
0.000446539
-6.77115e-05
0.000432131
-5.9925e-05
0.000418151
-5.177e-05
0.000404719
-4.36193e-05
0.000391924
-3.58184e-05
0.000379829
-2.86395e-05
0.00036841
-2.22111e-05
0.000357665
-1.64131e-05
0.000347118
-1.11025e-05
-4.22069e-06
0.000284047
5.39955e-05
0.000301804
4.28589e-05
0.000317587
4.78637e-05
0.000332894
5.51659e-05
0.00034856
5.96572e-05
0.000364358
6.35176e-05
0.000380324
6.73691e-05
0.000396615
7.0713e-05
0.000413243
7.35193e-05
0.000430156
7.59341e-05
0.000447315
7.79723e-05
0.000464681
7.95992e-05
0.000482194
8.07829e-05
0.000499769
8.1468e-05
0.000517305
8.15836e-05
0.000534701
8.10935e-05
0.000551148
7.66512e-05
0.000566467
7.11685e-05
0.000580697
6.56937e-05
0.000593864
6.01864e-05
0.000605992
5.4672e-05
0.000617114
4.92212e-05
0.000627268
4.38972e-05
0.000636491
3.87301e-05
0.000644819
3.37237e-05
0.00065228
2.88679e-05
0.000658901
2.41481e-05
0.000664704
1.95468e-05
0.000669707
1.50441e-05
0.000673924
1.06281e-05
0.000677367
6.29864e-06
0.000680051
2.06137e-06
0.000681984
-2.07525e-06
0.000683188
-6.08526e-06
0.000683673
-9.96116e-06
0.000683466
-1.36729e-05
0.000682602
-1.71952e-05
0.000681115
-2.05277e-05
0.000679039
-2.3683e-05
0.000676412
-2.66799e-05
0.000673266
-2.95437e-05
0.000669631
-3.23043e-05
0.00066553
-3.4991e-05
0.000660977
-3.76261e-05
0.000655982
-4.02193e-05
0.000650549
-4.27638e-05
0.000644679
-4.52343e-05
0.000638376
-4.75897e-05
0.00063165
-4.97813e-05
0.000624516
-5.17661e-05
0.000616995
-5.35216e-05
0.000609111
-5.50585e-05
0.000600883
-5.64271e-05
0.000592323
-5.77174e-05
0.000583429
-5.90476e-05
0.000574182
-6.05442e-05
0.000564549
-6.23133e-05
0.000554486
-6.44113e-05
0.000543946
-6.68215e-05
0.000532891
-6.94425e-05
0.000521295
-7.20928e-05
0.000509152
-7.45305e-05
0.000496476
-7.64835e-05
0.000483301
-7.76828e-05
0.000469676
-7.78916e-05
0.000455673
-7.69282e-05
0.000441384
-7.4682e-05
0.000426926
-7.11251e-05
0.000412439
-6.63195e-05
0.000398084
-6.0418e-05
0.000384029
-5.36564e-05
0.00037044
-4.63357e-05
0.000357464
-3.87943e-05
0.000345221
-3.13761e-05
0.000333787
-2.43844e-05
0.000323207
-1.80599e-05
0.000313438
-1.24422e-05
0.000304511
-7.48543e-06
0.000295887
-2.47923e-06
3.88664e-06
0.000251798
3.82836e-05
0.000267991
2.66658e-05
0.000281861
3.39937e-05
0.000295502
4.15254e-05
0.000309434
4.5725e-05
0.000323392
4.95594e-05
0.000337522
5.32395e-05
0.000351964
5.62708e-05
0.000366698
5.87856e-05
0.000381678
6.09537e-05
0.000396879
6.2771e-05
0.000412271
6.42076e-05
0.000427807
6.52475e-05
0.000443423
6.58518e-05
0.000459041
6.59658e-05
0.000474573
6.55608e-05
0.000489291
6.19332e-05
0.000503018
5.74414e-05
0.000515777
5.29353e-05
0.000527579
4.83838e-05
0.000538441
4.381e-05
0.000548387
3.92755e-05
0.000557448
3.48367e-05
0.000565656
3.05216e-05
0.000573045
2.63343e-05
0.000579646
2.22671e-05
0.000585486
1.83083e-05
0.000590589
1.44437e-05
0.000594978
1.06553e-05
0.00059867
6.93557e-06
0.000601682
3.28746e-06
0.000604026
-2.82929e-07
0.000605716
-3.7654e-06
0.000606769
-7.13854e-06
0.000607199
-1.03905e-05
0.000607026
-1.34999e-05
0.000606278
-1.64475e-05
0.000604983
-1.9233e-05
0.00060317
-2.18696e-05
0.000600866
-2.43764e-05
0.0005981
-2.67772e-05
0.000594893
-2.90981e-05
0.000591265
-3.13629e-05
0.000587227
-3.35878e-05
0.000582784
-3.57764e-05
0.000577937
-3.79166e-05
0.000572683
-3.99798e-05
0.000567017
-4.19245e-05
0.00056094
-4.37041e-05
0.000554453
-4.52791e-05
0.000547562
-4.66303e-05
0.000540274
-4.77703e-05
0.000532595
-4.87488e-05
0.000524529
-4.96513e-05
0.00051607
-5.05879e-05
0.000507199
-5.16742e-05
0.000497891
-5.30049e-05
0.000488108
-5.46282e-05
0.000477811
-5.65243e-05
0.000466965
-5.85962e-05
0.000455546
-6.06746e-05
0.000443552
-6.25361e-05
0.000431
-6.39321e-05
0.000417938
-6.46202e-05
0.000404439
-6.43929e-05
0.00039061
-6.30989e-05
0.000376586
-6.06585e-05
0.000362533
-5.70717e-05
0.000348634
-5.24208e-05
0.000335083
-4.68671e-05
0.000322067
-4.06403e-05
0.000309751
-3.40197e-05
0.000298266
-2.73085e-05
0.000287697
-2.08076e-05
0.000278082
-1.47697e-05
0.000269429
-9.40656e-06
0.000261658
-4.67082e-06
0.000254821
-6.4872e-07
0.000248374
3.96807e-06
9.68743e-06
0.000223468
2.31979e-05
0.000238065
1.20692e-05
0.000250246
2.18126e-05
0.00026246
2.93108e-05
0.00027484
3.33453e-05
0.000287179
3.7221e-05
0.000299709
4.07089e-05
0.000312534
4.34456e-05
0.000325611
4.57085e-05
0.000338904
4.76613e-05
0.000352391
4.92841e-05
0.000366043
5.05554e-05
0.000379819
5.14711e-05
0.000393667
5.20038e-05
0.000407523
5.21102e-05
0.000421315
5.17685e-05
0.000434398
4.88506e-05
0.000446613
4.5226e-05
0.00045798
4.15685e-05
0.000468509
3.78548e-05
0.000478211
3.41074e-05
0.000487105
3.03818e-05
0.000495213
2.67287e-05
0.000502561
2.31736e-05
0.000509175
1.97204e-05
0.00051508
1.63624e-05
0.000520298
1.30899e-05
0.000524851
9.89085e-06
0.000528759
6.74758e-06
0.000532037
3.65682e-06
0.000534702
6.22468e-07
0.00053677
-2.35007e-06
0.000538252
-5.24791e-06
0.000539165
-8.05107e-06
0.00053952
-1.07453e-05
0.000539333
-1.33133e-05
0.000538625
-1.57398e-05
0.000537417
-1.80247e-05
0.000535728
-2.01812e-05
0.00053358
-2.22284e-05
0.000530992
-2.41884e-05
0.000527977
-2.60838e-05
0.000524548
-2.79337e-05
0.000520709
-2.97487e-05
0.000516459
-3.15267e-05
0.000511793
-3.32507e-05
0.000506703
-3.48892e-05
0.000501179
-3.64004e-05
0.000495214
-3.77397e-05
0.000488807
-3.88719e-05
0.00048196
-3.97827e-05
0.000474678
-4.04889e-05
0.000466971
-4.10418e-05
0.000458845
-4.15252e-05
0.000450301
-4.20434e-05
0.000441329
-4.27029e-05
0.000431913
-4.35886e-05
0.000422025
-4.47405e-05
0.000411637
-4.61361e-05
0.000400724
-4.76833e-05
0.000389276
-4.92261e-05
0.000377303
-5.05632e-05
0.000364845
-5.14744e-05
0.000351975
-5.17501e-05
0.000338799
-5.12171e-05
0.000325458
-4.97577e-05
0.000312121
-4.73211e-05
0.000298977
-4.39279e-05
0.000286226
-3.96697e-05
0.00027406
-3.47016e-05
0.000262652
-2.92318e-05
0.000252136
-2.35042e-05
0.000242604
-1.77764e-05
0.000234098
-1.23013e-05
0.000226607
-7.27912e-06
0.000220103
-2.90204e-06
0.000214469
9.62684e-07
0.000209769
4.05115e-06
0.000205534
8.20314e-06
1.32668e-05
0.00019856
8.56698e-06
0.000211522
-8.91878e-07
0.000222268
1.10659e-05
0.000233251
1.8328e-05
0.000244237
2.2359e-05
0.000255159
2.62993e-05
0.000266295
2.95725e-05
0.0002777
3.20412e-05
0.00028932
3.40886e-05
0.000301127
3.58533e-05
0.000313106
3.73055e-05
0.000325227
3.84343e-05
0.000337453
3.92456e-05
0.000349736
3.97202e-05
0.000362023
3.98239e-05
0.00037425
3.95416e-05
0.000385844
3.72561e-05
0.000396666
3.44038e-05
0.000406734
3.15007e-05
0.000416059
2.85302e-05
0.000424651
2.55152e-05
0.000432525
2.25073e-05
0.0004397
1.95535e-05
0.000446197
1.66775e-05
0.000452034
1.3883e-05
0.000457233
1.11638e-05
0.00046181
8.51256e-06
0.000465782
5.91875e-06
0.000469165
3.36438e-06
0.000471975
8.4735e-07
0.000474224
-1.62724e-06
0.000475924
-4.0498e-06
0.000477081
-6.40521e-06
0.000477704
-8.67412e-06
0.000477801
-1.08414e-05
0.000477379
-1.28918e-05
0.000476452
-1.48131e-05
0.000475034
-1.66061e-05
0.000473137
-1.82841e-05
0.000470774
-1.98663e-05
0.00046796
-2.13735e-05
0.000464702
-2.28259e-05
0.000461007
-2.42387e-05
0.000456876
-2.56183e-05
0.000452308
-2.69586e-05
0.000447298
-2.82402e-05
0.000441839
-2.94311e-05
0.000435931
-3.04914e-05
0.000429573
-3.13818e-05
0.000422774
-3.20733e-05
0.00041555
-3.25584e-05
0.00040792
-3.28586e-05
0.000399905
-3.30271e-05
0.000391524
-3.31444e-05
0.000382788
-3.33073e-05
0.000373696
-3.36116e-05
0.000364239
-3.41307e-05
0.000354394
-3.48964e-05
0.000344142
-3.58838e-05
0.000333466
-3.70074e-05
0.000322368
-3.81275e-05
0.000310872
-3.90675e-05
0.000299036
-3.96384e-05
0.000286951
-3.96649e-05
0.000274741
-3.90072e-05
0.00026256
-3.75769e-05
0.000250584
-3.53453e-05
0.000239001
-3.23443e-05
0.000227995
-2.86636e-05
0.000217735
-2.44422e-05
0.000208362
-1.98584e-05
0.000199973
-1.51149e-05
0.000192617
-1.04212e-05
0.0001863
-5.9834e-06
0.000180973
-1.95256e-06
0.00017658
1.49062e-06
0.000172989
4.55438e-06
0.000170256
6.78383e-06
0.000168044
1.0415e-05
1.48766e-05
0.000176567
-5.65348e-06
0.000187955
-1.22801e-05
0.000197512
1.50905e-06
0.000207404
8.43591e-06
0.000217123
1.26396e-05
0.000226779
1.66438e-05
0.000236648
1.9703e-05
0.000246739
2.19507e-05
0.000257
2.38272e-05
0.000267416
2.54376e-05
0.000277972
2.67492e-05
0.000288644
2.77624e-05
0.000299398
2.84916e-05
0.000310193
2.8925e-05
0.00032098
2.90374e-05
0.000331701
2.88202e-05
0.000341852
2.71051e-05
0.000351308
2.49479e-05
0.000360083
2.27253e-05
0.000368187
2.04262e-05
0.000375629
1.8074e-05
0.000382418
1.57178e-05
0.00038857
1.34015e-05
0.0003941
1.11474e-05
0.000399024
8.95899e-06
0.000403357
6.83088e-06
0.000407112
4.75776e-06
0.000410299
2.73139e-06
0.000412935
7.28806e-07
0.000415029
-1.24633e-06
0.000416583
-3.18127e-06
0.0004176
-5.06688e-06
0.000418083
-6.88879e-06
0.000418038
-8.62904e-06
0.00041747
-1.02732e-05
0.000416387
-1.18084e-05
0.000414799
-1.32258e-05
0.000412721
-1.45278e-05
0.000410166
-1.57288e-05
0.000407147
-1.68479e-05
0.000403679
-1.79053e-05
0.000399772
-1.89189e-05
0.000395435
-1.99015e-05
0.000390673
-2.08566e-05
0.000385491
-2.17766e-05
0.000379893
-2.2642e-05
0.000373885
-2.3423e-05
0.000367479
-2.40849e-05
0.000360692
-2.45948e-05
0.000353549
-2.49311e-05
0.000346083
-2.50921e-05
0.000338326
-2.51019e-05
0.000330311
-2.50116e-05
0.000322061
-2.48949e-05
0.000313591
-2.4837e-05
0.000304899
-2.49198e-05
0.000295973
-2.52041e-05
0.000286789
-2.5713e-05
0.000277327
-2.64209e-05
0.00026757
-2.72507e-05
0.000257523
-2.8081e-05
0.000247217
-2.87615e-05
0.000236713
-2.91343e-05
0.000226105
-2.90565e-05
0.000215516
-2.84181e-05
0.000205094
-2.71552e-05
0.000195004
-2.52547e-05
0.000185413
-2.27536e-05
0.000176483
-1.97341e-05
0.000168356
-1.63149e-05
0.000161139
-1.26415e-05
0.000154899
-8.87505e-06
0.000149657
-5.17862e-06
0.000145389
-1.71568e-06
0.000142029
1.40734e-06
0.000139506
4.01414e-06
0.000137682
6.37805e-06
0.000136599
7.86687e-06
0.000136069
1.09447e-05
1.4884e-05
0.000157032
-1.93901e-05
0.000167042
-2.22905e-05
0.000175621
-7.0691e-06
0.00018441
-3.5355e-07
0.000192822
4.2272e-06
0.00020113
8.33583e-06
0.000209587
1.12468e-05
0.00021818
1.33573e-05
0.000226884
1.51233e-05
0.000235701
1.66204e-05
0.000244629
1.78218e-05
0.000253649
1.87425e-05
0.000262733
1.94067e-05
0.000271846
1.98121e-05
0.00028094
1.99437e-05
0.00028996
1.98004e-05
0.000298473
1.85916e-05
0.00030637
1.70515e-05
0.000313656
1.54392e-05
0.000320335
1.37475e-05
0.000326409
1.19999e-05
0.000331884
1.02423e-05
0.00033677
8.51535e-06
0.000341079
6.83917e-06
0.000344821
5.21655e-06
0.000348009
3.64247e-06
0.000350653
2.11375e-06
0.000352761
6.23982e-07
0.000354344
-8.54228e-07
0.000355399
-2.30142e-06
0.00035593
-3.71213e-06
0.000355942
-5.07919e-06
0.000355442
-6.3891e-06
0.00035444
-7.62653e-06
0.000352946
-8.77913e-06
0.000350975
-9.83703e-06
0.000348543
-1.07946e-05
0.000345672
-1.16561e-05
0.000342379
-1.24361e-05
0.000338684
-1.31529e-05
0.000334604
-1.38252e-05
0.000330153
-1.44685e-05
0.000325345
-1.50932e-05
0.00032019
-1.57012e-05
0.000314698
-1.62847e-05
0.000308882
-1.6826e-05
0.000302758
-1.72995e-05
0.00029635
-1.76763e-05
0.000289685
-1.79305e-05
0.0002828
-1.80463e-05
0.000275734
-1.80254e-05
0.000268523
-1.78911e-05
0.0002612
-1.76886e-05
0.000253786
-1.74805e-05
0.000246286
-1.73375e-05
0.000238692
-1.73262e-05
0.000230982
-1.74942e-05
0.000223126
-1.78569e-05
0.000215095
-1.83897e-05
0.00020687
-1.90255e-05
0.000198451
-1.96622e-05
0.000189865
-2.01756e-05
0.000181169
-2.04378e-05
0.000172448
-2.03361e-05
0.000163818
-1.97878e-05
0.000155413
-1.87499e-05
0.00014738
-1.72218e-05
0.000139869
-1.52427e-05
0.000133019
-1.28845e-05
0.000126948
-1.02436e-05
0.000121739
-7.43232e-06
0.000117436
-4.57214e-06
0.00011404
-1.78288e-06
0.000111516
8.08714e-07
0.000109786
3.1368e-06
0.000108773
5.02724e-06
0.000108352
6.79959e-06
0.000108527
7.69144e-06
0.000109277
1.01946e-05
1.36985e-05
0.000139698
-3.26074e-05
0.000148437
-3.10298e-05
0.000155932
-1.45644e-05
0.000163128
-7.54891e-06
0.000169632
-2.27758e-06
0.00017593
2.03781e-06
0.000182297
4.88037e-06
0.000188755
6.89909e-06
0.000195323
8.55557e-06
0.000202025
9.91836e-06
0.000208864
1.09827e-05
0.000215822
1.1784e-05
0.000222869
1.23595e-05
0.000229964
1.27178e-05
0.000237053
1.28548e-05
0.000244077
1.27763e-05
0.000250684
1.1984e-05
0.000256777
1.09587e-05
0.00026235
9.8664e-06
0.000267396
8.70159e-06
0.000271909
7.48613e-06
0.000275891
6.26051e-06
0.000279347
5.05972e-06
0.000282286
3.90049e-06
0.000284718
2.78418e-06
0.000286655
1.70563e-06
0.000288104
6.64138e-07
0.000289075
-3.46972e-07
0.000289573
-1.35175e-06
0.000289601
-2.32949e-06
0.00028917
-3.28114e-06
0.000288289
-4.19855e-06
0.000286971
-5.07078e-06
0.00028523
-5.88556e-06
0.000283084
-6.63307e-06
0.000280553
-7.30627e-06
0.000277661
-7.90196e-06
0.00027443
-8.42517e-06
0.000270883
-8.88897e-06
0.000267039
-9.30975e-06
0.000262917
-9.70315e-06
0.000258531
-1.00819e-05
0.000253892
-1.04541e-05
0.000249011
-1.08204e-05
0.0002439
-1.11739e-05
0.000238574
-1.14997e-05
0.000233051
-1.1777e-05
0.000227358
-1.19832e-05
0.000221526
-1.20982e-05
0.000215591
-1.21109e-05
0.000209589
-1.20241e-05
0.000203556
-1.18577e-05
0.000197515
-1.16483e-05
0.000191481
-1.14457e-05
0.000185448
-1.13053e-05
0.0001794
-1.12779e-05
0.000173305
-1.13989e-05
0.000167126
-1.16776e-05
0.000160827
-1.2091e-05
0.000154385
-1.25833e-05
0.000147794
-1.30717e-05
0.000141076
-1.34578e-05
0.000134281
-1.36429e-05
0.000127488
-1.35431e-05
0.000120802
-1.31012e-05
0.000114345
-1.22933e-05
0.000108252
-1.11287e-05
0.000102654
-9.64502e-06
9.76713e-05
-7.90147e-06
9.33983e-05
-5.97062e-06
8.98986e-05
-3.93257e-06
8.71987e-05
-1.87222e-06
8.52885e-05
1.27283e-07
8.41242e-05
1.97305e-06
8.3631e-05
3.63001e-06
8.37271e-05
4.93109e-06
8.43125e-05
6.2142e-06
8.53407e-05
6.66322e-06
8.69541e-05
8.58129e-06
1.17216e-05
0.000124195
-4.51639e-05
0.000131114
-3.79487e-05
0.000136333
-1.97839e-05
0.000140506
-1.17219e-05
0.000143878
-5.64946e-06
0.000147204
-1.2887e-06
0.000150766
1.31899e-06
0.000154592
3.07243e-06
0.000158696
4.45212e-06
0.000163072
5.54173e-06
0.000167692
6.36357e-06
0.000172507
6.96819e-06
0.000177468
7.39841e-06
0.000182518
7.66806e-06
0.000187594
7.77869e-06
0.000192632
7.73911e-06
0.00019736
7.25587e-06
0.000201695
6.62338e-06
0.000205623
5.93895e-06
0.000209127
5.19733e-06
0.000212197
4.41614e-06
0.000214829
3.62795e-06
0.000217029
2.86015e-06
0.000218804
2.1249e-06
0.000220167
1.42183e-06
0.000221127
7.4533e-07
0.000221695
9.64455e-08
0.00022188
-5.32608e-07
0.000221689
-1.16061e-06
0.000221131
-1.77165e-06
0.000220216
-2.36594e-06
0.000218955
-2.93702e-06
0.000217361
-3.47658e-06
0.00021545
-3.97539e-06
0.000213244
-4.42625e-06
0.000210762
-4.82436e-06
0.000208028
-5.16797e-06
0.000205064
-5.46163e-06
0.000201891
-5.71603e-06
0.000198526
-5.94422e-06
0.000194981
-6.15829e-06
0.000191267
-6.36787e-06
0.000187391
-6.57869e-06
0.000183362
-6.79108e-06
0.000179187
-6.9993e-06
0.00017488
-7.19185e-06
0.000170456
-7.35317e-06
0.000165939
-7.46634e-06
0.000161358
-7.5169e-06
0.000156744
-7.4971e-06
0.000152129
-7.40961e-06
0.000147541
-7.26966e-06
0.000142998
-7.1047e-06
0.000138503
-6.95136e-06
0.000134048
-6.84995e-06
0.000129607
-6.83682e-06
0.000125144
-6.93605e-06
0.000120618
-7.15189e-06
0.000115992
-7.46447e-06
0.000111238
-7.82961e-06
0.000106351
-8.18405e-06
0.000101348
-8.45496e-06
9.62767e-05
-8.5719e-06
9.12122e-05
-8.47851e-06
8.62515e-05
-8.14055e-06
8.15073e-05
-7.5491e-06
7.70972e-05
-6.71856e-06
7.31332e-05
-5.68104e-06
6.97116e-05
-4.4799e-06
6.69052e-05
-3.16423e-06
6.47581e-05
-1.78542e-06
6.3284e-05
-3.98136e-07
6.24664e-05
9.4485e-07
6.22606e-05
2.17892e-06
6.26016e-05
3.28898e-06
6.34059e-05
4.12676e-06
6.46102e-05
5.00995e-06
6.6103e-05
5.17041e-06
6.81734e-05
6.51093e-06
9.3151e-06
0.000109445
-5.60711e-05
0.000112552
-4.10552e-05
0.000113317
-2.05495e-05
0.00011302
-1.14241e-05
0.000112712
-5.34161e-06
0.000113147
-1.72376e-06
0.000114323
1.42801e-07
0.000116073
1.32252e-06
0.000118287
2.23829e-06
0.00012088
2.94839e-06
0.000123772
3.47108e-06
0.000126891
3.84925e-06
0.000130173
4.11708e-06
0.000133556
4.28513e-06
0.000136979
4.35497e-06
0.000140384
4.33434e-06
0.000143576
4.06374e-06
0.000146492
3.70818e-06
0.000149112
3.31826e-06
0.000151421
2.88884e-06
0.000153404
2.43253e-06
0.000155059
1.97297e-06
0.00015639
1.52933e-06
0.000157406
1.10899e-06
0.000158118
7.10306e-07
0.000158535
3.28205e-07
0.000158669
-3.83561e-08
0.000158529
-3.91982e-07
0.000158119
-7.50436e-07
0.000157446
-1.0992e-06
0.000156519
-1.43872e-06
0.000155347
-1.76454e-06
0.000153941
-2.07094e-06
0.000152317
-2.35153e-06
0.000150492
-2.60145e-06
0.000148486
-2.81764e-06
0.000146317
-2.99908e-06
0.000144004
-3.14921e-06
0.000141564
-3.27578e-06
0.000139008
-3.38806e-06
0.000136344
-3.4945e-06
0.000133578
-3.60166e-06
0.000130713
-3.7134e-06
0.000127751
-3.82985e-06
0.000124699
-3.94695e-06
0.000121564
-4.0568e-06
0.000118359
-4.14879e-06
0.000115105
-4.21147e-06
0.000111823
-4.23518e-06
0.000108541
-4.2148e-06
0.000105283
-4.15233e-06
0.000102072
-4.05815e-06
9.89178e-05
-3.95072e-06
9.58209e-05
-3.85444e-06
9.27668e-05
-3.79586e-06
8.97284e-05
-3.79842e-06
8.66691e-05
-3.87677e-06
8.3549e-05
-4.0317e-06
8.0332e-05
-4.24747e-06
7.69946e-05
-4.4922e-06
7.35327e-05
-4.72222e-06
6.99669e-05
-4.88917e-06
6.63437e-05
-4.94863e-06
6.2733e-05
-4.8678e-06
5.92224e-05
-4.62996e-06
5.59084e-05
-4.23513e-06
5.28871e-05
-3.69724e-06
5.02453e-05
-3.03925e-06
4.8054e-05
-2.28861e-06
4.6364e-05
-1.47418e-06
4.52035e-05
-6.25007e-07
4.45783e-05
2.27098e-07
4.44706e-05
1.05251e-06
4.48413e-05
1.80824e-06
4.56395e-05
2.49081e-06
4.67818e-05
2.98443e-06
4.82479e-05
3.54388e-06
4.98593e-05
3.55901e-06
5.20117e-05
4.35847e-06
6.78493e-06
9.33263e-05
-6.24225e-05
8.97537e-05
-3.74826e-05
8.50008e-05
-1.57966e-05
8.10059e-05
-7.42923e-06
7.86444e-05
-2.98007e-06
7.78315e-05
-9.10846e-07
7.79907e-05
-1.64301e-08
7.87457e-05
5.67479e-07
7.99297e-05
1.05432e-06
8.14452e-05
1.43293e-06
8.32118e-05
1.70448e-06
8.51632e-05
1.89786e-06
8.72453e-05
2.03496e-06
8.94095e-05
2.12091e-06
9.16086e-05
2.15584e-06
9.37979e-05
2.14501e-06
9.58496e-05
2.01207e-06
9.77202e-05
1.8376e-06
9.93949e-05
1.64352e-06
0.000100858
1.42586e-06
0.000102098
1.19276e-06
0.000103111
9.59289e-07
0.000103904
7.36915e-07
0.000104484
5.29037e-07
0.000104861
3.33532e-07
0.000105042
1.46215e-07
0.000105038
-3.37588e-08
0.000104853
-2.07288e-07
0.000104489
-3.86725e-07
0.000103952
-5.61424e-07
0.000103245
-7.31799e-07
0.000102376
-8.95341e-07
0.000101353
-1.04863e-06
0.00010019
-1.1878e-06
9.88981e-05
-1.30997e-06
9.74938e-05
-1.41334e-06
9.5992e-05
-1.49729e-06
9.44067e-05
-1.56392e-06
9.2749e-05
-1.61805e-06
9.10263e-05
-1.66535e-06
8.92426e-05
-1.71088e-06
8.73996e-05
-1.7586e-06
8.5497e-05
-1.81085e-06
8.3535e-05
-1.86782e-06
8.15152e-05
-1.92719e-06
7.94428e-05
-1.98434e-06
7.73271e-05
-2.03306e-06
7.51822e-05
-2.0666e-06
7.30262e-05
-2.07925e-06
7.08794e-05
-2.06798e-06
6.8761e-05
-2.03386e-06
6.66857e-05
-1.98287e-06
6.46606e-05
-1.92561e-06
6.26822e-05
-1.87607e-06
6.07356e-05
-1.84929e-06
5.87954e-05
-1.85825e-06
5.68292e-05
-1.91049e-06
5.48027e-05
-2.00523e-06
5.26871e-05
-2.1319e-06
5.04658e-05
-2.2709e-06
4.81401e-05
-2.39652e-06
4.57325e-05
-2.48159e-06
4.32865e-05
-2.5026e-06
4.08625e-05
-2.44383e-06
3.85317e-05
-2.29916e-06
3.63682e-05
-2.07159e-06
3.44418e-05
-1.77086e-06
3.28128e-05
-1.41025e-06
3.15283e-05
-1.00413e-06
3.06209e-05
-5.66703e-07
3.01078e-05
-1.11935e-07
2.99905e-05
3.44392e-07
3.02556e-05
7.87413e-07
3.08715e-05
1.19233e-06
3.18032e-05
1.55914e-06
3.29719e-05
1.81569e-06
3.4396e-05
2.11983e-06
3.58502e-05
2.10477e-06
3.77662e-05
2.44248e-06
4.37977e-06
7.347e-05
-5.91238e-05
6.2141e-05
-2.61535e-05
5.42483e-05
-7.90386e-06
4.97641e-05
-2.94504e-06
4.77684e-05
-9.84405e-07
4.71461e-05
-2.88548e-07
4.71443e-05
-1.4657e-08
4.75026e-05
2.09257e-07
4.81443e-05
4.1253e-07
4.9011e-05
5.66313e-07
5.00432e-05
6.72245e-07
5.1194e-05
7.47018e-07
5.24283e-05
8.00695e-07
5.3715e-05
8.34269e-07
5.50236e-05
8.47211e-07
5.63262e-05
8.42362e-07
5.75473e-05
7.90984e-07
5.86613e-05
7.23657e-07
5.96575e-05
6.47297e-07
6.05235e-05
5.59831e-07
6.12506e-05
4.65668e-07
6.18375e-05
3.72376e-07
6.22893e-05
2.85182e-07
6.26134e-05
2.04944e-07
6.2817e-05
1.29881e-07
6.29053e-05
5.79595e-08
6.2883e-05
-1.14597e-08
6.27544e-05
-7.87028e-08
6.25175e-05
-1.49866e-07
6.21752e-05
-2.19107e-07
6.17302e-05
-2.86768e-07
6.11867e-05
-3.5188e-07
6.05509e-05
-4.12841e-07
5.98309e-05
-4.67768e-07
5.90362e-05
-5.15319e-07
5.81775e-05
-5.54599e-07
5.72654e-05
-5.85219e-07
5.63096e-05
-6.08112e-07
5.53172e-05
-6.25594e-07
5.42922e-05
-6.40371e-07
5.32361e-05
-6.54817e-07
5.21484e-05
-6.70836e-07
5.10272e-05
-6.89678e-07
4.98709e-05
-7.11586e-07
4.86794e-05
-7.35618e-07
4.74548e-05
-7.59727e-07
4.62028e-05
-7.81085e-07
4.49328e-05
-7.96563e-07
4.3657e-05
-8.03459e-07
4.23892e-05
-8.00249e-07
4.11426e-05
-7.87274e-07
3.99269e-05
-7.67091e-07
3.87456e-05
-7.44367e-07
3.75948e-05
-7.25266e-07
3.64619e-05
-7.16404e-07
3.53271e-05
-7.23376e-07
3.41658e-05
-7.49198e-07
3.29535e-05
-7.92998e-07
3.16711e-05
-8.49497e-07
3.03097e-05
-9.09485e-07
2.88746e-05
-9.61411e-07
2.73866e-05
-9.93613e-07
2.58807e-05
-9.96619e-07
2.44016e-05
-9.6479e-07
2.29992e-05
-8.96788e-07
2.17227e-05
-7.94993e-07
2.0616e-05
-6.64205e-07
1.97159e-05
-5.1016e-07
1.90503e-05
-3.38509e-07
1.86382e-05
-1.54565e-07
1.84897e-05
3.64991e-08
1.86055e-05
2.28647e-07
1.89772e-05
4.1571e-07
1.95824e-05
5.87072e-07
2.04e-05
7.41532e-07
2.13654e-05
8.50296e-07
2.25147e-05
9.70547e-07
2.36337e-05
9.85804e-07
2.5071e-05
1.00513e-06
2.30277e-06
4.88072e-05
-4.01708e-05
3.32743e-05
-1.06206e-05
2.70723e-05
-1.70183e-06
2.46489e-05
-5.21598e-07
2.38094e-05
-1.44931e-07
2.35694e-05
-4.85916e-08
2.35608e-05
-6.03259e-09
2.37241e-05
4.60146e-08
2.40423e-05
9.43208e-08
2.44802e-05
1.28427e-07
2.50016e-05
1.50761e-07
2.5582e-05
1.66643e-07
2.62044e-05
1.78351e-07
2.6853e-05
1.8561e-07
2.75121e-05
1.88142e-07
2.81676e-05
1.86867e-07
2.87828e-05
1.75799e-07
2.93452e-05
1.61262e-07
2.98482e-05
1.44259e-07
3.02838e-05
1.24246e-07
3.06468e-05
1.02684e-07
3.09374e-05
8.17167e-08
3.116e-05
6.26429e-08
3.13195e-05
4.54142e-08
3.142e-05
2.93832e-08
3.1464e-05
1.39313e-08
3.14537e-05
-1.0955e-09
3.13906e-05
-1.56073e-08
3.12724e-05
-3.16906e-08
3.11005e-05
-4.7172e-08
3.0876e-05
-6.23463e-08
3.06012e-05
-7.70762e-08
3.02793e-05
-9.09085e-08
2.99148e-05
-1.03276e-07
2.95134e-05
-1.13864e-07
2.90811e-05
-1.22366e-07
2.86245e-05
-1.28601e-07
2.81492e-05
-1.32786e-07
2.76591e-05
-1.35541e-07
2.71563e-05
-1.37596e-07
2.66411e-05
-1.39597e-07
2.61124e-05
-1.42107e-07
2.55683e-05
-1.45547e-07
2.50068e-05
-1.50081e-07
2.44267e-05
-1.55535e-07
2.38284e-05
-1.61425e-07
2.32143e-05
-1.67022e-07
2.25892e-05
-1.71491e-07
2.19599e-05
-1.74067e-07
2.13339e-05
-1.74269e-07
2.07187e-05
-1.72088e-07
2.01197e-05
-1.6808e-07
1.95387e-05
-1.6336e-07
1.89728e-05
-1.59434e-07
1.84144e-05
-1.57939e-07
1.78512e-05
-1.60247e-07
1.72691e-05
-1.67057e-07
1.66542e-05
-1.78057e-07
1.59965e-05
-1.91819e-07
1.5293e-05
-2.05958e-07
1.45491e-05
-2.17596e-07
1.37795e-05
-2.23956e-07
1.30058e-05
-2.22937e-07
1.22545e-05
-2.13464e-07
1.15532e-05
-1.95523e-07
1.09281e-05
-1.6992e-07
1.04019e-05
-1.37928e-07
9.9926e-06
-1.00903e-07
9.7141e-06
-6.0008e-08
9.5759e-06
-1.63632e-08
9.58339e-06
2.90071e-08
9.73718e-06
7.48628e-08
1.00332e-05
1.19653e-07
1.04592e-05
1.61093e-07
1.10032e-05
1.97581e-07
1.16277e-05
2.25737e-07
1.23511e-05
2.4712e-07
1.30642e-05
2.72783e-07
1.38655e-05
2.0378e-07
7.26002e-07
1.9638e-05
9.01734e-06
7.31551e-06
6.79391e-06
6.64898e-06
6.60039e-06
6.59436e-06
6.64037e-06
6.73469e-06
6.86312e-06
7.01388e-06
7.18052e-06
7.35887e-06
7.54448e-06
7.73262e-06
7.91949e-06
8.09529e-06
8.25655e-06
8.40081e-06
8.52506e-06
8.62774e-06
8.70946e-06
8.7721e-06
8.81752e-06
8.8469e-06
8.86083e-06
8.85973e-06
8.84413e-06
8.81244e-06
8.76526e-06
8.70292e-06
8.62584e-06
8.53493e-06
8.43166e-06
8.31779e-06
8.19543e-06
8.06683e-06
7.93404e-06
7.7985e-06
7.6609e-06
7.52131e-06
7.3792e-06
7.23365e-06
7.08357e-06
6.92804e-06
6.76661e-06
6.59959e-06
6.4281e-06
6.25403e-06
6.07976e-06
5.90768e-06
5.7396e-06
5.57624e-06
5.4168e-06
5.25886e-06
5.09862e-06
4.93156e-06
4.7535e-06
4.56168e-06
4.35573e-06
4.13813e-06
3.91418e-06
3.69124e-06
3.47778e-06
3.28225e-06
3.11233e-06
2.97441e-06
2.8735e-06
2.81349e-06
2.79713e-06
2.82614e-06
2.901e-06
3.02065e-06
3.18175e-06
3.37933e-06
3.60507e-06
3.85219e-06
4.12497e-06
4.32875e-06
)
;

boundaryField
{
    inlet
    {
        type            calculated;
        value           nonuniform List<scalar> 
25
(
-0.00119618
-0.00105581
-0.000931914
-0.000822558
-0.000726034
-0.000640837
-0.000565637
-0.000499262
-0.000440675
-0.000388964
-0.00034332
-0.000303033
-0.000267473
-0.000236086
-0.000208382
-0.00018393
-0.000162346
-0.000143295
-0.00012648
-0.000111638
-9.8538e-05
-8.69749e-05
-7.67687e-05
-6.77602e-05
-5.98088e-05
)
;
    }
    outlet
    {
        type            calculated;
        value           nonuniform List<scalar> 
25
(
0.000912342
0.00100181
0.000998441
0.000929887
0.000832311
0.000732969
0.000644908
0.000569637
0.000503939
0.00044446
0.000389051
0.00033681
0.00028778
0.000242573
0.000201955
0.000166434
0.000136062
0.000110462
8.8931e-05
7.05799e-05
5.45419e-05
4.01714e-05
2.7148e-05
1.54423e-05
5.05475e-06
)
;
    }
    fixedWalls
    {
        type            calculated;
        value           uniform 0;
    }
    frontAndBack
    {
        type            empty;
        value           nonuniform 0();
    }
}


// ************************************************************************* //
