/*--------------------------------*- C++ -*----------------------------------*\
| =========                 |                                                 |
| \\      /  F ield         | OpenFOAM: The Open Source CFD Toolbox           |
|  \\    /   O peration     | Version:  v1912                                 |
|   \\  /    A nd           | Website:  www.openfoam.com                      |
|    \\/     M anipulation  |                                                 |
\*---------------------------------------------------------------------------*/
FoamFile
{
    version     2.0;
    format      ascii;
    class       volScalarField;
    location    "200";
    object      nut;
}
// * * * * * * * * * * * * * * * * * * * * * * * * * * * * * * * * * * * * * //

dimensions      [0 2 -1 0 0 0 0];


internalField   nonuniform List<scalar> 
4000
(
5.20316e-05
9.87181e-05
0.00010388
9.72657e-05
8.38189e-05
7.81673e-05
7.68356e-05
7.32939e-05
0.000212575
6.67604e-05
0.000105703
9.38978e-05
9.27077e-05
9.43422e-05
9.49677e-05
9.97944e-05
0.000107169
0.000116822
0.000137116
0.000165129
0.000284762
0.000256967
0.000193404
0.000145745
0.000141192
0.000140704
0.000141614
0.000142575
0.000161958
0.000126318
0.000137152
0.000138724
0.000139527
0.000139006
0.000137031
0.000142301
0.000213417
0.000263023
0.000316862
0.000355421
0.000371108
0.000349475
0.000300451
0.000254169
0.000202558
0.000162146
0.000162932
0.000164845
0.00016919
0.000171328
0.000166138
0.000163837
0.000163074
0.000161053
0.000198435
0.000249872
0.000297299
0.000350503
0.000386162
0.000403667
0.000398515
0.000384201
0.000356611
0.000309125
0.00026476
0.000228839
0.000190697
0.000175347
0.000180383
0.000186851
0.000180168
0.000176242
0.000175943
0.000224195
0.000258152
0.00030216
0.000349053
0.000391179
0.00041641
0.000426554
0.00041485
0.000408346
0.000387515
0.000353388
0.000303541
0.000264689
0.000231405
0.000207317
0.000176506
0.000195972
0.000191467
0.000188266
0.000216241
0.000248828
0.000282678
0.000339505
0.00038835
0.000421146
0.000438819
0.000441408
0.000426689
0.000428549
0.000418806
0.000398371
0.000369925
0.000330664
0.000300172
0.000271517
0.000242734
0.000207309
0.000225229
0.000258213
0.000287183
0.000317422
0.000373194
0.000406674
0.000432766
0.0004512
0.000458207
0.000452635
0.000437186
0.000448151
0.000451583
0.000448582
0.00044226
0.00043312
0.000420704
0.000404556
0.000385443
0.000364838
0.000368736
0.000399016
0.000421775
0.000442015
0.000458655
0.000471565
0.00047976
0.000482704
0.000477279
0.000462836
0.000448251
0.000469244
0.000484944
0.000494717
0.00050055
0.000502019
0.000498966
0.000491079
0.000478675
0.000459936
0.000465169
0.000487951
0.000504717
0.000517151
0.000524802
0.00052702
0.000523563
0.000514461
0.000497521
0.000473572
0.000461277
0.000493552
0.000519887
0.000539284
0.000553457
0.000561894
0.00056442
0.000561141
0.000551574
0.000532832
0.000537762
0.000559735
0.000573899
0.000582289
0.000584388
0.000579446
0.000567324
0.000548509
0.000521107
0.000486131
0.000479044
0.000522567
0.000557925
0.000584329
0.000604665
0.000619314
0.000628582
0.000631954
0.00062746
0.000607934
0.000613069
0.00063519
0.000643688
0.000644425
0.000638893
0.000627283
0.000609058
0.000583714
0.000548164
0.000503189
9.87181e-05
0.00011228
0.000124127
0.000129641
0.000124493
0.000124322
0.000129868
0.000112381
9.7906e-05
0.000119794
0.000112126
0.000121877
0.000126674
0.000124461
0.000123226
0.000130099
0.000125675
0.000125445
0.000131389
0.000134653
0.000256967
0.000260924
0.000315531
0.000364545
0.000348363
0.000358061
0.000384888
0.000389392
0.000408832
0.000421837
0.000400755
0.000367662
0.000346398
0.000314221
0.000312509
0.000329598
0.000299909
0.000287309
0.000305022
0.000317639
0.000349475
0.000402123
0.000364098
0.000354203
0.000373613
0.000451241
0.000442371
0.000421934
0.00045419
0.000481776
0.000450745
0.000406017
0.000396795
0.000409001
0.000357939
0.000349458
0.000372365
0.000432518
0.000483547
0.00038431
0.000384201
0.000512361
0.000503751
0.000437366
0.000394377
0.000391371
0.000401362
0.000439048
0.000450619
0.000481411
0.000448675
0.000428062
0.000393245
0.000377483
0.00038459
0.000428554
0.000501664
0.000566055
0.000555799
0.000414052
0.000408346
0.0005413
0.000557778
0.00052015
0.000448117
0.000396868
0.000368466
0.0003652
0.0003987
0.000482441
0.000447047
0.000365635
0.000357473
0.000379411
0.000427868
0.000504322
0.000579247
0.000607597
0.000581459
0.000436193
0.000428549
0.000567783
0.00059438
0.000572309
0.000515009
0.000439441
0.000388015
0.000354526
0.000339169
0.000355008
0.000345682
0.000342206
0.000369275
0.000418074
0.000498225
0.000591107
0.000642827
0.000653275
0.000613111
0.000455486
0.000448151
0.000602329
0.000644859
0.000649184
0.000625381
0.000564806
0.000478985
0.000417061
0.000372704
0.000348817
0.00035238
0.000389798
0.000446588
0.000541353
0.000649688
0.000710445
0.00072917
0.000710844
0.000652049
0.000474724
0.000469244
0.000634962
0.000695943
0.00073193
0.000753685
0.000749942
0.000714487
0.000639499
0.000555311
0.000482001
0.000494452
0.000587098
0.000697061
0.000789195
0.000838413
0.000845
0.00081653
0.0007664
0.00068822
0.000495442
0.000493552
0.000648665
0.000731071
0.000792987
0.000839146
0.000858271
0.000841359
0.000791847
0.000720182
0.000648461
0.000655816
0.000742152
0.000841378
0.000915382
0.00094323
0.000924987
0.000871261
0.000796015
0.000696987
0.000519589
0.000522567
0.000572248
0.000614447
0.000647547
0.000674152
0.000694254
0.000707886
0.000714391
0.000711758
0.000694184
0.000699335
0.000719414
0.000726285
0.000724339
0.00071488
0.000698173
0.000673804
0.000641652
0.000598984
0.000547409
0.00010388
0.000124127
0.000134816
0.000140032
0.000136894
0.000134551
0.000130099
0.000123783
0.00011283
0.000115256
0.000118545
0.000123615
0.000127282
0.000127372
0.000127756
0.000134497
0.000184723
0.000120242
0.000123266
0.000113957
0.000193404
0.000315531
0.000385488
0.000390067
0.000383971
0.000406414
0.000431276
0.000447054
0.000475393
0.00049405
0.000465763
0.000416906
0.000385077
0.000350564
0.000343545
0.000348144
0.000332631
0.000311163
0.000290735
0.000265656
0.000300451
0.000364098
0.000379296
0.000403231
0.000449017
0.000504892
0.000489733
0.000486359
0.00052196
0.000554256
0.000514358
0.00045539
0.00043888
0.000440081
0.000411853
0.000388168
0.000387835
0.000410807
0.000428645
0.000347003
0.000356611
0.000503751
0.000506873
0.000470999
0.000454142
0.000466822
0.000490962
0.000518005
0.000524081
0.000557902
0.000519144
0.000482824
0.000463347
0.000445791
0.000446609
0.000475454
0.000528636
0.000584008
0.000562727
0.000386898
0.000387515
0.000557778
0.000601789
0.000572186
0.000513604
0.000472019
0.000453285
0.000462292
0.000511973
0.000575197
0.000537209
0.000463963
0.000441345
0.000457899
0.000503198
0.000571733
0.000644152
0.000659007
0.000602311
0.00041601
0.000418806
0.00059438
0.000651426
0.000642901
0.000582791
0.000512194
0.000460792
0.000432993
0.000436503
0.000493199
0.000461223
0.000426958
0.000445895
0.000498276
0.000578718
0.000673953
0.00072667
0.000721476
0.000646392
0.000446091
0.000451583
0.000644859
0.000726763
0.000745944
0.000707333
0.000617399
0.000527093
0.000457073
0.000408406
0.000393516
0.000392343
0.000425843
0.000496905
0.000601113
0.000723864
0.000825777
0.000850522
0.000809307
0.000703312
0.000478352
0.000484944
0.000695943
0.000821809
0.000900315
0.000927091
0.000884943
0.000793017
0.000685871
0.000579771
0.000495703
0.000506178
0.000618099
0.000761675
0.000910203
0.00103576
0.001067
0.00102056
0.000913765
0.000758686
0.000511091
0.000519887
0.000731071
0.000926701
0.00110305
0.00123323
0.00129785
0.00128446
0.00120648
0.00108479
0.000929291
0.000951136
0.00112165
0.00128687
0.00139535
0.0014207
0.0013561
0.00121198
0.00101263
0.0007907
0.000545998
0.000557925
0.000614447
0.000662989
0.000702264
0.000734378
0.000759086
0.000776335
0.00078536
0.000784252
0.000766513
0.000771727
0.000791954
0.000797069
0.000792577
0.000779516
0.000758324
0.000728456
0.000690062
0.000640993
0.000582415
9.72657e-05
0.000129641
0.000140032
0.000139757
0.000139352
0.000139389
0.000131625
0.000124446
0.000118028
0.000114894
0.000119847
0.000127908
0.000134091
0.000134562
0.000131019
0.000134196
0.000133065
0.000153109
0.000115781
0.000104779
0.000145745
0.000364545
0.000390067
0.000391704
0.000399509
0.00043266
0.000449747
0.000479316
0.000519463
0.000543732
0.000512311
0.000451253
0.000402724
0.000372046
0.000351182
0.000350313
0.000340068
0.000335555
0.000305701
0.000210244
0.000254169
0.000354203
0.000403231
0.000449979
0.000492412
0.000524235
0.000505405
0.000525088
0.00056955
0.00060635
0.000563173
0.00049168
0.000456019
0.00044881
0.00043411
0.000414447
0.00039578
0.000388857
0.000371623
0.000294265
0.000309125
0.000437366
0.000470999
0.000476176
0.00048697
0.000511386
0.00053425
0.000553155
0.000574567
0.000615835
0.000573961
0.000520047
0.000497929
0.000484434
0.000479028
0.000488007
0.000508763
0.000526224
0.000494572
0.000343633
0.000353388
0.00052015
0.000572186
0.000560696
0.000531431
0.000510333
0.000505575
0.000526309
0.000579369
0.000638437
0.000600916
0.000529417
0.000499597
0.000505809
0.000536529
0.00058287
0.000629368
0.000637402
0.000568921
0.000381754
0.000398371
0.000572309
0.000642901
0.000649067
0.000605884
0.000555385
0.000515886
0.000498171
0.000518848
0.000601348
0.000564751
0.000506723
0.000515665
0.000560269
0.000624913
0.000693335
0.000735533
0.000717415
0.000628818
0.000426036
0.000448582
0.000649184
0.000745944
0.000776565
0.000748002
0.000682919
0.000607777
0.000541569
0.000495294
0.000492156
0.00049224
0.000523346
0.000602322
0.000703719
0.000806319
0.000878799
0.000892404
0.000839721
0.000714754
0.000474551
0.000494717
0.00073193
0.000900315
0.00101124
0.00106269
0.00103168
0.000942084
0.000824135
0.00069589
0.000588309
0.000601842
0.000747993
0.00092141
0.00108674
0.00121117
0.00123785
0.00115628
0.00101048
0.000803624
0.000519661
0.000539284
0.000792987
0.00110305
0.00141827
0.00164956
0.00174809
0.00172516
0.00161639
0.00143494
0.00119078
0.00120328
0.00146784
0.00167526
0.00182134
0.00187917
0.00178893
0.00154542
0.00120508
0.000861809
0.000564356
0.000584329
0.000647547
0.000702264
0.000747933
0.00078611
0.000816085
0.000838155
0.000850806
0.000852019
0.000837652
0.000842421
0.000859787
0.000862003
0.000853616
0.000835445
0.000808821
0.000772677
0.000727801
0.000672616
0.000607425
8.38189e-05
0.000124493
0.000136894
0.000139352
0.000141454
0.000136694
0.000128685
0.000126222
0.000126929
0.000123999
0.000114573
0.000116436
0.000125604
0.000132652
0.00013343
0.000130349
0.00012925
0.000127848
0.000132885
0.000108709
0.000141192
0.000348363
0.000383971
0.000399509
0.000424289
0.000443884
0.000467661
0.000510152
0.00056563
0.000597582
0.000556087
0.00048241
0.000427169
0.00039412
0.000372453
0.000356613
0.000358309
0.000360111
0.000339559
0.000140764
0.000202558
0.000373613
0.000449017
0.000492412
0.000516752
0.000512422
0.00051819
0.000555397
0.000617279
0.000662189
0.000613817
0.000530763
0.000477364
0.000455891
0.00044665
0.00043505
0.000418117
0.000393643
0.000352592
0.000248509
0.00026476
0.000394377
0.000454142
0.00048697
0.00051453
0.000536581
0.000551864
0.000570938
0.000614602
0.000667836
0.000624337
0.000551612
0.000516515
0.00050361
0.000498087
0.000493258
0.000488203
0.000474373
0.000424528
0.000298403
0.000303541
0.000448117
0.000513604
0.000531431
0.000531133
0.000530851
0.000540394
0.000568984
0.000621158
0.000689815
0.000652444
0.000576829
0.000540758
0.000535671
0.000547205
0.000566318
0.000579593
0.000563407
0.000491403
0.000332434
0.000369925
0.000515009
0.000582791
0.000605884
0.00059537
0.000571604
0.000551105
0.000548442
0.000587867
0.000688838
0.000655727
0.000578561
0.000571391
0.000598093
0.000637195
0.000672068
0.000683342
0.000655174
0.000571626
0.000398967
0.00044226
0.000625381
0.000707333
0.000748002
0.000755795
0.000727838
0.000679229
0.000628327
0.000595489
0.00061645
0.000623909
0.00063959
0.000709576
0.000790321
0.000856188
0.000884786
0.000863906
0.000802417
0.000690249
0.000466338
0.00050055
0.000753685
0.000927091
0.00106269
0.00114311
0.00113907
0.00106957
0.000958024
0.000823926
0.000705958
0.000725445
0.000888919
0.0010711
0.00122452
0.00131925
0.00132426
0.00122399
0.00104496
0.000828414
0.000523139
0.000553457
0.000839146
0.00123323
0.00164956
0.00192475
0.00201351
0.00200747
0.00190775
0.00170681
0.00143002
0.00143382
0.00173065
0.00195606
0.00208666
0.0021232
0.00205457
0.00178105
0.00134292
0.000912637
0.000576368
0.000604665
0.000674152
0.000734378
0.00078611
0.000831259
0.00086865
0.000896406
0.000914533
0.000921472
0.000915787
0.000920073
0.000928816
0.00092487
0.000910329
0.000886222
0.000851712
0.000808201
0.000757205
0.000696714
0.000625554
7.81673e-05
0.000124322
0.000134551
0.000139389
0.000136694
0.000129119
0.000128195
0.000136453
0.000147276
0.000151789
0.000141089
0.000133903
0.000131423
0.000131318
0.000131458
0.000129053
0.000123765
0.000125452
0.000129954
0.000110657
0.000140704
0.000358061
0.000406414
0.00043266
0.000443884
0.000461594
0.000492736
0.000543314
0.000607426
0.000637971
0.00059392
0.000518361
0.000458335
0.000420755
0.000395779
0.000374566
0.000356598
0.000347438
0.000317442
0.000137643
0.000162146
0.000451241
0.000504892
0.000524235
0.000512422
0.00051349
0.000534714
0.000579542
0.000647454
0.000681584
0.000638411
0.000560303
0.000500442
0.000470502
0.00045731
0.000450514
0.000441747
0.00042233
0.000370757
0.000191182
0.000228839
0.000391371
0.000466822
0.000511386
0.000536581
0.000549146
0.000558714
0.00058166
0.000635167
0.000678513
0.00064511
0.000574715
0.000530351
0.000514345
0.000506885
0.000499106
0.000481127
0.000449442
0.00038699
0.000254529
0.000264689
0.000396868
0.000472019
0.000510333
0.000530851
0.000546446
0.000565124
0.000595543
0.000647195
0.000703729
0.000680312
0.000610337
0.000568169
0.000553188
0.000549976
0.000546043
0.000533454
0.000498017
0.000422017
0.00028315
0.000330664
0.000439441
0.000512194
0.000555385
0.000571604
0.000573101
0.000573601
0.00058862
0.00064324
0.000738427
0.000722385
0.000639953
0.000614071
0.000618466
0.000629275
0.0006323
0.000613297
0.000561308
0.000477306
0.000358814
0.00043312
0.000564806
0.000617399
0.000682919
0.000727838
0.000737604
0.000720505
0.000695232
0.000688589
0.000740237
0.000759557
0.000749246
0.000790011
0.000835758
0.000859738
0.000844129
0.000782717
0.000695376
0.000625968
0.000453877
0.000502019
0.000749942
0.000884943
0.00103168
0.00113907
0.00117126
0.00113664
0.00104761
0.000921731
0.00081043
0.000837311
0.000995993
0.00116429
0.0012851
0.00133535
0.00130243
0.00117974
0.00100056
0.000819494
0.00052147
0.000561894
0.000858271
0.00129785
0.00174809
0.00201351
0.00214695
0.00216719
0.00206736
0.00183294
0.0015093
0.00151058
0.00184321
0.00209843
0.00222445
0.00222888
0.00211371
0.00186131
0.00140129
0.000928296
0.000581549
0.000619314
0.000694254
0.000759086
0.000816085
0.00086865
0.000912066
0.000946248
0.000971158
0.000986227
0.000991826
0.000995915
0.000993103
0.000980373
0.000958039
0.000926687
0.000885764
0.000834474
0.000778237
0.000713418
0.000637301
7.68356e-05
0.000129868
0.000130099
0.000131625
0.000128685
0.000128195
0.000138669
0.000156054
0.000173436
0.000184775
0.000173157
0.000157671
0.000145659
0.000134817
0.00012726
0.000125879
0.000128825
0.000127953
0.000139365
0.000113963
0.000141614
0.000384888
0.000431276
0.000449747
0.000467661
0.000492736
0.000528483
0.000580732
0.000634342
0.000639719
0.000607198
0.000555541
0.000498198
0.000454106
0.000423643
0.000399552
0.000380265
0.000361848
0.000326909
0.000142122
0.000162932
0.000442371
0.000489733
0.000505405
0.00051819
0.000534714
0.000559989
0.000602544
0.000643176
0.000604779
0.000589115
0.000577387
0.000527831
0.000492983
0.00047344
0.00046271
0.000460512
0.000457898
0.000432007
0.000161637
0.000190697
0.000401362
0.000490962
0.00053425
0.000551864
0.000558714
0.000568283
0.000594188
0.000624877
0.000571922
0.000572213
0.00058507
0.000545773
0.000524669
0.000514906
0.000505481
0.000488432
0.000452482
0.000383944
0.000220476
0.000231405
0.000368466
0.000453285
0.000505575
0.000540394
0.000565124
0.000586875
0.000615351
0.000645628
0.000595961
0.000607489
0.000627927
0.000590364
0.000567541
0.000552589
0.000534499
0.00050427
0.000456297
0.000377736
0.000247445
0.000300172
0.000388015
0.000460792
0.000515886
0.000551105
0.000573601
0.000593274
0.000624052
0.000671792
0.00065898
0.000678577
0.000682956
0.00064736
0.000629978
0.000615818
0.000592274
0.000551487
0.000488293
0.000409913
0.000316094
0.000420704
0.000478985
0.000527093
0.000607777
0.000679229
0.000720505
0.000735585
0.000743589
0.000764856
0.000775614
0.000819217
0.000842443
0.000844357
0.000845622
0.00082725
0.000772642
0.000679817
0.000576398
0.00051787
0.000438818
0.000498966
0.000714487
0.000793017
0.000942084
0.00106957
0.00113664
0.00113678
0.00107169
0.000962972
0.000863231
0.000901428
0.00104369
0.00118276
0.00126642
0.00127219
0.00119743
0.00105029
0.00087552
0.000770517
0.000514771
0.00056442
0.000841359
0.00128446
0.00172516
0.00200747
0.00216719
0.00219509
0.00206328
0.0017488
0.00131932
0.00134217
0.00174961
0.00207575
0.00222638
0.00221788
0.00207143
0.00179706
0.00136962
0.000898723
0.000580103
0.000628582
0.000707886
0.000776335
0.000838155
0.000896406
0.000946248
0.000987601
0.00102094
0.00104765
0.00107107
0.001075
0.00105438
0.00102926
0.000997419
0.000957832
0.000909742
0.000852667
0.000791472
0.000723199
0.000643243
7.32939e-05
0.000112381
0.000123783
0.000124446
0.000126222
0.000136453
0.000156054
0.000179636
0.000200975
0.000215993
0.000201733
0.000181466
0.000162358
0.000141056
0.000121452
0.000114386
0.000136084
0.000144445
0.000144113
0.000113828
0.000142575
0.000389392
0.000447054
0.000479316
0.000510152
0.000543314
0.000580732
0.000617145
0.000610216
0.000489306
0.000466728
0.000556919
0.000543462
0.000500389
0.000463544
0.000434046
0.000409732
0.000392258
0.000350822
0.000142026
0.000164845
0.000421934
0.000486359
0.000525088
0.000555397
0.000579542
0.000602544
0.000614879
0.000542631
0.000402209
0.00038181
0.000515374
0.000554643
0.000529416
0.000504931
0.000484971
0.000465047
0.000445718
0.000400359
0.000163274
0.000175347
0.000439048
0.000518005
0.000553155
0.000570938
0.00058166
0.000594188
0.000596165
0.000499394
0.00043138
0.000403917
0.000496585
0.000560666
0.000545414
0.000530691
0.00051823
0.000502183
0.000471315
0.000406226
0.00017266
0.000207317
0.0003652
0.000462292
0.000526309
0.000568984
0.000595543
0.000615351
0.000618927
0.000512797
0.000531509
0.000489726
0.000529544
0.000606281
0.00058901
0.000566662
0.000539706
0.000499747
0.000443771
0.000361773
0.000217532
0.000271517
0.000354526
0.000432993
0.000498171
0.000548442
0.00058862
0.000624052
0.000647276
0.000555934
0.000655401
0.000613284
0.000594858
0.000671542
0.000645142
0.000610354
0.000566667
0.000510966
0.000442401
0.000368021
0.000290147
0.000404556
0.000417061
0.000457073
0.000541569
0.000628327
0.000695232
0.000743589
0.000783667
0.000738415
0.000775618
0.000780114
0.000832335
0.000882759
0.000838294
0.000777693
0.000692491
0.000584305
0.000481828
0.00043492
0.000419914
0.000491079
0.000639499
0.000685871
0.000824135
0.000958024
0.00104761
0.00107169
0.00103015
0.000943746
0.000923556
0.000947025
0.00102507
0.0011294
0.00117373
0.00114446
0.00104185
0.000888627
0.000732962
0.000678397
0.000503377
0.000561141
0.000791847
0.00120648
0.00161639
0.00190775
0.00206736
0.00206328
0.00184356
0.00146301
0.00135888
0.00136743
0.00149413
0.00185656
0.00207228
0.00208884
0.00193941
0.00165247
0.00126186
0.000827296
0.000572801
0.000631954
0.000714391
0.00078536
0.000850806
0.000914533
0.000971158
0.00102094
0.00106611
0.00111369
0.00117556
0.00117777
0.00112077
0.00107428
0.00102935
0.000980317
0.000924583
0.00086156
0.000796649
0.000725847
0.000643148
0.000212575
9.7906e-05
0.00011283
0.000118028
0.000126929
0.000147276
0.000173436
0.000200975
0.000220245
0.000230584
0.000213215
0.000197267
0.000177614
0.000149053
0.00011952
0.000102737
0.00012591
0.000143501
0.000143413
0.000115538
0.000161958
0.000408832
0.000475393
0.000519463
0.00056563
0.000607426
0.000634342
0.000610216
0.000472371
0.000575446
0.000531403
0.000431331
0.000557177
0.0005588
0.000525036
0.000489739
0.000454031
0.000425689
0.000376335
0.000143111
0.00016919
0.00045419
0.00052196
0.00056955
0.000617279
0.000647454
0.000643176
0.000542631
0.000403105
0.00077109
0.000705441
0.000364009
0.000515651
0.000579317
0.000565107
0.000538224
0.000499107
0.000464671
0.000417421
0.000167235
0.000180383
0.000450619
0.000524081
0.000574567
0.000614602
0.000635167
0.000624877
0.000499394
0.000464159
0.00107766
0.000993189
0.000414365
0.000495781
0.000583412
0.000573833
0.000552497
0.000522962
0.000488575
0.000437319
0.000180895
0.000176506
0.0003987
0.000511973
0.000579369
0.000621158
0.000647195
0.000645628
0.000512797
0.000617841
0.00143907
0.00133658
0.000532869
0.000527821
0.00062437
0.000606892
0.000574651
0.00052953
0.000468277
0.000374824
0.000185766
0.000242734
0.000339169
0.000436503
0.000518848
0.000587867
0.00064324
0.000671792
0.000555934
0.000757225
0.00176667
0.00165033
0.000670818
0.000592227
0.000678339
0.000635527
0.000575368
0.000505614
0.00042791
0.000344948
0.000267213
0.000385443
0.000372704
0.000408406
0.000495294
0.000595489
0.000688589
0.000764856
0.000738415
0.000897472
0.00196615
0.0018578
0.000867042
0.000827673
0.000833318
0.000737327
0.000626827
0.000512283
0.000417201
0.000382231
0.000398285
0.000478675
0.000555311
0.000579771
0.00069589
0.000823926
0.000921731
0.000962972
0.000943746
0.00107131
0.00204411
0.00196222
0.00107435
0.00101941
0.00103066
0.000975973
0.000865009
0.000725302
0.000600608
0.000575391
0.000488021
0.000551574
0.000720182
0.00108479
0.00143494
0.00170681
0.00183294
0.0017488
0.00146301
0.00145
0.0019487
0.00190328
0.00144941
0.00149347
0.00174564
0.00183436
0.00171735
0.00145258
0.00110369
0.000734609
0.000559871
0.00062746
0.000711758
0.000784252
0.000852019
0.000921472
0.000986227
0.00104765
0.00111369
0.00120015
0.00130602
0.00130817
0.00120491
0.00112099
0.00105474
0.000993428
0.000929146
0.000860235
0.000792551
0.000719901
0.000635484
6.67604e-05
0.000119794
0.000115256
0.000114894
0.000123999
0.000151789
0.000184775
0.000215993
0.000230584
0.00024001
0.000221916
0.000209898
0.000195944
0.00016489
0.000134316
0.000124903
0.000142684
0.000151793
0.000148441
0.000117825
0.000126318
0.000421837
0.00049405
0.000543732
0.000597582
0.000637971
0.000639719
0.000489306
0.000575446
0.000395845
0.000368943
0.00052928
0.000467925
0.000613921
0.000604049
0.000567915
0.000522535
0.000478399
0.000411663
0.000145145
0.000171328
0.000481776
0.000554256
0.00060635
0.000662189
0.000681584
0.000604779
0.000402209
0.00077109
0.00058325
0.000555655
0.000703903
0.00038144
0.000593734
0.000644846
0.000621784
0.000570708
0.000522934
0.000459519
0.000170501
0.000186851
0.000481411
0.000557902
0.000615835
0.000667836
0.000678513
0.000571922
0.00043138
0.00107766
0.000782369
0.000761482
0.000989731
0.000400882
0.000572897
0.000645004
0.000625152
0.000575653
0.000523268
0.000456849
0.000185134
0.000195972
0.000482441
0.000575197
0.000638437
0.000689815
0.000703729
0.000595961
0.000531509
0.00143907
0.00100629
0.00100061
0.00133067
0.000483846
0.00060627
0.000677472
0.000650188
0.000599361
0.000538776
0.000460158
0.00019926
0.000207309
0.000355008
0.000493199
0.000601348
0.000688838
0.000738427
0.00065898
0.000655401
0.00176667
0.00124865
0.0012662
0.00164295
0.000605436
0.000675966
0.000719532
0.0006557
0.00056841
0.000467184
0.000348526
0.000228769
0.000364838
0.000348817
0.000393516
0.000492156
0.00061645
0.000740237
0.000775614
0.000775618
0.00196615
0.0014847
0.00153147
0.00185242
0.000775965
0.000814027
0.000753916
0.000619314
0.000488723
0.000388606
0.000347462
0.000369206
0.000459936
0.000482001
0.000495703
0.000588309
0.000705958
0.00081043
0.000863231
0.000923556
0.00204411
0.00165727
0.00172951
0.00196024
0.000944425
0.000892943
0.000825867
0.0007142
0.000592526
0.000498625
0.000486893
0.000465858
0.000532832
0.000648461
0.000929291
0.00119078
0.00143002
0.0015093
0.00131932
0.00135888
0.0019487
0.00178836
0.00186117
0.00190396
0.00136946
0.00134025
0.00150556
0.00142902
0.00119785
0.000944311
0.000654667
0.000538667
0.000607934
0.000694184
0.000766513
0.000837652
0.000915787
0.000991826
0.00107107
0.00117556
0.00130602
0.00133102
0.00136968
0.00130801
0.00117815
0.00107566
0.00099672
0.000921154
0.000843806
0.000773362
0.000700742
0.000614089
0.000105703
0.000112126
0.000118545
0.000119847
0.000114573
0.000141089
0.000173157
0.000201733
0.000213215
0.000221916
0.000233187
0.000224566
0.000211194
0.000182349
0.000159178
0.00015302
0.000157698
0.000158821
0.000154856
0.000116217
0.000137152
0.000400755
0.000465763
0.000512311
0.000556087
0.00059392
0.000607198
0.000466728
0.000531403
0.000368943
0.000385147
0.000568232
0.000500115
0.000653393
0.000655091
0.000617632
0.000565349
0.000515444
0.000439663
0.000147269
0.000166138
0.000450745
0.000514358
0.000563173
0.000613817
0.000638411
0.000589115
0.00038181
0.000705441
0.000555655
0.000573494
0.00076946
0.000409455
0.000614567
0.000694347
0.000675062
0.000618358
0.000565857
0.000492165
0.000174718
0.000180168
0.000448675
0.000519144
0.000573961
0.000624337
0.00064511
0.000572213
0.000403917
0.000993189
0.000761482
0.000774381
0.0010838
0.00043866
0.000577321
0.000687414
0.000677065
0.000623712
0.000565482
0.000489157
0.000190403
0.000191467
0.000447047
0.000537209
0.000600916
0.000652444
0.000680312
0.000607489
0.000489726
0.00133658
0.00100061
0.00100007
0.00145564
0.000547994
0.000600326
0.00071163
0.000698577
0.000644742
0.000580309
0.000486826
0.000201918
0.000225229
0.000345682
0.000461223
0.000564751
0.000655727
0.000722385
0.000678577
0.000613284
0.00165033
0.0012662
0.00124428
0.00179705
0.000681356
0.000666001
0.000748886
0.000700266
0.000611355
0.000500518
0.000361199
0.000220338
0.000368736
0.00035238
0.000392343
0.00049224
0.000623909
0.000759557
0.000819217
0.000780114
0.0018578
0.00153147
0.00148195
0.00200716
0.000798843
0.00078053
0.000747128
0.000622276
0.000494979
0.000393494
0.000346677
0.000365037
0.000465169
0.000494452
0.000506178
0.000601842
0.000725445
0.000837311
0.000901428
0.000947025
0.00196222
0.00172951
0.00165717
0.0020879
0.000944191
0.000870207
0.000817509
0.00071266
0.000592284
0.000496364
0.00048062
0.000462446
0.000537762
0.000655816
0.000951136
0.00120328
0.00143382
0.00151058
0.00134217
0.00136743
0.00190328
0.00186117
0.00179371
0.00198006
0.00137923
0.00132359
0.00151394
0.00144163
0.00120149
0.000936931
0.00065198
0.000535802
0.000613069
0.000699335
0.000771727
0.000842421
0.000920073
0.000995915
0.001075
0.00117777
0.00130817
0.00136968
0.00132834
0.00131198
0.00118203
0.00107671
0.000996959
0.000920914
0.000842783
0.000771525
0.000698493
0.000611397
9.38978e-05
0.000121877
0.000123615
0.000127908
0.000116436
0.000133903
0.000157671
0.000181466
0.000197267
0.000209898
0.000224566
0.000215584
0.000199147
0.000176261
0.000161661
0.000157592
0.000158117
0.000159246
0.00015614
0.000109562
0.000138724
0.000367662
0.000416906
0.000451253
0.00048241
0.000518361
0.000555541
0.000556919
0.000431331
0.00052928
0.000568232
0.000485491
0.000625227
0.000652808
0.000628879
0.000588185
0.000542439
0.000498429
0.000430637
0.00014557
0.000163837
0.000406017
0.00045539
0.00049168
0.000530763
0.000560303
0.000577387
0.000515374
0.000364009
0.000703903
0.00076946
0.000413089
0.000555457
0.000660097
0.00066733
0.000632578
0.00058116
0.000531686
0.00046292
0.00017001
0.000176242
0.000428062
0.000482824
0.000520047
0.000551612
0.000574715
0.00058507
0.000496585
0.000414365
0.000989731
0.0010838
0.000477211
0.000507358
0.000636058
0.00065016
0.000625678
0.000582382
0.000530314
0.000456459
0.000183433
0.000188266
0.000365635
0.000463963
0.000529417
0.000576829
0.000610337
0.000627927
0.000529544
0.000532869
0.00133067
0.00145564
0.000640991
0.000520139
0.000653883
0.000659255
0.000633231
0.000590789
0.000523669
0.000408326
0.000184383
0.000258213
0.000342206
0.000426958
0.000506723
0.000578561
0.000639953
0.000682956
0.000594858
0.000670818
0.00164295
0.00179705
0.000795886
0.000567066
0.000681858
0.00065425
0.000596037
0.000523097
0.000437207
0.000341035
0.000252288
0.000399016
0.000389798
0.000425843
0.000523346
0.00063959
0.000749246
0.000842443
0.000832335
0.000867042
0.00185242
0.00200716
0.000935303
0.000744281
0.000769536
0.000692614
0.000598821
0.000497808
0.00040966
0.000373372
0.000389135
0.000487951
0.000587098
0.000618099
0.000747993
0.000888919
0.000995993
0.00104369
0.00102507
0.00107435
0.00196024
0.0020879
0.00110605
0.000953117
0.000971886
0.000932434
0.00083547
0.000705513
0.000584831
0.000558889
0.000481676
0.000559735
0.000742152
0.00112165
0.00146784
0.00173065
0.00184321
0.00174961
0.00149413
0.00144941
0.00190396
0.00198006
0.0014783
0.00146747
0.00175172
0.00184702
0.00172636
0.00145495
0.00109063
0.000725792
0.000554618
0.00063519
0.000719414
0.000791954
0.000859787
0.000928816
0.000993103
0.00105438
0.00112077
0.00120491
0.00130801
0.00131198
0.00120697
0.00111962
0.00105298
0.00099154
0.000926824
0.000857285
0.000788907
0.000715651
0.000630548
9.27077e-05
0.000126674
0.000127282
0.000134091
0.000125604
0.000131423
0.000145659
0.000162358
0.000177614
0.000195944
0.000211194
0.000199147
0.00018075
0.000162523
0.000152687
0.000150843
0.000152818
0.000155716
0.000152348
0.000101765
0.000139527
0.000346398
0.000385077
0.000402724
0.000427169
0.000458335
0.000498198
0.000543462
0.000557177
0.000467925
0.000500115
0.000625227
0.000633679
0.000598035
0.000558895
0.00052385
0.000492506
0.000461827
0.000406603
0.000145174
0.000163074
0.000396795
0.00043888
0.000456019
0.000477364
0.000500442
0.000527831
0.000554643
0.000515651
0.00038144
0.000409455
0.000555457
0.000629852
0.0006192
0.000593116
0.000562267
0.000527874
0.000488256
0.000425334
0.00016877
0.000175943
0.000393245
0.000463347
0.000497929
0.000516515
0.000530351
0.000545773
0.000560666
0.000495781
0.000400882
0.00043866
0.000507358
0.000604248
0.000604107
0.000589553
0.000576151
0.000554488
0.000519286
0.000443775
0.000182217
0.000216241
0.000357473
0.000441345
0.000499597
0.000540758
0.000568169
0.000590364
0.000606281
0.000527821
0.000483846
0.000547994
0.000520139
0.000623988
0.000623069
0.000603495
0.000576997
0.000533043
0.000465718
0.00036584
0.000214326
0.000287183
0.000369275
0.000445895
0.000515665
0.000571391
0.000614071
0.00064736
0.000671542
0.000592227
0.000605436
0.000681356
0.000567066
0.000654281
0.000630328
0.000592126
0.0005493
0.000496937
0.00043119
0.000354907
0.000280154
0.000421775
0.000446588
0.000496905
0.000602322
0.000709576
0.000790011
0.000844357
0.000882759
0.000827673
0.000775965
0.000798843
0.000744281
0.000785987
0.000743479
0.000693926
0.000627705
0.000542203
0.00045848
0.000418582
0.000408308
0.000504717
0.000697061
0.000761675
0.00092141
0.0010711
0.00116429
0.00118276
0.0011294
0.00101941
0.000944425
0.000944191
0.000953117
0.00103724
0.00107851
0.00105537
0.000967197
0.000833711
0.000693446
0.000645583
0.000494263
0.000573899
0.000841378
0.00128687
0.00167526
0.00195606
0.00209843
0.00207575
0.00185656
0.00149347
0.00136946
0.00137923
0.00146747
0.00184593
0.00207411
0.00208479
0.0019271
0.00163351
0.0012157
0.000798804
0.00056425
0.000643688
0.000726285
0.000797069
0.000862003
0.00092487
0.000980373
0.00102926
0.00107428
0.00112099
0.00117815
0.00118203
0.00111962
0.0010715
0.00102624
0.000976491
0.000919775
0.000855716
0.000789674
0.000717966
0.000634824
9.43422e-05
0.000124461
0.000127372
0.000134562
0.000132652
0.000131318
0.000134817
0.000141056
0.000149053
0.00016489
0.000182349
0.000176261
0.000162523
0.00014947
0.000142799
0.000142582
0.000146214
0.000149444
0.000144439
9.11802e-05
0.000139006
0.000314221
0.000350564
0.000372046
0.00039412
0.000420755
0.000454106
0.000500389
0.0005588
0.000613921
0.000653393
0.000652808
0.000598035
0.000539826
0.000497429
0.000467793
0.000448247
0.000431988
0.000389968
0.000143535
0.000161053
0.000409001
0.000440081
0.00044881
0.000455891
0.000470502
0.000492983
0.000529416
0.000579317
0.000593734
0.000614567
0.000660097
0.0006192
0.000570679
0.000538548
0.000513983
0.000494657
0.00047455
0.000427888
0.000165938
0.000224195
0.000377483
0.000445791
0.000484434
0.00050361
0.000514345
0.000524669
0.000545414
0.000583412
0.000572897
0.000577321
0.000636058
0.000604107
0.000573722
0.000561476
0.000553508
0.000535461
0.000490549
0.000400642
0.000199765
0.000248828
0.000379411
0.000457899
0.000505809
0.000535671
0.000553188
0.000567541
0.00058901
0.00062437
0.00060627
0.000600326
0.000653883
0.000623069
0.000593164
0.000570526
0.000544077
0.000506208
0.000451339
0.000366755
0.000236836
0.000317422
0.000418074
0.000498276
0.000560269
0.000598093
0.000618466
0.000629978
0.000645142
0.000678339
0.000675966
0.000666001
0.000681858
0.000630328
0.000595356
0.000572797
0.000548457
0.000512471
0.000458048
0.000387967
0.000306642
0.000442015
0.000541353
0.000601113
0.000703719
0.000790321
0.000835758
0.000845622
0.000838294
0.000833318
0.000814027
0.00078053
0.000769536
0.000743479
0.000731873
0.000715832
0.000675873
0.000607123
0.000529127
0.000483094
0.000424383
0.000517151
0.000789195
0.000910203
0.00108674
0.00122452
0.0012851
0.00126642
0.00117373
0.00103066
0.000892943
0.000870207
0.000971886
0.00107851
0.00114105
0.00113938
0.0010731
0.000948096
0.000800086
0.000719852
0.000502125
0.000582289
0.000915382
0.00139535
0.00182134
0.00208666
0.00222445
0.00222638
0.00207228
0.00174564
0.00134025
0.00132359
0.00175172
0.00207411
0.00221073
0.00218326
0.00202194
0.0017374
0.00129153
0.00084788
0.000567459
0.000644425
0.000724339
0.000792577
0.000853616
0.000910329
0.000958039
0.000997419
0.00102935
0.00105474
0.00107566
0.00107671
0.00105298
0.00102624
0.000992936
0.00095145
0.000901287
0.000842579
0.000780185
0.000711087
0.000631206
9.49677e-05
0.000123226
0.000127756
0.000131019
0.00013343
0.000131458
0.00012726
0.000121452
0.00011952
0.000134316
0.000159178
0.000161661
0.000152687
0.000142799
0.000137806
0.000139499
0.000144214
0.000145046
0.000135161
8.48622e-05
0.000137031
0.000312509
0.000343545
0.000351182
0.000372453
0.000395779
0.000423643
0.000463544
0.000525036
0.000604049
0.000655091
0.000628879
0.000558895
0.000497429
0.000455646
0.00043096
0.000418283
0.000399467
0.000354341
0.000141497
0.000198435
0.000357939
0.000411853
0.00043411
0.00044665
0.00045731
0.00047344
0.000504931
0.000565107
0.000644846
0.000694347
0.00066733
0.000593116
0.000538548
0.000506855
0.000494152
0.000499856
0.000489519
0.00043564
0.000161745
0.000258152
0.00038459
0.000446609
0.000479028
0.000498087
0.000506885
0.000514906
0.000530691
0.000573833
0.000645004
0.000687414
0.00065016
0.000589553
0.000561476
0.000549781
0.000535959
0.000509158
0.000462984
0.000386655
0.000233539
0.000282678
0.000427868
0.000503198
0.000536529
0.000547205
0.000549976
0.000552589
0.000566662
0.000606892
0.000677472
0.00071163
0.000659255
0.000603495
0.000570526
0.000549264
0.000530689
0.000507533
0.000468263
0.000394665
0.000268844
0.000373194
0.000498225
0.000578718
0.000624913
0.000637195
0.000629275
0.000615818
0.000610354
0.000635527
0.000719532
0.000748886
0.00065425
0.000592126
0.000572797
0.000569961
0.000567255
0.000551224
0.000509676
0.000439848
0.000335898
0.000458655
0.000649688
0.000723864
0.000806319
0.000856188
0.000859738
0.00082725
0.000777693
0.000737327
0.000753916
0.000747128
0.000692614
0.000693926
0.000715832
0.000731548
0.000722635
0.000680701
0.000618855
0.000568775
0.000436602
0.000524802
0.000838413
0.00103576
0.00121117
0.00131925
0.00133535
0.00127219
0.00114446
0.000975973
0.000825867
0.000817509
0.000932434
0.00105537
0.00113938
0.00116955
0.00113641
0.00103182
0.00088924
0.000755151
0.000504981
0.000584388
0.00094323
0.0014207
0.00187917
0.0021232
0.00222888
0.00221788
0.00208884
0.00183436
0.00150556
0.00151394
0.00184702
0.00208479
0.00218326
0.00215902
0.00202128
0.0017495
0.00130008
0.000863234
0.000564677
0.000638893
0.00071488
0.000779516
0.000835445
0.000886222
0.000926687
0.000957832
0.000980317
0.000993428
0.00099672
0.000996959
0.00099154
0.000976491
0.00095145
0.000916919
0.000872963
0.000819909
0.000762352
0.000696993
0.000621613
9.97944e-05
0.000130099
0.000134497
0.000134196
0.000130349
0.000129053
0.000125879
0.000114386
0.000102737
0.000124903
0.00015302
0.000157592
0.000150843
0.000142582
0.000139499
0.00014408
0.000146969
0.000143933
0.00013239
0.00010513
0.000142301
0.000329598
0.000348144
0.000350313
0.000356613
0.000374566
0.000399552
0.000434046
0.000489739
0.000567915
0.000617632
0.000588185
0.00052385
0.000467793
0.00043096
0.000405273
0.000378169
0.000359944
0.000333758
0.000142365
0.000249872
0.000349458
0.000388168
0.000414447
0.00043505
0.000450514
0.00046271
0.000484971
0.000538224
0.000621784
0.000675062
0.000632578
0.000562267
0.000513983
0.000494152
0.00049616
0.000476583
0.000436379
0.000365103
0.000207211
0.00030216
0.000428554
0.000475454
0.000488007
0.000493258
0.000499106
0.000505481
0.00051823
0.000552497
0.000625152
0.000677065
0.000625678
0.000576151
0.000553508
0.000535959
0.000512461
0.000483127
0.000449047
0.000390426
0.00026758
0.000339505
0.000504322
0.000571733
0.00058287
0.000566318
0.000546043
0.000534499
0.000539706
0.000574651
0.000650188
0.000698577
0.000633231
0.000576997
0.000544077
0.000530689
0.000528093
0.000526838
0.000509358
0.00044639
0.000307299
0.000406674
0.000591107
0.000673953
0.000693335
0.000672068
0.0006323
0.000592274
0.000566667
0.000575368
0.0006557
0.000700266
0.000596037
0.0005493
0.000548457
0.000567255
0.000590466
0.000601685
0.000580839
0.00051676
0.000374415
0.000471565
0.000710445
0.000825777
0.000878799
0.000884786
0.000844129
0.000772642
0.000692491
0.000626827
0.000619314
0.000622276
0.000598821
0.000627705
0.000675873
0.000722635
0.000750209
0.000744401
0.000707267
0.00062855
0.000445456
0.00052702
0.000845
0.001067
0.00123785
0.00132426
0.00130243
0.00119743
0.00104185
0.000865009
0.0007142
0.00071266
0.00083547
0.000967197
0.0010731
0.00113641
0.00113739
0.00105881
0.000927771
0.000757619
0.000503241
0.000579446
0.000924987
0.0013561
0.00178893
0.00205457
0.00211371
0.00207143
0.00193941
0.00171735
0.00142902
0.00144163
0.00172636
0.0019271
0.00202194
0.00202128
0.00192683
0.00164635
0.00123257
0.000842498
0.000555892
0.000627283
0.000698173
0.000758324
0.000808821
0.000851712
0.000885764
0.000909742
0.000924583
0.000929146
0.000921154
0.000920914
0.000926824
0.000919775
0.000901287
0.000872963
0.000834899
0.000789247
0.000737027
0.000676387
0.000606578
0.000107169
0.000125675
0.000184723
0.000133065
0.00012925
0.000123765
0.000128825
0.000136084
0.00012591
0.000142684
0.000157698
0.000158117
0.000152818
0.000146214
0.000144214
0.000146969
0.000152045
0.000152736
0.000144249
9.63216e-05
0.000213417
0.000299909
0.000332631
0.000340068
0.000358309
0.000356598
0.000380265
0.000409732
0.000454031
0.000522535
0.000565349
0.000542439
0.000492506
0.000448247
0.000418283
0.000378169
0.000356705
0.000354992
0.000333024
0.000142897
0.000297299
0.000372365
0.000387835
0.00039578
0.000418117
0.000441747
0.000460512
0.000465047
0.000499107
0.000570708
0.000618358
0.00058116
0.000527874
0.000494657
0.000499856
0.000476583
0.000437128
0.000392421
0.000343136
0.000251494
0.000349053
0.000501664
0.000528636
0.000508763
0.000488203
0.000481127
0.000488432
0.000502183
0.000522962
0.000575653
0.000623712
0.000582382
0.000554488
0.000535461
0.000509158
0.000483127
0.000471307
0.000466558
0.000434964
0.000311144
0.00038835
0.000579247
0.000644152
0.000629368
0.000579593
0.000533454
0.00050427
0.000499747
0.00052953
0.000599361
0.000644742
0.000590789
0.000533043
0.000506208
0.000507533
0.000526838
0.000555776
0.000568729
0.000519736
0.000356359
0.000432766
0.000642827
0.00072667
0.000735533
0.000683342
0.000613297
0.000551487
0.000510966
0.000505614
0.00056841
0.000611355
0.000523097
0.000496937
0.000512471
0.000551224
0.000601685
0.000645418
0.000641968
0.000573612
0.000401461
0.00047976
0.00072917
0.000850522
0.000892404
0.000863906
0.000782717
0.000679817
0.000584305
0.000512283
0.000488723
0.000494979
0.000497808
0.000542203
0.000607123
0.000680701
0.000744401
0.000773155
0.00074473
0.000650988
0.000451301
0.000523563
0.00081653
0.00102056
0.00115628
0.00122399
0.00117974
0.00105029
0.000888627
0.000725302
0.000592526
0.000592284
0.000705513
0.000833711
0.000948096
0.00103182
0.00105881
0.0010073
0.000898761
0.000734227
0.000497097
0.000567324
0.000871261
0.00121198
0.00154542
0.00178105
0.00186131
0.00179706
0.00165247
0.00145258
0.00119785
0.00120149
0.00145495
0.00163351
0.0017374
0.0017495
0.00164635
0.00141437
0.00110133
0.000794964
0.000541298
0.000609058
0.000673804
0.000728456
0.000772677
0.000808201
0.000834474
0.000852667
0.00086156
0.000860235
0.000843806
0.000842783
0.000857285
0.000855716
0.000842579
0.000819909
0.000789247
0.000750493
0.000704345
0.000649265
0.000585819
0.000116822
0.000125445
0.000120242
0.000153109
0.000127848
0.000125452
0.000127953
0.000144445
0.000143501
0.000151793
0.000158821
0.000159246
0.000155716
0.000149444
0.000145046
0.000143933
0.000152736
0.000150585
0.000101246
9.53581e-05
0.000263023
0.000287309
0.000311163
0.000335555
0.000360111
0.000347438
0.000361848
0.000392258
0.000425689
0.000478399
0.000515444
0.000498429
0.000461827
0.000431988
0.000399467
0.000359944
0.000354992
0.000338179
0.000288754
0.000211516
0.000350503
0.000432518
0.000410807
0.000388857
0.000393643
0.00042233
0.000457898
0.000445718
0.000464671
0.000522934
0.000565857
0.000531686
0.000488256
0.00047455
0.000489519
0.000436379
0.000392421
0.000366773
0.000355744
0.000296525
0.000391179
0.000566055
0.000584008
0.000526224
0.000474373
0.000449442
0.000452482
0.000471315
0.000488575
0.000523268
0.000565482
0.000530314
0.000519286
0.000490549
0.000462984
0.000449047
0.000466558
0.000503991
0.000504096
0.000358277
0.000421146
0.000607597
0.000659007
0.000637402
0.000563407
0.000498017
0.000456297
0.000443771
0.000468277
0.000538776
0.000580309
0.000523669
0.000465718
0.000451339
0.000468263
0.000509358
0.000568729
0.00060054
0.000558043
0.000389611
0.0004512
0.000653275
0.000721476
0.000717415
0.000655174
0.000561308
0.000488293
0.000442401
0.00042791
0.000467184
0.000500518
0.000437207
0.00043119
0.000458048
0.000509676
0.000580839
0.000641968
0.000651232
0.000595075
0.00042099
0.000482704
0.000710844
0.000809307
0.000839721
0.000802417
0.000695376
0.000576398
0.000481828
0.000417201
0.000388606
0.000393494
0.00040966
0.00045848
0.000529127
0.000618855
0.000707267
0.00074473
0.000725764
0.000645459
0.000453749
0.000514461
0.0007664
0.000913765
0.00101048
0.00104496
0.00100056
0.00087552
0.000732962
0.000600608
0.000498625
0.000496364
0.000584831
0.000693446
0.000800086
0.00088924
0.000927771
0.000898761
0.000820437
0.000696898
0.00048684
0.000548509
0.000796015
0.00101263
0.00120508
0.00134292
0.00140129
0.00136962
0.00126186
0.00110369
0.000944311
0.000936931
0.00109063
0.0012157
0.00129153
0.00130008
0.00123257
0.00110133
0.000925608
0.000732213
0.000521418
0.000583714
0.000641652
0.000690062
0.000727801
0.000757205
0.000778237
0.000791472
0.000796649
0.000792551
0.000773362
0.000771525
0.000788907
0.000789674
0.000780185
0.000762352
0.000737027
0.000704345
0.000664582
0.000615668
0.000558991
0.000137116
0.000131389
0.000123266
0.000115781
0.000132885
0.000129954
0.000139365
0.000144113
0.000143413
0.000148441
0.000154856
0.00015614
0.000152348
0.000144439
0.000135161
0.00013239
0.000144249
0.000101246
0.000108289
0.000105257
0.000316862
0.000305022
0.000290735
0.000305701
0.000339559
0.000317442
0.000326909
0.000350822
0.000376335
0.000411663
0.000439663
0.000430637
0.000406603
0.000389968
0.000354341
0.000333758
0.000333024
0.000288754
0.000261864
0.000253822
0.000386162
0.000483547
0.000428645
0.000371623
0.000352592
0.000370757
0.000432007
0.000400359
0.000417421
0.000459519
0.000492165
0.00046292
0.000425334
0.000427888
0.00043564
0.000365103
0.000343136
0.000355744
0.000400952
0.000350266
0.00041641
0.000555799
0.000562727
0.000494572
0.000424528
0.00038699
0.000383944
0.000406226
0.000437319
0.000456849
0.000489157
0.000456459
0.000443775
0.000400642
0.000386655
0.000390426
0.000434964
0.000504096
0.000515137
0.000385673
0.000438819
0.000581459
0.000602311
0.000568921
0.000491403
0.000422017
0.000377736
0.000361773
0.000374824
0.000460158
0.000486826
0.000408326
0.00036584
0.000366755
0.000394665
0.00044639
0.000519736
0.000558043
0.000542168
0.000409688
0.000458207
0.000613111
0.000646392
0.000628818
0.000571626
0.000477306
0.000409913
0.000368021
0.000344948
0.000348526
0.000361199
0.000341035
0.000354907
0.000387967
0.000439848
0.00051676
0.000573612
0.000595075
0.00056818
0.000429896
0.000477279
0.000652049
0.000703312
0.000714754
0.000690249
0.000625968
0.00051787
0.00043492
0.000382231
0.000347462
0.000346677
0.000373372
0.000418582
0.000483094
0.000568775
0.00062855
0.000650988
0.000645459
0.000602633
0.000449555
0.000497521
0.00068822
0.000758686
0.000803624
0.000828414
0.000819494
0.000770517
0.000678397
0.000575391
0.000486893
0.00048062
0.000558889
0.000645583
0.000719852
0.000755151
0.000757619
0.000734227
0.000696898
0.000635756
0.000470527
0.000521107
0.000696987
0.0007907
0.000861809
0.000912637
0.000928296
0.000898723
0.000827296
0.000734609
0.000654667
0.00065198
0.000725792
0.000798804
0.00084788
0.000863234
0.000842498
0.000794964
0.000732213
0.000649856
0.000494583
0.000548164
0.000598984
0.000640993
0.000672616
0.000696714
0.000713418
0.000723199
0.000725847
0.000719901
0.000700742
0.000698493
0.000715651
0.000717966
0.000711087
0.000696993
0.000676387
0.000649265
0.000615668
0.000573051
0.000523239
0.000165129
0.000134653
0.000113957
0.000104779
0.000108709
0.000110657
0.000113963
0.000113828
0.000115538
0.000117825
0.000116217
0.000109562
0.000101765
9.11802e-05
8.48622e-05
0.00010513
9.63216e-05
9.53581e-05
0.000105257
0.000122272
0.000355421
0.000317639
0.000265656
0.000210244
0.000140764
0.000137643
0.000142122
0.000142026
0.000143111
0.000145145
0.000147269
0.00014557
0.000145174
0.000143535
0.000141497
0.000142365
0.000142897
0.000211516
0.000253822
0.000303429
0.000403667
0.00038431
0.000347003
0.000294265
0.000248509
0.000191182
0.000161637
0.000163274
0.000167235
0.000170501
0.000174718
0.00017001
0.00016877
0.000165938
0.000161745
0.000207211
0.000251494
0.000296525
0.000350266
0.000373789
0.000426554
0.000414052
0.000386898
0.000343633
0.000298403
0.000254529
0.000220476
0.00017266
0.000180895
0.000185134
0.000190403
0.000183433
0.000182217
0.000199765
0.000233539
0.00026758
0.000311144
0.000358277
0.000385673
0.000399993
0.000441408
0.000436193
0.00041601
0.000381754
0.000332434
0.00028315
0.000247445
0.000217532
0.000185766
0.00019926
0.000201918
0.000184383
0.000214326
0.000236836
0.000268844
0.000307299
0.000356359
0.000389611
0.000409688
0.000415951
0.000452635
0.000455486
0.000446091
0.000426036
0.000398967
0.000358814
0.000316094
0.000290147
0.000267213
0.000228769
0.000220338
0.000252288
0.000280154
0.000306642
0.000335898
0.000374415
0.000401461
0.00042099
0.000429896
0.000427667
0.000462836
0.000474724
0.000478352
0.000474551
0.000466338
0.000453877
0.000438818
0.000419914
0.000398285
0.000369206
0.000365037
0.000389135
0.000408308
0.000424383
0.000436602
0.000445456
0.000451301
0.000453749
0.000449555
0.000438146
0.000473572
0.000495442
0.000511091
0.000519661
0.000523139
0.00052147
0.000514771
0.000503377
0.000488021
0.000465858
0.000462446
0.000481676
0.000494263
0.000502125
0.000504981
0.000503241
0.000497097
0.00048684
0.000470527
0.000449175
0.000486131
0.000519589
0.000545998
0.000564356
0.000576368
0.000581549
0.000580103
0.000572801
0.000559871
0.000538667
0.000535802
0.000554618
0.00056425
0.000567459
0.000564677
0.000555892
0.000541298
0.000521418
0.000494583
0.00046202
0.000503189
0.000547409
0.000582415
0.000607425
0.000625554
0.000637301
0.000643243
0.000643148
0.000635484
0.000614089
0.000611397
0.000630548
0.000634824
0.000631206
0.000621613
0.000606578
0.000585819
0.000558991
0.000523239
0.000479481
)
;

boundaryField
{
    floor
    {
        type            nutkWallFunction;
        Cmu             0.09;
        kappa           0.41;
        E               9.8;
        value           nonuniform List<scalar> 
400
(
8.76615e-06
8.84865e-06
8.48536e-06
7.87849e-06
6.92672e-06
6.53033e-06
6.25668e-06
5.9451e-06
9.08638e-06
7.02673e-06
7.1132e-06
6.73823e-06
6.83455e-06
6.92242e-06
6.92982e-06
7.36241e-06
7.91277e-06
9.29573e-06
1.18555e-05
1.52081e-05
8.84865e-06
1.08772e-05
1.27288e-05
1.30583e-05
1.17298e-05
1.13537e-05
1.11406e-05
1.03626e-05
9.65179e-06
9.93635e-06
9.52587e-06
9.70468e-06
1.01469e-05
1.0413e-05
1.08431e-05
1.21414e-05
1.12691e-05
1.0984e-05
1.15186e-05
1.15778e-05
8.48536e-06
1.27288e-05
1.43133e-05
1.38345e-05
1.31683e-05
1.29822e-05
1.24827e-05
1.19346e-05
1.13091e-05
1.09725e-05
1.05307e-05
1.06224e-05
1.1183e-05
1.16071e-05
1.19055e-05
1.27981e-05
1.38384e-05
1.17914e-05
1.088e-05
8.80862e-06
7.87849e-06
1.30583e-05
1.38345e-05
1.36526e-05
1.35628e-05
1.35012e-05
1.30402e-05
1.27743e-05
1.25643e-05
1.21372e-05
1.13082e-05
1.11723e-05
1.17816e-05
1.23531e-05
1.26162e-05
1.30785e-05
1.31879e-05
1.30225e-05
1.099e-05
7.26617e-06
6.92672e-06
1.17298e-05
1.31683e-05
1.35628e-05
1.37114e-05
1.35016e-05
1.34702e-05
1.38664e-05
1.44161e-05
1.45201e-05
1.34639e-05
1.2854e-05
1.28167e-05
1.29631e-05
1.30308e-05
1.29196e-05
1.27393e-05
1.22937e-05
1.15958e-05
7.11029e-06
6.53033e-06
1.13537e-05
1.29822e-05
1.35012e-05
1.35016e-05
1.37119e-05
1.44878e-05
1.57578e-05
1.71517e-05
1.80384e-05
1.70326e-05
1.56209e-05
1.45633e-05
1.38103e-05
1.32495e-05
1.27225e-05
1.20092e-05
1.11977e-05
1.02352e-05
6.88215e-06
6.25668e-06
1.11406e-05
1.24827e-05
1.30402e-05
1.34702e-05
1.44878e-05
1.61398e-05
1.81348e-05
2.0155e-05
2.1828e-05
2.06091e-05
1.82765e-05
1.64651e-05
1.48685e-05
1.34546e-05
1.2292e-05
1.15182e-05
1.07569e-05
9.9576e-06
7.04409e-06
5.9451e-06
1.03626e-05
1.19346e-05
1.27743e-05
1.38664e-05
1.57578e-05
1.81348e-05
2.07455e-05
2.32407e-05
2.54285e-05
2.37882e-05
2.08773e-05
1.85153e-05
1.61455e-05
1.37879e-05
1.16024e-05
1.06317e-05
1.03543e-05
9.7397e-06
7.37997e-06
9.08638e-06
9.65179e-06
1.13091e-05
1.25643e-05
1.44161e-05
1.71517e-05
2.0155e-05
2.32407e-05
2.53919e-05
2.7004e-05
2.50637e-05
2.27293e-05
2.06189e-05
1.76986e-05
1.45566e-05
1.14538e-05
1.05475e-05
1.06944e-05
1.03082e-05
7.95066e-06
7.02673e-06
9.93635e-06
1.09725e-05
1.21372e-05
1.45201e-05
1.80384e-05
2.1828e-05
2.54285e-05
2.7004e-05
2.80745e-05
2.61597e-05
2.47916e-05
2.33379e-05
1.99281e-05
1.6199e-05
1.31939e-05
1.22623e-05
1.19962e-05
1.13716e-05
8.56612e-06
7.1132e-06
9.52587e-06
1.05307e-05
1.13082e-05
1.34639e-05
1.70326e-05
2.06091e-05
2.37882e-05
2.50637e-05
2.61597e-05
2.74104e-05
2.63068e-05
2.47436e-05
2.10979e-05
1.75565e-05
1.50364e-05
1.39215e-05
1.33775e-05
1.25316e-05
9.09882e-06
6.73823e-06
9.70468e-06
1.06224e-05
1.11723e-05
1.2854e-05
1.56209e-05
1.82765e-05
2.08773e-05
2.27293e-05
2.47916e-05
2.63068e-05
2.46513e-05
2.26053e-05
1.95904e-05
1.70496e-05
1.53836e-05
1.46349e-05
1.41859e-05
1.33356e-05
9.3214e-06
6.83455e-06
1.01469e-05
1.1183e-05
1.17816e-05
1.28167e-05
1.45633e-05
1.64651e-05
1.85153e-05
2.06189e-05
2.33379e-05
2.47436e-05
2.26053e-05
2.02043e-05
1.77897e-05
1.59947e-05
1.49975e-05
1.46808e-05
1.45199e-05
1.37413e-05
9.17234e-06
6.92242e-06
1.0413e-05
1.16071e-05
1.23531e-05
1.29631e-05
1.38103e-05
1.48685e-05
1.61455e-05
1.76986e-05
1.99281e-05
2.10979e-05
1.95904e-05
1.77897e-05
1.61095e-05
1.49403e-05
1.43936e-05
1.43815e-05
1.44231e-05
1.37273e-05
8.60373e-06
6.92982e-06
1.08431e-05
1.19055e-05
1.26162e-05
1.30308e-05
1.32495e-05
1.34546e-05
1.37879e-05
1.45566e-05
1.6199e-05
1.75565e-05
1.70496e-05
1.59947e-05
1.49403e-05
1.41879e-05
1.38977e-05
1.4038e-05
1.40861e-05
1.30989e-05
7.85489e-06
7.36241e-06
1.21414e-05
1.27981e-05
1.30785e-05
1.29196e-05
1.27225e-05
1.2292e-05
1.16024e-05
1.14538e-05
1.31939e-05
1.50364e-05
1.53836e-05
1.49975e-05
1.43936e-05
1.38977e-05
1.37282e-05
1.36631e-05
1.34407e-05
1.23897e-05
8.05138e-06
7.91277e-06
1.12691e-05
1.38384e-05
1.31879e-05
1.27393e-05
1.20092e-05
1.15182e-05
1.06317e-05
1.05475e-05
1.22623e-05
1.39215e-05
1.46349e-05
1.46808e-05
1.43815e-05
1.4038e-05
1.36631e-05
1.35796e-05
1.38401e-05
1.29983e-05
8.12524e-06
9.29573e-06
1.0984e-05
1.17914e-05
1.30225e-05
1.22937e-05
1.11977e-05
1.07569e-05
1.03543e-05
1.06944e-05
1.19962e-05
1.33775e-05
1.41859e-05
1.45199e-05
1.44231e-05
1.40861e-05
1.34407e-05
1.38401e-05
1.42526e-05
1.13185e-05
7.781e-06
1.18555e-05
1.15186e-05
1.088e-05
1.099e-05
1.15958e-05
1.02352e-05
9.9576e-06
9.7397e-06
1.03082e-05
1.13716e-05
1.25316e-05
1.33356e-05
1.37413e-05
1.37273e-05
1.30989e-05
1.23897e-05
1.29983e-05
1.13185e-05
1.0145e-05
9.21944e-06
1.52081e-05
1.15778e-05
8.80862e-06
7.26617e-06
7.11029e-06
6.88215e-06
7.04409e-06
7.37997e-06
7.95066e-06
8.56612e-06
9.09882e-06
9.3214e-06
9.17234e-06
8.60373e-06
7.85489e-06
8.05138e-06
8.12524e-06
7.781e-06
9.21944e-06
1.101e-05
)
;
    }
    ceiling
    {
        type            nutkWallFunction;
        Cmu             0.09;
        kappa           0.41;
        E               9.8;
        value           nonuniform List<scalar> 
400
(
5.84156e-05
6.3752e-05
6.80877e-05
7.13305e-05
7.38383e-05
7.56581e-05
7.68229e-05
7.72729e-05
7.67921e-05
7.46092e-05
7.53272e-05
7.79676e-05
7.90097e-05
7.90887e-05
7.83581e-05
7.68532e-05
7.45308e-05
7.13422e-05
6.6922e-05
6.13716e-05
6.3752e-05
6.97506e-05
7.48385e-05
7.88349e-05
8.20624e-05
8.45202e-05
8.62039e-05
8.70314e-05
8.67899e-05
8.48498e-05
8.55365e-05
8.79359e-05
8.87981e-05
8.85688e-05
8.73729e-05
8.52671e-05
8.22384e-05
7.82879e-05
7.30956e-05
6.6855e-05
6.80877e-05
7.48385e-05
8.0611e-05
8.52796e-05
8.91154e-05
9.20935e-05
9.41929e-05
9.53101e-05
9.52479e-05
9.32931e-05
9.39632e-05
9.63774e-05
9.70601e-05
9.65518e-05
9.49509e-05
9.23427e-05
8.87153e-05
8.40951e-05
7.82201e-05
7.12114e-05
7.13305e-05
7.88349e-05
8.52796e-05
9.06382e-05
9.5126e-05
9.86796e-05
0.000101307
0.000102831
0.00010304
0.000101464
0.000102103
0.000104159
0.000104522
0.000103575
0.000101429
9.82335e-05
9.39485e-05
8.86426e-05
8.21068e-05
7.4349e-05
7.38383e-05
8.20624e-05
8.91154e-05
9.5126e-05
0.000100341
0.000104696
0.000107943
0.000110066
0.000110911
0.000110325
0.00011095
0.000112012
0.000111645
0.000110026
0.000107232
0.000103193
9.81615e-05
9.22088e-05
8.50896e-05
7.66399e-05
7.56581e-05
8.45202e-05
9.20935e-05
9.86796e-05
0.000104696
0.000109677
0.000113595
0.000116448
0.000118188
0.000118873
0.000119544
0.000119263
0.000117879
0.000115404
0.00011186
0.000107175
0.000101303
9.47773e-05
8.7171e-05
7.81355e-05
7.68229e-05
8.62039e-05
9.41929e-05
0.000101307
0.000107943
0.000113595
0.000118271
0.000122038
0.000125076
0.000127779
0.000128519
0.000126179
0.000123354
0.000119802
0.000115369
0.000109936
0.000103428
9.63681e-05
8.83733e-05
7.88854e-05
7.72729e-05
8.70314e-05
9.53101e-05
0.000102831
0.000110066
0.000116448
0.000122038
0.000127123
0.000132491
0.000139414
0.000140058
0.000133682
0.000128416
0.000123351
0.000117846
0.000111565
0.000104397
9.69185e-05
8.86528e-05
7.88586e-05
7.67921e-05
8.67899e-05
9.52479e-05
0.00010304
0.000110911
0.000118188
0.000125076
0.000132491
0.000142114
0.000153699
0.000154496
0.000143111
0.000133697
0.000126197
0.000119263
0.000111986
0.000104116
9.63308e-05
8.78806e-05
7.79028e-05
7.46092e-05
8.48498e-05
9.32931e-05
0.000101464
0.000110325
0.000118873
0.000127779
0.000139414
0.000153699
0.00015615
0.000161424
0.000154495
0.000140094
0.000128575
0.000119605
0.000111014
0.000102169
9.4032e-05
8.55871e-05
7.53543e-05
7.53272e-05
8.55365e-05
9.39632e-05
0.000102103
0.00011095
0.000119544
0.000128519
0.000140058
0.000154496
0.000161424
0.00015632
0.00015453
0.000140214
0.000128456
0.000119467
0.00011088
0.000101981
9.37672e-05
8.52448e-05
7.49259e-05
7.79676e-05
8.79359e-05
9.63774e-05
0.000104159
0.000112012
0.000119263
0.000126179
0.000133682
0.000143111
0.000154495
0.00015453
0.000142979
0.000133231
0.000125718
0.000118785
0.000111473
0.000103559
9.56862e-05
8.71475e-05
7.70709e-05
7.90097e-05
8.87981e-05
9.70601e-05
0.000104522
0.000111645
0.000117879
0.000123354
0.000128416
0.000133697
0.000140094
0.000140214
0.000133231
0.000127779
0.000122645
0.000117016
0.000110588
0.000103299
9.5703e-05
8.73484e-05
7.7524e-05
7.90887e-05
8.85688e-05
9.65518e-05
0.000103575
0.000110026
0.000115404
0.000119802
0.000123351
0.000126197
0.000128575
0.000128456
0.000125718
0.000122645
0.000118841
0.000114116
0.000108403
0.000101704
9.45242e-05
8.64721e-05
7.70419e-05
7.83581e-05
8.73729e-05
9.49509e-05
0.000101429
0.000107232
0.00011186
0.000115369
0.000117846
0.000119263
0.000119605
0.000119467
0.000118785
0.000117016
0.000114116
0.000110133
0.000105078
9.90015e-05
9.2355e-05
8.47326e-05
7.5838e-05
7.68532e-05
8.52671e-05
9.23427e-05
9.82335e-05
0.000103193
0.000107175
0.000109936
0.000111565
0.000111986
0.000111014
0.00011088
0.000111473
0.000110588
0.000108403
0.000105078
0.000100645
9.53693e-05
8.93061e-05
8.22159e-05
7.39741e-05
7.45308e-05
8.22384e-05
8.87153e-05
9.39485e-05
9.81615e-05
0.000101303
0.000103428
0.000104397
0.000104116
0.000102169
0.000101981
0.000103559
0.000103299
0.000101704
9.90015e-05
9.53693e-05
9.08159e-05
8.54059e-05
7.89295e-05
7.14188e-05
7.13422e-05
7.82879e-05
8.40951e-05
8.86426e-05
9.22088e-05
9.47773e-05
9.63681e-05
9.69185e-05
9.63308e-05
9.4032e-05
9.37672e-05
9.56862e-05
9.5703e-05
9.45242e-05
9.2355e-05
8.93061e-05
8.54059e-05
8.06845e-05
7.48796e-05
6.81296e-05
6.6922e-05
7.30956e-05
7.82201e-05
8.21068e-05
8.50896e-05
8.7171e-05
8.83733e-05
8.86528e-05
8.78806e-05
8.55871e-05
8.52448e-05
8.71475e-05
8.73484e-05
8.64721e-05
8.47326e-05
8.22159e-05
7.89295e-05
7.48796e-05
6.97531e-05
6.37544e-05
6.13716e-05
6.6855e-05
7.12114e-05
7.4349e-05
7.66399e-05
7.81355e-05
7.88854e-05
7.88586e-05
7.79028e-05
7.53543e-05
7.49259e-05
7.70709e-05
7.7524e-05
7.70419e-05
7.5838e-05
7.39741e-05
7.14188e-05
6.81296e-05
6.37544e-05
5.83969e-05
)
;
    }
    fixedWalls
    {
        type            nutkWallFunction;
        Cmu             0.09;
        kappa           0.41;
        E               9.8;
        value           nonuniform List<scalar> 
800
(
8.76615e-06
3.10337e-05
4.38914e-05
4.77847e-05
5.00424e-05
5.16556e-05
5.30617e-05
5.452e-05
5.61919e-05
5.84156e-05
8.84865e-06
2.47557e-05
4.08998e-05
4.60292e-05
4.92994e-05
5.19763e-05
5.45137e-05
5.71754e-05
6.01923e-05
6.3752e-05
8.48536e-06
1.83346e-05
3.43648e-05
4.28285e-05
4.70433e-05
5.10741e-05
5.51357e-05
5.92348e-05
6.34909e-05
6.80877e-05
7.87849e-06
1.43511e-05
2.82684e-05
3.70273e-05
4.32623e-05
4.88879e-05
5.49817e-05
6.05688e-05
6.59431e-05
7.13305e-05
6.92672e-06
1.38259e-05
2.19775e-05
3.1344e-05
3.74938e-05
4.57951e-05
5.43829e-05
6.13927e-05
6.77534e-05
7.38383e-05
6.53033e-06
1.37649e-05
1.69199e-05
2.66893e-05
3.21752e-05
4.12465e-05
5.3334e-05
6.16463e-05
6.88555e-05
7.56581e-05
6.25668e-06
1.37353e-05
1.70925e-05
2.19234e-05
2.76049e-05
3.67945e-05
5.18109e-05
6.13013e-05
6.92184e-05
7.68229e-05
5.9451e-06
1.3627e-05
1.71191e-05
1.88774e-05
2.41291e-05
3.24078e-05
4.97243e-05
6.03197e-05
6.88367e-05
7.72729e-05
9.08638e-06
1.40329e-05
1.74813e-05
1.96188e-05
2.00856e-05
2.76818e-05
4.71714e-05
5.87462e-05
6.76816e-05
7.67921e-05
7.02673e-06
1.35329e-05
1.78743e-05
2.01445e-05
2.09319e-05
2.32083e-05
4.40387e-05
5.64393e-05
6.54802e-05
7.46092e-05
7.1132e-06
1.33892e-05
1.72692e-05
1.93965e-05
1.99369e-05
2.48266e-05
4.50621e-05
5.71653e-05
6.61558e-05
7.53272e-05
6.73823e-06
1.33825e-05
1.70736e-05
1.92083e-05
2.18709e-05
3.02264e-05
4.92336e-05
6.016e-05
6.89363e-05
7.79676e-05
6.83455e-06
1.33423e-05
1.68991e-05
2.00854e-05
2.58336e-05
3.54894e-05
5.24197e-05
6.24226e-05
7.08003e-05
7.90097e-05
6.92242e-06
1.31127e-05
1.65671e-05
2.59279e-05
3.06824e-05
4.07492e-05
5.50649e-05
6.40441e-05
7.18769e-05
7.90887e-05
6.92982e-06
1.27329e-05
2.14047e-05
3.05265e-05
3.60672e-05
4.72105e-05
5.70909e-05
6.49141e-05
7.20371e-05
7.83581e-05
7.36241e-06
1.33169e-05
2.77824e-05
3.62008e-05
4.28329e-05
5.07671e-05
5.84191e-05
6.49952e-05
7.12543e-05
7.68532e-05
7.91277e-06
2.1574e-05
3.38972e-05
4.23062e-05
4.77957e-05
5.33555e-05
5.90306e-05
6.43022e-05
6.95655e-05
7.45308e-05
9.29573e-06
2.80979e-05
4.07321e-05
4.69568e-05
5.11036e-05
5.50314e-05
5.89633e-05
6.28908e-05
6.70631e-05
7.13422e-05
1.18555e-05
3.48134e-05
4.52524e-05
4.96734e-05
5.27789e-05
5.54121e-05
5.7937e-05
6.05551e-05
6.35434e-05
6.6922e-05
1.52081e-05
3.98439e-05
4.75566e-05
5.08677e-05
5.29791e-05
5.45768e-05
5.60093e-05
5.74915e-05
5.91725e-05
6.13716e-05
1.52081e-05
3.98439e-05
4.75566e-05
5.08677e-05
5.29791e-05
5.45768e-05
5.60093e-05
5.74915e-05
5.91725e-05
6.13716e-05
1.15778e-05
3.45914e-05
4.49713e-05
4.93883e-05
5.24947e-05
5.51383e-05
5.76885e-05
6.03574e-05
6.33986e-05
6.6855e-05
8.80862e-06
2.78663e-05
4.0103e-05
4.63999e-05
5.05084e-05
5.44657e-05
5.84937e-05
6.25337e-05
6.68003e-05
7.12114e-05
7.26617e-06
2.00715e-05
3.32763e-05
4.14678e-05
4.6963e-05
5.25548e-05
5.84151e-05
6.38488e-05
6.92278e-05
7.4349e-05
7.11029e-06
1.29762e-05
2.72339e-05
3.54992e-05
4.16931e-05
4.97979e-05
5.77388e-05
6.44976e-05
7.08735e-05
7.66399e-05
6.88215e-06
1.25204e-05
1.99253e-05
2.98892e-05
3.51381e-05
4.58865e-05
5.64082e-05
6.44305e-05
7.16475e-05
7.81355e-05
7.04409e-06
1.31295e-05
1.66807e-05
2.52677e-05
2.99561e-05
3.97355e-05
5.44864e-05
6.36268e-05
7.15228e-05
7.88854e-05
7.37997e-06
1.33094e-05
1.67755e-05
1.90841e-05
2.5477e-05
3.49561e-05
5.1984e-05
6.21159e-05
7.05492e-05
7.88586e-05
7.95066e-06
1.35634e-05
1.72327e-05
1.95278e-05
2.12336e-05
3.02203e-05
4.89905e-05
6.0013e-05
6.88327e-05
7.79028e-05
8.56612e-06
1.38179e-05
1.75004e-05
1.96903e-05
2.06755e-05
2.47597e-05
4.49349e-05
5.71403e-05
6.61748e-05
7.53543e-05
9.09882e-06
1.43831e-05
1.82026e-05
2.05011e-05
2.14364e-05
2.42205e-05
4.43425e-05
5.66616e-05
6.57439e-05
7.49259e-05
9.3214e-06
1.4448e-05
1.78839e-05
1.99872e-05
2.05221e-05
2.89114e-05
4.75434e-05
5.90203e-05
6.79556e-05
7.70709e-05
9.17234e-06
1.42986e-05
1.75642e-05
1.94061e-05
2.45191e-05
3.34228e-05
5.01166e-05
6.06168e-05
6.91181e-05
7.7524e-05
8.60373e-06
1.41607e-05
1.73262e-05
2.23861e-05
2.79457e-05
3.76115e-05
5.21988e-05
6.15982e-05
6.94876e-05
7.70419e-05
7.85489e-06
1.39199e-05
1.69757e-05
2.6983e-05
3.24954e-05
4.19406e-05
5.36945e-05
6.19205e-05
6.90933e-05
7.5838e-05
8.05138e-06
1.36616e-05
2.25457e-05
3.15852e-05
3.79053e-05
4.6262e-05
5.46942e-05
6.16294e-05
6.79477e-05
7.39741e-05
8.12524e-06
1.39276e-05
2.83953e-05
3.72672e-05
4.35244e-05
4.91738e-05
5.52172e-05
6.07544e-05
6.60851e-05
7.14188e-05
7.781e-06
2.01703e-05
3.43541e-05
4.29253e-05
4.7195e-05
5.12285e-05
5.52824e-05
5.93527e-05
6.35758e-05
6.81296e-05
9.21944e-06
2.677e-05
4.09163e-05
4.60667e-05
4.93359e-05
5.2013e-05
5.45591e-05
5.72177e-05
6.02213e-05
6.37544e-05
1.101e-05
3.335e-05
4.39839e-05
4.77948e-05
5.00295e-05
5.1643e-05
5.30573e-05
5.45208e-05
5.61892e-05
5.83969e-05
8.76615e-06
3.10337e-05
4.38914e-05
4.77847e-05
5.00424e-05
5.16556e-05
5.30617e-05
5.452e-05
5.61919e-05
5.84156e-05
8.84865e-06
2.47557e-05
4.08998e-05
4.60292e-05
4.92994e-05
5.19763e-05
5.45137e-05
5.71754e-05
6.01923e-05
6.3752e-05
8.48536e-06
1.83346e-05
3.43648e-05
4.28285e-05
4.70433e-05
5.10741e-05
5.51357e-05
5.92348e-05
6.34909e-05
6.80877e-05
7.87849e-06
1.43511e-05
2.82684e-05
3.70273e-05
4.32623e-05
4.88879e-05
5.49817e-05
6.05688e-05
6.59431e-05
7.13305e-05
6.92672e-06
1.38259e-05
2.19775e-05
3.1344e-05
3.74938e-05
4.57951e-05
5.43829e-05
6.13927e-05
6.77534e-05
7.38383e-05
6.53033e-06
1.37649e-05
1.69199e-05
2.66893e-05
3.21752e-05
4.12465e-05
5.3334e-05
6.16463e-05
6.88555e-05
7.56581e-05
6.25668e-06
1.37353e-05
1.70925e-05
2.19234e-05
2.76049e-05
3.67945e-05
5.18109e-05
6.13013e-05
6.92184e-05
7.68229e-05
5.9451e-06
1.3627e-05
1.71191e-05
1.88774e-05
2.41291e-05
3.24078e-05
4.97243e-05
6.03197e-05
6.88367e-05
7.72729e-05
9.08638e-06
1.40329e-05
1.74813e-05
1.96188e-05
2.00856e-05
2.76818e-05
4.71714e-05
5.87462e-05
6.76816e-05
7.67921e-05
7.02673e-06
1.35329e-05
1.78743e-05
2.01445e-05
2.09319e-05
2.32083e-05
4.40387e-05
5.64393e-05
6.54802e-05
7.46092e-05
7.1132e-06
1.33892e-05
1.72692e-05
1.93965e-05
1.99369e-05
2.48266e-05
4.50621e-05
5.71653e-05
6.61558e-05
7.53272e-05
6.73823e-06
1.33825e-05
1.70736e-05
1.92083e-05
2.18709e-05
3.02264e-05
4.92336e-05
6.016e-05
6.89363e-05
7.79676e-05
6.83455e-06
1.33423e-05
1.68991e-05
2.00854e-05
2.58336e-05
3.54894e-05
5.24197e-05
6.24226e-05
7.08003e-05
7.90097e-05
6.92242e-06
1.31127e-05
1.65671e-05
2.59279e-05
3.06824e-05
4.07492e-05
5.50649e-05
6.40441e-05
7.18769e-05
7.90887e-05
6.92982e-06
1.27329e-05
2.14047e-05
3.05265e-05
3.60672e-05
4.72105e-05
5.70909e-05
6.49141e-05
7.20371e-05
7.83581e-05
7.36241e-06
1.33169e-05
2.77824e-05
3.62008e-05
4.28329e-05
5.07671e-05
5.84191e-05
6.49952e-05
7.12543e-05
7.68532e-05
7.91277e-06
2.1574e-05
3.38972e-05
4.23062e-05
4.77957e-05
5.33555e-05
5.90306e-05
6.43022e-05
6.95655e-05
7.45308e-05
9.29573e-06
2.80979e-05
4.07321e-05
4.69568e-05
5.11036e-05
5.50314e-05
5.89633e-05
6.28908e-05
6.70631e-05
7.13422e-05
1.18555e-05
3.48134e-05
4.52524e-05
4.96734e-05
5.27789e-05
5.54121e-05
5.7937e-05
6.05551e-05
6.35434e-05
6.6922e-05
1.52081e-05
3.98439e-05
4.75566e-05
5.08677e-05
5.29791e-05
5.45768e-05
5.60093e-05
5.74915e-05
5.91725e-05
6.13716e-05
1.52081e-05
3.98439e-05
4.75566e-05
5.08677e-05
5.29791e-05
5.45768e-05
5.60093e-05
5.74915e-05
5.91725e-05
6.13716e-05
1.15778e-05
3.45914e-05
4.49713e-05
4.93883e-05
5.24947e-05
5.51383e-05
5.76885e-05
6.03574e-05
6.33986e-05
6.6855e-05
8.80862e-06
2.78663e-05
4.0103e-05
4.63999e-05
5.05084e-05
5.44657e-05
5.84937e-05
6.25337e-05
6.68003e-05
7.12114e-05
7.26617e-06
2.00715e-05
3.32763e-05
4.14678e-05
4.6963e-05
5.25548e-05
5.84151e-05
6.38488e-05
6.92278e-05
7.4349e-05
7.11029e-06
1.29762e-05
2.72339e-05
3.54992e-05
4.16931e-05
4.97979e-05
5.77388e-05
6.44976e-05
7.08735e-05
7.66399e-05
6.88215e-06
1.25204e-05
1.99253e-05
2.98892e-05
3.51381e-05
4.58865e-05
5.64082e-05
6.44305e-05
7.16475e-05
7.81355e-05
7.04409e-06
1.31295e-05
1.66807e-05
2.52677e-05
2.99561e-05
3.97355e-05
5.44864e-05
6.36268e-05
7.15228e-05
7.88854e-05
7.37997e-06
1.33094e-05
1.67755e-05
1.90841e-05
2.5477e-05
3.49561e-05
5.1984e-05
6.21159e-05
7.05492e-05
7.88586e-05
7.95066e-06
1.35634e-05
1.72327e-05
1.95278e-05
2.12336e-05
3.02203e-05
4.89905e-05
6.0013e-05
6.88327e-05
7.79028e-05
8.56612e-06
1.38179e-05
1.75004e-05
1.96903e-05
2.06755e-05
2.47597e-05
4.49349e-05
5.71403e-05
6.61748e-05
7.53543e-05
9.09882e-06
1.43831e-05
1.82026e-05
2.05011e-05
2.14364e-05
2.42205e-05
4.43425e-05
5.66616e-05
6.57439e-05
7.49259e-05
9.3214e-06
1.4448e-05
1.78839e-05
1.99872e-05
2.05221e-05
2.89114e-05
4.75434e-05
5.90203e-05
6.79556e-05
7.70709e-05
9.17234e-06
1.42986e-05
1.75642e-05
1.94061e-05
2.45191e-05
3.34228e-05
5.01166e-05
6.06168e-05
6.91181e-05
7.7524e-05
8.60373e-06
1.41607e-05
1.73262e-05
2.23861e-05
2.79457e-05
3.76115e-05
5.21988e-05
6.15982e-05
6.94876e-05
7.70419e-05
7.85489e-06
1.39199e-05
1.69757e-05
2.6983e-05
3.24954e-05
4.19406e-05
5.36945e-05
6.19205e-05
6.90933e-05
7.5838e-05
8.05138e-06
1.36616e-05
2.25457e-05
3.15852e-05
3.79053e-05
4.6262e-05
5.46942e-05
6.16294e-05
6.79477e-05
7.39741e-05
8.12524e-06
1.39276e-05
2.83953e-05
3.72672e-05
4.35244e-05
4.91738e-05
5.52172e-05
6.07544e-05
6.60851e-05
7.14188e-05
7.781e-06
2.01703e-05
3.43541e-05
4.29253e-05
4.7195e-05
5.12285e-05
5.52824e-05
5.93527e-05
6.35758e-05
6.81296e-05
9.21944e-06
2.677e-05
4.09163e-05
4.60667e-05
4.93359e-05
5.2013e-05
5.45591e-05
5.72177e-05
6.02213e-05
6.37544e-05
1.101e-05
3.335e-05
4.39839e-05
4.77948e-05
5.00295e-05
5.1643e-05
5.30573e-05
5.45208e-05
5.61892e-05
5.83969e-05
)
;
    }
}


// ************************************************************************* //
