/*--------------------------------*- C++ -*----------------------------------*\
| =========                 |                                                 |
| \\      /  F ield         | OpenFOAM: The Open Source CFD Toolbox           |
|  \\    /   O peration     | Version:  v1912                                 |
|   \\  /    A nd           | Website:  www.openfoam.com                      |
|    \\/     M anipulation  |                                                 |
\*---------------------------------------------------------------------------*/
FoamFile
{
    version     2.0;
    format      ascii;
    class       surfaceScalarField;
    location    "800";
    object      phi;
}
// * * * * * * * * * * * * * * * * * * * * * * * * * * * * * * * * * * * * * //

dimensions      [0 3 -1 0 0 0 0];
oriented        oriented;


internalField   nonuniform List<scalar> 
3895
(
0.000814746
0.00038143
0.000499361
0.000315385
0.000251565
0.000247796
6.4863e-05
0.000186702
-6.21962e-05
0.000127059
-0.000127327
6.51304e-05
-0.000137639
1.0312e-05
-0.000113632
-2.40064e-05
-9.03514e-05
-2.32808e-05
-8.49475e-05
-5.40387e-06
-6.613e-05
-1.88175e-05
-4.47463e-05
-2.13837e-05
-4.04655e-05
-4.28082e-06
-4.86712e-05
8.20568e-06
-4.57124e-05
-2.95876e-06
-3.20528e-05
-1.36597e-05
-2.51406e-05
-6.91219e-06
-2.59228e-05
7.82189e-07
-2.89442e-05
3.02143e-06
-3.04879e-05
1.54374e-06
-2.91865e-05
-1.30146e-06
-2.49006e-05
-4.28591e-06
-1.858e-05
-6.32052e-06
-1.19757e-05
-6.60438e-06
-6.2008e-06
-5.77486e-06
-1.89737e-06
-4.30344e-06
8.4719e-07
-2.74456e-06
2.45812e-06
-1.61093e-06
3.51513e-06
-1.05701e-06
4.42547e-06
-9.1034e-07
5.31542e-06
-8.89956e-07
6.16001e-06
-8.44588e-07
6.94056e-06
-7.80545e-07
7.62206e-06
-6.81502e-07
8.13252e-06
-5.10463e-07
8.40724e-06
-2.74721e-07
8.39567e-06
1.1571e-08
8.01005e-06
3.85615e-07
7.25906e-06
7.50989e-07
6.09977e-06
1.15929e-06
4.45065e-06
1.64912e-06
2.2e-06
2.25065e-06
-7.80504e-07
2.9805e-06
-4.61977e-06
3.83926e-06
-9.43735e-06
4.81758e-06
-1.53831e-05
5.94578e-06
-2.27829e-05
7.39981e-06
-3.23324e-05
9.54947e-06
-4.53461e-05
1.30137e-05
-6.39654e-05
1.86192e-05
-9.10841e-05
2.71187e-05
-0.000129729
3.86452e-05
-0.00018222
5.24904e-05
-0.000249476
6.72564e-05
-0.000330158
8.06816e-05
-0.000419834
8.96758e-05
-0.000511175
9.13414e-05
-0.000595285
8.41102e-05
-0.000663294
6.80084e-05
-0.000706454
4.31606e-05
-0.000713826
7.37225e-06
-0.000695934
-1.78921e-05
-0.000657077
-3.88572e-05
-0.000600856
-5.62212e-05
-0.000531194
-6.96621e-05
-0.000451143
-8.00506e-05
-0.000362691
-8.84527e-05
-0.000267369
-9.53216e-05
-0.000166767
-0.000100601
-6.25631e-05
-0.000104204
4.32949e-05
-0.000105858
0.00014885
-0.000105555
0.000252532
-0.000103682
0.000352981
-0.000100449
0.000449301
-9.63199e-05
0.000541405
-9.21044e-05
0.000629535
-8.81298e-05
0.000716812
-8.7277e-05
0.00080358
-8.67682e-05
-0.000107537
0.00108795
0.000349294
0.00104738
0.000355946
0.000933278
0.000361903
0.000775747
0.000344233
0.000598431
0.000304375
0.000410383
0.000253178
0.000221248
0.000199447
5.3877e-05
0.000143365
-6.04246e-05
9.10208e-05
-0.000110188
4.43598e-05
-0.000131882
2.87637e-06
-0.000123968
-2.92982e-05
-0.00010567
-2.2578e-05
-0.000107783
1.03178e-05
-0.000103374
-7.36727e-06
-9.07477e-05
-2.62861e-05
-7.67542e-05
-2.09056e-05
-7.88654e-05
2.89336e-06
-8.71319e-05
1.12879e-05
-9.26326e-05
7.0444e-06
-9.45879e-05
6.53826e-07
-9.0962e-05
-7.91175e-06
-8.48087e-05
-1.24739e-05
-7.80704e-05
-1.33426e-05
-7.15062e-05
-1.23391e-05
-6.5846e-05
-9.96363e-06
-6.17083e-05
-6.88228e-06
-5.95526e-05
-3.76659e-06
-5.92563e-05
-1.35334e-06
-6.03167e-05
1.50084e-07
-6.25433e-05
1.3366e-06
-6.5251e-05
1.86315e-06
-6.81327e-05
2.10111e-06
-7.11077e-05
2.29349e-06
-7.43039e-05
2.6858e-06
-7.78684e-05
3.28972e-06
-8.19158e-05
4.05898e-06
-8.64849e-05
4.9547e-06
-9.16849e-05
5.95103e-06
-9.75605e-05
7.03488e-06
-0.00010412
8.20891e-06
-0.000111359
9.48893e-06
-0.000119263
1.08853e-05
-0.000127803
1.23793e-05
-0.000136905
1.39196e-05
-0.000146449
1.54895e-05
-0.000156329
1.72797e-05
-0.000166547
1.9768e-05
-0.000177226
2.36928e-05
-0.000188507
2.98997e-05
-0.000200604
3.92152e-05
-0.000213834
5.18761e-05
-0.000228225
6.68805e-05
-0.000242918
8.19501e-05
-0.00025573
9.34935e-05
-0.000262798
9.67439e-05
-0.000259319
8.7862e-05
-0.000241178
6.59695e-05
-0.000207138
3.39684e-05
-0.000166121
2.14393e-06
-0.000119457
-3.92923e-05
-6.74208e-05
-6.99281e-05
-1.28139e-05
-9.34641e-05
4.34106e-05
-0.000112446
0.000102844
-0.000129096
0.0001667
-0.000143906
0.000234889
-0.000156641
0.000306396
-0.00016683
0.000379713
-0.000173918
0.000453078
-0.00017757
0.000524966
-0.000177746
0.00059414
-0.000174729
0.000659522
-0.000169065
0.000720537
-0.000161463
0.000777015
-0.000152798
0.000829055
-0.000144145
0.000877517
-0.000136591
0.000922423
-0.000132183
0.000966491
-0.000130836
-0.000142147
0.000975282
0.000305926
0.00102604
0.000305187
0.00106097
0.000326974
0.00105862
0.000346584
0.00101217
0.00035082
0.000925048
0.000340304
0.000805752
0.000318743
0.000661765
0.000287352
0.000504928
0.000247857
0.000345843
0.000203445
0.000190168
0.000158552
4.70571e-05
0.000113812
-4.98375e-05
7.43165e-05
-8.59846e-05
4.64649e-05
-0.000105869
1.25174e-05
-0.000113873
-1.82821e-05
-0.000101869
-3.29096e-05
-9.15484e-05
-7.42746e-06
-9.90004e-05
1.87399e-05
-0.000108458
1.65017e-05
-0.000114965
7.16084e-06
-0.000119603
-3.27334e-06
-0.000121684
-1.03925e-05
-0.000120593
-1.44338e-05
-0.000118974
-1.39583e-05
-0.000118713
-1.02251e-05
-0.000120406
-5.18861e-06
-0.000124225
5.22501e-08
-0.000128302
2.7233e-06
-0.000132809
4.65768e-06
-0.000137335
5.86231e-06
-0.000141924
6.45205e-06
-0.000146456
6.63343e-06
-0.000150839
6.6766e-06
-0.000155134
6.98028e-06
-0.000159498
7.65439e-06
-0.000164027
8.58706e-06
-0.000168697
9.62565e-06
-0.000173436
1.06895e-05
-0.000178157
1.17556e-05
-0.000182765
1.28174e-05
-0.000187161
1.38853e-05
-0.000191234
1.49574e-05
-0.000194797
1.59422e-05
-0.000197496
1.66195e-05
-0.000198682
1.66748e-05
-0.000197339
1.59368e-05
-0.000192474
1.49035e-05
-0.000183089
1.43074e-05
-0.000168112
1.49226e-05
-0.000146158
1.72615e-05
-0.000116496
2.22139e-05
-7.82774e-05
2.86621e-05
-3.08941e-05
3.45668e-05
2.53598e-05
3.72395e-05
8.79204e-05
3.41834e-05
0.000152249
2.35329e-05
0.000212078
6.14115e-06
0.00026682
-2.07742e-05
0.00031889
-4.99259e-05
0.000361394
-8.17965e-05
0.00040261
-0.000111144
0.000445974
-0.000136827
0.000493055
-0.000159527
0.000543372
-0.000179414
0.000595576
-0.000196109
0.000647971
-0.000209037
0.000698862
-0.00021772
0.000746843
-0.000221899
0.000790889
-0.000221615
0.00083037
-0.000217227
0.000865011
-0.00020937
0.00089484
-0.000198894
0.000920151
-0.000186773
0.000941415
-0.000174062
0.000959135
-0.000161866
0.000973913
-0.000151368
0.000985621
-0.000143892
0.000995327
-0.000140542
-0.00014498
0.000857109
0.000271374
0.000897355
0.000264941
0.000950164
0.000274165
0.00100471
0.000292042
0.00104637
0.000309153
0.00106531
0.000321372
0.00105664
0.000327411
0.00101794
0.000326054
0.000949552
0.000316241
0.00085508
0.000297917
0.000740895
0.000272737
0.000611932
0.000242776
0.000476494
0.000209754
0.000348327
0.000174632
0.000223535
0.00013731
0.000102247
0.000103006
-1.42401e-07
6.94797e-05
-5.16316e-05
4.40618e-05
-6.2881e-05
2.99892e-05
-6.47453e-05
1.83659e-05
-6.70959e-05
9.5115e-06
-7.30023e-05
2.63306e-06
-8.04663e-05
-2.9286e-06
-8.89924e-05
-5.90764e-06
-9.63431e-05
-6.60764e-06
-0.000101841
-4.72674e-06
-0.000106799
-2.30827e-07
-0.000112157
5.41034e-06
-0.000117736
8.302e-06
-0.000122875
9.79648e-06
-0.000127242
1.02299e-05
-0.000130771
9.98057e-06
-0.000133532
9.39454e-06
-0.000135359
8.50314e-06
-0.00013658
8.20142e-06
-0.000137294
8.36873e-06
-0.000137542
8.83458e-06
-0.000137024
9.10823e-06
-0.000135587
9.2522e-06
-0.000133108
9.27627e-06
-0.00012944
9.15007e-06
-0.000124417
8.86157e-06
-0.000117892
8.43333e-06
-0.000109699
7.74863e-06
-9.9598e-05
6.51862e-06
-8.73815e-05
4.45831e-06
-7.21222e-05
6.77386e-07
-5.39566e-05
-3.26206e-06
-3.17513e-05
-7.8979e-06
-3.99151e-06
-1.28372e-05
3.06096e-05
-1.73396e-05
7.40486e-05
-2.12252e-05
0.000127122
-2.44115e-05
0.00018919
-2.75009e-05
0.000258161
-3.17316e-05
0.000331037
-3.86927e-05
0.000404451
-4.98807e-05
0.000476805
-6.62136e-05
0.000543763
-8.7732e-05
0.000606032
-0.000112195
0.000662101
-0.000137865
0.000713662
-0.000162705
0.000762026
-0.000185192
0.000807117
-0.000204618
0.000848195
-0.000220491
0.000884403
-0.000232317
0.000915057
-0.000239691
0.000939773
-0.000242436
0.000958529
-0.000240655
0.000971642
-0.000234729
0.000979692
-0.000225276
0.000983421
-0.0002131
0.000983639
-0.000199111
0.000981132
-0.000184266
0.00097659
-0.000169521
0.000970528
-0.000155804
0.000963242
-0.000144082
0.000954567
-0.000135217
0.000944361
-0.000130336
-0.000130417
0.000759397
0.000238011
0.000790536
0.000233802
0.000828351
0.000236349
0.000874985
0.000245408
0.000927002
0.000257137
0.000978871
0.000269503
0.00102441
0.000281869
0.00105755
0.000292918
0.00107319
0.000300602
0.00106786
0.000303245
0.00104042
0.000300179
0.000991565
0.00029163
0.000923239
0.00027808
0.00083886
0.000259011
0.000741525
0.000234645
0.000636636
0.000207896
0.000532151
0.000173965
0.0004339
0.000142312
0.000348944
0.000114946
0.000276029
9.12805e-05
0.000213746
7.17944e-05
0.000160427
5.59526e-05
0.000114128
4.33695e-05
7.45241e-05
3.36967e-05
4.17023e-05
2.62141e-05
1.65727e-05
2.04029e-05
3.18153e-07
1.60237e-05
-7.30534e-06
1.30338e-05
-9.5373e-06
1.0534e-05
-8.30806e-06
8.56724e-06
-4.98861e-06
6.91046e-06
-4.30751e-07
5.4227e-06
4.95473e-06
4.00906e-06
1.08386e-05
2.61932e-06
1.7224e-05
1.81597e-06
2.47323e-05
8.60383e-07
3.39373e-05
-3.704e-07
4.4769e-05
-1.72341e-06
5.75187e-05
-3.49754e-06
7.24648e-05
-5.66985e-06
8.98824e-05
-8.26753e-06
0.000110061
-1.13168e-05
0.000133322
-1.48276e-05
0.000159911
-1.88405e-05
0.000189878
-2.34488e-05
0.000223109
-2.87725e-05
0.00025866
-3.48732e-05
0.000296865
-4.14679e-05
0.00033739
-4.84226e-05
0.000380061
-5.55083e-05
0.000425112
-6.23904e-05
0.000472753
-6.88664e-05
0.000523346
-7.50046e-05
0.000577039
-8.11934e-05
0.000633475
-8.81682e-05
0.000691636
-9.68535e-05
0.000749846
-0.00010809
0.000805926
-0.000122293
0.000857455
-0.000139261
0.000903266
-0.000158006
0.000942587
-0.000177186
0.000975276
-0.000195394
0.00100143
-0.000211351
0.00102101
-0.000224197
0.00103394
-0.000233421
0.00104034
-0.000238717
0.00104061
-0.000239954
0.00103539
-0.000237221
0.00102557
-0.000230831
0.00101213
-0.000221292
0.000996106
-0.000209252
0.000978458
-0.000195452
0.000960014
-0.000180668
0.000941416
-0.000165668
0.000923093
-0.000151197
0.000905237
-0.000137948
0.000887786
-0.00012663
0.000870366
-0.000117796
0.000852336
-0.000112307
-0.000110293
0.000672433
0.000206414
0.000702275
0.000203961
0.000733372
0.000205252
0.000767839
0.00021094
0.000806614
0.000218362
0.000850036
0.000226081
0.000897301
0.000234604
0.000946031
0.000244188
0.000992641
0.000253992
0.00103305
0.000262834
0.00106349
0.000269743
0.00108117
0.000273948
0.00108444
0.000274805
0.00107207
0.000271381
0.0010437
0.000263017
0.00100103
0.000250564
0.000949033
0.000225964
0.000891656
0.000199689
0.0008319
0.000174702
0.000772156
0.000151025
0.000714622
0.000129328
0.000660586
0.000109989
0.000610851
9.3104e-05
0.000566008
7.85398e-05
0.00052626
6.59627e-05
0.000491585
5.50776e-05
0.000461955
4.56536e-05
0.000437581
3.74074e-05
0.00041812
2.99954e-05
0.000403345
2.33418e-05
0.000392942
1.73141e-05
0.000386571
1.17934e-05
0.00038396
6.61983e-06
0.000385292
1.28763e-06
0.000390273
-3.16467e-06
0.000398963
-7.82995e-06
0.000411174
-1.25814e-05
0.000426814
-1.7363e-05
0.000445621
-2.23054e-05
0.0004674
-2.74485e-05
0.000491935
-3.28029e-05
0.000519
-3.83814e-05
0.000548368
-4.41951e-05
0.000579789
-5.02615e-05
0.000612949
-5.66091e-05
0.000647434
-6.32579e-05
0.000682745
-7.0184e-05
0.000718535
-7.72576e-05
0.000754425
-8.4313e-05
0.000790094
-9.11767e-05
0.00082538
-9.76767e-05
0.000860246
-0.000103733
0.000894688
-0.000109446
0.000928624
-0.00011513
0.000961745
-0.000121288
0.000993406
-0.000128515
0.00102263
-0.000137313
0.00104824
-0.000147901
0.00106906
-0.000160082
0.00108425
-0.000173196
0.00109331
-0.000186252
0.00109612
-0.000198198
0.00109286
-0.000208098
0.00108396
-0.000215291
0.00106995
-0.000219413
0.00105155
-0.000220316
0.00102962
-0.000218023
0.00100511
-0.000212715
0.000979006
-0.000204726
0.00095222
-0.000194506
0.000925552
-0.000182584
0.000899635
-0.000169535
0.000874914
-0.000155947
0.00085164
-0.000142394
0.000829878
-0.000129436
0.000809511
-0.000117581
0.000790244
-0.000107363
0.000771562
-9.91144e-05
0.000752828
-9.35731e-05
-9.02886e-05
0.000594386
0.000177665
0.00062317
0.000175177
0.000652323
0.000176099
0.000682115
0.000181149
0.000712924
0.000187552
0.000745613
0.000193392
0.000781181
0.000199036
0.000820193
0.000205175
0.000862411
0.000211774
0.000906707
0.000218538
0.000951215
0.000225234
0.00099366
0.000231504
0.00103171
0.000236754
0.00106298
0.000240113
0.0010853
0.000240697
0.00109753
0.000238336
0.00109977
0.000223725
0.00109369
0.000205769
0.00108083
0.000187563
0.00106268
0.000169175
0.00104092
0.000151082
0.00101711
0.000133798
0.000992588
0.000117628
0.000968439
0.000102689
0.000945452
8.89498e-05
0.000924204
7.63251e-05
0.000905146
6.47117e-05
0.000888597
5.39571e-05
0.000874691
4.39014e-05
0.000863567
3.44656e-05
0.000855301
2.55796e-05
0.000849937
1.71576e-05
0.000847463
9.09385e-06
0.00084732
1.43039e-06
0.000850228
-6.07247e-06
0.00085567
-1.32716e-05
0.00086346
-2.03721e-05
0.000873455
-2.73578e-05
0.000885398
-3.42487e-05
0.000899022
-4.10719e-05
0.000914055
-4.78363e-05
0.000930217
-5.45434e-05
0.000947217
-6.11948e-05
0.00096475
-6.77947e-05
0.000982489
-7.43481e-05
0.00100008
-8.08494e-05
0.00101716
-8.72638e-05
0.00103341
-9.3506e-05
0.00104856
-9.94611e-05
0.0010624
-0.000105023
0.00107484
-0.000110117
0.00108586
-0.000114745
0.00109544
-0.000119033
0.00110356
-0.000123247
0.00111003
-0.000127763
0.00111451
-0.000132991
0.00111645
-0.000139258
0.00111523
-0.000146681
0.00111024
-0.000155087
0.00110104
-0.000163997
0.0010875
-0.000172711
0.00106978
-0.000180478
0.00104831
-0.000186632
0.00102372
-0.000190692
0.00099669
-0.000192387
0.000967993
-0.000191618
0.000938393
-0.000188423
0.000908626
-0.000182948
0.000879343
-0.000175443
0.000851076
-0.000166238
0.000824213
-0.000155721
0.000798998
-0.000144321
0.000775537
-0.000132485
0.000753809
-0.000120666
0.000733687
-0.000109314
0.000714936
-9.88305e-05
0.000697225
-8.96523e-05
0.000680053
-8.19422e-05
0.000662951
-7.64709e-05
-7.20676e-05
0.000525111
0.000151816
0.000551936
0.000148352
0.000579146
0.000148889
0.000606467
0.000153827
0.000634006
0.000160013
0.000661953
0.000165445
0.000690628
0.000170362
0.000720605
0.000175198
0.000752535
0.000179845
0.000786873
0.000184199
0.000823722
0.000188386
0.00086273
0.000192496
0.00090308
0.000196403
0.000943486
0.000199707
0.000982309
0.000201875
0.00101803
0.000202617
0.00104832
0.000193431
0.00107278
0.000181313
0.00109162
0.000168724
0.00110524
0.000155556
0.00111427
0.000142045
0.00111951
0.00012856
0.00112176
0.000115378
0.0011218
0.000102655
0.00112029
9.04522e-05
0.00111784
7.87784e-05
0.00111493
6.76166e-05
0.00111197
5.69245e-05
0.00110922
4.6647e-05
0.00110693
3.67528e-05
0.00110529
2.72263e-05
0.0011044
1.80434e-05
0.00110431
9.19045e-06
0.00110493
8.08276e-07
0.00110637
-7.5199e-06
0.00110846
-1.53598e-05
0.00111107
-2.29775e-05
0.00111409
-3.03751e-05
0.00111738
-3.7543e-05
0.0011208
-4.44886e-05
0.00112418
-5.12155e-05
0.00112735
-5.77207e-05
0.00113016
-6.40015e-05
0.00113242
-7.00581e-05
0.00113397
-7.58908e-05
0.00113461
-8.14921e-05
0.00113418
-8.68371e-05
0.00113255
-9.18756e-05
0.00112963
-9.65436e-05
0.0011254
-0.000100789
0.00111988
-0.000104597
0.00111315
-0.000108009
0.00110527
-0.000111157
0.00109628
-0.000114262
0.00108613
-0.000117608
0.00107463
-0.00012149
0.0010615
-0.000126129
0.00104641
-0.000131596
0.00102908
-0.000137756
0.00100935
-0.000144266
0.000987266
-0.000150626
0.000963075
-0.000156287
0.000937191
-0.000160748
0.000910122
-0.000163623
0.000882403
-0.000164669
0.000854557
-0.000163772
0.000827056
-0.000160922
0.000800307
-0.000156199
0.000774625
-0.000149762
0.00075023
-0.000141843
0.000727246
-0.000132737
0.000705714
-0.000122789
0.000685605
-0.000112376
0.000666831
-0.000101892
0.000649254
-9.17368e-05
0.000632679
-8.22556e-05
0.000616852
-7.38249e-05
0.000601379
-6.64693e-05
0.000585934
-6.10256e-05
-5.55755e-05
0.00046394
0.000128551
0.000488639
0.000123652
0.00051348
0.000124049
0.000538159
0.000129148
0.000563122
0.00013505
0.000588445
0.000140122
0.00061397
0.000144837
0.000639764
0.000149404
0.000666083
0.000153526
0.000693245
0.000157037
0.00072161
0.00016002
0.00075152
0.000162587
0.00078317
0.000164753
0.000816474
0.000166403
0.000850999
0.00016735
0.000886112
0.000167504
0.000919682
0.000159861
0.000950826
0.00015017
0.000979171
0.000140379
0.00100445
0.000130274
0.00102659
0.000119903
0.0010457
0.000109453
0.00106199
9.90872e-05
0.00107575
8.88989e-05
0.00108727
7.89302e-05
0.00109685
6.91945e-05
0.00110478
5.96936e-05
0.00111128
5.04189e-05
0.00111657
4.13557e-05
0.00112082
3.2502e-05
0.00112418
2.38711e-05
0.00112675
1.54771e-05
0.0011286
7.33645e-06
0.0011298
-3.9585e-07
0.00113032
-8.03203e-06
0.00113019
-1.52309e-05
0.00112939
-2.21781e-05
0.00112789
-2.88817e-05
0.00112568
-3.53313e-05
0.00112272
-4.15237e-05
0.00111896
-4.74586e-05
0.00111437
-5.31339e-05
0.00110892
-5.85482e-05
0.00110256
-6.37021e-05
0.00109527
-6.85968e-05
0.00108701
-7.3229e-05
0.00107776
-7.75847e-05
0.00106752
-8.16376e-05
0.00105633
-8.53562e-05
0.00104426
-8.87208e-05
0.00103141
-9.1742e-05
0.00101787
-9.44771e-05
0.00100376
-9.70432e-05
0.000989117
-9.96177e-05
0.000973926
-0.000102417
0.000958094
-0.000105657
0.00094146
-0.000109495
0.00092384
-0.000113976
0.000905081
-0.000118997
0.000885115
-0.0001243
0.000863997
-0.000129508
0.000841905
-0.000134195
0.000819106
-0.000137949
0.000795918
-0.000140435
0.000772662
-0.000141412
0.00074963
-0.00014074
0.000727072
-0.000138365
0.000705185
-0.000134312
0.000684109
-0.000128685
0.000663929
-0.000121663
0.000644685
-0.000113494
0.000626382
-0.000104485
0.000608995
-9.49888e-05
0.000592478
-8.53759e-05
0.000576762
-7.60206e-05
0.000561742
-6.72356e-05
0.00054726
-5.93425e-05
0.000533051
-5.22605e-05
0.000518833
-4.68079e-05
-4.0504e-05
0.000410014
0.000107501
0.000432754
0.000100912
0.000455183
0.00010162
0.000477152
0.000107179
0.000499455
0.000112747
0.000522203
0.000117374
0.000545203
0.000121836
0.00056844
0.000126167
0.00059194
0.000130026
0.000615686
0.00013329
0.000639722
0.000135985
0.000664189
0.000138119
0.000689281
0.000139662
0.000715152
0.000140532
0.000741864
0.000140638
0.000769388
0.00013998
0.000796434
0.000132815
0.000822522
0.000124082
0.000847429
0.000115472
0.000870887
0.000106816
0.000892682
9.81085e-05
0.000912688
8.94478e-05
0.000930854
8.09213e-05
0.000947183
7.25694e-05
0.000961714
6.43989e-05
0.000974507
5.6402e-05
0.000985633
4.85679e-05
0.000995167
4.08848e-05
0.00100318
3.33418e-05
0.00100974
2.59394e-05
0.00101492
1.86929e-05
0.00101878
1.16236e-05
0.00102135
4.75874e-06
0.00102279
-1.83631e-06
0.00102304
-8.27408e-06
0.00102223
-1.44272e-05
0.00102039
-2.03407e-05
0.00101755
-2.60366e-05
0.00101373
-3.15104e-05
0.00100896
-3.67561e-05
0.00100327
-4.17724e-05
0.000996699
-4.65589e-05
0.000989266
-5.11155e-05
0.000981008
-5.54434e-05
0.000971955
-5.95438e-05
0.000962141
-6.34147e-05
0.000951604
-6.7048e-05
0.000940395
-7.04286e-05
0.000928579
-7.35405e-05
0.000916237
-7.63784e-05
0.000903456
-7.89617e-05
0.000890325
-8.13456e-05
0.000876911
-8.36295e-05
0.000863248
-8.59548e-05
0.00084932
-8.84889e-05
0.000835057
-9.13943e-05
0.00082035
-9.47876e-05
0.000805073
-9.86993e-05
0.000789121
-0.000103045
0.000772441
-0.00010762
0.000755055
-0.000112123
0.000737059
-0.000116199
0.000718608
-0.000119498
0.000699882
-0.000121709
0.000681065
-0.000122595
0.000662323
-0.000121998
0.000643794
-0.000119836
0.000625588
-0.000116105
0.000607785
-0.000110882
0.000590445
-0.000104323
0.000573611
-9.66597e-05
0.000557316
-8.81904e-05
0.000541587
-7.92595e-05
0.000526443
-7.02316e-05
0.000511887
-6.14645e-05
0.000497897
-5.32456e-05
0.000484388
-4.58335e-05
0.000471208
-3.90808e-05
0.000458041
-3.36409e-05
-2.68008e-05
0.000362528
8.82933e-05
0.000383496
7.99438e-05
0.000403597
8.15192e-05
0.000423064
8.77118e-05
0.00044288
9.29311e-05
0.000463078
9.71768e-05
0.000483524
0.00010139
0.000504297
0.000105394
0.00052542
0.000108903
0.000546805
0.000111905
0.000568367
0.000114423
0.000590058
0.000116428
0.000611865
0.000117854
0.000633785
0.000118612
0.000655814
0.000118608
0.000677971
0.000117824
0.000699348
0.000111438
0.00071975
0.000103679
0.00073919
9.60325e-05
0.000757603
8.84029e-05
0.000774911
8.08006e-05
0.000791052
7.33067e-05
0.000805983
6.59901e-05
0.000819675
5.88773e-05
0.00083211
5.19644e-05
0.000843276
4.52351e-05
0.000853174
3.86708e-05
0.000861805
3.22537e-05
0.000869178
2.59689e-05
0.000875305
1.98116e-05
0.000880208
1.37901e-05
0.000883913
7.91865e-06
0.000886464
2.2078e-06
0.000887932
-3.30423e-06
0.000888333
-8.67556e-06
0.000887756
-1.38498e-05
0.000886237
-1.88221e-05
0.000883811
-2.36103e-05
0.000880517
-2.82159e-05
0.000876395
-3.26342e-05
0.000871486
-3.68634e-05
0.00086583
-4.09035e-05
0.000859469
-4.47547e-05
0.000852443
-4.84172e-05
0.000844791
-5.18911e-05
0.00083655
-5.51737e-05
0.00082776
-5.82586e-05
0.000818467
-6.11356e-05
0.000808722
-6.37955e-05
0.000798583
-6.6239e-05
0.000788108
-6.84874e-05
0.000777354
-7.05908e-05
0.000766358
-7.26339e-05
0.000755136
-7.47325e-05
0.000743668
-7.7021e-05
0.000731901
-7.96278e-05
0.000719757
-8.26434e-05
0.000707146
-8.60882e-05
0.00069399
-8.98896e-05
0.000680247
-9.38761e-05
0.000665916
-9.7792e-05
0.000651047
-0.00010133
0.000635725
-0.000104175
0.000620054
-0.000106038
0.000604143
-0.000106685
0.000588093
-0.000105948
0.000571994
-0.000103736
0.000555926
-0.000100038
0.000539967
-9.49228e-05
0.000524191
-8.85471e-05
0.000508677
-8.1146e-05
0.000493507
-7.30204e-05
0.000478763
-6.45154e-05
0.000464521
-5.59892e-05
0.000450837
-4.77804e-05
0.000437743
-4.01517e-05
0.000425196
-3.32868e-05
0.00041313
-2.70145e-05
0.000401152
-2.16628e-05
-1.46643e-05
0.000320758
7.05686e-05
0.000340087
6.06147e-05
0.000357962
6.3644e-05
0.000375206
7.04679e-05
0.000392819
7.53176e-05
0.00041069
7.93065e-05
0.000428757
8.33231e-05
0.000447162
8.69892e-05
0.000465939
9.01263e-05
0.000485023
9.28205e-05
0.000504347
9.50997e-05
0.000523846
9.69281e-05
0.000543446
9.82545e-05
0.000563056
9.90021e-05
0.000582581
9.90828e-05
0.000601945
9.84601e-05
0.000620301
9.30824e-05
0.000637492
8.64873e-05
0.000653584
7.99406e-05
0.000668602
7.33849e-05
0.00068256
6.68431e-05
0.000695474
6.03927e-05
0.000707363
5.41008e-05
0.000718244
4.79965e-05
0.000728129
4.20796e-05
0.000737027
3.63371e-05
0.000744945
3.07523e-05
0.00075189
2.53088e-05
0.000757868
1.99912e-05
0.000762887
1.47929e-05
0.000766958
9.71845e-06
0.000770099
4.77794e-06
0.000772345
-3.78474e-08
0.000773726
-4.68589e-06
0.000774266
-9.21511e-06
0.000774003
-1.35874e-05
0.000772974
-1.77923e-05
0.000771203
-2.18399e-05
0.000768722
-2.57343e-05
0.00076556
-2.94727e-05
0.00076175
-3.30531e-05
0.000757322
-3.64754e-05
0.000752307
-3.97394e-05
0.000746734
-4.28448e-05
0.000740634
-4.57906e-05
0.000734034
-4.85736e-05
0.000726963
-5.11882e-05
0.000719455
-5.36268e-05
0.000711543
-5.5884e-05
0.000703267
-5.79632e-05
0.000694666
-5.98859e-05
0.000685772
-6.16975e-05
0.00067661
-6.34714e-05
0.000667183
-6.53059e-05
0.000657475
-6.73129e-05
0.000647445
-6.95974e-05
0.000637033
-7.22315e-05
0.000626173
-7.52278e-05
0.000614802
-7.85194e-05
0.00060288
-8.19537e-05
0.000590392
-8.53034e-05
0.000577353
-8.82917e-05
0.000563805
-9.06276e-05
0.000549807
-9.204e-05
0.000535426
-9.23042e-05
0.000520739
-9.12602e-05
0.000505826
-8.88234e-05
0.000490779
-8.49915e-05
0.000475705
-7.98481e-05
0.00046072
-7.3562e-05
0.000445952
-6.63785e-05
0.000431533
-5.86018e-05
0.000417589
-5.05705e-05
0.000404226
-4.26268e-05
0.000391525
-3.50789e-05
0.000379534
-2.81612e-05
0.000368221
-2.19739e-05
0.000357575
-1.63683e-05
0.000347122
-1.12095e-05
-4.42035e-06
0.000284047
5.3995e-05
0.000301804
4.28575e-05
0.000317587
4.78611e-05
0.000332893
5.51619e-05
0.000348559
5.96515e-05
0.000364356
6.35097e-05
0.00038032
6.73584e-05
0.000396611
7.06988e-05
0.000413236
7.35008e-05
0.000430146
7.59107e-05
0.000447302
7.79438e-05
0.000464664
7.95663e-05
0.000482171
8.07472e-05
0.000499741
8.14325e-05
0.000517271
8.1552e-05
0.000534662
8.10698e-05
0.000551105
7.66394e-05
0.000566422
7.11705e-05
0.000580652
6.571e-05
0.000593821
6.02158e-05
0.000605953
5.4711e-05
0.000617081
4.9265e-05
0.000627242
4.39401e-05
0.000636472
3.87661e-05
0.000644805
3.37467e-05
0.000652269
2.88735e-05
0.000658887
2.41342e-05
0.00066468
1.95159e-05
0.000669666
1.50053e-05
0.000673861
1.05974e-05
0.000677283
6.29683e-06
0.000679952
2.10899e-06
0.000681881
-1.96763e-06
0.000683105
-5.90905e-06
0.000683628
-9.73895e-06
0.000683481
-1.34398e-05
0.000682688
-1.7e-05
0.000681273
-2.04245e-05
0.000679256
-2.37176e-05
0.000676662
-2.68781e-05
0.000673513
-2.99041e-05
0.000669832
-3.2795e-05
0.000665643
-3.55507e-05
0.000660969
-3.81701e-05
0.00065583
-4.06517e-05
0.000650248
-4.29918e-05
0.000644245
-4.51849e-05
0.000637842
-4.72245e-05
0.000631065
-4.91065e-05
0.000623937
-5.08355e-05
0.000616483
-5.24312e-05
0.00060872
-5.39346e-05
0.000600658
-5.541e-05
0.000592295
-5.69424e-05
0.000583609
-5.86269e-05
0.000574563
-6.05516e-05
0.000565106
-6.27743e-05
0.000555178
-6.53003e-05
0.000544723
-6.80646e-05
0.000533696
-7.09263e-05
0.00052207
-7.36771e-05
0.000509842
-7.60641e-05
0.000497035
-7.78201e-05
0.000483691
-7.86967e-05
0.000469878
-7.84908e-05
0.000455682
-7.70642e-05
0.000441214
-7.43551e-05
0.000426606
-7.0384e-05
0.000412013
-6.52547e-05
0.000397599
-5.91488e-05
0.000383536
-5.23146e-05
0.000369981
-4.50473e-05
0.000357074
-3.76635e-05
0.000344921
-3.0474e-05
0.000333587
-2.37449e-05
0.000323107
-1.76807e-05
0.000313429
-1.22959e-05
0.000304577
-7.51675e-06
0.000296021
-2.6536e-06
3.647e-06
0.000251798
3.82832e-05
0.000267991
2.66645e-05
0.000281861
3.39914e-05
0.000295501
4.15218e-05
0.000309433
4.57198e-05
0.00032339
4.95522e-05
0.000337519
5.32298e-05
0.00035196
5.62579e-05
0.000366692
5.87689e-05
0.00038167
6.09326e-05
0.000396868
6.27456e-05
0.000412256
6.41785e-05
0.000427787
6.52162e-05
0.000443398
6.5821e-05
0.000459011
6.59389e-05
0.00047454
6.55414e-05
0.000489254
6.19247e-05
0.00050298
5.74452e-05
0.000515738
5.29516e-05
0.000527543
4.84114e-05
0.000538408
4.38454e-05
0.000548359
3.93144e-05
0.000557425
3.48739e-05
0.000565639
3.05519e-05
0.000573033
2.6353e-05
0.000579635
2.2271e-05
0.000585473
1.82969e-05
0.000590568
1.44205e-05
0.000594944
1.06296e-05
0.000598619
6.92161e-06
0.000601614
3.30246e-06
0.000603946
-2.23328e-07
0.000605633
-3.65432e-06
0.0006067
-6.97588e-06
0.000607158
-1.01977e-05
0.000607031
-1.33119e-05
0.000606339
-1.63081e-05
0.000605102
-1.91875e-05
0.000603338
-2.19535e-05
0.000601065
-2.46055e-05
0.000598302
-2.71414e-05
0.000595067
-2.95597e-05
0.000591376
-3.18594e-05
0.000587244
-3.40387e-05
0.000582687
-3.60946e-05
0.000577718
-3.80224e-05
0.000572349
-3.98158e-05
0.000566592
-4.14681e-05
0.000560461
-4.29753e-05
0.000553967
-4.43414e-05
0.00054712
-4.55846e-05
0.000539928
-4.67418e-05
0.000532388
-4.78705e-05
0.000524491
-4.90456e-05
0.000516214
-5.035e-05
0.000507522
-5.18587e-05
0.000498366
-5.36188e-05
0.000488695
-5.56296e-05
0.000478458
-5.78275e-05
0.000467614
-6.00817e-05
0.000456139
-6.22022e-05
0.000444036
-6.39608e-05
0.000431335
-6.51194e-05
0.000418099
-6.54605e-05
0.000404421
-6.4813e-05
0.000390426
-6.30699e-05
0.000376269
-6.0198e-05
0.000362126
-5.62409e-05
0.000348188
-5.13162e-05
0.000334646
-4.56073e-05
0.000321682
-3.93501e-05
0.000309448
-3.28135e-05
0.000298062
-2.62775e-05
0.000287598
-2.00104e-05
0.000278083
-1.42297e-05
0.000269517
-9.11426e-06
0.000261816
-4.59517e-06
0.000255031
-7.31465e-07
0.000248623
3.75441e-06
9.43107e-06
0.000223468
2.31975e-05
0.000238065
1.2068e-05
0.000250245
2.18105e-05
0.00026246
2.93075e-05
0.000274839
3.33406e-05
0.000287177
3.72144e-05
0.000299706
4.07001e-05
0.00031253
4.34339e-05
0.000325606
4.56933e-05
0.000338896
4.76424e-05
0.00035238
4.92613e-05
0.000366029
5.05294e-05
0.000379802
5.14436e-05
0.000393646
5.19771e-05
0.000407498
5.20873e-05
0.000421286
5.17527e-05
0.000434366
4.88448e-05
0.00044658
4.52314e-05
0.000457947
4.15849e-05
0.000468477
3.78809e-05
0.000478183
3.41399e-05
0.000487081
3.04166e-05
0.000495193
2.67612e-05
0.000502546
2.31993e-05
0.000509163
1.97357e-05
0.000515069
1.6365e-05
0.000520286
1.30805e-05
0.000524832
9.8739e-06
0.00052873
6.73222e-06
0.000531995
3.65611e-06
0.000534647
6.5088e-07
0.000536704
-2.2806e-06
0.000538184
-5.13404e-06
0.000539106
-7.89816e-06
0.000539484
-1.05754e-05
0.000539333
-1.31609e-05
0.00053867
-1.56453e-05
0.000537509
-1.80269e-05
0.000535863
-2.03074e-05
0.000533743
-2.24858e-05
0.000531161
-2.45591e-05
0.000528126
-2.65248e-05
0.000524648
-2.83807e-05
0.000520733
-3.01238e-05
0.000516388
-3.17501e-05
0.00051162
-3.32542e-05
0.000506434
-3.46293e-05
0.000500834
-3.58691e-05
0.000494829
-3.69701e-05
0.000488425
-3.79369e-05
0.000481627
-3.8787e-05
0.000474441
-3.95553e-05
0.000466865
-4.02946e-05
0.000458892
-4.10724e-05
0.000450504
-4.19621e-05
0.000441673
-4.30284e-05
0.000432364
-4.43099e-05
0.000422536
-4.58018e-05
0.000412152
-4.74434e-05
0.000401186
-4.91155e-05
0.000389633
-5.06488e-05
0.000377515
-5.18432e-05
0.00036489
-5.24941e-05
0.000351849
-5.24197e-05
0.00033852
-5.14835e-05
0.000325059
-4.96094e-05
0.00031165
-4.67884e-05
0.000298487
-4.3078e-05
0.000285768
-3.85973e-05
0.000273677
-3.35171e-05
0.000262375
-2.80471e-05
0.00025198
-2.24189e-05
0.00024257
-1.68676e-05
0.000234176
-1.16159e-05
0.000226779
-6.83308e-06
0.000220346
-2.68167e-06
0.000214763
9.87917e-07
0.000210093
3.93918e-06
0.000205871
7.97564e-06
1.3015e-05
0.00019856
8.56662e-06
0.000211521
-8.92926e-07
0.000222268
1.1064e-05
0.00023325
1.8325e-05
0.000244236
2.23547e-05
0.000255157
2.62934e-05
0.000266293
2.95644e-05
0.000277696
3.20306e-05
0.000289315
3.40749e-05
0.000301121
3.58362e-05
0.000313097
3.7285e-05
0.000325215
3.84111e-05
0.000337438
3.92212e-05
0.000349718
3.96968e-05
0.000362001
3.98044e-05
0.000374225
3.95288e-05
0.000385817
3.72526e-05
0.000396638
3.44105e-05
0.000406705
3.15172e-05
0.000416031
2.8555e-05
0.000424626
2.55453e-05
0.000432504
2.25387e-05
0.000439683
1.95821e-05
0.000446183
1.66994e-05
0.000452023
1.38953e-05
0.000457223
1.11653e-05
0.000461799
8.50483e-06
0.000465766
5.90682e-06
0.000469141
3.35733e-06
0.000471939
8.57278e-07
0.000474178
-1.58799e-06
0.00047587
-3.97247e-06
0.000477026
-6.28959e-06
0.000477657
-8.52943e-06
0.000477772
-1.06908e-05
0.000477381
-1.27693e-05
0.000476492
-1.4756e-05
0.000475112
-1.66476e-05
0.000473249
-1.84442e-05
0.000470908
-2.01446e-05
0.000468094
-2.17456e-05
0.000464814
-2.32446e-05
0.000461072
-2.4639e-05
0.000456875
-2.59262e-05
0.000452227
-2.71026e-05
0.000447137
-2.81636e-05
0.000441611
-2.91037e-05
0.00043566
-2.99183e-05
0.000429296
-3.06062e-05
0.000422533
-3.11735e-05
0.000415384
-3.16384e-05
0.000407863
-3.20341e-05
0.000399978
-3.24092e-05
0.00039173
-3.28245e-05
0.000383112
-3.33442e-05
0.000374107
-3.40234e-05
0.00036469
-3.4893e-05
0.000354834
-3.59451e-05
0.000344514
-3.71238e-05
0.000333722
-3.83234e-05
0.00032247
-3.93969e-05
0.000310801
-4.0174e-05
0.000298791
-4.04842e-05
0.000286551
-4.01801e-05
0.000274224
-3.91565e-05
0.000261977
-3.7362e-05
0.000249991
-3.48027e-05
0.000238453
-3.15402e-05
0.000227541
-2.76847e-05
0.000217409
-2.33855e-05
0.000208181
-1.88191e-05
0.000199939
-1.41765e-05
0.000192718
-9.64679e-06
0.000186512
-5.41038e-06
0.000181271
-1.5919e-06
0.000176936
1.65358e-06
0.000173377
4.5471e-06
0.000170655
6.66102e-06
0.000168437
1.01938e-05
1.46455e-05
0.000176567
-5.65381e-06
0.000187955
-1.2281e-05
0.000197511
1.50735e-06
0.000207403
8.4332e-06
0.000217122
1.26356e-05
0.000226777
1.66384e-05
0.000236646
1.96957e-05
0.000246735
2.1941e-05
0.000256996
2.38147e-05
0.00026741
2.54222e-05
0.000277964
2.67308e-05
0.000288633
2.77418e-05
0.000299384
2.84701e-05
0.000310177
2.89047e-05
0.00032096
2.9021e-05
0.000331679
2.88101e-05
0.000341828
2.71037e-05
0.000351282
2.49556e-05
0.000360058
2.27419e-05
0.000368163
2.04499e-05
0.000375606
1.81019e-05
0.000382399
1.57462e-05
0.000388554
1.34266e-05
0.000394088
1.1166e-05
0.000399014
8.96883e-06
0.000403348
6.83153e-06
0.000407101
4.75143e-06
0.000410285
2.72348e-06
0.000412914
7.28258e-07
0.000414999
-1.22842e-06
0.000416546
-3.13476e-06
0.000417559
-4.98562e-06
0.000418045
-6.7752e-06
0.00041801
-8.4949e-06
0.000417462
-1.01421e-05
0.000416405
-1.17128e-05
0.000414848
-1.31991e-05
0.000412798
-1.45977e-05
0.000410263
-1.59086e-05
0.000407249
-1.71312e-05
0.000403767
-1.82636e-05
0.000399827
-1.93039e-05
0.000395439
-2.02509e-05
0.000390616
-2.11033e-05
0.000385372
-2.18589e-05
0.000379724
-2.25151e-05
0.000373689
-2.30687e-05
0.000367287
-2.35172e-05
0.000360543
-2.38616e-05
0.000353479
-2.41095e-05
0.000346119
-2.42788e-05
0.000338485
-2.43999e-05
0.000330592
-2.4516e-05
0.000322447
-2.46795e-05
0.000314047
-2.49443e-05
0.000305379
-2.53556e-05
0.000296423
-2.59368e-05
0.000287156
-2.66782e-05
0.000277562
-2.75293e-05
0.000267637
-2.83989e-05
0.000257403
-2.91631e-05
0.00024691
-2.96804e-05
0.000236237
-2.98119e-05
0.000225498
-2.9441e-05
0.00021483
-2.84884e-05
0.000204389
-2.69207e-05
0.000194339
-2.47531e-05
0.000184844
-2.20447e-05
0.000176051
-1.88921e-05
0.000168086
-1.54199e-05
0.000161037
-1.17708e-05
0.000154957
-8.09582e-06
0.000149851
-4.5415e-06
0.000145691
-1.25038e-06
0.000142407
1.69251e-06
0.000139928
4.13246e-06
0.000138123
6.35261e-06
0.000137036
7.74738e-06
0.000136486
1.07443e-05
1.46842e-05
0.000157032
-1.93904e-05
0.000167042
-2.22914e-05
0.00017562
-7.07065e-06
0.00018441
-3.56016e-07
0.000192821
4.22365e-06
0.000201129
8.33094e-06
0.000209584
1.12402e-05
0.000218177
1.33486e-05
0.000226879
1.51121e-05
0.000235695
1.66066e-05
0.00024462
1.78056e-05
0.000253637
1.87245e-05
0.000262719
1.93882e-05
0.000271829
1.9795e-05
0.00028092
1.99304e-05
0.000289937
1.9793e-05
0.000298448
1.85921e-05
0.000306344
1.70601e-05
0.00031363
1.54555e-05
0.00032031
1.37697e-05
0.000326387
1.20253e-05
0.000331866
1.02676e-05
0.000336755
8.53713e-06
0.000341066
6.85468e-06
0.000344811
5.22419e-06
0.000348
3.64237e-06
0.000350643
2.10852e-06
0.000352748
6.1901e-07
0.000354326
-8.50544e-07
0.000355378
-2.27964e-06
0.000355907
-3.66393e-06
0.000355922
-5.00069e-06
0.000355431
-6.28433e-06
0.000354444
-7.50811e-06
0.000352972
-8.66946e-06
0.000351024
-9.76517e-06
0.000348614
-1.07894e-05
0.000345756
-1.17393e-05
0.000342463
-1.26158e-05
0.000338751
-1.34194e-05
0.000334637
-1.41493e-05
0.000330138
-1.48051e-05
0.000325274
-1.53866e-05
0.000320064
-1.58939e-05
0.000314532
-1.63263e-05
0.000308699
-1.66825e-05
0.000302591
-1.6961e-05
0.000296235
-1.7161e-05
0.000289658
-1.72847e-05
0.000282888
-1.73396e-05
0.000275951
-1.73416e-05
0.000268868
-1.7317e-05
0.000261654
-1.73016e-05
0.000254312
-1.73382e-05
0.000246838
-1.747e-05
0.000239215
-1.7732e-05
0.000231419
-1.81409e-05
0.000223426
-1.86857e-05
0.000215219
-1.93224e-05
0.000206795
-1.99747e-05
0.000198173
-2.05407e-05
0.000189398
-2.09059e-05
0.000180547
-2.09605e-05
0.000171721
-2.06148e-05
0.000163044
-1.98114e-05
0.000154655
-1.85319e-05
0.000146698
-1.67965e-05
0.000139313
-1.46598e-05
0.000132624
-1.22029e-05
0.00012673
-9.52553e-06
0.000121696
-6.73744e-06
0.000117553
-3.95221e-06
0.000114289
-1.278e-06
0.000111864
1.17478e-06
0.0001102
3.35665e-06
0.000109221
5.11183e-06
0.000108806
6.76702e-06
0.000108969
7.58509e-06
0.000109688
1.00249e-05
1.35361e-05
0.000139698
-3.26077e-05
0.000148437
-3.10306e-05
0.000155932
-1.45659e-05
0.000163127
-7.55111e-06
0.000169631
-2.2807e-06
0.000175929
2.03356e-06
0.000182294
4.87469e-06
0.000188751
6.89167e-06
0.000195317
8.54615e-06
0.000202017
9.90682e-06
0.000208853
1.09692e-05
0.000215809
1.17692e-05
0.000222852
1.23445e-05
0.000229943
1.27043e-05
0.000237029
1.28448e-05
0.00024405
1.27717e-05
0.000250656
1.19862e-05
0.000256748
1.09677e-05
0.000262322
9.88166e-06
0.00026737
8.72152e-06
0.000271887
7.50829e-06
0.000275873
6.28197e-06
0.000279332
5.07769e-06
0.000282274
3.91276e-06
0.000284709
2.78967e-06
0.000286646
1.70476e-06
0.000288095
6.59548e-07
0.000289065
-3.50371e-07
0.000289561
-1.34689e-06
0.00028959
-2.30849e-06
0.000289164
-3.23754e-06
0.000288293
-4.13002e-06
0.00028699
-4.98175e-06
0.00028527
-5.78774e-06
0.000283146
-6.54588e-06
0.000280635
-7.25404e-06
0.000277754
-7.90805e-06
0.000274521
-8.50609e-06
0.000270954
-9.04945e-06
0.000267074
-9.53934e-06
0.000262901
-9.9758e-06
0.000258455
-1.0359e-05
0.000253758
-1.06894e-05
0.000248831
-1.09676e-05
0.000243699
-1.11937e-05
0.000238383
-1.13672e-05
0.00023291
-1.14873e-05
0.000227303
-1.1554e-05
0.000221588
-1.15697e-05
0.000215789
-1.15406e-05
0.000209927
-1.148e-05
0.000204019
-1.14086e-05
0.000198071
-1.13544e-05
0.000192084
-1.13506e-05
0.000186044
-1.14297e-05
0.000179929
-1.16176e-05
0.000173713
-1.19248e-05
0.000167367
-1.23402e-05
0.000160872
-1.28267e-05
0.000154219
-1.33223e-05
0.000147425
-1.37462e-05
0.000140528
-1.40094e-05
0.000133596
-1.40288e-05
0.000126721
-1.37394e-05
0.000120013
-1.31038e-05
0.000113597
-1.21158e-05
0.0001076
-1.07988e-05
0.00010214
-9.2004e-06
9.73225e-05
-7.38525e-06
9.32247e-05
-5.42778e-06
8.9894e-05
-3.40673e-06
8.73439e-05
-1.40211e-06
8.55555e-05
5.10491e-07
8.44799e-05
2.2503e-06
8.40424e-05
3.79422e-06
8.41635e-05
4.99072e-06
8.47481e-05
6.18241e-06
8.57571e-05
6.57611e-06
8.73343e-05
8.44769e-06
1.15985e-05
0.000124195
-4.51641e-05
0.000131113
-3.79493e-05
0.000136333
-1.97851e-05
0.000140505
-1.17237e-05
0.000143877
-5.65198e-06
0.000147202
-1.29208e-06
0.000150762
1.31452e-06
0.000154587
3.06665e-06
0.000158689
4.44485e-06
0.000163063
5.5329e-06
0.000167678
6.35334e-06
0.000172491
6.95711e-06
0.000177448
7.38742e-06
0.000182493
7.65849e-06
0.000187566
7.77206e-06
0.000192601
7.73688e-06
0.000197328
7.25896e-06
0.000201664
6.63175e-06
0.000205594
5.952e-06
0.000209102
5.21374e-06
0.000212176
4.43388e-06
0.000214813
3.64471e-06
0.000217017
2.87376e-06
0.000218796
2.13372e-06
0.000220161
1.42515e-06
0.000221122
7.43667e-07
0.000221689
9.20778e-08
0.000221875
-5.35722e-07
0.000221685
-1.15689e-06
0.000221131
-1.75496e-06
0.000220225
-2.33148e-06
0.000218978
-2.8833e-06
0.000217404
-3.40749e-06
0.000215517
-3.90048e-06
0.000213332
-4.36082e-06
0.000210865
-4.78728e-06
0.000208134
-5.177e-06
0.000205157
-5.52885e-06
0.000201952
-5.84421e-06
0.000198537
-6.12437e-06
0.00019493
-6.36963e-06
0.000191152
-6.58028e-06
0.000187219
-6.75696e-06
0.000183152
-6.90028e-06
0.000178969
-7.01046e-06
0.000174689
-7.0873e-06
0.000170332
-7.13045e-06
0.000165918
-7.14011e-06
0.000161466
-7.1181e-06
0.000156995
-7.06949e-06
0.000152519
-7.00407e-06
0.000148048
-6.93727e-06
0.000143583
-6.8897e-06
0.000139118
-6.88515e-06
0.000134635
-6.94681e-06
0.00013011
-7.09205e-06
0.000125511
-7.32669e-06
0.000120811
-7.63996e-06
0.000115987
-8.00201e-06
0.000111029
-8.36487e-06
0.000105951
-8.66791e-06
0.000100788
-8.84651e-06
9.56017e-05
-8.8425e-06
9.04759e-05
-8.61365e-06
8.55117e-05
-8.13958e-06
8.0819e-05
-7.42307e-06
7.65075e-05
-6.48726e-06
7.26771e-05
-5.36997e-06
6.94097e-05
-4.11789e-06
6.67635e-05
-2.78155e-06
6.4769e-05
-1.41226e-06
6.34294e-05
-6.24563e-08
6.27199e-05
1.22e-06
6.25919e-05
2.37832e-06
6.29798e-05
3.40632e-06
6.38025e-05
4.16802e-06
6.50008e-05
4.98407e-06
6.64715e-05
5.10539e-06
6.85044e-05
6.41479e-06
9.22948e-06
0.000109445
-5.60713e-05
0.000112551
-4.10557e-05
0.000113317
-2.05505e-05
0.000113019
-1.14254e-05
0.00011271
-5.34337e-06
0.000113144
-1.72611e-06
0.000114319
1.39721e-07
0.000116067
1.31855e-06
0.000118278
2.23334e-06
0.000120869
2.94242e-06
0.000123758
3.46423e-06
0.000126873
3.84192e-06
0.000130151
4.10997e-06
0.00013353
4.27917e-06
0.000136951
4.35122e-06
0.000140354
4.33377e-06
0.000143546
4.06689e-06
0.000146463
3.71492e-06
0.000149087
3.32812e-06
0.0001514
2.90082e-06
0.000153388
2.44517e-06
0.000155048
1.98461e-06
0.000156384
1.53845e-06
0.000157403
1.11448e-06
0.000158116
7.11725e-07
0.000158534
3.25988e-07
0.000158669
-4.25193e-08
0.000158528
-3.95237e-07
0.00015812
-7.48758e-07
0.000157453
-1.08822e-06
0.000156537
-1.41504e-06
0.000155381
-1.72715e-06
0.000153996
-2.02264e-06
0.000152395
-2.29913e-06
0.00015059
-2.55579e-06
0.000148594
-2.79201e-06
0.000146423
-3.00594e-06
0.000144091
-3.19691e-06
0.000141613
-3.3661e-06
0.000139003
-3.51458e-06
0.000136276
-3.64262e-06
0.000133446
-3.75041e-06
0.000130528
-3.83841e-06
0.000127535
-3.9071e-06
0.000124481
-3.95665e-06
0.000121381
-3.98697e-06
0.000118248
-3.99789e-06
0.000115098
-3.98961e-06
0.000111943
-3.96348e-06
0.000108796
-3.92305e-06
0.000105667
-3.87508e-06
0.00010256
-3.83007e-06
9.94724e-05
-3.80183e-06
9.63933e-05
-3.80603e-06
9.3304e-05
-3.85753e-06
9.01787e-05
-3.96675e-06
8.69878e-05
-4.13583e-06
8.37032e-05
-4.35537e-06
8.03043e-05
-4.60309e-06
7.67845e-05
-4.84505e-06
7.31565e-05
-5.03994e-06
6.94556e-05
-5.14559e-06
6.57393e-05
-5.12615e-06
6.20838e-05
-4.95817e-06
5.85778e-05
-4.63358e-06
5.5314e-05
-4.15928e-06
5.23808e-05
-3.55405e-06
4.98548e-05
-2.84399e-06
4.77956e-05
-2.05864e-06
4.62422e-05
-1.22817e-06
4.52123e-05
-3.82398e-07
4.47024e-05
4.47511e-07
4.46876e-05
1.23476e-06
4.51248e-05
1.94108e-06
4.5962e-05
2.56915e-06
4.7118e-05
3.01206e-06
4.85757e-05
3.52637e-06
5.01651e-05
3.51594e-06
5.22828e-05
4.29709e-06
6.73206e-06
9.33263e-05
-6.24226e-05
8.97535e-05
-3.74829e-05
8.50002e-05
-1.57972e-05
8.10048e-05
-7.43e-06
7.86425e-05
-2.9811e-06
7.78286e-05
-9.12213e-07
7.79866e-05
-1.82247e-08
7.874e-05
5.65168e-07
7.99219e-05
1.05145e-06
8.14348e-05
1.42949e-06
8.31984e-05
1.70057e-06
8.51466e-05
1.89374e-06
8.72255e-05
2.03107e-06
8.93869e-05
2.1178e-06
9.1584e-05
2.15413e-06
9.37725e-05
2.14525e-06
9.58249e-05
2.01452e-06
9.76977e-05
1.84214e-06
9.9376e-05
1.64981e-06
0.000100843
1.43329e-06
0.000102088
1.20042e-06
0.000103107
9.6615e-07
0.000103903
7.42073e-07
0.000104486
5.31824e-07
0.000104864
3.33704e-07
0.000105046
1.44037e-07
0.00010504
-3.72277e-08
0.000104855
-2.10288e-07
0.000104493
-3.8674e-07
0.000103961
-5.5571e-07
0.000103264
-7.18168e-07
0.00010241
-8.73071e-07
0.000101407
-1.01934e-06
0.000100263
-1.15558e-06
9.89888e-05
-1.2814e-06
9.75934e-05
-1.39662e-06
9.60876e-05
-1.50013e-06
9.44822e-05
-1.59157e-06
9.27879e-05
-1.67179e-06
9.10149e-05
-1.74154e-06
8.91731e-05
-1.8009e-06
8.72727e-05
-1.84992e-06
8.53231e-05
-1.88886e-06
8.3334e-05
-1.91803e-06
8.13149e-05
-1.93753e-06
7.92753e-05
-1.94732e-06
7.72247e-05
-1.94733e-06
7.51728e-05
-1.93772e-06
7.31287e-05
-1.91937e-06
7.11002e-05
-1.89448e-06
6.90922e-05
-1.86714e-06
6.71057e-05
-1.84356e-06
6.51357e-05
-1.83182e-06
6.31705e-05
-1.84082e-06
6.11916e-05
-1.87869e-06
5.91755e-05
-1.95065e-06
5.70964e-05
-2.05667e-06
5.49309e-05
-2.18983e-06
5.26635e-05
-2.33574e-06
5.02922e-05
-2.47371e-06
4.78319e-05
-2.57972e-06
4.53168e-05
-2.63042e-06
4.2798e-05
-2.60739e-06
4.034e-05
-2.50018e-06
3.80137e-05
-2.30731e-06
3.58898e-05
-2.03531e-06
3.4032e-05
-1.6963e-06
3.24932e-05
-1.3052e-06
3.13122e-05
-8.77668e-07
3.0513e-05
-4.2895e-07
3.01047e-05
2.59738e-08
3.00808e-05
4.7141e-07
3.04219e-05
8.9362e-07
3.10924e-05
1.27056e-06
3.20557e-05
1.60586e-06
3.32349e-05
1.83288e-06
3.46507e-05
2.11057e-06
3.6086e-05
2.08066e-06
3.79736e-05
2.40946e-06
4.35243e-06
7.347e-05
-5.91239e-05
6.21408e-05
-2.61537e-05
5.42477e-05
-7.90413e-06
4.97631e-05
-2.94539e-06
4.77669e-05
-9.84874e-07
4.71438e-05
-2.89167e-07
4.71411e-05
-1.5464e-08
4.7498e-05
2.08219e-07
4.81382e-05
4.11245e-07
4.90029e-05
5.64782e-07
5.0033e-05
6.70523e-07
5.11815e-05
7.45234e-07
5.24135e-05
7.99052e-07
5.36983e-05
8.3303e-07
5.50057e-05
8.46654e-07
5.63082e-05
8.4273e-07
5.75304e-05
7.92363e-07
5.86466e-05
7.25968e-07
5.9646e-05
6.5038e-07
6.05159e-05
5.63382e-07
6.12471e-05
4.6925e-07
6.18377e-05
3.75505e-07
6.22924e-05
2.87431e-07
6.26182e-05
2.05996e-07
6.28223e-05
1.29606e-07
6.29099e-05
5.64724e-08
6.28863e-05
-1.36656e-08
6.27568e-05
-8.07907e-08
6.25207e-05
-1.50604e-07
6.21821e-05
-2.17116e-07
6.17448e-05
-2.80893e-07
6.12134e-05
-3.41644e-07
6.05929e-05
-3.98896e-07
5.98893e-05
-4.51946e-07
5.91086e-05
-5.00735e-07
5.82572e-05
-5.4524e-07
5.7342e-05
-5.84922e-07
5.63701e-05
-6.1961e-07
5.53481e-05
-6.49802e-07
5.42824e-05
-6.75863e-07
5.31793e-05
-6.97764e-07
5.20448e-05
-7.15469e-07
5.08851e-05
-7.29112e-07
4.97059e-05
-7.38836e-07
4.8513e-05
-7.44699e-07
4.73124e-05
-7.46686e-07
4.61099e-05
-7.44793e-07
4.49113e-05
-7.39123e-07
4.3722e-05
-7.30135e-07
4.25464e-05
-7.18895e-07
4.13866e-05
-7.07346e-07
4.02415e-05
-6.98381e-07
3.91053e-05
-6.95661e-07
3.79676e-05
-7.0312e-07
3.68131e-05
-7.24177e-07
3.56232e-05
-7.60733e-07
3.43787e-05
-8.12166e-07
3.30635e-05
-8.74634e-07
3.16687e-05
-9.40992e-07
3.01965e-05
-1.00153e-06
2.86623e-05
-1.04551e-06
2.7095e-05
-1.06306e-06
2.55346e-05
-1.04704e-06
2.40286e-05
-9.94121e-07
2.26262e-05
-9.04948e-07
2.13742e-05
-7.83336e-07
2.0313e-05
-6.35069e-07
1.94744e-05
-4.66618e-07
1.8881e-05
-2.84273e-07
1.85461e-05
-9.3993e-08
1.84737e-05
9.83482e-08
1.86585e-05
2.86594e-07
1.90872e-05
4.649e-07
1.97339e-05
6.23879e-07
2.05757e-05
7.64037e-07
2.15494e-05
8.59214e-07
2.26927e-05
9.67279e-07
2.37979e-05
9.75477e-07
2.52157e-05
9.91663e-07
2.29239e-06
4.88072e-05
-4.01709e-05
3.32742e-05
-1.06207e-05
2.70719e-05
-1.7019e-06
2.46482e-05
-5.21688e-07
2.38084e-05
-1.45052e-07
2.3568e-05
-4.87497e-08
2.35588e-05
-6.23704e-09
2.37212e-05
4.57519e-08
2.40385e-05
9.39961e-08
2.44752e-05
1.28043e-07
2.49954e-05
1.50334e-07
2.55744e-05
1.66209e-07
2.61955e-05
1.77966e-07
2.68432e-05
1.85342e-07
2.75018e-05
1.88061e-07
2.81575e-05
1.87032e-07
2.87736e-05
1.76225e-07
2.93377e-05
1.61924e-07
2.98429e-05
1.45113e-07
3.02811e-05
1.25209e-07
3.06467e-05
1.03639e-07
3.09397e-05
8.25324e-08
3.11639e-05
6.32039e-08
3.13243e-05
4.56306e-08
3.14247e-05
2.92088e-08
3.14678e-05
1.33821e-08
3.1456e-05
-1.89279e-09
3.13917e-05
-1.64417e-08
3.12733e-05
-3.22083e-08
3.11031e-05
-4.69664e-08
3.08833e-05
-6.10441e-08
3.06161e-05
-7.44657e-08
3.03043e-05
-8.71096e-08
2.99511e-05
-9.87039e-08
2.95597e-05
-1.09352e-07
2.91335e-05
-1.19038e-07
2.86761e-05
-1.27596e-07
2.81915e-05
-1.34987e-07
2.76831e-05
-1.41372e-07
2.71541e-05
-1.46845e-07
2.66077e-05
-1.51366e-07
2.60471e-05
-1.54912e-07
2.54755e-05
-1.5752e-07
2.48959e-05
-1.59238e-07
2.43113e-05
-1.60083e-07
2.37247e-05
-1.60058e-07
2.31391e-05
-1.59169e-07
2.25574e-05
-1.5746e-07
2.19823e-05
-1.55063e-07
2.14157e-05
-1.52277e-07
2.0858e-05
-1.49625e-07
2.03075e-05
-1.47866e-07
1.97597e-05
-1.47939e-07
1.92074e-05
-1.50816e-07
1.86406e-05
-1.57292e-07
1.80476e-05
-1.67725e-07
1.74172e-05
-1.81777e-07
1.67408e-05
-1.98274e-07
1.6015e-05
-2.15229e-07
1.52436e-05
-2.30083e-07
1.44382e-05
-2.40151e-07
1.36183e-05
-2.43126e-07
1.28088e-05
-2.37502e-07
1.20374e-05
-2.22795e-07
1.1332e-05
-1.99479e-07
1.07173e-05
-1.68718e-07
1.02143e-05
-1.32027e-07
9.83867e-06
-9.09756e-08
9.60129e-06
-4.68968e-08
9.50847e-06
-1.16846e-09
9.56184e-06
4.49744e-08
9.75826e-06
9.01746e-08
1.00902e-05
1.32929e-07
1.05429e-05
1.71254e-07
1.11029e-05
2.04013e-07
1.17336e-05
2.28536e-07
1.24542e-05
2.46667e-07
1.31594e-05
2.70293e-07
1.39503e-05
2.00751e-07
7.24097e-07
1.96379e-05
9.01726e-06
7.31536e-06
6.79367e-06
6.64862e-06
6.59987e-06
6.59364e-06
6.63939e-06
6.73338e-06
6.86143e-06
7.01176e-06
7.17797e-06
7.35594e-06
7.54128e-06
7.72934e-06
7.91637e-06
8.0926e-06
8.25452e-06
8.39963e-06
8.52484e-06
8.62848e-06
8.71101e-06
8.77422e-06
8.81985e-06
8.84906e-06
8.86244e-06
8.86054e-06
8.8441e-06
8.81189e-06
8.76493e-06
8.70388e-06
8.62942e-06
8.54231e-06
8.44361e-06
8.33425e-06
8.21521e-06
8.08762e-06
7.95263e-06
7.81126e-06
7.66441e-06
7.51305e-06
7.35814e-06
7.20062e-06
7.04138e-06
6.8813e-06
6.72124e-06
6.56207e-06
6.40461e-06
6.24954e-06
6.09727e-06
5.94764e-06
5.79978e-06
5.65184e-06
5.50102e-06
5.34373e-06
5.176e-06
4.99423e-06
4.79595e-06
4.58073e-06
4.35064e-06
4.11049e-06
3.86736e-06
3.62986e-06
3.40707e-06
3.20759e-06
3.03887e-06
2.90684e-06
2.81587e-06
2.76897e-06
2.7678e-06
2.81278e-06
2.90295e-06
3.03588e-06
3.20713e-06
3.41115e-06
3.63968e-06
3.88635e-06
4.15664e-06
4.35739e-06
)
;

boundaryField
{
    inlet
    {
        type            calculated;
        value           nonuniform List<scalar> 
25
(
-0.00119618
-0.00105581
-0.000931914
-0.000822558
-0.000726034
-0.000640837
-0.000565637
-0.000499262
-0.000440675
-0.000388964
-0.00034332
-0.000303033
-0.000267473
-0.000236086
-0.000208382
-0.00018393
-0.000162346
-0.000143295
-0.00012648
-0.000111638
-9.8538e-05
-8.69749e-05
-7.67687e-05
-6.77602e-05
-5.98088e-05
)
;
    }
    outlet
    {
        type            calculated;
        value           nonuniform List<scalar> 
25
(
0.000911117
0.0010011
0.000998161
0.000929798
0.000832212
0.000732824
0.00064473
0.000569442
0.000503762
0.000444338
0.000389015
0.000336878
0.000287954
0.000242839
0.000202287
0.000166806
0.000136447
0.000110836
8.9272e-05
7.08734e-05
5.47803e-05
4.03532e-05
2.72757e-05
1.55186e-05
5.08149e-06
)
;
    }
    fixedWalls
    {
        type            calculated;
        value           uniform 0;
    }
    frontAndBack
    {
        type            empty;
        value           nonuniform 0();
    }
}


// ************************************************************************* //
