/*--------------------------------*- C++ -*----------------------------------*\
| =========                 |                                                 |
| \\      /  F ield         | OpenFOAM: The Open Source CFD Toolbox           |
|  \\    /   O peration     | Version:  v1912                                 |
|   \\  /    A nd           | Website:  www.openfoam.com                      |
|    \\/     M anipulation  |                                                 |
\*---------------------------------------------------------------------------*/
FoamFile
{
    version     2.0;
    format      ascii;
    class       surfaceScalarField;
    location    "100";
    object      phi;
}
// * * * * * * * * * * * * * * * * * * * * * * * * * * * * * * * * * * * * * //

dimensions      [0 3 -1 0 0 0 0];
oriented        oriented;


internalField   nonuniform List<scalar> 
3895
(
0.000814737
0.000381439
0.000499338
0.0003154
0.000251527
0.000247811
6.48199e-05
0.000186707
-6.22493e-05
0.000127069
-0.000127457
6.52078e-05
-0.000137857
1.03995e-05
-0.000113883
-2.39737e-05
-9.01735e-05
-2.37094e-05
-8.42945e-05
-5.87903e-06
-6.55145e-05
-1.878e-05
-4.3872e-05
-2.16425e-05
-3.78795e-05
-5.99248e-06
-4.23412e-05
4.4617e-06
-3.18366e-05
-1.05046e-05
-7.18817e-06
-2.46485e-05
1.47388e-05
-2.19269e-05
3.18058e-05
-1.70671e-05
4.80919e-05
-1.62861e-05
6.81777e-05
-2.00858e-05
9.23485e-05
-2.41708e-05
0.000118557
-2.62084e-05
0.00014341
-2.48532e-05
0.000164799
-2.13888e-05
0.000182004
-1.72047e-05
0.0001955
-1.34963e-05
0.000206269
-1.07688e-05
0.000214963
-8.69401e-06
0.000221822
-6.85949e-06
0.000226651
-4.82906e-06
0.000229144
-2.49277e-06
0.000227807
1.33759e-06
0.000221771
6.03556e-06
0.000210125
1.16461e-05
0.000191972
1.81526e-05
0.000166627
2.53455e-05
0.000132705
3.39221e-05
8.9887e-05
4.28177e-05
3.91243e-05
5.07627e-05
-1.5212e-05
5.43363e-05
-6.56464e-05
5.04344e-05
-0.000104293
3.86468e-05
-0.000126428
2.21349e-05
-0.000132492
6.06402e-06
-0.000122546
-9.9456e-06
-0.000110282
-1.22644e-05
-0.000103197
-7.08514e-06
-0.000116621
1.3424e-05
-0.000168065
5.14438e-05
-0.000260052
9.19871e-05
-0.000393369
0.000133317
-0.000558671
0.000165302
-0.000737482
0.000178811
-0.00090589
0.000168408
-0.00103929
0.000133397
-0.00111761
7.83179e-05
-0.00112861
1.10034e-05
-0.00109747
-3.11369e-05
-0.00103529
-6.21867e-05
-0.000951409
-8.3876e-05
-0.000854716
-9.66932e-05
-0.000751512
-0.000103205
-0.000645995
-0.000105517
-0.000540088
-0.000105907
-0.000434239
-0.000105848
-0.000327954
-0.000106286
-0.000220668
-0.000107285
-0.000112147
-0.000108521
-2.84518e-06
-0.000109302
0.000105685
-0.00010853
0.000212403
-0.000106719
0.000315091
-0.000102687
0.000412022
-9.69316e-05
0.000502148
-9.01253e-05
0.000585045
-8.28973e-05
0.000661085
-7.60399e-05
0.000731082
-6.99974e-05
0.000797923
-6.68408e-05
0.000863035
-6.5112e-05
-7.91434e-05
0.00108794
0.000349304
0.00104737
0.000355973
0.000933237
0.000361945
0.00077566
0.000344284
0.00059829
0.00030444
0.000410245
0.000253253
0.000221153
0.000199491
5.37921e-05
0.000143387
-6.08235e-05
9.09063e-05
-0.000110878
4.41758e-05
-0.000132885
3.22677e-06
-0.00012602
-2.85075e-05
-0.00011014
-2.18725e-05
-0.000113254
7.57537e-06
-0.000113432
-1.03268e-05
-0.000108647
-2.94336e-05
-0.000102851
-2.77227e-05
-0.000107577
-1.23407e-05
-0.00011455
-9.31304e-06
-0.000116575
-1.80607e-05
-0.000112961
-2.77849e-05
-0.000105631
-3.3538e-05
-9.55586e-05
-3.4926e-05
-8.48298e-05
-3.21176e-05
-7.42105e-05
-2.7824e-05
-6.25288e-05
-2.5178e-05
-4.75314e-05
-2.57662e-05
-2.74314e-05
-2.87941e-05
-2.45481e-06
-3.18361e-05
2.47293e-05
-3.20132e-05
5.02898e-05
-2.80532e-05
7.09466e-05
-1.93192e-05
8.40151e-05
-7.03288e-06
8.29062e-05
1.27551e-05
6.78531e-05
3.32057e-05
3.64076e-05
5.6791e-05
-1.1506e-05
8.18358e-05
-7.4529e-05
0.000105841
-0.0001467
0.000122934
-0.000219602
0.000127238
-0.000284159
0.000114992
-0.000332109
8.65968e-05
-0.000357159
4.71848e-05
-0.000357902
6.8068e-06
-0.000341742
-2.6105e-05
-0.000312539
-4.14682e-05
-0.000288592
-3.10321e-05
-0.000282365
7.1971e-06
-0.000292574
6.1653e-05
-0.000326956
0.000126369
-0.000379493
0.000185853
-0.000437179
0.000222988
-0.000484238
0.00022587
-0.00050494
0.00018911
-0.00048822
0.000116677
-0.000435558
2.56565e-05
-0.000370334
-5.42204e-05
-0.000294206
-0.000107266
-0.000214364
-0.000142028
-0.000134973
-0.000163267
-5.7311e-05
-0.000174356
1.72907e-05
-0.000177806
8.84777e-05
-0.000176704
0.000156989
-0.000174419
0.000224375
-0.000173235
0.000292
-0.00017391
0.000360758
-0.000176044
0.000430586
-0.000178349
0.000500518
-0.000179234
0.000569341
-0.000177353
0.000634752
-0.00017213
0.000695671
-0.000163606
0.000751214
-0.000152475
0.000800927
-0.000139838
0.000844901
-0.000126871
0.000883608
-0.000114747
0.000918104
-0.000104493
0.000948916
-9.76528e-05
0.000978276
-9.44724e-05
-0.000100406
0.000975283
0.000305935
0.00102604
0.000305215
0.00106096
0.000327026
0.00105858
0.000346662
0.0010121
0.000350923
0.000924926
0.000340425
0.000805558
0.000318859
0.000661493
0.000287452
0.000504469
0.000247931
0.000345087
0.000203557
0.000189601
0.000158713
4.72482e-05
0.000113845
-4.89434e-05
7.43191e-05
-8.63843e-05
4.50162e-05
-0.000108397
1.16857e-05
-0.000120728
-1.71022e-05
-0.000120828
-2.7623e-05
-0.000130856
-2.31253e-06
-0.000155919
1.57495e-05
-0.000180615
6.63614e-06
-0.000202052
-6.3485e-06
-0.000218836
-1.67536e-05
-0.000231712
-2.20504e-05
-0.00024338
-2.04498e-05
-0.000254585
-1.66185e-05
-0.000263604
-1.61591e-05
-0.000267037
-2.23328e-05
-0.00026249
-3.33418e-05
-0.000248099
-4.6227e-05
-0.000224462
-5.565e-05
-0.000195991
-5.65239e-05
-0.000169123
-4.61872e-05
-0.000151923
-2.4233e-05
-0.000144361
5.19302e-06
-0.000151828
4.06723e-05
-0.000177203
8.21661e-05
-0.00022037
0.000125003
-0.000277462
0.000162933
-0.000342887
0.000188359
-0.000409738
0.000194089
-0.000470227
0.000175481
-0.000515687
0.000132057
-0.000534992
6.64899e-05
-0.000527851
-3.34038e-07
-0.000493998
-5.99586e-05
-0.000428927
-0.000106539
-0.000338863
-0.000121096
-0.000235073
-9.65926e-05
-0.000137718
-3.57028e-05
-4.75572e-05
3.6209e-05
3.0914e-05
0.000107382
0.000101273
0.000152629
0.000165986
0.000161158
0.000225535
0.000129561
0.000277165
6.50473e-05
0.000317634
-1.4813e-05
0.00035174
-8.83263e-05
0.00038507
-0.000140596
0.000419731
-0.000176688
0.000455738
-0.000199274
0.000492285
-0.000210902
0.000529247
-0.000214769
0.000567028
-0.000214484
0.000606009
-0.000213399
0.000646511
-0.000213737
0.000688664
-0.000216063
0.000731949
-0.000219329
0.000775132
-0.000221532
0.000816534
-0.000220636
0.000854507
-0.000215326
0.000887726
-0.000205349
0.000915523
-0.000191402
0.000937824
-0.000174777
0.000954999
-0.000157013
0.000967725
-0.000139597
0.000976779
-0.000123802
0.000982997
-0.000110711
0.000986597
-0.000101253
0.000988577
-9.64521e-05
-9.76082e-05
0.00085711
0.000271383
0.000897358
0.000264967
0.00095017
0.000274214
0.00100471
0.000292121
0.00104637
0.000309266
0.00106527
0.000321522
0.00105654
0.000327592
0.00101773
0.000326259
0.000949194
0.000316469
0.000854555
0.000298196
0.00074022
0.000273048
0.00061106
0.000243005
0.00047556
0.00020982
0.000346099
0.000174477
0.000220476
0.000137309
0.000100462
0.000102911
3.29004e-06
6.95492e-05
-4.63123e-05
4.72898e-05
-6.54384e-05
3.48755e-05
-8.32182e-05
2.4416e-05
-0.000104971
1.54041e-05
-0.000131217
9.49235e-06
-0.000160623
7.35629e-06
-0.000190266
9.19328e-06
-0.000219344
1.24588e-05
-0.000246783
1.12799e-05
-0.000268988
-1.27441e-07
-0.000284719
-1.76109e-05
-0.000289451
-4.14949e-05
-0.000281227
-6.38747e-05
-0.00026189
-7.58603e-05
-0.000236277
-7.18001e-05
-0.000211077
-4.94337e-05
-0.000194402
-1.14815e-05
-0.000182614
2.88846e-05
-0.000182304
8.18561e-05
-0.000192119
0.000134818
-0.000208393
0.000179207
-0.00022686
0.000206826
-0.000243435
0.000210664
-0.00025471
0.000186756
-0.000258193
0.000135539
-0.000253304
6.16009e-05
-0.000237934
-1.5704e-05
-0.000209713
-8.8179e-05
-0.000172119
-0.000144133
-0.000117698
-0.000175517
-3.56306e-05
-0.00017866
8.04535e-05
-0.000151787
0.000217347
-0.000100684
0.000360735
-3.60059e-05
0.000496884
1.64798e-05
0.000613607
4.44345e-05
0.000705487
3.7681e-05
0.000766284
4.25052e-06
0.000799786
-4.83148e-05
0.000811506
-0.000100046
0.000814107
-0.000143197
0.000813579
-0.00017616
0.000813555
-0.00019925
0.000816472
-0.00021382
0.000824033
-0.00022233
0.000837268
-0.000227719
0.0008563
-0.000232431
0.00088018
-0.000237617
0.000906953
-0.000242837
0.000934039
-0.000246415
0.000958813
-0.000246306
0.000979175
-0.000240998
0.000993869
-0.00023002
0.00100252
-0.000213997
0.00100546
-0.000194346
0.00100353
-0.000172844
0.000997769
-0.000151254
0.000989241
-0.000131069
0.000978837
-0.000113397
0.000967194
-9.90682e-05
0.000954443
-8.85017e-05
0.000940638
-8.26475e-05
-8.05527e-05
0.000759397
0.00023802
0.000790538
0.000233826
0.000828357
0.000236394
0.000874999
0.000245479
0.000927023
0.000257242
0.000978895
0.00026965
0.00102442
0.000282065
0.00105751
0.000293169
0.00107306
0.000300918
0.00106761
0.000303646
0.00103999
0.000300674
0.000990796
0.000292196
0.000921932
0.000278684
0.000836694
0.000259716
0.000738361
0.000235641
0.000632023
0.000209249
0.000525788
0.000175784
0.000427836
0.000145242
0.00034389
0.000118822
0.000272368
9.59383e-05
0.000210585
7.71868e-05
0.000157353
6.27244e-05
0.000112188
5.25212e-05
7.52286e-05
4.61525e-05
4.55322e-05
4.21553e-05
2.05535e-05
3.62586e-05
-1.77149e-06
2.21975e-05
-2.04794e-05
1.09704e-06
-3.79923e-05
-2.3982e-05
-5.28432e-05
-4.90237e-05
-6.07002e-05
-6.80033e-05
-5.74783e-05
-7.50219e-05
-4.19478e-05
-6.49642e-05
-1.66859e-05
-3.67434e-05
7.57489e-06
4.62383e-06
3.41322e-05
5.52987e-05
6.24274e-05
0.000106522
9.30588e-05
0.000148576
0.000127586
0.000172298
0.000167043
0.000171208
0.000210927
0.000142872
0.000256458
9.00071e-05
0.000298627
1.94321e-05
0.000340264
-5.7341e-05
0.000377064
-0.000124979
0.000407268
-0.000174338
0.000430634
-0.000198882
0.000450122
-0.000198148
0.000475461
-0.000177126
0.000518842
-0.000144065
0.000589446
-0.00010661
0.000678185
-7.22594e-05
0.000771269
-4.86491e-05
0.000852036
-4.30859e-05
0.000912281
-5.59946e-05
0.000947445
-8.34789e-05
0.000963636
-0.000116237
0.000967973
-0.000147535
0.000966182
-0.000174369
0.000962895
-0.000195962
0.000961705
-0.00021263
0.000964869
-0.000225494
0.000973101
-0.000235951
0.000985572
-0.000244902
0.0010002
-0.000252241
0.00101425
-0.000256889
0.00102515
-0.000257316
0.00103108
-0.000252236
0.0010312
-0.000241118
0.00102555
-0.000224368
0.00101477
-0.000203218
0.000999865
-0.000179442
0.00098199
-0.000154969
0.000962281
-0.000131545
0.000941718
-0.000110506
0.000921008
-9.26868e-05
0.000900513
-7.85737e-05
0.000880169
-6.81574e-05
0.000859565
-6.20435e-05
-5.84747e-05
0.000672434
0.000206423
0.000702276
0.000203984
0.000733376
0.000205294
0.000767849
0.000211006
0.000806634
0.000218457
0.00085007
0.000226214
0.000897348
0.000234786
0.000946085
0.000244433
0.000992683
0.00025432
0.00103306
0.000263273
0.0010634
0.000270325
0.0010809
0.000274703
0.0010838
0.000275776
0.00107084
0.000272681
0.00104161
0.000264875
0.000997633
0.000253223
0.000943917
0.0002295
0.000885014
0.000204145
0.000824056
0.00017978
0.000763642
0.000156353
0.000706033
0.000134795
0.000652872
0.000115886
0.00060558
9.98126e-05
0.000565692
8.6041e-05
0.000534661
7.31867e-05
0.000512143
5.87757e-05
0.000493395
4.09463e-05
0.000473558
2.09342e-05
0.000448427
1.14888e-06
0.000415778
-1.63753e-05
0.000376488
-2.87133e-05
0.000336095
-3.46284e-05
0.000304375
-3.32441e-05
0.000291579
-2.39473e-05
0.000300958
-4.75585e-06
0.000330372
2.58848e-05
0.000374151
6.2744e-05
0.000427577
9.51492e-05
0.000487052
0.000112823
0.000549286
0.000108973
0.00061127
8.08883e-05
0.000670792
3.0485e-05
0.000725835
-3.56108e-05
0.000773301
-0.000104807
0.000812489
-0.000164167
0.000842939
-0.000204788
0.00086636
-0.000222303
0.00088553
-0.000217317
0.000902682
-0.000194279
0.000918533
-0.000159916
0.000934253
-0.00012233
0.000952122
-9.01284e-05
0.000973787
-7.03147e-05
0.000996798
-6.60972e-05
0.00101712
-7.63131e-05
0.00103062
-9.69789e-05
0.00103716
-0.00012278
0.00103866
-0.000149039
0.00103737
-0.000173078
0.00103528
-0.000193872
0.00103391
-0.000211258
0.00103392
-0.000225509
0.00103497
-0.000236996
0.00103584
-0.000245769
0.00103493
-0.000251335
0.00103085
-0.000252811
0.00102282
-0.000249287
0.00101076
-0.000240177
0.000995056
-0.000225409
0.000976242
-0.000205554
0.000954898
-0.000181874
0.000931654
-0.000156198
0.000907235
-0.000130551
0.000882417
-0.000106727
0.000857902
-8.59906e-05
0.00083418
-6.89656e-05
0.000811435
-5.58281e-05
0.000789485
-4.62078e-05
0.000767799
-4.03571e-05
-3.60892e-05
0.000594386
0.000177673
0.000623172
0.000175198
0.000652328
0.000176139
0.000682123
0.00018121
0.00071294
0.000187641
0.000745639
0.000193515
0.000781222
0.000199203
0.000820255
0.0002054
0.000862496
0.000212079
0.000906815
0.000218954
0.000951336
0.000225804
0.000993758
0.00023228
0.00103171
0.000237821
0.00106277
0.000241622
0.00108475
0.0002429
0.00109645
0.000241525
0.00109799
0.000227959
0.00109113
0.000211004
0.00107741
0.000193498
0.00105842
0.000175339
0.00103609
0.000157126
0.0010124
0.000139583
0.000989212
0.000122997
0.000968216
0.000107037
0.000950581
9.08212e-05
0.000936182
7.3175e-05
0.000923493
5.36348e-05
0.000911047
3.33802e-05
0.000897514
1.46817e-05
0.000881199
-5.97946e-08
0.000861471
-8.98526e-06
0.00083752
-1.06772e-05
0.000808884
-4.60887e-06
0.000776671
8.26631e-06
0.00074639
2.55251e-05
0.000728047
4.42277e-05
0.000729664
6.11269e-05
0.000752589
7.22243e-05
0.000792679
7.27335e-05
0.000844024
5.76276e-05
0.000901817
2.3096e-05
0.000960402
-2.81003e-05
0.00101257
-8.77776e-05
0.00105274
-0.000144975
0.00107869
-0.000190117
0.00109101
-0.00021711
0.00109283
-0.000224129
0.00108867
-0.000213149
0.00108328
-0.000188895
0.00108085
-0.000157486
0.00108382
-0.0001253
0.00109176
-9.80671e-05
0.00110161
-8.01623e-05
0.00110955
-7.40391e-05
0.0011129
-7.96579e-05
0.00111053
-9.4613e-05
0.00110294
-0.000115192
0.0010916
-0.000137695
0.00107804
-0.000159523
0.00106344
-0.000179265
0.00104845
-0.000196275
0.00103327
-0.000210322
0.00101761
-0.000221344
0.00100104
-0.00022919
0.000983208
-0.000233508
0.000964201
-0.000233804
0.00094445
-0.000229537
0.000924412
-0.000220139
0.000904172
-0.00020517
0.000883381
-0.000184763
0.000861567
-0.00016006
0.000838535
-0.000133166
0.000814545
-0.00010656
0.000790208
-8.23902e-05
0.000766229
-6.20113e-05
0.000743152
-4.58891e-05
0.000721205
-3.38802e-05
0.000700257
-2.52598e-05
0.000679792
-1.98924e-05
-1.52854e-05
0.000525112
0.000151823
0.000551938
0.000148371
0.000579151
0.000148926
0.000606477
0.000153885
0.000634021
0.000160096
0.000661976
0.00016556
0.000690662
0.000170517
0.000720655
0.000175407
0.000752607
0.000180127
0.000786979
0.000184582
0.000823873
0.00018891
0.000862934
0.000193219
0.000903341
0.000197414
0.000943806
0.000201157
0.000982708
0.000203997
0.00101854
0.000205696
0.00104897
0.000197524
0.00107361
0.000186369
0.00109261
0.000174492
0.00110635
0.000161604
0.00111553
0.000147944
0.00112117
0.000133945
0.00112437
0.000119797
0.00112612
0.000105282
0.00112706
8.98793e-05
0.00112717
7.30689e-05
0.00112585
5.49545e-05
0.00112242
3.68123e-05
0.00111634
2.07555e-05
0.00110738
8.90334e-06
0.00109562
2.77492e-06
0.00108174
3.20181e-06
0.00106698
1.01564e-05
0.00105275
2.24904e-05
0.00104058
3.76984e-05
0.00103269
5.21207e-05
0.0010322
6.1617e-05
0.001042
6.24163e-05
0.00106332
5.1423e-05
0.00109435
2.65949e-05
0.00112962
-1.21719e-05
0.00116166
-6.01468e-05
0.00118426
-0.000110371
0.00119392
-0.000154639
0.0011902
-0.000186397
0.00117537
-0.000202282
0.0011535
-0.000202258
0.00112923
-0.000188876
0.00110663
-0.000166296
0.00108845
-0.000139303
0.00107576
-0.000112616
0.00106813
-9.04311e-05
0.00106392
-7.59498e-05
0.00106076
-7.08827e-05
0.00105622
-7.51225e-05
0.00104856
-8.69446e-05
0.00103708
-0.000103714
0.00102207
-0.00012269
0.00100425
-0.000141704
0.000984368
-0.00015938
0.000963067
-0.000174974
0.000940883
-0.000188139
0.000918255
-0.000198716
0.000895641
-0.000206577
0.000873686
-0.000211552
0.000853221
-0.000213339
0.000834906
-0.000211221
0.000818662
-0.000203895
0.000803458
-0.000189965
0.000787728
-0.000169033
0.000770157
-0.000142489
0.000750255
-0.000113264
0.000728413
-8.4718e-05
0.000705571
-5.95478e-05
0.000682766
-3.92065e-05
0.000660791
-2.39143e-05
0.000640013
-1.31023e-05
0.000620421
-5.66724e-06
0.000601436
-9.0792e-07
3.60525e-06
0.00046394
0.000128558
0.000488641
0.00012367
0.000513485
0.000124083
0.000538168
0.000129201
0.000563138
0.000135127
0.000588469
0.00014023
0.000614004
0.000144982
0.00063981
0.000149601
0.000666146
0.00015379
0.000693333
0.000157395
0.000721735
0.000160508
0.000751698
0.000163255
0.00078343
0.000165683
0.000816864
0.000167723
0.000851611
0.000169251
0.000887084
0.000170223
0.000921167
0.000163441
0.000952979
0.000154558
0.000982091
0.000145379
0.00100816
0.000135535
0.00103108
0.000125023
0.00105101
0.000114018
0.00106823
0.000102573
0.00108302
9.04957e-05
0.00109544
7.74549e-05
0.00110527
6.3238e-05
0.00111206
4.81636e-05
0.0011155
3.33814e-05
0.00111564
2.0607e-05
0.00111303
1.15136e-05
0.00110852
7.28922e-06
0.00110327
8.45324e-06
0.0010987
1.47201e-05
0.00109633
2.4865e-05
0.00109741
3.66164e-05
0.00110275
4.67829e-05
0.00111264
5.17262e-05
0.00112695
4.81023e-05
0.00114469
3.36868e-05
0.00116322
8.06761e-06
0.00117827
-2.72272e-05
0.00118589
-6.77669e-05
0.00118316
-0.000107637
0.0011693
-0.000140778
0.00114573
-0.000162834
0.00111547
-0.000172019
0.00108221
-0.000169002
0.00104954
-0.000156206
0.0010203
-0.00013705
0.000996245
-0.00011525
0.000977967
-9.43376e-05
0.000964875
-7.73391e-05
0.000955413
-6.64881e-05
0.000947488
-6.29581e-05
0.000939078
-6.67119e-05
0.000928726
-7.65926e-05
0.000915733
-9.07212e-05
0.000900081
-0.000107037
0.000882167
-0.00012379
0.000862569
-0.000139782
0.000841929
-0.000154334
0.000820898
-0.000167108
0.000800135
-0.000177953
0.000780415
-0.000186857
0.000762726
-0.000193863
0.000748012
-0.000198626
0.000736502
-0.000199711
0.00072717
-0.000194563
0.000717947
-0.000180742
0.000706634
-0.00015772
0.000691863
-0.000127719
0.00067352
-9.4921e-05
0.00065251
-6.37075e-05
0.000630235
-3.72732e-05
0.000608042
-1.70134e-05
0.00058689
-2.7627e-06
0.000567188
6.60036e-06
0.000548972
1.25487e-05
0.000531492
1.65715e-05
2.0506e-05
0.000410014
0.000107507
0.000432756
0.000100929
0.000455188
0.000101651
0.000477161
0.000107228
0.00049947
0.000112818
0.000522226
0.000117473
0.000545237
0.000121972
0.000568487
0.000126351
0.000592003
0.000130275
0.00061577
0.000133627
0.000639835
0.000136443
0.000664343
0.000138747
0.000689497
0.000140529
0.000715476
0.000141744
0.000742379
0.000142347
0.000770234
0.000142369
0.000797783
0.000135891
0.000824559
0.000127783
0.000850305
0.000119632
0.000874689
0.000111152
0.000897435
0.000102277
0.000918384
9.30687e-05
0.000937446
8.35117e-05
0.0009545
7.3441e-05
0.000969319
6.26358e-05
0.000981532
5.1025e-05
0.000990742
3.89535e-05
0.000996781
2.73429e-05
0.000999892
1.74963e-05
0.00100074
1.0668e-05
0.00100031
7.71711e-06
0.000999827
8.93593e-06
0.0010006
1.39483e-05
0.00100382
2.16402e-05
0.00101033
3.01072e-05
0.00102032
3.67913e-05
0.00103321
3.88357e-05
0.00104765
3.36678e-05
0.00106157
1.97653e-05
0.00107248
-2.84474e-06
0.00107768
-3.24194e-05
0.00107508
-6.51688e-05
0.00106375
-9.63141e-05
0.0010443
-0.000121318
0.00101851
-0.000137045
0.000988862
-0.000142375
0.000957976
-0.000138116
0.000928216
-0.000126446
0.000901419
-0.000110253
0.000878722
-9.25535e-05
0.000860478
-7.60933e-05
0.000846266
-6.31276e-05
0.000835047
-5.52683e-05
0.000825432
-5.33439e-05
0.000816025
-5.73046e-05
0.000805708
-6.6276e-05
0.000793826
-7.88388e-05
0.000780203
-9.34148e-05
0.000765039
-0.000108625
0.00074875
-0.000123493
0.000731851
-0.000137435
0.000714887
-0.000150143
0.000698498
-0.000161564
0.000683584
-0.000171943
0.000671225
-0.000181504
0.000662069
-0.00018947
0.000655585
-0.000193227
0.00064995
-0.000188927
0.000642791
-0.000173583
0.000632211
-0.00014714
0.00061746
-0.000112968
0.000599026
-7.64865e-05
0.000578194
-4.28761e-05
0.000556554
-1.56331e-05
0.000535465
4.07614e-06
0.000515774
1.69278e-05
0.000497793
2.45817e-05
0.000481547
2.87939e-05
0.000466132
3.1987e-05
3.49778e-05
0.000362528
8.8299e-05
0.000383498
7.99592e-05
0.000403601
8.15476e-05
0.000423072
8.77563e-05
0.000442895
9.29959e-05
0.0004631
9.72677e-05
0.000483557
0.000101515
0.000504343
0.000105564
0.000525483
0.000109135
0.000546891
0.00011222
0.000568481
0.000114854
0.00059021
0.000117018
0.000612071
0.000118668
0.000634075
0.00011974
0.000656249
0.000120173
0.000678652
0.000119966
0.000700404
0.000114139
0.00072133
0.000106856
0.00074143
9.95329e-05
0.0007606
9.1981e-05
0.000778716
8.41612e-05
0.000795669
7.6116e-05
0.000811348
6.78326e-05
0.000825592
5.91972e-05
0.000838151
5.00768e-05
0.000848696
4.04801e-05
0.000856916
3.07334e-05
0.000862689
2.15692e-05
0.000866213
1.39723e-05
0.000868017
8.86479e-06
0.000868903
6.83072e-06
0.000869855
7.98374e-06
0.000871909
1.18943e-05
0.000875976
1.75739e-05
0.000882616
2.34664e-05
0.000891844
2.75637e-05
0.000902989
2.76909e-05
0.000914694
2.19623e-05
0.000925184
9.27584e-06
0.000932576
-1.02371e-05
0.00093514
-3.49834e-05
0.000931749
-6.1778e-05
0.000922137
-8.67015e-05
0.000906883
-0.000106064
0.000887166
-0.000117329
0.000864488
-0.000119696
0.000840463
-0.000114091
0.000816666
-0.000102649
0.00079445
-8.80368e-05
0.000774774
-7.28778e-05
0.000758089
-5.94085e-05
0.000744304
-4.93426e-05
0.000732854
-4.38182e-05
0.000722863
-4.3353e-05
0.000713371
-4.78124e-05
0.000703564
-5.64688e-05
0.000692925
-6.82002e-05
0.000681269
-8.17592e-05
0.000668685
-9.60414e-05
0.000655424
-0.000110232
0.0006418
-0.00012381
0.000628196
-0.00013654
0.000615232
-0.000148599
0.000603808
-0.000160519
0.000594688
-0.000172383
0.000587752
-0.000182535
0.000581726
-0.000187201
0.000574755
-0.000181956
0.000565278
-0.000164106
0.000552513
-0.000134375
0.000536538
-9.69924e-05
0.000518153
-5.81021e-05
0.000498536
-2.32593e-05
0.00047897
3.93329e-06
0.00046045
2.25956e-05
0.000443589
3.37893e-05
0.000428575
3.95959e-05
0.000415392
4.19769e-05
0.000403023
4.43557e-05
4.63028e-05
0.000320758
7.05737e-05
0.000340088
6.06288e-05
0.000357966
6.36699e-05
0.000375214
7.05085e-05
0.000392833
7.53768e-05
0.000410711
7.93897e-05
0.000428788
8.34378e-05
0.000447206
8.71461e-05
0.000466001
9.03405e-05
0.000485107
9.31132e-05
0.00050446
9.55006e-05
0.000523999
9.74787e-05
0.000543654
9.9013e-05
0.000563344
0.00010005
0.000582995
0.000100523
0.000602558
0.000100403
0.000621205
9.54915e-05
0.00063879
8.92715e-05
0.000655373
8.29503e-05
0.000670956
7.63981e-05
0.000685521
6.95958e-05
0.000699049
6.2588e-05
0.0007115
5.53816e-05
0.000722784
4.79136e-05
0.000732739
4.01216e-05
0.000741147
3.20715e-05
0.000747804
2.40771e-05
0.000752626
1.6747e-05
0.000755747
1.08515e-05
0.000757534
7.07702e-06
0.000758563
5.80258e-06
0.000759542
7.00473e-06
0.000761233
1.02031e-05
0.000764321
1.44859e-05
0.000769255
1.85326e-05
0.000776086
2.07325e-05
0.000784357
1.94197e-05
0.000793129
1.31905e-05
0.000801162
1.24295e-06
0.000807132
-1.62071e-05
0.000809821
-3.76724e-05
0.000808439
-6.03967e-05
0.000802705
-8.09668e-05
0.000792781
-9.61405e-05
0.000779169
-0.000103717
0.000762635
-0.000103163
0.000744188
-9.56438e-05
0.000725005
-8.34665e-05
0.000706265
-6.92963e-05
0.000688929
-5.55418e-05
0.000673579
-4.40588e-05
0.000660355
-3.61182e-05
0.000648989
-3.24524e-05
0.000638937
-3.33008e-05
0.000629542
-3.84178e-05
0.00062021
-4.71363e-05
0.000610522
-5.85122e-05
0.000600281
-7.15189e-05
0.000589482
-8.52417e-05
0.000578217
-9.89674e-05
0.000566639
-0.000112232
0.00055504
-0.000124941
0.000543948
-0.000137508
0.000533886
-0.000150457
0.000524778
-0.000163276
0.000515655
-0.000173411
0.000505206
-0.000176753
0.000492711
-0.000169461
0.000478322
-0.000149717
0.0004626
-0.000118653
0.000446109
-8.05005e-05
0.000429401
-4.13946e-05
0.000412915
-6.77277e-06
0.000397317
1.95313e-05
0.000383117
3.67957e-05
0.000370634
4.6272e-05
0.000359847
5.03826e-05
0.00035071
5.11143e-05
0.000342238
5.28271e-05
5.39366e-05
0.000284047
5.39997e-05
0.000301806
4.28704e-05
0.000317591
4.78847e-05
0.0003329
5.51989e-05
0.000348572
5.97056e-05
0.000364375
6.35859e-05
0.00038035
6.74637e-05
0.000396652
7.08433e-05
0.000413294
7.36988e-05
0.000430225
7.61819e-05
0.00044741
7.83159e-05
0.000464811
8.00779e-05
0.000482373
8.14514e-05
0.000500021
8.24008e-05
0.000517671
8.28726e-05
0.000535242
8.28327e-05
0.000551937
7.87968e-05
0.00056758
7.36278e-05
0.000582207
6.83238e-05
0.000595822
6.27826e-05
0.000608426
5.69917e-05
0.000620021
5.09933e-05
0.000630596
4.48063e-05
0.000640106
3.84035e-05
0.000648456
3.17721e-05
0.00065551
2.50172e-05
0.000661143
1.84441e-05
0.000665311
1.25795e-05
0.000668113
8.04928e-06
0.000669817
5.37274e-06
0.000670842
4.77757e-06
0.000671711
6.13555e-06
0.000672995
8.91978e-06
0.000675216
1.22645e-05
0.000678741
1.50076e-05
0.000683658
1.58156e-05
0.000689711
1.33667e-05
0.000696308
6.59331e-06
0.000702589
-5.03741e-06
0.000707588
-2.12064e-05
0.00071042
-4.05045e-05
0.000710459
-6.04359e-05
0.000707351
-7.78589e-05
0.000700945
-8.9734e-05
0.00069127
-9.40414e-05
0.000678619
-9.0512e-05
0.000663647
-8.06715e-05
0.000647336
-6.71557e-05
0.000630802
-5.2762e-05
0.000615029
-3.97695e-05
0.000600679
-2.97082e-05
0.000588013
-2.3452e-05
0.000576926
-2.13661e-05
0.000567061
-2.34354e-05
0.000557926
-2.92825e-05
0.000549045
-3.82557e-05
0.000540057
-4.95242e-05
0.000530752
-6.2214e-05
0.000521041
-7.55303e-05
0.000510891
-8.88176e-05
0.000500339
-0.00010168
0.000489546
-0.000114148
0.000478674
-0.000126636
0.000467463
-0.000139246
0.000454948
-0.000150761
0.000439943
-0.000158406
0.00042214
-0.000158949
0.000402711
-0.000150032
0.000383604
-0.000130611
0.000366256
-0.000101305
0.000351076
-6.53201e-05
0.000337888
-2.82071e-05
0.000326182
4.93362e-06
0.000316009
2.97039e-05
0.000307311
4.54939e-05
0.000300088
5.34948e-05
0.000294142
5.63286e-05
0.000289452
5.58046e-05
0.000285208
5.70716e-05
5.77419e-05
0.000251798
3.82875e-05
0.000267993
2.66762e-05
0.000281865
3.40128e-05
0.000295508
4.15555e-05
0.000309444
4.57691e-05
0.000323408
4.96218e-05
0.000337546
5.33264e-05
0.000351998
5.6391e-05
0.000366745
5.89518e-05
0.000381743
6.11839e-05
0.000396968
6.30909e-05
0.000412393
6.46535e-05
0.000427975
6.58691e-05
0.000443661
6.6715e-05
0.000459384
6.71492e-05
0.000475076
6.71405e-05
0.000490015
6.38582e-05
0.000504025
5.96175e-05
0.000517123
5.52265e-05
0.000529303
5.06021e-05
0.000540559
4.57362e-05
0.000550884
4.06675e-05
0.00056027
3.54211e-05
0.00056868
2.99931e-05
0.000576049
2.44032e-05
0.000582286
1.87806e-05
0.000587309
1.34205e-05
0.0005911
8.78892e-06
0.00059374
5.40865e-06
0.00059544
3.67321e-06
0.000596524
3.69371e-06
0.000597399
5.26039e-06
0.000598512
7.80647e-06
0.000600276
1.05008e-05
0.000602984
1.23e-05
0.000606725
1.20741e-05
0.000611344
8.74779e-06
0.000616427
1.51007e-06
0.000621364
-9.97401e-06
0.000625472
-2.53151e-05
0.000628125
-4.31574e-05
0.000628825
-6.11359e-05
0.000627149
-7.61822e-05
0.000622693
-8.52783e-05
0.000615173
-8.65211e-05
0.00060463
-7.99694e-05
0.000591583
-6.76245e-05
0.000576966
-5.25392e-05
0.000561883
-3.76786e-05
0.000547313
-2.51999e-05
0.000533918
-1.63126e-05
0.000521983
-1.15175e-05
0.000511454
-1.0837e-05
0.000502053
-1.40342e-05
0.000493365
-2.05943e-05
0.000484977
-2.98678e-05
0.000476552
-4.10993e-05
0.000467851
-5.3513e-05
0.000458701
-6.63806e-05
0.00044897
-7.90862e-05
0.000438577
-9.12864e-05
0.000427417
-0.000102989
0.000415074
-0.000114292
0.000400546
-0.000124718
0.000382557
-0.000132772
0.000360583
-0.000136433
0.000335876
-0.000134243
0.000311343
-0.000125498
0.000289986
-0.000109255
0.000273285
-8.46038e-05
0.000261007
-5.30423e-05
0.000252238
-1.94378e-05
0.000245814
1.13575e-05
0.000241212
3.43064e-05
0.000237968
4.87374e-05
0.000235825
5.56375e-05
0.000234468
5.76857e-05
0.000233921
5.63514e-05
0.000233618
5.73754e-05
5.80155e-05
0.000223468
2.32014e-05
0.000238066
1.20786e-05
0.000250249
2.18299e-05
0.000262466
2.93382e-05
0.00027485
3.33856e-05
0.000287193
3.72781e-05
0.000299731
4.07888e-05
0.000312565
4.35566e-05
0.000325655
4.58624e-05
0.000338963
4.78753e-05
0.000352472
4.95822e-05
0.000366154
5.09711e-05
0.000379974
5.20499e-05
0.000393885
5.28039e-05
0.000407835
5.31988e-05
0.000421769
5.32069e-05
0.000435045
5.05821e-05
0.000447506
4.71562e-05
0.000459165
4.35676e-05
0.000470017
3.975e-05
0.000480053
3.57008e-05
0.000489262
3.1458e-05
0.000497631
2.70522e-05
0.000505129
2.24952e-05
0.000511703
1.78289e-05
0.000517286
1.31975e-05
0.000521822
8.88454e-06
0.000525303
5.3086e-06
0.000527795
2.91653e-06
0.000529466
2.00169e-06
0.000530578
2.58199e-06
0.000531456
4.38209e-06
0.000532463
6.7996e-06
0.000533932
9.03147e-06
0.000536101
1.01313e-05
0.000539044
9.1312e-06
0.000542654
5.13821e-06
0.00054663
-2.46592e-06
0.000550534
-1.3878e-05
0.000553864
-2.86455e-05
0.000556117
-4.54107e-05
0.000556786
-6.18047e-05
0.000555317
-7.47132e-05
0.000551173
-8.11345e-05
0.000544036
-7.93844e-05
0.000534021
-6.99539e-05
0.000521736
-5.53394e-05
0.000508143
-3.89466e-05
0.000494286
-2.38216e-05
0.000481033
-1.19467e-05
0.000468925
-4.20488e-06
0.000458167
-7.59472e-07
0.000448655
-1.32486e-06
0.000440112
-5.49068e-06
0.00043215
-1.26321e-05
0.000424379
-2.20972e-05
0.000416464
-3.31841e-05
0.000408129
-4.51788e-05
0.000399144
-5.73953e-05
0.000389308
-6.92505e-05
0.000378402
-8.03798e-05
0.00036598
-9.0567e-05
0.000351136
-9.94482e-05
0.000332618
-0.0001062
0.000309579
-0.000109733
0.000282625
-0.000109478
0.00025433
-0.000105949
0.000228432
-9.96001e-05
0.000207907
-8.87292e-05
0.000193596
-7.02923e-05
0.000184637
-4.40836e-05
0.000179817
-1.46182e-05
0.000177714
1.34606e-05
0.000177551
3.44695e-05
0.000178656
4.76328e-05
0.000180589
5.37047e-05
0.000182934
5.53405e-05
0.000185727
5.35577e-05
0.000188641
5.44618e-05
5.53568e-05
0.000198561
8.57012e-06
0.000211523
-8.83318e-07
0.000222271
1.10815e-05
0.000233256
1.8353e-05
0.000244246
2.23959e-05
0.000255172
2.63517e-05
0.000266315
2.9646e-05
0.000277728
3.21438e-05
0.000289359
3.42315e-05
0.000301182
3.60525e-05
0.00031318
3.75836e-05
0.000325329
3.88224e-05
0.000337594
3.97851e-05
0.000349935
4.0463e-05
0.000362306
4.08276e-05
0.000374658
4.0855e-05
0.000386422
3.88181e-05
0.000397458
3.61201e-05
0.000407778
3.32471e-05
0.000417381
3.0147e-05
0.000426258
2.68237e-05
0.0004344
2.33169e-05
0.00044179
1.96621e-05
0.000448402
1.5883e-05
0.000454193
1.20376e-05
0.000459111
8.27923e-06
0.000463116
4.88035e-06
0.000466204
2.2203e-06
0.000468432
6.88803e-07
0.000469939
4.94866e-07
0.00047094
1.58046e-06
0.000471705
3.61682e-06
0.000472535
5.97019e-06
0.000473701
7.86556e-06
0.000475388
8.44367e-06
0.000477652
6.86733e-06
0.000480407
2.38361e-06
0.000483392
-5.45147e-06
0.00048622
-1.67052e-05
0.000488399
-3.08249e-05
0.000489369
-4.63806e-05
0.000488529
-6.09653e-05
0.000485335
-7.15192e-05
0.000479465
-7.5264e-05
0.000470972
-7.08919e-05
0.000460324
-5.93051e-05
0.000448293
-4.3309e-05
0.000435777
-2.64302e-05
0.000423579
-1.16236e-05
0.000412274
-6.41489e-07
0.000402166
5.90288e-06
0.00039329
8.11657e-06
0.000385469
6.4955e-06
0.000378346
1.63289e-06
0.000371537
-5.82332e-06
0.000364658
-1.52178e-05
0.000357372
-2.58979e-05
0.000349395
-3.72021e-05
0.000340485
-4.84859e-05
0.000330406
-5.9171e-05
0.000318782
-6.87563e-05
0.000304904
-7.66883e-05
0.000287731
-8.22756e-05
0.000266359
-8.48285e-05
0.000240806
-8.41795e-05
0.000212659
-8.13309e-05
0.000185003
-7.8293e-05
0.000161258
-7.58552e-05
0.000143531
-7.10024e-05
0.00013197
-5.87309e-05
0.000125576
-3.76898e-05
0.000123255
-1.22968e-05
0.000123859
1.28561e-05
0.000126551
3.17773e-05
0.000130565
4.36187e-05
0.00013531
4.89601e-05
0.000140266
5.03845e-05
0.000145429
4.83947e-05
0.000150676
4.92146e-05
5.04913e-05
0.000176567
-5.65067e-06
0.000187956
-1.22723e-05
0.000197514
1.52325e-06
0.000207408
8.45874e-06
0.000217131
1.26732e-05
0.000226791
1.66918e-05
0.000236666
1.97706e-05
0.000246765
2.20454e-05
0.000257037
2.39594e-05
0.000267467
2.56225e-05
0.000278043
2.70077e-05
0.000288742
2.81234e-05
0.000299534
2.89924e-05
0.000310385
2.96118e-05
0.000321254
2.99591e-05
0.000332095
3.00145e-05
0.000342404
2.85081e-05
0.000352058
2.64663e-05
0.000361064
2.4241e-05
0.000369419
2.1792e-05
0.000377114
1.91295e-05
0.000384135
1.62959e-05
0.000390466
1.3331e-05
0.000396081
1.02672e-05
0.000400946
7.1733e-06
0.000405018
4.20675e-06
0.000408273
1.62562e-06
0.000410722
-2.28563e-07
0.000412424
-1.01307e-06
0.000413512
-5.93579e-07
0.000414184
9.08845e-07
0.000414667
3.13316e-06
0.00041521
5.42764e-06
0.000416017
7.05806e-06
0.00041721
7.25081e-06
0.000418785
5.29277e-06
0.000420595
5.73608e-07
0.00042231
-7.16608e-06
0.000423463
-1.78583e-05
0.000423462
-3.0824e-05
0.00042167
-4.45893e-05
0.000417564
-5.68589e-05
0.000410934
-6.48894e-05
0.000402023
-6.63527e-05
0.000391472
-6.0341e-05
0.000380122
-4.79548e-05
0.000368786
-3.19725e-05
0.000358076
-1.57204e-05
0.000348383
-1.93116e-06
0.000339925
7.8167e-06
0.000332712
1.31159e-05
0.000326548
1.42808e-05
0.000321109
1.1934e-05
0.000316009
6.73294e-06
0.000310842
-6.56321e-07
0.000305244
-9.61975e-06
0.000298894
-1.95478e-05
0.000291541
-2.98488e-05
0.000282963
-3.9908e-05
0.000272875
-4.90828e-05
0.000260776
-5.66572e-05
0.000245921
-6.18334e-05
0.000227596
-6.39505e-05
0.000205628
-6.28614e-05
0.000180856
-5.94076e-05
0.000155248
-5.57223e-05
0.000131424
-5.4469e-05
0.000111624
-5.60552e-05
9.69212e-05
-5.62997e-05
8.73047e-05
-4.91144e-05
8.22377e-05
-3.26228e-05
8.10712e-05
-1.11303e-05
8.30521e-05
1.08752e-05
8.73292e-05
2.75002e-05
9.30462e-05
3.79017e-05
9.94945e-05
4.25119e-05
0.000106079
4.38001e-05
0.000112714
4.17591e-05
0.000119461
4.24679e-05
4.41342e-05
0.000157032
-1.93876e-05
0.000167043
-2.22835e-05
0.000175623
-7.05615e-06
0.000184414
-3.3272e-07
0.00019283
4.25785e-06
0.000201142
8.37945e-06
0.000209604
1.13082e-05
0.000218206
1.34434e-05
0.000226922
1.52436e-05
0.000235756
1.67887e-05
0.000244707
1.80572e-05
0.000253759
1.90707e-05
0.000262891
1.98609e-05
0.000272071
2.0432e-05
0.00028126
2.07698e-05
0.000290414
2.08603e-05
0.000299101
1.98211e-05
0.000307206
1.83612e-05
0.000314728
1.67195e-05
0.000321654
1.48659e-05
0.000327967
1.28164e-05
0.000333648
1.06149e-05
0.000338676
8.30326e-06
0.000343025
5.91808e-06
0.000346666
3.53243e-06
0.000349574
1.29876e-06
0.000351748
-5.4898e-07
0.000353231
-1.71157e-06
0.000354118
-1.90033e-06
0.000354554
-1.02892e-06
0.000354742
7.20833e-07
0.000354877
2.99798e-06
0.00035514
5.16486e-06
0.000355644
6.55356e-06
0.000356406
6.48936e-06
0.000357297
4.40135e-06
0.000358029
-1.58152e-07
0.000358155
-7.2918e-06
0.000357103
-1.68062e-05
0.000354231
-2.79524e-05
0.000348987
-3.93452e-05
0.000341146
-4.90178e-05
0.00033102
-5.47636e-05
0.00031946
-5.4793e-05
0.000307595
-4.84762e-05
0.000296462
-3.68212e-05
0.000286729
-2.224e-05
0.000278647
-7.63854e-06
0.000272229
4.48658e-06
0.000267311
1.27351e-05
0.000263565
1.68621e-05
0.000260578
1.72678e-05
0.000257914
1.45984e-05
0.000255156
9.49034e-06
0.000251919
2.58038e-06
0.000247881
-5.58147e-06
0.000242764
-1.44309e-05
0.00023635
-2.34351e-05
0.000228406
-3.19632e-05
0.000218583
-3.92602e-05
0.000206403
-4.44775e-05
0.000191433
-4.68628e-05
0.000173602
-4.61196e-05
0.000153464
-4.27238e-05
0.000132236
-3.81796e-05
0.000111546
-3.50316e-05
9.28737e-05
-3.5797e-05
7.70817e-05
-4.02632e-05
6.46225e-05
-4.38406e-05
5.59241e-05
-4.0416e-05
5.12434e-05
-2.79421e-05
5.04123e-05
-1.02992e-05
5.29857e-05
8.30178e-06
5.8029e-05
2.24569e-05
6.46033e-05
3.13274e-05
7.19237e-05
3.51914e-05
7.93727e-05
3.63511e-05
8.67552e-05
3.43766e-05
9.43093e-05
3.49137e-05
3.69224e-05
0.000139698
-3.26052e-05
0.000148438
-3.10234e-05
0.000155934
-1.45527e-05
0.000163132
-7.53026e-06
0.00016964
-2.25048e-06
0.000175944
2.07591e-06
0.000182318
4.93377e-06
0.000188788
6.97371e-06
0.000195372
8.65957e-06
0.000202097
1.00635e-05
0.000208969
1.11853e-05
0.000215974
1.2066e-05
0.000223086
1.27484e-05
0.000230272
1.3246e-05
0.000237488
1.35539e-05
0.000244683
1.36651e-05
0.000251502
1.30029e-05
0.000257836
1.20272e-05
0.000263667
1.08883e-05
0.000268968
9.56453e-06
0.00027371
8.07417e-06
0.000277866
6.45912e-06
0.00028141
4.75908e-06
0.00028432
3.00865e-06
0.000286576
1.27599e-06
0.000288174
-2.98862e-07
0.000289157
-1.53214e-06
0.000289604
-2.15901e-06
0.000289668
-1.96419e-06
0.000289526
-8.87114e-07
0.000289369
8.77863e-07
0.000289359
3.00853e-06
0.000289588
4.93608e-06
0.000290054
6.08708e-06
0.000290637
5.90622e-06
0.000291071
3.96725e-06
0.000290941
-2.72761e-08
0.000289716
-6.06714e-06
0.000286791
-1.38815e-05
0.000281588
-2.27488e-05
0.000273754
-3.15113e-05
0.000263413
-3.86774e-05
0.000251312
-4.26626e-05
0.000238698
-4.21788e-05
0.000226935
-3.67131e-05
0.000217067
-2.69527e-05
0.000209579
-1.47526e-05
0.000204481
-2.54067e-06
0.000201467
7.50151e-06
0.00020002
1.4182e-05
0.000199576
1.73057e-05
0.000199582
1.72617e-05
0.000199539
1.46413e-05
0.000199014
1.00159e-05
0.000197659
3.93506e-06
0.000195189
-3.1113e-06
0.00019136
-1.06023e-05
0.000185938
-1.80125e-05
0.000178651
-2.46762e-05
0.000169204
-2.98136e-05
0.00015741
-3.26838e-05
0.000143391
-3.28436e-05
0.000127694
-3.04225e-05
0.000111231
-2.62605e-05
9.50531e-05
-2.2002e-05
7.99926e-05
-1.99711e-05
6.63012e-05
-2.21056e-05
5.38298e-05
-2.77917e-05
4.2876e-05
-3.28868e-05
3.44957e-05
-3.20356e-05
2.97156e-05
-2.3162e-05
2.87849e-05
-9.36851e-06
3.14671e-05
5.61952e-06
3.67363e-05
1.71877e-05
4.35819e-05
2.44818e-05
5.1171e-05
2.76024e-05
5.89132e-05
2.86088e-05
6.64785e-05
2.68113e-05
7.42791e-05
2.71131e-05
2.94024e-05
0.000124195
-4.51619e-05
0.000131115
-3.7943e-05
0.000136336
-1.97738e-05
0.000140512
-1.17064e-05
0.000143889
-5.62752e-06
0.000147223
-1.25819e-06
0.000150795
1.36136e-06
0.000154638
3.13132e-06
0.000158763
4.53388e-06
0.000163171
5.6556e-06
0.000167834
6.52224e-06
0.000172712
7.18857e-06
0.000177759
7.70171e-06
0.000182926
8.07861e-06
0.000188161
8.31929e-06
0.000193404
8.42158e-06
0.000198376
8.03062e-06
0.000202979
7.42468e-06
0.000207178
6.68966e-06
0.000210933
5.80935e-06
0.000214206
4.80069e-06
0.000216966
3.69916e-06
0.000219188
2.53736e-06
0.000220854
1.34266e-06
0.000221957
1.72693e-07
0.000222524
-8.65641e-07
0.000222622
-1.62981e-06
0.000222376
-1.91343e-06
0.000221967
-1.55471e-06
0.000221594
-5.1462e-07
0.000221431
1.04082e-06
0.000221597
2.84289e-06
0.0002221
4.43306e-06
0.000222833
5.35395e-06
0.000223562
5.17671e-06
0.000223931
3.59844e-06
0.000223464
4.40349e-07
0.000221611
-4.21447e-06
0.000217806
-1.00768e-05
0.000211595
-1.65373e-05
0.000202833
-2.2749e-05
0.00019189
-2.77345e-05
0.000179722
-3.04948e-05
0.000167688
-3.01451e-05
0.000157156
-2.6181e-05
0.000149098
-1.88943e-05
0.000143901
-9.55628e-06
0.00014143
-6.96049e-08
0.000141169
7.76224e-06
0.000142432
1.29192e-05
0.000144528
1.52096e-05
0.000146834
1.49562e-05
0.000148821
1.26544e-05
0.000150052
8.78489e-06
0.000150188
3.79838e-06
0.000148955
-1.8776e-06
0.000146096
-7.74416e-06
0.000141364
-1.32805e-05
0.000134566
-1.78773e-05
0.000125671
-2.0919e-05
0.000114944
-2.19573e-05
0.000102985
-2.08846e-05
9.06177e-05
-1.80547e-05
7.86698e-05
-1.43125e-05
6.77104e-05
-1.10427e-05
5.77641e-05
-1.00248e-05
4.8226e-05
-1.25675e-05
3.84409e-05
-1.80066e-05
2.87281e-05
-2.31739e-05
2.05718e-05
-2.38794e-05
1.55541e-05
-1.81443e-05
1.42895e-05
-8.1039e-06
1.67136e-05
3.19545e-06
2.17818e-05
1.21195e-05
2.8445e-05
1.78186e-05
3.58283e-05
2.02191e-05
4.33999e-05
2.10372e-05
5.06804e-05
1.95308e-05
5.82329e-05
1.95606e-05
2.20449e-05
0.000109445
-5.60694e-05
0.000112553
-4.10507e-05
0.000113321
-2.05419e-05
0.000113028
-1.1413e-05
0.000112726
-5.32621e-06
0.000113171
-1.70248e-06
0.00011436
1.72302e-07
0.000116128
1.36339e-06
0.000118367
2.29488e-06
0.000120995
3.02713e-06
0.000123937
3.58073e-06
0.000127124
4.00147e-06
0.000130499
4.32644e-06
0.000134009
4.56815e-06
0.000137602
4.72673e-06
0.000141222
4.80169e-06
0.000144662
4.59066e-06
0.00014784
4.24703e-06
0.000150715
3.8137e-06
0.000153246
3.27869e-06
0.000155392
2.65522e-06
0.000157121
1.96961e-06
0.000158414
1.24495e-06
0.000159257
4.99061e-07
0.000159657
-2.27298e-07
0.000159652
-8.6068e-07
0.000159324
-1.30131e-06
0.000158811
-1.40069e-06
0.000158301
-1.04446e-06
0.000157994
-2.07424e-07
0.000158045
9.89271e-07
0.000158536
2.35183e-06
0.000159422
3.54694e-06
0.000160534
4.24245e-06
0.000161578
4.13229e-06
0.000162162
3.01438e-06
0.000161808
7.94908e-07
0.00016
-2.40681e-06
0.000156263
-6.34013e-06
0.000150288
-1.05617e-05
0.000142087
-1.45484e-05
0.000132124
-1.77714e-05
0.000121323
-1.96935e-05
0.000110909
-1.97313e-05
0.000102107
-1.7379e-05
9.58146e-05
-1.26021e-05
9.24115e-05
-6.1532e-06
9.1745e-05
5.96843e-07
9.32508e-05
6.2565e-06
9.61933e-05
9.97668e-06
9.98351e-05
1.15678e-05
0.000103524
1.12673e-05
0.000106719
9.45941e-06
0.00010898
6.52369e-06
0.00010996
2.8182e-06
0.00010937
-1.28725e-06
0.000106977
-5.35088e-06
0.000102639
-8.94263e-06
9.6398e-05
-1.16364e-05
8.85605e-05
-1.30815e-05
7.97092e-05
-1.3106e-05
7.06013e-05
-1.17767e-05
6.19771e-05
-9.43049e-06
5.43541e-05
-6.68949e-06
4.78305e-05
-4.51904e-06
4.19195e-05
-4.11389e-06
3.56406e-05
-6.2886e-06
2.81867e-05
-1.05527e-05
1.98476e-05
-1.48349e-05
1.21936e-05
-1.62254e-05
7.0731e-06
-1.30238e-05
5.39549e-06
-6.42629e-06
7.27148e-06
1.31946e-06
1.17547e-05
7.6363e-06
1.78223e-05
1.1751e-05
2.45674e-05
1.34739e-05
3.15302e-05
1.40744e-05
3.80964e-05
1.29646e-05
4.49219e-05
1.27352e-05
1.52555e-05
9.33267e-05
-6.24212e-05
8.97556e-05
-3.74795e-05
8.50056e-05
-1.57919e-05
8.10152e-05
-7.42261e-06
7.866e-05
-2.971e-06
7.78559e-05
-8.98365e-07
7.80273e-05
8.77193e-10
7.87992e-05
5.91496e-07
8.00066e-05
1.08752e-06
8.15546e-05
1.47911e-06
8.33665e-05
1.7688e-06
8.53808e-05
1.98723e-06
8.75492e-05
2.15799e-06
8.983e-05
2.28734e-06
9.21823e-05
2.37443e-06
9.45646e-05
2.41939e-06
9.68352e-05
2.32014e-06
9.89323e-05
2.14985e-06
0.00010082
1.92586e-06
0.000102459
1.64036e-06
0.000103811
1.30229e-06
0.000104853
9.28345e-07
0.000105566
5.3204e-07
0.000105943
1.21721e-07
0.000105993
-2.77684e-07
0.000105756
-6.2356e-07
0.000105309
-8.54179e-07
0.000104784
-8.75983e-07
0.000104357
-6.17196e-07
0.00010421
-6.04976e-08
0.000104479
7.20781e-07
0.000105221
1.60977e-06
0.000106371
2.39623e-06
0.000107744
2.86974e-06
0.000109039
2.83724e-06
0.000109874
2.17968e-06
0.000109814
8.55162e-07
0.000108428
-1.02125e-06
0.00010537
-3.28153e-06
0.000100466
-5.65797e-06
9.38088e-05
-7.8914e-06
8.58017e-05
-9.76433e-06
7.7153e-05
-1.10447e-05
6.88024e-05
-1.13807e-05
6.17624e-05
-1.0339e-05
5.68768e-05
-7.71644e-06
5.45882e-05
-3.86467e-06
5.48324e-05
3.52704e-07
5.71076e-05
3.98124e-06
6.07009e-05
6.38342e-06
6.48779e-05
7.39087e-06
6.899e-05
7.1552e-06
7.25047e-05
5.94466e-06
7.49958e-05
4.03262e-06
7.61312e-05
1.68277e-06
7.56691e-05
-8.25142e-07
7.34971e-05
-3.1788e-06
6.9667e-05
-5.11256e-06
6.44415e-05
-6.41095e-06
5.82965e-05
-6.93649e-06
5.18526e-05
-6.66209e-06
4.57476e-05
-5.67169e-06
4.04853e-05
-4.16822e-06
3.62992e-05
-2.5034e-06
3.30229e-05
-1.24275e-06
2.99985e-05
-1.0895e-06
2.62244e-05
-2.51452e-06
2.09263e-05
-5.25451e-06
1.42597e-05
-8.16828e-06
7.5822e-06
-9.5479e-06
2.69984e-06
-8.14141e-06
7.4318e-07
-4.46962e-06
1.89249e-06
1.70148e-07
5.456e-06
4.07279e-06
1.0528e-05
6.67897e-06
1.62151e-05
7.78689e-06
2.21302e-05
8.15926e-06
2.75903e-05
7.50456e-06
3.32372e-05
7.08818e-06
9.37589e-06
7.34706e-05
-5.91231e-05
6.21431e-05
-2.6152e-05
5.42529e-05
-7.90166e-06
4.97723e-05
-2.94204e-06
4.77816e-05
-9.8028e-07
4.71661e-05
-2.82881e-07
4.71738e-05
-6.83315e-09
4.75452e-05
2.20124e-07
4.82051e-05
4.27558e-07
4.9097e-05
5.87223e-07
5.01644e-05
7.01401e-07
5.13641e-05
7.87586e-07
5.26654e-05
8.56656e-07
5.40426e-05
9.10153e-07
5.547e-05
9.47075e-07
5.69215e-05
9.67861e-07
5.83099e-05
9.31722e-07
5.95943e-05
8.65481e-07
6.07463e-05
7.73865e-07
6.17336e-05
6.53043e-07
6.2528e-05
5.0787e-07
6.31098e-05
3.46499e-07
6.34675e-05
1.74403e-07
6.35949e-05
-5.74848e-09
6.35001e-05
-1.82819e-07
6.32134e-05
-3.36922e-07
6.2798e-05
-4.38691e-07
6.23631e-05
-4.41172e-07
6.20537e-05
-3.07782e-07
6.2021e-05
-2.77222e-08
6.23753e-05
3.66481e-07
6.3163e-05
8.22005e-07
6.43243e-05
1.23498e-06
6.56937e-05
1.50032e-06
6.70105e-05
1.52042e-06
6.79519e-05
1.23832e-06
6.81693e-05
6.37774e-07
6.73562e-05
-2.08167e-07
6.52916e-05
-1.21696e-06
6.18997e-05
-2.26605e-06
5.72691e-05
-3.26077e-06
5.16519e-05
-4.14712e-06
4.54673e-05
-4.8602e-06
3.93195e-05
-5.23283e-06
3.39702e-05
-4.98969e-06
3.01799e-05
-3.92619e-06
2.84547e-05
-2.13938e-06
2.88593e-05
-5.19416e-08
3.10244e-05
1.81612e-06
3.43289e-05
3.07888e-06
3.81044e-05
3.61545e-06
4.17584e-05
3.50114e-06
4.48149e-05
2.88815e-06
4.69114e-05
1.93619e-06
4.77956e-05
7.98585e-07
4.73389e-05
-3.68466e-07
4.5567e-05
-1.40693e-06
4.26576e-05
-2.20313e-06
3.89315e-05
-2.6849e-06
3.48159e-05
-2.82085e-06
3.0775e-05
-2.62123e-06
2.72302e-05
-2.12684e-06
2.44766e-05
-1.41465e-06
2.26001e-05
-6.26907e-07
2.13831e-05
-2.56668e-08
2.02359e-05
5.7611e-08
1.83384e-05
-6.16963e-07
1.50348e-05
-1.95089e-06
1.03397e-05
-3.47324e-06
5.17909e-06
-4.38726e-06
1.05201e-06
-4.01433e-06
-9.6961e-07
-2.44801e-06
-5.35798e-07
-2.63665e-07
1.88905e-06
1.64793e-06
5.62152e-06
2.94651e-06
9.88348e-06
3.52492e-06
1.43518e-05
3.6909e-06
1.84103e-05
3.44615e-06
2.2512e-05
2.98646e-06
4.68432e-06
4.88077e-05
-4.01706e-05
3.32759e-05
-1.06202e-05
2.70755e-05
-1.70127e-06
2.46543e-05
-5.2083e-07
2.38179e-05
-1.43871e-07
2.35822e-05
-4.71441e-08
2.35794e-05
-4.04597e-09
2.37508e-05
4.87772e-08
2.40802e-05
9.81501e-08
2.45336e-05
1.33756e-07
2.50768e-05
1.58199e-07
2.56874e-05
1.77017e-07
2.63513e-05
1.92714e-07
2.70563e-05
2.05179e-07
2.77894e-05
2.14026e-07
2.85377e-05
2.19563e-07
2.92568e-05
2.12592e-07
2.9924e-05
1.98321e-07
3.05207e-05
1.77138e-07
3.10257e-05
1.47983e-07
3.14212e-05
1.12425e-07
3.16951e-05
7.25938e-08
3.18399e-05
2.96171e-08
3.18506e-05
-1.64819e-08
3.17306e-05
-6.28572e-08
3.14981e-05
-1.04341e-07
3.11924e-05
-1.3305e-07
3.08865e-05
-1.35241e-07
3.06782e-05
-9.95205e-08
3.06721e-05
-2.15573e-08
3.09473e-05
9.1233e-08
3.15423e-05
2.27068e-07
3.24209e-05
3.56289e-07
3.34726e-05
4.48649e-07
3.45186e-05
4.7444e-07
3.53402e-05
4.16681e-07
3.57087e-05
2.69311e-07
3.54436e-05
5.69026e-08
3.44248e-05
-1.98146e-07
3.26227e-05
-4.63924e-07
3.0083e-05
-7.21135e-07
2.69058e-05
-9.69846e-07
2.32543e-05
-1.20875e-06
1.94172e-05
-1.39576e-06
1.5861e-05
-1.43342e-06
1.31591e-05
-1.22429e-06
1.17816e-05
-7.61961e-07
1.18922e-05
-1.62449e-07
1.32978e-05
4.10528e-07
1.5562e-05
8.14597e-07
1.81801e-05
9.97427e-07
2.0702e-05
9.79154e-07
2.27792e-05
8.10958e-07
2.41677e-05
5.47732e-07
2.47263e-05
2.40013e-07
2.44227e-05
-6.49147e-08
2.33388e-05
-3.23049e-07
2.16449e-05
-5.09142e-07
1.95724e-05
-6.12426e-07
1.73835e-05
-6.31936e-07
1.53358e-05
-5.73575e-07
1.36539e-05
-4.44897e-07
1.24964e-05
-2.5716e-07
1.19106e-05
-4.11506e-08
1.17495e-05
1.3546e-07
1.16306e-05
1.76482e-07
1.1008e-05
5.65928e-09
9.41954e-06
-3.62431e-07
6.76484e-06
-8.18542e-07
3.52808e-06
-1.15049e-06
6.62042e-07
-1.1483e-06
-1.00086e-06
-7.85098e-07
-1.07357e-06
-1.9096e-07
2.1802e-07
3.56344e-07
2.43125e-06
7.33281e-07
5.04307e-06
9.13103e-07
7.78631e-06
9.47662e-07
1.03076e-05
9.24895e-07
1.26318e-05
6.62185e-07
1.40048e-06
1.96382e-05
9.01799e-06
7.31672e-06
6.79589e-06
6.65202e-06
6.60488e-06
6.60083e-06
6.64961e-06
6.74776e-06
6.88151e-06
7.03971e-06
7.21673e-06
7.40944e-06
7.61462e-06
7.82865e-06
8.04821e-06
8.26081e-06
8.45913e-06
8.63626e-06
8.78425e-06
8.89667e-06
8.96927e-06
8.99888e-06
8.9824e-06
8.91954e-06
8.8152e-06
8.68215e-06
8.54691e-06
8.44739e-06
8.42583e-06
8.51707e-06
8.74413e-06
9.10042e-06
9.54907e-06
1.00235e-05
1.04402e-05
1.07095e-05
1.07664e-05
1.05683e-05
1.01043e-05
9.3832e-06
8.41336e-06
7.20461e-06
5.80884e-06
4.37543e-06
3.15113e-06
2.38917e-06
2.22672e-06
2.63725e-06
3.45185e-06
4.44928e-06
5.42843e-06
6.23939e-06
6.78712e-06
7.02713e-06
6.96222e-06
6.63917e-06
6.13003e-06
5.5176e-06
4.88567e-06
4.31209e-06
3.86719e-06
3.61003e-06
3.56888e-06
3.70434e-06
3.88083e-06
3.88648e-06
3.52405e-06
2.70551e-06
1.55502e-06
4.06723e-07
-3.78375e-07
-5.69335e-07
-2.12991e-07
5.20289e-07
1.43339e-06
2.38105e-06
3.30595e-06
3.96813e-06
)
;

boundaryField
{
    inlet
    {
        type            calculated;
        value           nonuniform List<scalar> 
25
(
-0.00119618
-0.00105581
-0.000931914
-0.000822558
-0.000726034
-0.000640837
-0.000565637
-0.000499262
-0.000440675
-0.000388964
-0.00034332
-0.000303033
-0.000267473
-0.000236086
-0.000208382
-0.00018393
-0.000162346
-0.000143295
-0.00012648
-0.000111638
-9.8538e-05
-8.69749e-05
-7.67687e-05
-6.77602e-05
-5.98088e-05
)
;
    }
    outlet
    {
        type            calculated;
        value           nonuniform List<scalar> 
25
(
0.000942179
0.000999539
0.000985779
0.000923583
0.000837487
0.000745413
0.000658988
0.000582545
0.000514592
0.00045166
0.000391698
0.000334605
0.000281402
0.000233344
0.0001913
0.000155542
0.000125818
0.000101521
8.17991e-05
6.55904e-05
5.17112e-05
3.91169e-05
2.72035e-05
1.59157e-05
5.36861e-06
)
;
    }
    fixedWalls
    {
        type            calculated;
        value           uniform 0;
    }
    frontAndBack
    {
        type            empty;
        value           nonuniform 0();
    }
}


// ************************************************************************* //
