0.25	-3.64501e-05
0.5	3.13328e-05
0.75	3.04555e-05
1	7.71115e-06
1.25	-1.49584e-05
1.5	4.13328e-06
1.75	-7.10606e-07
2	-6.56111e-07
2.25	-5.88081e-07
2.5	4.61642e-07
2.75	-7.23836e-08
3	2.38124e-07
3.25	5.61616e-08
3.5	1.11596e-07
3.75	8.87722e-08
4	9.30957e-08
4.25	8.19358e-08
4.5	7.68708e-08
4.75	7.64451e-08
5	6.14908e-08
5.25	6.79215e-08
5.5	6.35775e-08
5.75	1.07017e-07
6	9.00172e-08
6.25	1.09933e-07
6.5	8.84087e-08
6.75	1.8353e-08
7	9.75331e-08
7.25	-4.23434e-09
7.5	1.08532e-07
7.75	-2.1209e-08
8	1.31097e-07
8.25	-7.13501e-09
8.5	7.83372e-08
8.75	-4.19976e-08
9	4.59074e-08
9.25	-7.44076e-08
9.5	5.52407e-09
9.75	-5.31879e-08
10	-6.01748e-08
10.25	-3.98333e-08
10.5	-1.28103e-08
10.75	-3.52855e-08
11	2.64601e-08
11.25	1.3069e-08
11.5	5.06499e-08
11.75	8.49404e-08
12	1.47374e-07
12.25	1.42089e-07
12.5	2.1694e-07
12.75	2.94253e-07
13	2.43136e-07
13.25	2.65797e-07
13.5	3.10386e-07
13.75	2.31208e-07
14	4.93799e-08
14.25	2.41379e-07
14.5	9.87121e-08
14.75	1.57398e-07
15	1.43177e-07
15.25	-9.45858e-08
15.5	3.51201e-08
15.75	-2.7873e-08
16	7.96672e-08
16.25	9.46104e-08
16.5	9.49608e-08
16.75	1.07167e-08
17	6.66791e-08
17.25	-1.37982e-09
17.5	1.16084e-08
17.75	-1.25519e-08
18	-4.87933e-08
18.25	-7.28877e-09
18.5	-4.67365e-08
18.75	2.86315e-08
19	-6.49925e-08
19.25	6.83804e-08
19.5	6.76016e-08
19.75	1.68912e-07
20	2.44154e-07
20.25	2.98756e-07
20.5	3.04535e-07
20.75	3.46031e-07
21	2.15455e-07
21.25	3.14289e-07
21.5	2.00718e-07
21.75	2.49635e-07
22	1.80662e-07
22.25	1.74545e-07
22.5	1.24395e-07
22.75	6.16598e-08
23	1.13282e-07
23.25	-2.75903e-07
23.5	5.07061e-09
23.75	-1.9466e-07
24	5.81131e-09
24.25	-9.92021e-08
24.5	1.13396e-07
24.75	1.06255e-07
25	3.07603e-07
25.25	3.47591e-07
25.5	5.29551e-07
25.75	7.38063e-07
26	7.25682e-07
26.25	7.81815e-07
26.5	8.45289e-07
26.75	8.342e-07
27	9.74411e-07
27.25	9.1445e-07
27.5	9.30445e-07
27.75	9.80004e-07
28	1.00954e-06
28.25	9.58355e-07
28.5	8.00434e-07
28.75	8.13583e-07
29	7.61758e-07
29.25	6.94008e-07
29.5	6.79454e-07
29.75	9.5036e-07
30	7.25145e-07
30.25	9.34061e-07
30.5	8.23784e-07
30.75	9.43466e-07
31	9.27178e-07
31.25	8.94891e-07
31.5	8.28036e-07
31.75	7.64176e-07
32	7.13421e-07
32.25	6.38377e-07
32.5	8.62731e-07
32.75	9.32979e-07
33	1.12575e-06
33.25	1.25428e-06
33.5	1.46013e-06
33.75	1.57642e-06
34	1.81111e-06
34.25	2.15601e-06
34.5	1.91852e-06
34.75	2.35037e-06
35	2.29599e-06
35.25	2.60905e-06
35.5	2.66613e-06
35.75	2.84952e-06
36	3.02893e-06
36.25	3.22441e-06
36.5	3.51066e-06
36.75	3.59994e-06
37	3.92238e-06
37.25	3.82812e-06
37.5	3.71194e-06
37.75	3.71885e-06
38	3.47877e-06
38.25	3.18298e-06
38.5	3.06738e-06
38.75	2.64056e-06
39	2.57422e-06
39.25	2.12276e-06
39.5	1.96278e-06
39.75	1.53562e-06
40	1.36432e-06
40.25	8.12044e-07
40.5	6.12609e-07
40.75	-9.70971e-08
41	1.65078e-07
41.25	-5.2517e-07
41.5	-3.48646e-07
41.75	-9.86221e-07
42	-8.7853e-07
42.25	-1.33672e-06
42.5	-1.34037e-06
42.75	-1.57169e-06
43	-1.42971e-06
43.25	-1.67539e-06
43.5	-1.476e-06
43.75	-1.28942e-06
44	-1.25784e-06
44.25	-9.35765e-07
44.5	-6.00408e-07
44.75	-2.37941e-07
45	4.77903e-08
45.25	7.64182e-07
45.5	1.02479e-06
45.75	1.65159e-06
46	2.22958e-06
46.25	2.88696e-06
46.5	3.1462e-06
46.75	3.39979e-06
47	3.35538e-06
47.25	3.2666e-06
47.5	3.03895e-06
47.75	2.81945e-06
48	2.59631e-06
48.25	2.41548e-06
48.5	2.20987e-06
48.75	2.0846e-06
49	1.93905e-06
49.25	1.68522e-06
49.5	1.61643e-06
49.75	1.31455e-06
50	1.28245e-06
50.25	9.58656e-07
50.5	1.02444e-06
50.75	8.81348e-07
51	9.40143e-07
51.25	9.75558e-07
51.5	1.20006e-06
51.75	1.32814e-06
52	1.48574e-06
52.25	1.60546e-06
52.5	1.82794e-06
52.75	2.18575e-06
53	2.06188e-06
53.25	2.32034e-06
53.5	1.91922e-06
53.75	1.73557e-06
54	8.98211e-07
54.25	3.4407e-07
54.5	-9.354e-07
54.75	-1.61539e-06
55	-2.88041e-06
55.25	-3.86958e-06
55.5	-3.83813e-06
55.75	-4.34851e-06
56	-4.05879e-06
56.25	-3.68527e-06
56.5	-3.36085e-06
56.75	-2.92443e-06
57	-2.54738e-06
57.25	-2.2281e-06
57.5	-1.83483e-06
57.75	-1.19739e-06
58	-5.97933e-07
58.25	9.36154e-07
58.5	1.88677e-06
58.75	3.15612e-06
59	3.7611e-06
59.25	3.8239e-06
59.5	3.67629e-06
59.75	3.48016e-06
60	3.29885e-06
60.25	3.17718e-06
60.5	3.18372e-06
60.75	3.17204e-06
61	3.1834e-06
61.25	3.09389e-06
61.5	3.0804e-06
61.75	3.06434e-06
62	3.11994e-06
62.25	3.17058e-06
62.5	3.25489e-06
62.75	3.27232e-06
63	3.23866e-06
63.25	3.04715e-06
63.5	2.56872e-06
63.75	1.82151e-06
64	1.00069e-06
64.25	2.01231e-07
64.5	-2.96585e-07
64.75	-1.21524e-06
65	-1.13001e-06
65.25	-1.81211e-06
65.5	-1.99574e-06
65.75	-1.71847e-06
66	-2.0273e-06
66.25	-1.90202e-06
66.5	-2.14378e-06
66.75	-2.10612e-06
67	-2.04949e-06
67.25	-2.01656e-06
67.5	-1.25126e-06
67.75	-4.84708e-07
68	7.84861e-07
68.25	2.30948e-06
68.5	3.5642e-06
68.75	4.1474e-06
69	4.1103e-06
69.25	3.92038e-06
69.5	3.73298e-06
69.75	3.65662e-06
70	3.66468e-06
70.25	3.4911e-06
70.5	3.27026e-06
70.75	3.10298e-06
71	2.93224e-06
71.25	2.68671e-06
71.5	2.35449e-06
71.75	1.47838e-06
72	1.19037e-06
72.25	7.36995e-07
72.5	2.36166e-07
72.75	-1.63707e-07
73	-5.93011e-07
73.25	-9.90502e-07
73.5	-9.54364e-07
73.75	-2.24608e-06
74	-1.22667e-06
74.25	-3.008e-06
74.5	-2.18445e-06
74.75	-3.0351e-06
75	-2.41693e-06
75.25	-2.80386e-06
75.5	-2.15428e-06
75.75	-2.0529e-06
76	-1.19883e-06
76.25	-5.92863e-07
76.5	7.35827e-07
76.75	1.79847e-06
77	2.86198e-06
77.25	3.53727e-06
77.5	3.19778e-06
77.75	2.983e-06
78	2.80032e-06
78.25	2.72789e-06
78.5	2.58385e-06
78.75	2.52219e-06
79	2.37398e-06
79.25	2.33995e-06
79.5	2.1519e-06
79.75	2.07926e-06
80	1.87555e-06
80.25	1.49745e-06
80.5	1.28803e-06
80.75	5.08559e-07
81	2.41186e-07
81.25	-6.90686e-07
81.5	-9.44524e-07
81.75	-1.56767e-06
82	-2.08751e-06
82.25	-2.07667e-06
82.5	-2.93393e-06
82.75	-2.74758e-06
83	-3.079e-06
83.25	-2.72978e-06
83.5	-2.78996e-06
83.75	-2.62692e-06
84	-2.53867e-06
84.25	-2.29064e-06
84.5	-2.02351e-06
84.75	-1.31089e-07
85	3.69641e-07
85.25	9.30762e-07
85.5	1.0187e-06
85.75	2.867e-06
86	2.76184e-06
86.25	2.64988e-06
86.5	2.38551e-06
86.75	2.2586e-06
87	2.20278e-06
87.25	1.92137e-06
87.5	1.87596e-06
87.75	1.62214e-06
88	1.64337e-06
88.25	1.39756e-06
88.5	1.33549e-06
88.75	1.14088e-06
89	8.86397e-07
89.25	-1.57597e-07
89.5	-4.32602e-07
89.75	-7.7826e-07
90	-1.07651e-06
90.25	-1.77344e-06
90.5	-2.12029e-06
90.75	-2.18395e-06
91	-2.29028e-06
91.25	-2.03263e-06
91.5	-1.92774e-06
91.75	-1.88763e-06
92	-1.89489e-06
92.25	-1.83696e-06
92.5	-1.80098e-06
92.75	-1.49136e-06
93	-6.62326e-08
93.25	5.18117e-07
93.5	7.7575e-07
93.75	7.83877e-07
94	2.52292e-06
94.25	2.30715e-06
94.5	2.26966e-06
94.75	7.62669e-07
95	7.48165e-07
95.25	6.02211e-07
95.5	4.46348e-07
95.75	3.3735e-07
96	1.57735e-07
96.25	1.52232e-07
96.5	1.72372e-07
96.75	1.7733e-07
97	1.75189e-07
97.25	2.48691e-07
97.5	2.10902e-07
97.75	1.82897e-07
98	1.37535e-07
98.25	-1.03328e-07
98.5	-3.15696e-07
98.75	-6.75024e-07
99	-8.04712e-07
99.25	-8.11296e-07
99.5	-2.12067e-06
99.75	-2.07368e-06
100	-2.06736e-06
100.25	-1.9265e-06
100.5	-1.89238e-06
100.75	-1.79484e-06
101	-4.46392e-07
101.25	-3.37407e-07
101.5	-1.8241e-07
101.75	1.67834e-07
102	4.36775e-07
102.25	7.48562e-07
102.5	7.66646e-07
102.75	7.21354e-07
103	7.1766e-07
103.25	7.59091e-07
103.5	8.00024e-07
103.75	7.8161e-07
104	6.75277e-07
104.25	5.42828e-07
104.5	4.00558e-07
104.75	2.81956e-07
105	2.10886e-07
105.25	2.07411e-07
105.5	2.10005e-07
105.75	2.36798e-07
106	2.44113e-07
106.25	2.14289e-07
106.5	2.56828e-07
106.75	1.6325e-07
107	2.44833e-07
107.25	1.31596e-07
107.5	-7.46466e-08
107.75	-3.97737e-07
108	-6.75737e-07
108.25	-8.81302e-07
108.5	-9.401e-07
108.75	-8.74863e-07
109	-8.34408e-07
109.25	-2.51019e-06
109.5	-7.46657e-07
109.75	-8.06499e-07
110	-6.95402e-07
110.25	-6.41289e-07
110.5	-4.68732e-07
110.75	-2.82899e-07
111	1.2944e-07
111.25	3.27255e-07
111.5	6.92133e-07
111.75	8.36754e-07
112	9.0237e-07
112.25	9.43896e-07
112.5	9.11633e-07
112.75	8.85763e-07
113	7.82084e-07
113.25	6.79328e-07
113.5	5.99864e-07
113.75	5.26556e-07
114	4.0946e-07
114.25	3.56582e-07
114.5	3.17013e-07
114.75	1.74092e-07
115	2.3047e-07
115.25	2.90461e-07
115.5	1.80779e-07
115.75	2.79224e-07
116	2.08109e-07
116.25	2.64955e-07
116.5	1.62345e-07
116.75	6.47311e-08
117	-1.73497e-07
117.25	-4.98689e-07
117.5	-6.28546e-07
117.75	-8.91383e-07
118	-8.57681e-07
118.25	-8.00156e-07
118.5	-2.36978e-06
118.75	-6.60862e-07
119	-2.2559e-06
119.25	-5.61519e-07
119.5	-6.3226e-07
119.75	-4.50937e-07
120	-1.94506e-07
120.25	-7.31959e-08
120.5	2.44917e-07
120.75	3.88589e-07
121	7.40539e-07
121.25	8.38859e-07
121.5	8.85562e-07
121.75	8.56901e-07
122	8.19878e-07
122.25	7.24447e-07
122.5	6.21302e-07
122.75	5.17222e-07
123	4.50393e-07
123.25	3.47355e-07
123.5	3.37054e-07
123.75	2.14182e-07
124	2.35361e-07
124.25	2.60435e-07
124.5	2.79397e-07
124.75	2.42489e-07
125	3.16959e-07
125.25	2.44464e-07
125.5	3.60056e-07
125.75	1.65278e-07
126	2.99966e-08
126.25	-1.12876e-07
126.5	-5.27575e-07
126.75	-6.91681e-07
127	-7.5251e-07
127.25	-1.67918e-06
127.5	-6.00836e-07
127.75	-1.94615e-06
128	-1.7553e-06
128.25	-5.48072e-07
128.5	-4.48531e-07
128.75	-3.2102e-07
129	-2.63235e-07
129.25	-4.31044e-08
129.5	5.4054e-08
129.75	2.81948e-07
130	4.89668e-07
130.25	6.80901e-07
130.5	8.07328e-07
130.75	7.44795e-07
131	7.31977e-07
131.25	6.37453e-07
131.5	5.41437e-07
131.75	5.11085e-07
132	3.54051e-07
132.25	2.71047e-07
132.5	2.39031e-07
132.75	2.70426e-07
133	2.67452e-07
133.25	2.33266e-07
133.5	2.80796e-07
133.75	2.92946e-07
134	2.96873e-07
134.25	3.07485e-07
134.5	1.63202e-07
134.75	2.75451e-09
135	-1.65417e-07
135.25	-5.34367e-07
135.5	-7.12196e-07
135.75	-7.37103e-07
136	-6.53378e-07
136.25	-6.26453e-07
136.5	-1.89826e-06
136.75	-5.47947e-07
137	-5.77631e-07
137.25	-4.705e-07
137.5	-3.44134e-07
137.75	-2.7856e-07
138	-7.52807e-08
138.25	6.86222e-08
138.5	2.71657e-07
138.75	4.77539e-07
139	5.9658e-07
139.25	7.74955e-07
139.5	7.16683e-07
139.75	6.86592e-07
140	6.27591e-07
140.25	5.47716e-07
140.5	4.6154e-07
140.75	4.24573e-07
141	3.15668e-07
141.25	3.05162e-07
141.5	2.69365e-07
141.75	3.5488e-07
142	2.75776e-07
142.25	2.98858e-07
142.5	3.39455e-07
142.75	3.33255e-07
143	3.14997e-07
143.25	1.90729e-07
143.5	4.01585e-08
143.75	-9.62835e-08
144	-5.22071e-07
144.25	-6.91309e-07
144.5	-7.28574e-07
144.75	-6.52943e-07
145	-6.25284e-07
145.25	-6.08553e-07
145.5	-6.14594e-07
145.75	-5.81737e-07
146	-4.8052e-07
146.25	-3.85527e-07
146.5	-3.18205e-07
146.75	-1.08241e-07
147	-2.81454e-08
147.25	2.20244e-07
147.5	4.03938e-07
147.75	4.9236e-07
148	7.13214e-07
148.25	6.5957e-07
148.5	6.63972e-07
148.75	6.11962e-07
149	5.62622e-07
149.25	4.81688e-07
149.5	4.30422e-07
149.75	3.25762e-07
150	3.79096e-07
150.25	3.21467e-07
150.5	2.92436e-07
150.75	3.79417e-07
151	2.51429e-07
151.25	4.15089e-07
151.5	3.33551e-07
151.75	3.09767e-07
152	2.25861e-07
152.25	1.08253e-07
152.5	-8.95437e-08
152.75	-4.11123e-07
153	-6.99242e-07
153.25	-6.91737e-07
153.5	-6.70734e-07
153.75	-6.15975e-07
154	-6.34143e-07
154.25	-6.04896e-07
154.5	-5.95496e-07
154.75	-4.74965e-07
155	-4.32788e-07
155.25	-3.73845e-07
155.5	-1.51311e-07
155.75	-8.95703e-08
156	1.3504e-07
156.25	3.13169e-07
156.5	3.73205e-07
156.75	6.58106e-07
157	5.67364e-07
157.25	6.37251e-07
157.5	6.06879e-07
157.75	5.37688e-07
158	5.19156e-07
158.25	4.43175e-07
158.5	3.49203e-07
158.75	3.54586e-07
159	3.68664e-07
159.25	3.41607e-07
159.5	3.09862e-07
159.75	3.81297e-07
160	3.45931e-07
160.25	4.11436e-07
160.5	3.18139e-07
160.75	2.35929e-07
161	2.55081e-07
161.25	-1.1978e-07
161.5	-3.44841e-07
161.75	-6.34844e-07
162	-6.62867e-07
162.25	-6.47506e-07
162.5	-5.9121e-07
162.75	-6.20636e-07
163	-5.72558e-07
163.25	-5.88589e-07
163.5	-4.5548e-07
163.75	-4.73862e-07
164	-2.90531e-07
164.25	-2.93501e-07
164.5	-5.8868e-08
164.75	2.18955e-08
165	2.64359e-07
165.25	3.026e-07
165.5	5.71579e-07
165.75	4.91111e-07
166	6.24851e-07
166.25	5.63136e-07
166.5	5.45796e-07
166.75	4.9353e-07
167	3.98792e-07
167.25	3.96061e-07
167.5	3.48104e-07
167.75	3.48635e-07
168	4.03165e-07
168.25	2.67049e-07
168.5	4.37061e-07
168.75	3.41691e-07
169	4.17486e-07
169.25	3.21627e-07
169.5	2.94096e-07
169.75	1.88985e-07
170	-1.51997e-07
170.25	-3.3121e-07
170.5	-6.25145e-07
170.75	-6.14595e-07
171	-5.91379e-07
171.25	-6.03526e-07
171.5	-5.51192e-07
171.75	-5.76159e-07
172	-4.96329e-07
172.25	-4.83602e-07
172.5	-4.32067e-07
172.75	-2.97075e-07
173	-2.653e-07
173.25	-9.52411e-08
173.5	2.6189e-08
173.75	1.14757e-07
174	4.25215e-07
174.25	4.11671e-07
174.5	5.57054e-07
174.75	5.14381e-07
175	5.69352e-07
175.25	4.87024e-07
175.5	4.50137e-07
175.75	4.06401e-07
176	3.79713e-07
176.25	3.44837e-07
176.5	4.15295e-07
176.75	3.12962e-07
177	3.95829e-07
177.25	4.02126e-07
177.5	4.00716e-07
177.75	3.80092e-07
178	3.29843e-07
178.25	2.96342e-07
178.5	2.00017e-08
178.75	-1.9251e-07
179	-4.62797e-07
179.25	-5.5662e-07
179.5	-5.9747e-07
179.75	-5.85351e-07
180	-5.46654e-07
180.25	-5.55497e-07
180.5	-5.12111e-07
180.75	-4.91629e-07
181	-4.59567e-07
181.25	-3.77893e-07
181.5	-3.0957e-07
181.75	-1.71413e-07
182	-1.5105e-07
182.25	5.51092e-08
182.5	2.24022e-07
182.75	2.88663e-07
183	4.65277e-07
183.25	4.65826e-07
183.5	5.29112e-07
183.75	5.12679e-07
184	4.08999e-07
184.25	4.70622e-07
184.5	3.74058e-07
184.75	3.94128e-07
185	3.62715e-07
185.25	4.05321e-07
185.5	3.53197e-07
185.75	4.40846e-07
186	4.15009e-07
186.25	3.65855e-07
186.5	4.17409e-07
186.75	2.65576e-07
187	1.79609e-07
187.25	-9.49933e-08
187.5	-3.46948e-07
187.75	-4.59069e-07
188	-6.16524e-07
188.25	-5.56777e-07
188.5	-5.53324e-07
188.75	-5.31318e-07
189	-5.12377e-07
189.25	-5.0875e-07
189.5	-4.71404e-07
189.75	-4.01512e-07
190	-3.79168e-07
190.25	-2.29825e-07
190.5	-1.75911e-07
190.75	-1.41702e-07
191	1.63483e-07
191.25	1.30997e-07
191.5	4.02017e-07
191.75	3.69917e-07
192	5.24929e-07
192.25	4.61472e-07
192.5	4.19656e-07
192.75	4.58771e-07
193	4.24128e-07
193.25	3.92712e-07
193.5	4.0115e-07
193.75	3.71412e-07
194	4.29343e-07
194.25	3.76512e-07
194.5	4.55835e-07
194.75	4.05219e-07
195	4.4409e-07
195.25	2.88852e-07
195.5	2.33663e-07
195.75	-7.99665e-09
196	-1.26933e-07
196.25	-4.76832e-07
196.5	-5.80615e-07
196.75	-5.5519e-07
197	-5.36938e-07
197.25	-5.2886e-07
197.5	-5.00646e-07
197.75	-5.14599e-07
198	-4.71051e-07
198.25	-4.40784e-07
198.5	-3.55748e-07
198.75	-3.46831e-07
199	-2.16946e-07
199.25	-1.62494e-07
199.5	-2.02525e-10
199.75	8.56377e-08
200	3.11108e-07
200.25	2.96434e-07
200.5	4.97387e-07
200.75	4.17366e-07
201	4.3808e-07
201.25	4.4054e-07
201.5	4.17318e-07
201.75	4.40777e-07
202	3.9097e-07
202.25	3.74701e-07
202.5	4.39825e-07
202.75	3.92357e-07
203	4.59962e-07
203.25	4.29207e-07
203.5	4.41559e-07
203.75	2.98686e-07
204	2.73078e-07
204.25	3.80237e-08
204.5	-9.77875e-08
204.75	-4.09178e-07
205	-5.35855e-07
205.25	-5.49777e-07
205.5	-5.24889e-07
205.75	-5.16642e-07
206	-5.01437e-07
206.25	-5.02089e-07
206.5	-4.81896e-07
206.75	-4.40026e-07
207	-3.80557e-07
207.25	-3.79087e-07
207.5	-2.49034e-07
207.75	-2.10941e-07
208	-5.86079e-08
208.25	1.84826e-08
208.5	2.27322e-07
208.75	2.5358e-07
209	4.54898e-07
209.25	3.62993e-07
209.5	4.7951e-07
209.75	4.01435e-07
210	4.35952e-07
210.25	4.11715e-07
210.5	4.33689e-07
210.75	3.62743e-07
211	4.39013e-07
211.25	4.22049e-07
211.5	4.53636e-07
211.75	4.42002e-07
212	4.23472e-07
212.25	3.37737e-07
212.5	2.45742e-07
212.75	7.21834e-08
213	-6.53568e-08
213.25	-3.9714e-07
213.5	-5.10864e-07
213.75	-5.34434e-07
214	-5.06631e-07
214.25	-5.03718e-07
214.5	-4.85738e-07
214.75	-5.01326e-07
215	-4.7017e-07
215.25	-4.4659e-07
215.5	-3.95207e-07
215.75	-3.7811e-07
216	-3.07446e-07
216.25	-1.98509e-07
216.5	-8.94509e-08
216.75	-5.25337e-08
217	1.78956e-07
217.25	2.43013e-07
217.5	3.99761e-07
217.75	3.58995e-07
218	4.66656e-07
218.25	4.1244e-07
218.5	4.16613e-07
218.75	4.03673e-07
219	4.41088e-07
219.25	3.69252e-07
219.5	4.39642e-07
219.75	4.50026e-07
220	4.51989e-07
220.25	4.66879e-07
220.5	3.6712e-07
220.75	3.8443e-07
221	2.05547e-07
221.25	1.58161e-07
221.5	-1.78543e-07
221.75	-3.25032e-07
222	-5.17639e-07
222.25	-4.94104e-07
222.5	-5.05848e-07
222.75	-4.72254e-07
223	-4.95694e-07
223.25	-4.79535e-07
223.5	-4.6726e-07
223.75	-4.39293e-07
224	-3.96413e-07
224.25	-3.75622e-07
224.5	-3.42389e-07
224.75	-2.08957e-07
225	-1.29403e-07
225.25	-5.77637e-08
225.5	1.30735e-07
225.75	2.5518e-07
226	3.33555e-07
226.25	4.04614e-07
226.5	4.35007e-07
226.75	4.07239e-07
227	4.15935e-07
227.25	4.04101e-07
227.5	4.2467e-07
227.75	3.9448e-07
228	4.49724e-07
228.25	4.49351e-07
228.5	4.46738e-07
228.75	4.4177e-07
229	3.82337e-07
229.25	3.34237e-07
229.5	2.08773e-07
229.75	9.37006e-08
230	-2.11603e-07
230.25	-3.48775e-07
230.5	-4.95368e-07
230.75	-4.92755e-07
231	-4.71509e-07
231.25	-4.78417e-07
231.5	-4.73023e-07
231.75	-4.7052e-07
232	-4.50392e-07
232.25	-4.27955e-07
232.5	-3.94886e-07
232.75	-3.73435e-07
233	-3.25612e-07
233.25	-2.05944e-07
233.5	-1.25798e-07
233.75	-7.44446e-08
234	1.7003e-07
234.25	2.04929e-07
234.5	3.81959e-07
234.75	3.90053e-07
235	4.11717e-07
235.25	4.05367e-07
235.5	4.11133e-07
235.75	3.91901e-07
236	4.31008e-07
236.25	4.03957e-07
236.5	4.57857e-07
236.75	4.35374e-07
237	4.73238e-07
237.25	3.81168e-07
237.5	4.02295e-07
237.75	2.75679e-07
238	2.44911e-07
238.25	-6.08761e-08
238.5	-1.87534e-07
238.75	-4.24971e-07
239	-4.72264e-07
239.25	-4.653e-07
239.5	-4.61386e-07
239.75	-4.70319e-07
240	-4.53626e-07
240.25	-4.54268e-07
240.5	-4.33212e-07
240.75	-4.24027e-07
241	-3.83702e-07
241.25	-3.69488e-07
241.5	-3.15563e-07
241.75	-2.16336e-07
242	-6.8128e-08
242.25	-8.81718e-08
242.5	1.80634e-07
242.75	2.68545e-07
243	3.50327e-07
243.25	4.05746e-07
243.5	3.9478e-07
243.75	3.94475e-07
244	4.0466e-07
244.25	3.95371e-07
244.5	4.20113e-07
244.75	4.22979e-07
245	4.52978e-07
245.25	4.63533e-07
245.5	4.13719e-07
245.75	3.99444e-07
246	3.41212e-07
246.25	3.15225e-07
246.5	4.08673e-08
246.75	1.13393e-09
247	-3.3857e-07
247.25	-4.19664e-07
247.5	-4.60089e-07
247.75	-4.43326e-07
248	-4.54126e-07
248.25	-4.40049e-07
248.5	-4.48229e-07
248.75	-4.3428e-07
249	-4.27492e-07
249.25	-4.02048e-07
249.5	-3.84943e-07
249.75	-3.22545e-07
250	-2.93253e-07
250.25	-1.82491e-07
250.5	-7.73133e-08
250.75	-1.69677e-08
251	2.16532e-07
251.25	2.94423e-07
251.5	3.60334e-07
251.75	3.96091e-07
252	3.74004e-07
252.25	4.03681e-07
252.5	3.69108e-07
252.75	4.23444e-07
253	3.97431e-07
253.25	4.39352e-07
253.5	4.27317e-07
253.75	4.46994e-07
254	3.82593e-07
254.25	3.81924e-07
254.5	3.53061e-07
254.75	1.21081e-07
255	1.09857e-07
255.25	-2.36571e-07
255.5	-3.27488e-07
255.75	-4.48087e-07
256	-4.25929e-07
256.25	-4.34138e-07
256.5	-4.27224e-07
256.75	-4.26679e-07
257	-4.34578e-07
257.25	-4.20672e-07
257.5	-4.08372e-07
257.75	-3.92594e-07
258	-3.44291e-07
258.25	-3.31065e-07
258.5	-2.56209e-07
258.75	-1.47567e-07
259	-3.11879e-08
259.25	4.34769e-08
259.5	2.74902e-07
259.75	3.01622e-07
260	3.72376e-07
260.25	3.71926e-07
260.5	3.80902e-07
260.75	3.6752e-07
261	3.95931e-07
261.25	3.98149e-07
261.5	4.14322e-07
261.75	4.26248e-07
262	4.38372e-07
262.25	3.8271e-07
262.5	3.88014e-07
262.75	3.6806e-07
263	1.79737e-07
263.25	1.78143e-07
263.5	-1.69245e-07
263.75	-2.0491e-07
264	-4.31929e-07
264.25	-3.98568e-07
264.5	-4.17593e-07
264.75	-4.05763e-07
265	-4.12413e-07
265.25	-4.14713e-07
265.5	-4.13807e-07
265.75	-3.99126e-07
266	-3.95027e-07
266.25	-3.55762e-07
266.5	-3.48293e-07
266.75	-2.80056e-07
267	-1.92815e-07
267.25	-1.30815e-07
267.5	6.17764e-08
267.75	1.22734e-07
268	3.198e-07
268.25	3.18521e-07
268.5	3.62715e-07
268.75	3.5978e-07
269	3.55151e-07
269.25	3.71125e-07
269.5	3.96544e-07
269.75	3.90506e-07
270	4.09997e-07
270.25	4.25116e-07
270.5	3.81064e-07
270.75	3.64779e-07
271	3.93712e-07
271.25	1.79439e-07
271.5	2.29225e-07
271.75	-9.03305e-08
272	-1.511e-07
272.25	-3.79513e-07
272.5	-3.73837e-07
272.75	-3.96776e-07
273	-3.80698e-07
273.25	-3.9582e-07
273.5	-3.87722e-07
273.75	-4.0374e-07
274	-3.82078e-07
274.25	-3.8639e-07
274.5	-3.61811e-07
274.75	-3.45251e-07
275	-2.62179e-07
275.25	-2.39415e-07
275.5	-1.44106e-07
275.75	7.93609e-09
276	7.52758e-08
276.25	2.73745e-07
276.5	2.96714e-07
276.75	3.39401e-07
277	3.36176e-07
277.25	3.4177e-07
277.5	3.46886e-07
277.75	3.79311e-07
278	3.71779e-07
278.25	3.87982e-07
278.5	4.05517e-07
278.75	3.70002e-07
279	3.60002e-07
279.25	3.4714e-07
279.5	2.66142e-07
279.75	1.91772e-07
280	1.52968e-08
280.25	-1.53835e-07
280.5	-3.07283e-07
280.75	-3.55542e-07
281	-3.68913e-07
281.25	-3.62019e-07
281.5	-3.6975e-07
281.75	-3.64552e-07
282	-3.83469e-07
282.25	-3.6598e-07
282.5	-3.6886e-07
282.75	-3.52948e-07
283	-3.32361e-07
283.25	-2.66649e-07
283.5	-2.45037e-07
283.75	-1.66003e-07
284	-2.55878e-08
284.25	8.09671e-08
284.5	1.7145e-07
284.75	3.09944e-07
285	2.98943e-07
285.25	3.17102e-07
285.5	3.18445e-07
285.75	3.27863e-07
286	3.54759e-07
286.25	3.51977e-07
286.5	3.7837e-07
286.75	3.7419e-07
287	3.49159e-07
287.25	3.67685e-07
287.5	2.92628e-07
287.75	2.91567e-07
288	1.62427e-07
288.25	5.58492e-08
288.5	-1.44523e-07
288.75	-2.59568e-07
289	-3.33755e-07
289.25	-3.30888e-07
289.5	-3.45042e-07
289.75	-3.31904e-07
290	-3.44652e-07
290.25	-3.53429e-07
290.5	-3.47602e-07
290.75	-3.42835e-07
291	-3.45934e-07
291.25	-3.02504e-07
291.5	-2.87165e-07
291.75	-2.20439e-07
292	-1.73615e-07
292.25	-3.82918e-08
292.5	4.44032e-08
292.75	2.23493e-07
293	2.19286e-07
293.25	2.84859e-07
293.5	2.55491e-07
293.75	2.95891e-07
294	2.83768e-07
294.25	3.3645e-07
294.5	3.21404e-07
294.75	3.51827e-07
295	3.4079e-07
295.25	3.38851e-07
295.5	2.90815e-07
295.75	3.23304e-07
296	2.22516e-07
296.25	1.81027e-07
296.5	-1.01156e-08
296.75	-1.00029e-07
297	-2.59956e-07
297.25	-2.77661e-07
297.5	-3.09723e-07
297.75	-2.93174e-07
298	-2.99871e-07
298.25	-3.08734e-07
298.5	-3.14459e-07
298.75	-3.0788e-07
299	-3.15501e-07
299.25	-2.93155e-07
299.5	-2.58488e-07
299.75	-2.38178e-07
300	-1.90252e-07
300.25	-1.12975e-07
300.5	-1.306e-08
300.75	8.53539e-08
301	1.93685e-07
301.25	2.4509e-07
301.5	2.26846e-07
301.75	2.55399e-07
302	2.61703e-07
302.25	2.76652e-07
302.5	2.79775e-07
302.75	3.01826e-07
303	3.03019e-07
303.25	2.82205e-07
303.5	2.95946e-07
303.75	2.64364e-07
304	2.40476e-07
304.25	1.87784e-07
304.5	8.67662e-08
304.75	-5.39123e-08
305	-1.4131e-07
305.25	-2.52099e-07
305.5	-2.68307e-07
305.75	-2.66256e-07
306	-2.677e-07
306.25	-2.72268e-07
306.5	-2.7991e-07
306.75	-2.82292e-07
307	-2.78529e-07
307.25	-2.76102e-07
307.5	-2.57137e-07
307.75	-2.43774e-07
308	-1.96736e-07
308.25	-1.64022e-07
308.5	-7.72937e-08
308.75	6.82949e-09
309	1.24596e-07
309.25	1.82051e-07
309.5	2.18168e-07
309.75	2.20293e-07
310	2.30402e-07
310.25	2.31674e-07
310.5	2.51615e-07
310.75	2.57327e-07
311	2.64542e-07
311.25	2.71626e-07
311.5	2.63253e-07
311.75	2.60292e-07
312	2.23459e-07
312.25	1.92674e-07
312.5	1.22844e-07
312.75	3.26225e-08
313	-7.87082e-08
313.25	-1.91796e-07
313.5	-2.30655e-07
313.75	-2.31205e-07
314	-2.35445e-07
314.25	-2.37928e-07
314.5	-2.45474e-07
314.75	-2.49602e-07
315	-2.54369e-07
315.25	-2.4338e-07
315.5	-2.39406e-07
315.75	-2.13653e-07
316	-2.05183e-07
316.25	-1.60588e-07
316.5	-1.14987e-07
316.75	-1.57575e-08
317	5.32647e-08
317.25	1.46421e-07
317.5	1.81343e-07
317.75	1.85647e-07
318	2.0489e-07
318.25	2.07601e-07
318.5	2.13729e-07
318.75	2.26762e-07
319	2.34942e-07
319.25	2.33408e-07
319.5	2.28745e-07
319.75	2.35652e-07
320	2.02984e-07
320.25	1.8514e-07
320.5	1.25053e-07
320.75	6.95796e-08
321	-6.24752e-08
321.25	-1.37582e-07
321.5	-1.89073e-07
321.75	-2.01124e-07
322	-2.01852e-07
322.25	-2.06235e-07
322.5	-2.14335e-07
322.75	-2.16784e-07
323	-2.21461e-07
323.25	-2.15462e-07
323.5	-2.06124e-07
323.75	-1.99035e-07
324	-1.87895e-07
324.25	-1.52779e-07
324.5	-1.1099e-07
324.75	-3.83665e-08
325	2.89592e-08
325.25	1.21652e-07
325.5	1.46576e-07
325.75	1.6441e-07
326	1.75348e-07
326.25	1.8302e-07
326.5	1.87431e-07
326.75	1.96711e-07
327	2.06005e-07
327.25	1.97281e-07
327.5	2.04161e-07
327.75	2.02715e-07
328	1.89335e-07
328.25	1.53221e-07
328.5	1.1856e-07
328.75	5.62994e-08
329	-3.89188e-08
329.25	-1.17011e-07
329.5	-1.58127e-07
329.75	-1.73531e-07
330	-1.73395e-07
330.25	-1.78984e-07
330.5	-1.86073e-07
330.75	-1.87477e-07
331	-1.92227e-07
331.25	-1.86854e-07
331.5	-1.79089e-07
331.75	-1.84908e-07
332	-1.57333e-07
332.25	-1.40739e-07
332.5	-9.10792e-08
332.75	-4.41066e-08
333	3.70146e-08
333.25	9.62665e-08
333.5	1.28036e-07
333.75	1.48668e-07
334	1.52034e-07
334.25	1.60234e-07
334.5	1.66061e-07
334.75	1.75407e-07
335	1.74388e-07
335.25	1.77614e-07
335.5	1.73783e-07
335.75	1.76838e-07
336	1.62013e-07
336.25	1.30967e-07
336.5	1.00678e-07
336.75	3.65435e-08
337	-3.79065e-08
337.25	-1.08451e-07
337.5	-1.39367e-07
337.75	-1.50434e-07
338	-1.50744e-07
338.25	-1.55731e-07
338.5	-1.61846e-07
338.75	-1.6787e-07
339	-1.64821e-07
339.25	-1.63804e-07
339.5	-1.54915e-07
339.75	-1.5953e-07
340	-1.37599e-07
340.25	-1.1777e-07
340.5	-7.67459e-08
340.75	-2.32454e-08
341	4.15737e-08
341.25	8.24185e-08
341.5	1.23012e-07
341.75	1.2878e-07
342	1.36569e-07
342.25	1.40145e-07
342.5	1.4572e-07
342.75	1.53813e-07
343	1.52819e-07
343.25	1.55222e-07
343.5	1.55469e-07
343.75	1.50935e-07
344	1.34138e-07
344.25	1.16034e-07
344.5	7.22532e-08
344.75	2.112e-08
345	-5.08013e-08
345.25	-1.0063e-07
345.5	-1.25414e-07
345.75	-1.31113e-07
346	-1.31963e-07
346.25	-1.36814e-07
346.5	-1.42152e-07
346.75	-1.46279e-07
347	-1.43725e-07
347.25	-1.42609e-07
347.5	-1.35417e-07
347.75	-1.34774e-07
348	-1.21741e-07
348.25	-9.36315e-08
348.5	-6.25655e-08
348.75	-4.48108e-09
349	4.30534e-08
349.25	8.80216e-08
349.5	1.1167e-07
349.75	1.14408e-07
350	1.20264e-07
350.25	1.23667e-07
350.5	1.29874e-07
350.75	1.3399e-07
351	1.35546e-07
351.25	1.34491e-07
351.5	1.34807e-07
351.75	1.27929e-07
352	1.14856e-07
352.25	9.25307e-08
352.5	5.35389e-08
352.75	4.09383e-10
353	-5.68189e-08
353.25	-9.47276e-08
353.5	-1.1092e-07
353.75	-1.14592e-07
354	-1.15251e-07
354.25	-1.2052e-07
354.5	-1.23988e-07
354.75	-1.27029e-07
355	-1.24876e-07
355.25	-1.23728e-07
355.5	-1.22169e-07
355.75	-1.12785e-07
356	-1.02471e-07
356.25	-7.5284e-08
356.5	-4.25279e-08
356.75	5.94484e-09
357	4.40237e-08
357.25	9.43596e-08
357.5	9.34411e-08
357.75	1.03006e-07
358	1.05006e-07
358.25	1.09582e-07
358.5	1.15407e-07
358.75	1.16038e-07
359	1.18828e-07
359.25	1.15514e-07
359.5	1.15498e-07
359.75	1.06906e-07
360	9.6969e-08
360.25	7.12451e-08
360.5	4.03756e-08
360.75	-1.61938e-08
361	-5.81293e-08
361.25	-8.82584e-08
361.5	-9.6809e-08
361.75	-9.89079e-08
362	-1.00191e-07
362.25	-1.04965e-07
362.5	-1.09041e-07
362.75	-1.07684e-07
363	-1.0887e-07
363.25	-1.04974e-07
363.5	-1.05007e-07
363.75	-9.53187e-08
364	-8.32005e-08
364.25	-5.7591e-08
364.5	-2.92966e-08
364.75	1.7076e-08
365	5.93547e-08
365.25	7.60946e-08
365.5	8.64118e-08
365.75	8.80766e-08
366	9.22437e-08
366.25	9.44794e-08
366.5	9.95191e-08
366.75	1.00474e-07
367	1.01296e-07
367.25	1.00444e-07
367.5	9.51115e-08
367.75	9.19806e-08
368	7.44193e-08
368.25	5.49869e-08
368.5	1.7356e-08
368.75	-2.39088e-08
369	-6.09038e-08
369.25	-7.8138e-08
369.5	-8.30685e-08
369.75	-8.42396e-08
370	-8.65343e-08
370.25	-8.99054e-08
370.5	-9.24574e-08
370.75	-9.2016e-08
371	-9.05109e-08
371.25	-9.0277e-08
371.5	-8.6872e-08
371.75	-7.92534e-08
372	-6.61113e-08
372.25	-4.14061e-08
372.5	-6.35451e-09
372.75	2.98953e-08
373	5.45836e-08
373.25	7.08688e-08
373.5	7.34076e-08
373.75	7.65915e-08
374	7.84319e-08
374.25	8.34541e-08
374.5	8.42749e-08
374.75	8.61916e-08
375	8.32683e-08
375.25	8.37599e-08
375.5	8.10734e-08
375.75	7.13421e-08
376	5.79956e-08
376.25	3.56302e-08
376.5	-2.87316e-09
376.75	-3.37152e-08
377	-6.00733e-08
377.25	-6.81859e-08
377.5	-7.05237e-08
377.75	-7.1758e-08
378	-7.42319e-08
378.25	-7.786e-08
378.5	-7.74689e-08
378.75	-7.79725e-08
379	-7.60505e-08
379.25	-7.6466e-08
379.5	-7.10756e-08
379.75	-6.29825e-08
380	-4.62755e-08
380.25	-2.22754e-08
380.5	9.61278e-09
380.75	3.8873e-08
381	5.14789e-08
381.25	6.30027e-08
381.5	6.25388e-08
381.75	6.59151e-08
382	6.787e-08
382.25	7.12822e-08
382.5	7.20515e-08
382.75	7.13643e-08
383	7.13917e-08
383.25	6.99153e-08
383.5	6.45141e-08
383.75	5.45164e-08
384	3.91661e-08
384.25	1.20113e-08
384.5	-1.71262e-08
384.75	-4.34865e-08
385	-5.53641e-08
385.25	-5.88203e-08
385.5	-6.03963e-08
385.75	-6.16041e-08
386	-6.53026e-08
386.25	-6.53709e-08
386.5	-6.63014e-08
386.75	-6.54725e-08
387	-6.60447e-08
387.25	-6.16865e-08
387.5	-5.69729e-08
387.75	-4.5412e-08
388	-2.8922e-08
388.25	-1.47472e-09
388.5	2.36809e-08
388.75	4.26575e-08
389	5.00842e-08
389.25	5.42177e-08
389.5	5.5656e-08
389.75	5.7768e-08
390	6.06276e-08
390.25	6.10084e-08
390.5	6.11634e-08
390.75	5.98267e-08
391	6.10331e-08
391.25	5.61504e-08
391.5	5.06992e-08
391.75	3.84496e-08
392	2.25477e-08
392.25	-4.6871e-09
392.5	-2.76301e-08
392.75	-4.45897e-08
393	-5.00658e-08
393.25	-5.16892e-08
393.5	-5.30524e-08
393.75	-5.46781e-08
394	-5.63528e-08
394.25	-5.72103e-08
394.5	-5.71756e-08
394.75	-5.57633e-08
395	-5.59873e-08
395.25	-5.13545e-08
395.5	-4.45882e-08
395.75	-3.10942e-08
396	-1.23182e-08
396.25	1.2111e-08
396.5	3.07755e-08
396.75	4.32917e-08
397	4.52457e-08
397.25	4.76454e-08
397.5	4.95575e-08
397.75	5.20833e-08
398	5.20552e-08
398.25	5.29712e-08
398.5	5.25683e-08
398.75	5.33268e-08
399	5.0206e-08
399.25	4.64759e-08
399.5	3.78354e-08
399.75	2.52377e-08
400	6.97636e-10
400.25	-1.7083e-08
400.5	-3.66083e-08
400.75	-4.22843e-08
401	-4.43937e-08
401.25	-4.55786e-08
401.5	-4.68282e-08
401.75	-4.86879e-08
402	-4.91872e-08
402.25	-4.9608e-08
402.5	-4.88481e-08
402.75	-4.89826e-08
403	-4.56283e-08
403.25	-4.08509e-08
403.5	-3.05401e-08
403.75	-1.55298e-08
404	3.08666e-09
404.25	2.36637e-08
404.5	3.57326e-08
404.75	3.94407e-08
405	4.06425e-08
405.25	4.23423e-08
405.5	4.37435e-08
405.75	4.55538e-08
406	4.54319e-08
406.25	4.583e-08
406.5	4.6535e-08
406.75	4.44174e-08
407	4.09198e-08
407.25	3.59632e-08
407.5	2.40454e-08
407.75	8.76225e-09
408	-1.10421e-08
408.25	-2.61208e-08
408.5	-3.35813e-08
408.75	-3.22675e-08
409	-3.43794e-08
409.25	-3.48059e-08
409.5	-3.56873e-08
409.75	-3.72397e-08
410	-3.60049e-08
410.25	-3.43685e-08
410.5	-3.41228e-08
410.75	-2.92056e-08
411	-2.31789e-08
411.25	-1.15292e-08
411.5	1.62563e-09
411.75	1.58678e-08
412	2.73273e-08
412.25	3.02686e-08
412.5	3.11e-08
412.75	3.13145e-08
413	3.19598e-08
413.25	3.30629e-08
413.5	3.48012e-08
413.75	3.46072e-08
414	3.37776e-08
414.25	3.1575e-08
414.5	3.17425e-08
414.75	2.6802e-08
415	1.91218e-08
415.25	9.28965e-09
415.5	-6.52203e-09
415.75	-1.88579e-08
416	-2.81661e-08
416.25	-2.92076e-08
416.5	-2.96324e-08
416.75	-2.99565e-08
417	-3.07358e-08
417.25	-3.16131e-08
417.5	-3.28816e-08
417.75	-3.23526e-08
418	-3.12446e-08
418.25	-2.89492e-08
418.5	-2.8586e-08
418.75	-2.2715e-08
419	-1.53892e-08
419.25	-4.89453e-09
419.5	9.23834e-09
419.75	2.05574e-08
420	2.58849e-08
420.25	2.65739e-08
420.5	2.68265e-08
420.75	2.72453e-08
421	2.80956e-08
421.25	2.878e-08
421.5	2.98486e-08
421.75	2.91003e-08
422	2.803e-08
422.25	2.74509e-08
422.5	2.43054e-08
422.75	1.99729e-08
423	1.13797e-08
423.25	9.13348e-10
423.5	-1.20816e-08
423.75	-2.1573e-08
424	-2.42797e-08
424.25	-2.47829e-08
424.5	-2.47731e-08
424.75	-2.54172e-08
425	-2.62296e-08
425.25	-2.7525e-08
425.5	-2.70653e-08
425.75	-2.65829e-08
426	-2.51726e-08
426.25	-2.46868e-08
426.5	-2.10804e-08
426.75	-1.59413e-08
427	-7.36282e-09
427.25	2.52167e-09
427.5	1.40718e-08
427.75	2.00529e-08
428	2.19041e-08
428.25	2.21125e-08
428.5	2.21953e-08
428.75	2.29558e-08
429	2.34909e-08
429.25	2.44846e-08
429.5	2.41826e-08
429.75	2.33831e-08
430	2.33324e-08
430.25	2.0884e-08
430.5	1.79271e-08
430.75	1.24201e-08
431	4.43212e-09
431.25	-6.10624e-09
431.5	-1.43835e-08
431.75	-1.96078e-08
432	-1.97795e-08
432.25	-2.00416e-08
432.5	-2.03751e-08
432.75	-2.10025e-08
433	-2.1506e-08
433.25	-2.22739e-08
433.5	-2.16214e-08
433.75	-2.10391e-08
434	-2.06022e-08
434.25	-1.84366e-08
434.5	-1.45726e-08
434.75	-9.18898e-09
435	-9.61471e-10
435.25	7.78469e-09
435.5	1.50413e-08
435.75	1.72222e-08
436	1.76636e-08
436.25	1.7772e-08
436.5	1.82057e-08
436.75	1.87274e-08
437	1.95933e-08
437.25	1.94483e-08
437.5	1.91141e-08
437.75	1.81527e-08
438	1.80835e-08
438.25	1.50642e-08
438.5	1.1552e-08
438.75	6.01366e-09
439	-1.91339e-09
439.25	-9.60672e-09
439.5	-1.49112e-08
439.75	-1.56894e-08
440	-1.5894e-08
440.25	-1.61162e-08
440.5	-1.66331e-08
440.75	-1.70814e-08
441	-1.77379e-08
441.25	-1.75712e-08
441.5	-1.69509e-08
441.75	-1.70566e-08
442	-1.5259e-08
442.25	-1.27426e-08
442.5	-8.54384e-09
442.75	-3.12648e-09
443	4.86557e-09
443.25	1.07729e-08
443.5	1.35958e-08
443.75	1.41113e-08
444	1.41697e-08
444.25	1.4562e-08
444.5	1.48785e-08
444.75	1.57372e-08
445	1.56708e-08
445.25	1.54826e-08
445.5	1.4831e-08
445.75	1.47958e-08
446	1.28373e-08
446.25	1.01559e-08
446.5	5.17376e-09
446.75	3.57192e-10
447	-7.09045e-09
447.25	-1.13849e-08
447.5	-1.26175e-08
447.75	-1.27876e-08
448	-1.29899e-08
448.25	-1.33319e-08
448.5	-1.37981e-08
448.75	-1.44439e-08
449	-1.43296e-08
449.25	-1.40485e-08
449.5	-1.39278e-08
449.75	-1.25797e-08
450	-1.08323e-08
450.25	-7.4809e-09
450.5	-3.40716e-09
450.75	3.45811e-09
451	8.02567e-09
451.25	1.10455e-08
451.5	1.15362e-08
451.75	1.15303e-08
452	1.19199e-08
452.25	1.22273e-08
452.5	1.29894e-08
452.75	1.29431e-08
453	1.28278e-08
453.25	1.23433e-08
453.5	1.23286e-08
453.75	1.07909e-08
454	8.81814e-09
454.25	4.95189e-09
454.5	7.77186e-10
454.75	-5.3593e-09
455	-8.97313e-09
455.25	-1.04858e-08
455.5	-1.04946e-08
455.75	-1.0781e-08
456	-1.10759e-08
456.25	-1.14648e-08
456.5	-1.21291e-08
456.75	-1.20335e-08
457	-1.17255e-08
457.25	-1.11448e-08
457.5	-1.10114e-08
457.75	-9.1943e-09
458	-6.87034e-09
458.25	-3.06034e-09
458.5	1.71758e-09
458.75	6.29841e-09
459	9.08904e-09
459.25	9.58813e-09
459.5	9.83378e-09
459.75	9.94088e-09
460	1.03408e-08
460.25	1.05672e-08
460.5	1.1078e-08
460.75	1.08883e-08
461	1.05669e-08
461.25	1.05142e-08
461.5	9.41785e-09
461.75	7.82365e-09
462	5.00671e-09
462.25	1.57676e-09
462.5	-3.43476e-09
462.75	-7.11799e-09
463	-8.75878e-09
463.25	-8.99216e-09
463.5	-9.1342e-09
463.75	-9.37614e-09
464	-9.69356e-09
464.25	-9.9535e-09
464.5	-1.03497e-08
464.75	-1.0157e-08
465	-9.59359e-09
465.25	-9.59019e-09
465.5	-8.23129e-09
465.75	-6.51999e-09
466	-3.57114e-09
466.25	8.45035e-11
466.5	4.42764e-09
466.75	7.14245e-09
467	8.2379e-09
467.25	8.40396e-09
467.5	8.48076e-09
467.75	8.70751e-09
468	9.0191e-09
468.25	9.4608e-09
468.5	9.42685e-09
468.75	9.20644e-09
469	8.60838e-09
469.25	8.62294e-09
469.5	7.06328e-09
469.75	5.32252e-09
470	2.30236e-09
470.25	-1.45369e-09
470.5	-4.81085e-09
470.75	-7.38706e-09
471	-7.64336e-09
471.25	-7.78754e-09
471.5	-7.92291e-09
471.75	-8.18904e-09
472	-8.41386e-09
472.25	-8.84941e-09
472.5	-8.7513e-09
472.75	-8.4879e-09
473	-7.92502e-09
473.25	-7.66337e-09
473.5	-6.19743e-09
473.75	-4.21695e-09
474	-1.47154e-09
474.25	2.29748e-09
474.5	5.33978e-09
474.75	6.85577e-09
475	7.15577e-09
475.25	7.20276e-09
475.5	7.34639e-09
475.75	7.54657e-09
476	7.77685e-09
476.25	8.07711e-09
476.5	7.95323e-09
476.75	7.66017e-09
477	7.58592e-09
477.25	6.67445e-09
477.5	5.44472e-09
477.75	3.36065e-09
478	5.39293e-10
478.25	-2.90122e-09
478.5	-5.51688e-09
478.75	-6.51353e-09
479	-6.52783e-09
479.25	-6.65433e-09
479.5	-6.82401e-09
479.75	-7.03585e-09
480	-7.21801e-09
480.25	-7.4836e-09
480.5	-7.32003e-09
480.75	-6.97522e-09
481	-6.88198e-09
481.25	-5.90742e-09
481.5	-4.6017e-09
481.75	-2.4354e-09
482	3.01685e-10
482.25	3.37244e-09
482.5	5.38666e-09
482.75	5.96111e-09
483	6.06936e-09
483.25	6.11411e-09
483.5	6.28538e-09
483.75	6.45484e-09
484	6.79248e-09
484.25	6.75514e-09
484.5	6.57566e-09
484.75	6.23897e-09
485	6.14808e-09
485.25	5.13653e-09
485.5	3.80856e-09
485.75	1.6455e-09
486	-1.09344e-09
486.25	-3.63539e-09
486.5	-5.27049e-09
486.75	-5.43812e-09
487	-5.52635e-09
487.25	-5.63241e-09
487.5	-5.72862e-09
487.75	-5.9748e-09
488	-6.28331e-09
488.25	-6.19202e-09
488.5	-6.01119e-09
488.75	-5.58879e-09
489	-5.51756e-09
489.25	-4.38537e-09
489.5	-3.03355e-09
489.75	-9.9704e-10
490	9.00529e-10
490.25	1.87094e-09
490.5	4.08357e-09
490.75	5.13475e-09
491	5.43203e-09
491.25	5.45093e-09
491.5	5.67832e-09
491.75	5.92738e-09
492	6.01158e-09
492.25	6.00954e-09
492.5	5.94828e-09
492.75	5.99118e-09
493	5.65197e-09
493.25	5.11049e-09
493.5	4.14201e-09
493.75	2.69353e-09
494	1.52209e-10
494.25	-2.15371e-09
494.5	-4.2195e-09
494.75	-4.8579e-09
495	-4.99836e-09
495.25	-5.19861e-09
495.5	-5.34246e-09
495.75	-5.58927e-09
496	-5.65228e-09
496.25	-5.63412e-09
496.5	-5.52867e-09
496.75	-5.54708e-09
497	-5.13686e-09
497.25	-4.54181e-09
497.5	-3.45364e-09
497.75	-1.91917e-09
498	4.35936e-10
498.25	2.56924e-09
498.5	4.14784e-09
498.75	4.49884e-09
499	4.70852e-09
499.25	4.78772e-09
499.5	4.93075e-09
499.75	5.0994e-09
500	5.14031e-09
500.25	5.09784e-09
500.5	4.96968e-09
500.75	4.98137e-09
501	4.54199e-09
501.25	3.89984e-09
501.5	2.77745e-09
501.75	1.08422e-09
502	-1.03601e-09
502.25	-3.05964e-09
502.5	-3.73798e-09
502.75	-4.23671e-09
503	-4.29002e-09
503.25	-4.44342e-09
503.5	-4.65774e-09
503.75	-4.71491e-09
504	-4.74321e-09
504.25	-4.68521e-09
504.5	-4.71262e-09
504.75	-4.44836e-09
505	-4.04799e-09
505.25	-3.29881e-09
505.5	-2.12919e-09
505.75	-4.01848e-10
506	1.49119e-09
506.25	2.80549e-09
506.5	3.81318e-09
506.75	3.86808e-09
507	3.98204e-09
507.25	4.07507e-09
507.5	4.24372e-09
507.75	4.27727e-09
508	4.28335e-09
508.25	4.20476e-09
508.5	4.22123e-09
508.75	3.93902e-09
509	3.50911e-09
509.25	2.70214e-09
509.5	1.56786e-09
509.75	-3.50023e-12
510	-1.95922e-09
510.25	-3.00594e-09
510.5	-3.44239e-09
510.75	-3.55532e-09
511	-3.6612e-09
511.25	-3.86398e-09
511.5	-3.91578e-09
511.75	-3.9538e-09
512	-3.94788e-09
512.25	-3.9579e-09
512.5	-3.80551e-09
512.75	-3.52097e-09
513	-3.00731e-09
513.25	-2.15595e-09
513.5	-1.21241e-09
513.75	7.74167e-10
514	1.98061e-09
514.25	3.06842e-09
514.5	3.20835e-09
514.75	3.30299e-09
515	3.37915e-09
515.25	3.53374e-09
515.5	3.56828e-09
515.75	3.58898e-09
516	3.56207e-09
516.25	3.5897e-09
516.5	3.42904e-09
516.75	3.00895e-09
517	2.5739e-09
517.25	1.78966e-09
517.5	3.12412e-10
517.75	-1.08073e-09
518	-2.3807e-09
518.25	-2.78214e-09
518.5	-2.96387e-09
518.75	-3.0377e-09
519	-3.14485e-09
519.25	-3.2865e-09
519.5	-3.3192e-09
519.75	-3.32592e-09
520	-3.27828e-09
520.25	-3.30557e-09
520.5	-3.09487e-09
520.75	-2.75284e-09
521	-2.14151e-09
521.25	-1.24419e-09
521.5	1.33502e-10
521.75	1.41009e-09
522	2.4107e-09
522.25	2.68999e-09
522.5	2.76729e-09
522.75	2.83591e-09
523	2.9769e-09
523.25	3.0091e-09
523.5	3.03728e-09
523.75	3.02886e-09
524	3.05857e-09
524.25	2.95249e-09
524.5	2.74598e-09
524.75	2.35998e-09
525	1.69925e-09
525.25	6.80321e-10
525.5	-5.81246e-10
525.75	-1.78658e-09
526	-2.2902e-09
526.25	-2.48918e-09
526.5	-2.55965e-09
526.75	-2.64886e-09
527	-2.78592e-09
527.25	-2.81801e-09
527.5	-2.83748e-09
527.75	-2.81495e-09
528	-2.84169e-09
528.25	-2.69744e-09
528.5	-2.45021e-09
528.75	-2.0016e-09
529	-1.28116e-09
529.25	-2.18122e-10
529.5	8.94521e-10
529.75	1.86795e-09
530	2.27144e-09
530.25	2.35251e-09
530.5	2.41154e-09
530.75	2.47912e-09
531	2.58289e-09
531.25	2.60365e-09
531.5	2.60541e-09
531.75	2.56735e-09
532	2.5838e-09
532.25	2.4191e-09
532.5	2.14876e-09
532.75	1.65431e-09
533	9.19941e-10
533.25	-1.87674e-10
533.5	-1.23888e-09
533.75	-1.90834e-09
534	-2.10079e-09
534.25	-2.1883e-09
534.5	-2.25356e-09
534.75	-2.3321e-09
535	-2.42625e-09
535.25	-2.44408e-09
535.5	-2.43363e-09
535.75	-2.46199e-09
536	-2.36907e-09
536.25	-2.19244e-09
536.5	-1.87115e-09
536.75	3.85869e-09
537	-2.0676e-09
537.25	2.14942e-09
537.5	5.0439e-10
537.75	3.17587e-09
538	1.68656e-09
538.25	2.33734e-09
538.5	2.3623e-09
538.75	5.00204e-10
539	2.65758e-09
539.25	1.9857e-09
539.5	2.47223e-09
539.75	-2.96459e-09
540	2.49923e-09
540.25	-3.91955e-09
540.5	2.27845e-09
540.75	-2.45966e-10
541	1.99569e-09
541.25	-3.49321e-09
541.5	1.22167e-09
541.75	-2.26379e-09
542	-1.98355e-09
542.25	-2.48903e-09
542.5	-2.33342e-09
542.75	-5.27213e-10
543	-2.69487e-09
543.25	-2.06057e-09
543.5	1.8869e-09
543.75	-2.63235e-09
544	3.79857e-09
544.25	-2.45491e-09
544.5	-6.03026e-10
544.75	-2.25173e-09
545	3.64576e-09
545.25	-1.85877e-09
545.5	3.45066e-09
545.75	-2.3476e-10
546	3.15707e-09
546.25	2.04177e-09
546.5	2.18147e-09
546.75	1.01846e-09
547	2.64437e-09
547.25	-1.84416e-09
547.5	2.68296e-09
547.75	-3.28356e-09
548	2.54769e-09
548.25	-3.86438e-09
548.5	2.30692e-09
548.75	-3.80654e-09
549	1.99707e-09
549.25	-1.72474e-09
549.5	5.25281e-10
549.75	-3.22429e-09
550	-1.22243e-09
550.25	-2.61092e-09
550.5	-2.42309e-09
550.75	-6.27648e-10
551	-2.72125e-09
551.25	-2.18114e-09
551.5	1.65833e-09
551.75	-2.65297e-09
552	3.81279e-09
552.25	-2.47094e-09
552.5	3.94348e-09
552.75	-2.17787e-09
553	9.27215e-10
553.25	-1.68119e-09
553.5	3.37927e-09
553.75	-1.51497e-10
554	3.12736e-09
554.25	2.10473e-09
554.5	1.80665e-09
554.75	2.59038e-09
555	-8.03607e-10
555.25	2.72327e-09
555.5	-2.76071e-09
555.75	2.6391e-09
556	-3.74925e-09
556.25	2.44103e-09
556.5	-3.87731e-09
556.75	2.14209e-09
557	-3.64413e-09
557.25	1.83432e-09
557.5	-3.4228e-09
557.75	4.67855e-10
558	-3.17221e-09
558.25	-2.08922e-09
558.5	-1.89672e-09
558.75	-2.64626e-09
559	7.58638e-10
559.25	-2.80283e-09
559.5	2.80831e-09
559.75	-2.725e-09
560	3.83086e-09
560.25	-2.52725e-09
560.5	3.97133e-09
560.75	-2.22082e-09
561	3.73168e-09
561.25	-1.90596e-09
561.5	3.48619e-09
561.75	-6.18742e-10
562	3.26517e-09
562.25	2.13177e-09
562.5	2.06533e-09
562.75	2.63432e-09
563	-5.50922e-10
563.25	2.79242e-09
563.5	-2.70378e-09
563.75	9.35835e-10
564	-1.25332e-09
564.25	2.51128e-09
564.5	-3.92288e-09
564.75	2.26665e-09
565	-3.70157e-09
565.25	1.92661e-09
565.5	-3.47046e-09
565.75	1.0422e-09
566	-3.30576e-09
566.25	-2.06929e-09
566.5	-2.31201e-09
566.75	-2.631e-09
567	-2.69289e-09
567.25	1.2863e-09
567.5	-2.83152e-09
567.75	3.25935e-09
568	-6.04676e-10
568.25	1.78686e-09
568.5	-2.45481e-09
568.75	3.8877e-09
569	-2.16668e-09
569.25	3.61083e-09
569.5	3.21381e-09
569.75	-1.30738e-09
570	3.36479e-09
570.25	3.21548e-09
570.5	2.29213e-09
570.75	1.96935e-09
571	2.48294e-09
571.25	2.73002e-09
571.5	-1.97365e-09
571.75	1.39181e-09
572	-7.78117e-10
572.25	-1.01325e-09
572.5	-1.45501e-09
572.75	2.39081e-09
573	-3.74691e-09
573.25	-2.29101e-09
573.5	1.98576e-09
573.75	-3.41697e-09
574	1.15924e-09
574.25	-3.29942e-09
574.5	-3.10655e-09
574.75	-2.42663e-09
575	-1.36157e-09
575.25	-2.3279e-09
575.5	-1.18871e-09
575.75	-7.44764e-10
576	-9.64477e-11
576.25	6.57337e-10
576.5	1.03883e-09
576.75	-2.48461e-09
577	3.76048e-09
577.25	1.84396e-09
577.5	3.40881e-09
577.75	-1.86277e-09
578	3.36481e-09
578.25	3.34022e-09
578.5	3.26846e-09
578.75	2.29705e-09
579	2.13013e-09
579.25	2.53348e-09
579.5	1.67657e-09
579.75	1.22542e-09
580	6.14508e-10
580.25	-5.10096e-11
580.5	-7.2568e-10
580.75	-1.371e-09
581	-1.76802e-09
581.25	-2.36942e-09
581.5	-2.84803e-09
581.75	1.93591e-09
582	-3.35376e-09
582.25	-3.21958e-09
582.5	-4.73702e-10
582.75	-3.14174e-09
583	-2.86965e-09
583.25	-2.39624e-09
583.5	-2.1528e-09
583.75	-1.59397e-09
584	-9.97701e-10
584.25	-4.13514e-10
584.5	3.31537e-10
584.75	9.58213e-10
585	1.40553e-09
585.25	2.03996e-09
585.5	2.53552e-09
585.75	2.99027e-09
586	3.27698e-09
586.25	3.4124e-09
586.5	-1.08632e-09
586.75	3.26737e-09
587	2.97472e-09
587.25	2.66523e-09
587.5	2.3591e-09
587.75	1.99065e-09
588	1.41038e-09
588.25	8.31155e-10
588.5	2.29543e-10
588.75	-5.0204e-10
589	-1.0929e-09
589.25	-1.56982e-09
589.5	-2.18088e-09
589.75	-2.69962e-09
590	-3.05336e-09
590.25	-3.27473e-09
590.5	-3.34926e-09
590.75	-3.28472e-09
591	-3.21905e-09
591.25	-2.92319e-09
591.5	-2.45825e-09
591.75	-2.30267e-09
592	-1.78138e-09
592.25	-1.22924e-09
592.5	-6.65924e-10
592.75	-1.36443e-11
593	6.35414e-10
593.25	1.27939e-09
593.5	1.72604e-09
593.75	2.30481e-09
594	2.79179e-09
594.25	3.11823e-09
594.5	3.29112e-09
594.75	3.30806e-09
595	3.29484e-09
595.25	3.05844e-09
595.5	2.61872e-09
595.75	2.40321e-09
596	2.09902e-09
596.25	1.51326e-09
596.5	9.74533e-10
596.75	3.91334e-10
597	-2.93154e-10
597.25	-9.02506e-10
597.5	-1.54138e-09
597.75	-1.99646e-09
598	-2.5525e-09
598.25	-2.90079e-09
598.5	-3.14789e-09
598.75	-3.22512e-09
599	-3.26424e-09
599.25	-3.07749e-09
599.5	-2.67987e-09
599.75	-2.44228e-09
600	-2.23677e-09
600.25	-1.69866e-09
600.5	-1.18625e-09
600.75	-6.38494e-10
601	-2.4104e-11
601.25	6.15489e-10
601.5	1.22557e-09
601.75	1.67387e-09
602	2.22344e-09
602.25	2.65833e-09
602.5	2.94837e-09
602.75	3.08869e-09
603	3.08468e-09
603.25	3.04815e-09
603.5	2.69671e-09
603.75	2.48464e-09
604	2.2565e-09
604.25	1.90264e-09
604.5	1.39872e-09
604.75	8.99538e-10
605	3.95031e-10
605.25	-2.4122e-10
605.5	-8.07077e-10
605.75	-1.37443e-09
606	-1.90159e-09
606.25	-2.36371e-09
606.5	-2.5938e-09
606.75	-2.80984e-09
607	-2.87478e-09
607.25	-2.88709e-09
607.5	-2.61863e-09
607.75	-2.45316e-09
608	-2.19209e-09
608.25	-2.00061e-09
608.5	-1.56735e-09
608.75	-1.13392e-09
609	-6.54718e-10
609.25	-1.96599e-10
609.5	3.91885e-10
609.75	8.91499e-10
610	1.37821e-09
610.25	1.82926e-09
610.5	2.19487e-09
610.75	2.45215e-09
611	2.4119e-09
611.25	2.53597e-09
611.5	2.44682e-09
611.75	2.29619e-09
612	2.02923e-09
612.25	1.82095e-09
612.5	1.67354e-09
612.75	1.46034e-09
613	8.59543e-10
613.25	5.47166e-10
613.5	9.6618e-11
613.75	-3.23791e-10
614	-7.74685e-10
614.25	-1.18051e-09
614.5	-1.54202e-09
614.75	-1.67763e-09
615	-1.95901e-09
615.25	-2.02429e-09
615.5	-2.05571e-09
615.75	-1.97594e-09
616	-1.805e-09
616.25	-1.64222e-09
616.5	-1.47325e-09
616.75	-1.33715e-09
617	-1.11251e-09
617.25	-8.32029e-10
617.5	-5.37655e-10
617.75	-2.25294e-10
618	9.88077e-11
618.25	3.9239e-10
618.5	7.35895e-10
618.75	1.00004e-09
619	1.21201e-09
619.25	1.38987e-09
619.5	1.47829e-09
619.75	1.48626e-09
620	1.43341e-09
620.25	1.32336e-09
620.5	1.21376e-09
620.75	1.09464e-09
621	9.77515e-10
621.25	8.68904e-10
621.5	7.29822e-10
621.75	5.49177e-10
622	3.55742e-10
622.25	1.58544e-10
622.5	-6.23743e-11
622.75	-2.6609e-10
623	-4.37676e-10
623.25	-6.32193e-10
623.5	-7.64778e-10
623.75	-8.58844e-10
624	-9.56216e-10
624.25	-1.01124e-09
624.5	-1.00887e-09
624.75	-1.00596e-09
625	-9.83794e-10
625.25	-9.46758e-10
625.5	-8.96845e-10
625.75	-8.32926e-10
626	-7.52381e-10
626.25	-6.52592e-10
626.5	-5.42627e-10
626.75	-4.05856e-10
627	-2.43132e-10
627.25	-9.4067e-11
627.5	4.60318e-11
627.75	1.56013e-10
628	1.93231e-10
628.25	3.60155e-10
628.5	6.10773e-10
628.75	7.78167e-10
629	9.56936e-10
629.25	9.97993e-10
629.5	1.14296e-09
629.75	1.25505e-09
630	1.33552e-09
630.25	1.37648e-09
630.5	1.35354e-09
630.75	1.32433e-09
631	1.23323e-09
631.25	1.10816e-09
631.5	9.492e-10
631.75	7.62044e-10
632	6.74094e-10
632.25	5.16061e-10
632.5	3.57678e-10
632.75	4.0462e-11
633	-5.20535e-10
633.25	-7.45832e-10
633.5	-9.43314e-10
633.75	-1.2793e-09
634	-1.57437e-09
634.25	-1.84057e-09
634.5	-2.05161e-09
634.75	-2.20089e-09
635	-2.25276e-09
635.25	-2.19708e-09
635.5	-2.09457e-09
635.75	-1.91973e-09
636	-1.85579e-09
636.25	-1.49912e-09
636.5	-1.15934e-09
636.75	-8.99873e-10
637	-4.1121e-10
637.25	8.50943e-11
637.5	6.67511e-10
637.75	1.12264e-09
638	-2.27207e-09
638.25	3.36427e-09
638.5	-2.1207e-09
638.75	3.30442e-09
639	-1.75454e-09
639.25	2.23063e-09
639.5	2.92864e-09
639.75	1.31555e-09
640	2.36535e-09
640.25	1.42255e-09
640.5	2.69815e-09
640.75	-1.61227e-09
641	2.79896e-09
641.25	-3.39741e-09
641.5	2.68591e-09
641.75	-3.99324e-09
642	2.44859e-09
642.25	-3.88989e-09
642.5	2.11016e-09
642.75	-1.4789e-09
643	1.20432e-09
643.25	-3.39921e-09
643.5	-6.64875e-10
643.75	-2.85973e-09
644	-2.38326e-09
644.25	-8.72554e-10
644.5	-2.79982e-09
644.75	1.91351e-09
645	-2.83509e-09
645.25	3.52694e-09
645.5	-2.69289e-09
645.75	4.08054e-09
646	-2.45244e-09
646.25	3.98983e-09
646.5	-2.14538e-09
646.75	1.72277e-09
647	-8.64867e-10
647.25	3.41849e-09
647.5	1.1876e-09
647.75	2.85103e-09
648	2.44903e-09
648.25	9.76645e-10
648.5	2.80891e-09
648.75	-1.7207e-09
649	2.84885e-09
649.25	-3.42624e-09
649.5	2.69173e-10
649.75	2.64131e-09
650	-4.10002e-09
650.25	2.35722e-09
650.5	-3.88054e-09
650.75	2.06461e-09
651	-3.59706e-09
651.25	1.29364e-09
651.5	-3.4292e-09
651.75	-1.87072e-09
652	-2.70933e-09
652.25	-2.86807e-09
652.5	-2.68273e-09
652.75	6.45105e-10
653	-1.6923e-09
653.25	-2.79485e-09
653.5	3.50846e-09
653.75	-1.70435e-10
654	2.03934e-09
654.25	-2.44842e-09
654.5	3.92266e-09
654.75	-2.14442e-09
655	3.63613e-09
655.25	3.43197e-09
655.5	3.76191e-09
655.75	1.00678e-09
656	3.17227e-09
656.25	3.17334e-09
656.5	2.58026e-09
656.75	5.2289e-10
657	2.17767e-09
657.25	7.96632e-10
657.5	4.50977e-10
657.75	-3.76624e-10
658	-1.00633e-09
658.25	-1.42943e-09
658.5	-2.0652e-09
658.75	2.30073e-09
659	-3.65397e-09
659.25	-2.89711e-09
659.5	-3.69245e-09
659.75	1.31455e-09
660	-3.35468e-09
660.25	-3.25765e-09
660.5	-3.06784e-09
660.75	-2.69715e-09
661	-2.32427e-09
661.25	-1.85028e-09
661.5	-1.23147e-09
661.75	-6.3777e-10
662	4.5147e-11
662.25	7.239e-10
662.5	1.37276e-09
662.75	1.7937e-09
663	2.367e-09
663.25	2.85666e-09
663.5	3.21649e-09
663.75	3.42314e-09
664	3.48126e-09
664.25	3.49492e-09
664.5	3.29848e-09
664.75	3.02962e-09
665	2.58943e-09
665.25	2.42912e-09
665.5	1.90081e-09
665.75	1.37058e-09
666	7.94259e-10
666.25	1.97374e-10
666.5	-5.07333e-10
666.75	-1.08252e-09
667	-1.71971e-09
667.25	-2.19368e-09
667.5	-2.77827e-09
667.75	-2.99938e-09
668	-3.21873e-09
668.25	-3.3368e-09
668.5	-3.23172e-09
668.75	-2.90494e-09
669	-2.69776e-09
669.25	-2.46212e-09
669.5	-2.1053e-09
669.75	-1.59474e-09
670	-1.08811e-09
670.25	-5.8169e-10
670.5	8.15984e-11
670.75	6.56599e-10
671	1.22074e-09
671.25	1.80732e-09
671.5	2.28495e-09
671.75	2.66381e-09
672	2.82171e-09
672.25	2.97164e-09
672.5	2.78576e-09
672.75	2.69188e-09
673	2.45523e-09
673.25	2.24467e-09
673.5	1.95991e-09
673.75	1.51063e-09
674	1.07054e-09
674.25	5.88507e-10
674.5	6.79179e-11
674.75	-4.71923e-10
675	-1.00631e-09
675.25	-1.53261e-09
675.5	-1.9441e-09
675.75	-2.29535e-09
676	-2.44726e-09
676.25	-2.46207e-09
676.5	-2.47582e-09
676.75	-2.33339e-09
677	-2.13218e-09
677.25	-1.95846e-09
677.5	-1.7997e-09
677.75	-1.23881e-09
678	-9.25928e-10
678.25	-4.88855e-10
678.5	-4.21414e-11
678.75	4.11639e-10
679	8.78752e-10
679.25	1.32217e-09
679.5	1.49118e-09
679.75	1.90707e-09
680	2.08535e-09
680.25	2.1537e-09
680.5	2.11181e-09
680.75	1.98728e-09
681	1.81194e-09
681.25	1.68048e-09
681.5	1.51193e-09
681.75	1.19563e-09
682	8.776e-10
682.25	5.30038e-10
682.5	-1.13328e-10
682.75	-1.129e-10
683	-6.85989e-10
683.25	-1.05278e-09
683.5	-1.3823e-09
683.75	-1.64337e-09
684	-1.7943e-09
684.25	-1.83918e-09
684.5	-1.79154e-09
684.75	-1.67815e-09
685	-1.5293e-09
685.25	-1.42206e-09
685.5	-1.25895e-09
685.75	-9.99695e-10
686	-7.34687e-10
686.25	-4.46297e-10
686.5	-1.45805e-10
686.75	1.7529e-10
687	5.22064e-10
687.25	8.39393e-10
687.5	1.1201e-09
687.75	1.33427e-09
688	1.46164e-09
688.25	1.49722e-09
688.5	1.45653e-09
688.75	1.36488e-09
689	1.25009e-09
689.25	1.16235e-09
689.5	1.02998e-09
689.75	8.38012e-10
690	6.41161e-10
690.25	4.24748e-10
690.5	1.89775e-10
690.75	-4.90974e-11
691	-3.45834e-10
691.25	-5.31689e-10
691.5	-7.82921e-10
691.75	-9.3048e-10
692	-1.04877e-09
692.25	-9.79707e-10
692.5	-1.02549e-09
692.75	-9.78672e-10
693	-9.20244e-10
693.25	-8.69777e-10
693.5	-7.60368e-10
693.75	-6.17107e-10
694	-4.98738e-10
694.25	-3.64742e-10
694.5	-2.24973e-10
694.75	-8.02723e-11
695	6.38074e-11
695.25	1.69027e-11
695.5	2.50326e-10
695.75	3.80583e-10
696	4.95772e-10
696.25	5.77118e-10
696.5	6.05472e-10
696.75	6.18221e-10
697	6.18724e-10
697.25	6.02179e-10
697.5	5.74776e-10
697.75	5.31696e-10
698	4.96515e-10
698.25	4.62384e-10
698.5	4.24226e-10
698.75	3.72015e-10
699	2.88631e-10
699.25	1.7546e-10
699.5	7.59382e-11
699.75	7.61854e-12
700	-5.90538e-11
700.25	-9.65932e-11
700.5	-1.42919e-10
700.75	-1.8507e-10
701	-2.21985e-10
701.25	-1.02627e-10
701.5	-2.14506e-10
701.75	-2.79402e-10
702	-3.2141e-10
702.25	-3.2565e-10
702.5	-3.66789e-10
702.75	-3.49391e-10
703	-4.27941e-10
703.25	-4.95776e-10
703.5	-5.62007e-10
703.75	-6.17005e-10
704	-6.5294e-10
704.25	-6.85568e-10
704.5	-6.37554e-10
704.75	-5.97864e-10
705	-5.30405e-10
705.25	-5.22574e-10
705.5	-3.82556e-10
705.75	-2.49156e-10
706	-1.84884e-10
706.25	-1.17322e-10
706.5	1.2542e-10
706.75	3.1785e-10
707	3.9142e-10
707.25	6.13128e-10
707.5	8.18842e-10
707.75	1.0116e-09
708	1.1526e-09
708.25	1.28568e-09
708.5	1.33593e-09
708.75	1.32619e-09
709	1.26718e-09
709.25	1.15063e-09
709.5	1.09103e-09
709.75	8.70685e-10
710	7.25075e-10
710.25	6.34853e-10
710.5	3.2326e-10
710.75	-2.68365e-10
711	-4.81557e-10
711.25	-6.97089e-10
711.5	-1.06792e-09
711.75	-1.39514e-09
712	-1.68804e-09
712.25	-1.93737e-09
712.5	-2.07237e-09
712.75	-2.1135e-09
713	-1.92819e-09
713.25	-1.89232e-09
713.5	-1.83726e-09
713.75	-1.56238e-09
714	-1.30389e-09
714.25	-1.15143e-09
714.5	-6.66031e-10
714.75	-2.75527e-10
715	2.64251e-10
715.25	7.11081e-10
715.5	9.97388e-10
715.75	1.50142e-09
716	1.93137e-09
716.25	2.27887e-09
716.5	2.5875e-09
716.75	2.74018e-09
717	2.78006e-09
717.25	2.69766e-09
717.5	1.17326e-09
717.75	2.41745e-09
718	2.45828e-09
718.25	-3.26791e-10
718.5	1.75753e-09
718.75	2.63718e-09
719	-3.12013e-09
719.25	4.88666e-10
719.5	-1.79419e-09
719.75	-1.95326e-09
720	-2.51092e-09
720.25	2.04224e-09
720.5	-3.38215e-09
720.75	1.67833e-09
721	-3.33039e-09
721.25	7.12899e-11
721.5	-2.97701e-09
721.75	-2.44013e-09
722	-7.3217e-10
722.25	-2.77552e-09
722.5	2.16751e-09
722.75	-1.27396e-09
723	1.00281e-09
723.25	1.01626e-09
723.5	-2.48213e-09
723.75	3.80927e-09
724	-2.23587e-09
724.25	3.55432e-09
724.5	2.94163e-09
724.75	-1.61611e-09
725	3.35961e-09
725.25	3.12263e-09
725.5	2.13497e-09
725.75	2.17421e-09
726	2.41699e-09
726.25	2.72565e-09
726.5	-1.8463e-09
726.75	1.39526e-09
727	-8.07475e-10
727.25	-1.01467e-09
727.5	-1.46142e-09
727.75	2.40408e-09
728	-3.72615e-09
728.25	-2.27828e-09
728.5	1.98849e-09
728.75	-3.40439e-09
729	1.23681e-09
729.25	-3.30141e-09
729.5	-3.07685e-09
729.75	-2.84286e-09
730	-2.58701e-09
730.25	-1.40608e-10
730.5	-2.03511e-09
730.75	-5.44884e-10
731	-6.88326e-11
731.25	7.00467e-10
731.5	1.04921e-09
731.75	1.70601e-09
732	2.26855e-09
732.25	2.73546e-09
732.5	-1.99598e-09
732.75	3.3642e-09
733	3.22243e-09
733.25	3.4486e-09
733.5	3.40141e-09
733.75	2.30179e-09
734	2.18254e-09
734.25	2.58046e-09
734.5	1.69024e-09
734.75	1.28956e-09
735	7.04067e-10
735.25	4.51844e-11
735.5	-6.11449e-10
735.75	-1.24567e-09
736	-1.67335e-09
736.25	-2.27349e-09
736.5	-2.7807e-09
736.75	-3.09652e-09
737	-3.31347e-09
737.25	-3.37603e-09
737.5	-3.39266e-09
737.75	-3.19689e-09
738	-2.92965e-09
738.25	-2.49636e-09
738.5	-2.33904e-09
738.75	-1.81255e-09
739	-1.29834e-09
739.25	-8.07537e-10
739.5	-1.27752e-10
739.75	4.71367e-10
740	1.08232e-09
740.25	1.65524e-09
740.5	2.22581e-09
740.75	2.67448e-09
741	3.0103e-09
741.25	3.17792e-09
741.5	3.2076e-09
741.75	3.10857e-09
742	2.78215e-09
742.25	2.5798e-09
742.5	2.39497e-09
742.75	1.95683e-09
743	1.49589e-09
743.25	9.93436e-10
743.5	4.77514e-10
743.75	-1.28911e-10
744	-6.80556e-10
744.25	-1.28267e-09
744.5	-1.78943e-09
744.75	-2.24066e-09
745	-2.58397e-09
745.25	-2.779e-09
745.5	-2.70576e-09
745.75	-2.70229e-09
746	-2.52812e-09
746.25	-2.30759e-09
746.5	-2.16827e-09
746.75	-1.72922e-09
747	-1.35517e-09
747.25	-9.22519e-10
747.5	-4.85867e-10
747.75	4.93591e-12
748	5.06473e-10
748.25	1.00282e-09
748.5	1.46455e-09
748.75	1.85791e-09
749	1.98227e-09
749.25	2.24603e-09
749.5	2.28523e-09
749.75	2.21585e-09
750	2.06552e-09
750.25	1.92014e-09
750.5	1.78755e-09
750.75	1.48549e-09
751	1.17812e-09
751.25	8.45478e-10
751.5	2.11187e-10
751.75	2.01687e-10
752	-3.62128e-10
752.25	-7.51828e-10
752.5	-1.12986e-09
752.75	-1.45313e-09
753	-1.67598e-09
753.25	-1.78325e-09
753.5	-1.77751e-09
753.75	-1.68657e-09
754	-1.5885e-09
754.25	-1.48836e-09
754.5	-1.25762e-09
754.75	-1.02824e-09
755	-8.04601e-10
755.25	-5.33176e-10
755.5	-1.88284e-10
755.75	1.49239e-10
756	4.60142e-10
756.25	7.73544e-10
756.5	1.03307e-09
756.75	1.22029e-09
757	1.31634e-09
757.25	1.32242e-09
757.5	1.27453e-09
757.75	1.25431e-09
758	1.11463e-09
758.25	9.62649e-10
758.5	7.65523e-10
758.75	5.23187e-10
759	2.84067e-10
759.25	2.15581e-11
759.5	-2.18224e-10
759.75	-4.63947e-10
760	-6.759e-10
760.25	-8.30077e-10
760.5	-9.42746e-10
760.75	-7.50362e-10
761	-1.00132e-09
761.25	-9.58693e-10
761.5	-9.30917e-10
761.75	-7.5798e-10
762	-5.90178e-10
762.25	-3.74056e-10
762.5	-3.42765e-11
762.75	1.70816e-10
763	3.89511e-10
763.25	5.71599e-10
763.5	7.03083e-10
763.75	7.78208e-10
764	8.35283e-10
764.25	7.75074e-10
764.5	7.33481e-10
764.75	7.47038e-10
765	7.01861e-10
765.25	4.99126e-10
765.5	2.97423e-10
765.75	4.59884e-11
766	-2.52839e-10
766.25	-4.7645e-10
766.5	-7.15066e-10
766.75	-8.95782e-10
767	-1.06165e-09
767.25	-1.06249e-09
767.5	-1.02325e-09
767.75	-9.27418e-10
768	-8.49838e-10
768.25	-8.6281e-10
768.5	-5.90988e-10
768.75	-3.04831e-10
769	-2.45118e-10
769.25	6.54171e-11
769.5	3.88914e-10
769.75	7.34056e-10
770	1.06777e-09
770.25	1.31716e-09
770.5	1.48518e-09
770.75	1.64596e-09
771	1.58252e-09
771.25	1.4721e-09
771.5	1.298e-09
771.75	1.12281e-09
772	1.10493e-09
772.25	5.81914e-10
772.5	2.17776e-10
772.75	5.5954e-11
773	-4.17464e-10
773.25	-8.54255e-10
773.5	-1.30089e-09
773.75	-1.72472e-09
774	-1.9909e-09
774.25	-2.21651e-09
774.5	1.40224e-09
774.75	-2.85818e-09
775	-3.85216e-10
775.25	-2.1394e-09
775.5	-7.79427e-09
775.75	1.46339e-09
776	-8.44818e-09
776.25	3.11928e-09
776.5	-7.96679e-10
776.75	1.3482e-09
777	-2.27348e-09
777.25	3.45768e-09
777.5	-2.0483e-09
777.75	3.2737e-09
778	-1.58017e-09
778.25	3.2218e-09
778.5	-2.05438e-10
778.75	2.88153e-09
779	2.33021e-09
779.25	3.62948e-10
779.5	8.51533e-09
779.75	-2.74888e-09
780	2.67294e-09
780.25	-3.48354e-09
780.5	1.66091e-10
780.75	2.3144e-09
781	-3.67104e-09
781.25	2.03213e-09
781.5	-3.42224e-09
781.75	1.63941e-09
782	-3.31216e-09
782.25	-3.86415e-10
782.5	-2.94011e-09
782.75	-2.32042e-09
783	-7.73501e-10
783.25	-8.48329e-09
783.5	2.48493e-09
783.75	-2.73269e-09
784	3.40467e-09
784.25	-1.69084e-10
784.5	-2.41033e-09
784.75	3.81053e-09
785	-2.14527e-09
785.25	3.55549e-09
785.5	-1.78502e-09
785.75	3.35635e-09
786	-3.36787e-10
786.25	3.10924e-09
786.5	2.14872e-09
786.75	1.65059e-09
787	2.28761e-09
787.25	8.29379e-09
787.5	-2.46782e-09
787.75	1.06505e-09
788	-8.92712e-10
788.25	-9.21852e-10
788.5	2.43237e-09
788.75	-3.7518e-09
789	2.17183e-09
789.25	-3.50694e-09
789.5	-2.94875e-09
789.75	1.51714e-09
790	-3.29438e-09
790.25	-1.16902e-09
790.5	-2.82492e-09
790.75	-2.62879e-09
791	-8.05384e-09
791.25	1.35619e-09
791.5	-1.72376e-09
791.75	-1.27808e-10
792	3.34061e-10
792.25	7.31717e-10
792.5	1.36852e-09
792.75	-2.33481e-09
793	3.60841e-09
793.25	2.12244e-09
793.5	3.41307e-09
793.75	-1.68635e-09
794	3.25897e-09
794.25	3.14062e-09
794.5	2.11192e-09
794.75	2.30669e-09
795	2.52494e-09
795.25	1.76344e-09
795.5	1.34937e-09
795.75	7.4595e-10
796	1.45475e-10
796.25	-5.0587e-10
796.5	-9.02271e-10
796.75	-1.55138e-09
797	-2.11226e-09
797.25	-2.63389e-09
797.5	1.88985e-09
797.75	-3.24771e-09
798	-2.99299e-09
798.25	-3.38125e-09
798.5	-1.94258e-09
798.75	-2.61662e-09
799	-2.64967e-09
799.25	-1.90708e-09
799.5	-1.56382e-09
799.75	-9.82113e-10
800	-4.01954e-10
800.25	2.57028e-10
800.5	6.35484e-10
800.75	1.27731e-09
801	1.8259e-09
801.25	2.37126e-09
801.5	2.76788e-09
801.75	3.13888e-09
802	3.12229e-09
802.25	3.17386e-09
802.5	3.00647e-09
802.75	2.62537e-09
803	2.41252e-09
803.25	2.22405e-09
803.5	1.71043e-09
803.75	1.24417e-09
804	7.81846e-10
804.25	1.22889e-10
804.5	-4.14761e-10
804.75	-1.01485e-09
805	-1.62793e-09
805.25	-2.10368e-09
805.5	-2.43426e-09
805.75	-2.8513e-09
806	-2.97353e-09
806.25	-2.9771e-09
806.5	-2.71179e-09
806.75	-2.56785e-09
807	-2.33022e-09
807.25	-2.09486e-09
807.5	-1.60968e-09
807.75	-1.15537e-09
808	-6.66639e-10
808.25	-5.584e-11
808.5	4.49111e-10
808.75	1.03326e-09
809	1.5972e-09
809.25	2.07986e-09
809.5	2.46602e-09
809.75	2.7003e-09
810	2.79381e-09
810.25	2.60347e-09
810.5	2.52568e-09
810.75	2.29132e-09
811	2.15568e-09
811.25	1.73369e-09
811.5	1.31994e-09
811.75	9.06158e-10
812	3.44211e-10
812.25	-1.68528e-10
812.5	-7.32038e-10
812.75	-1.28059e-09
813	-1.74852e-09
813.25	-2.17001e-09
813.5	-2.45341e-09
813.75	-2.599e-09
814	-2.46394e-09
814.25	-2.43372e-09
814.5	-2.23017e-09
814.75	-2.05085e-09
815	-1.92047e-09
815.25	-1.30711e-09
815.5	-9.78441e-10
815.75	-5.04611e-10
816	9.4481e-12
816.25	4.50228e-10
816.5	1.00113e-09
816.75	1.47979e-09
817	1.90664e-09
817.25	2.22151e-09
817.5	2.24672e-09
817.75	2.39292e-09
818	2.32496e-09
818.25	2.17076e-09
818.5	1.9847e-09
818.75	1.89202e-09
819	1.57849e-09
819.25	9.77182e-10
819.5	7.17018e-10
819.75	1.99159e-10
820	-2.43753e-10
820.25	-7.55268e-10
820.5	-1.17597e-09
820.75	-1.60541e-09
821	-1.73766e-09
821.25	-2.07848e-09
821.5	-2.18101e-09
821.75	-2.17053e-09
822	-2.05919e-09
822.25	-1.89072e-09
822.5	-1.79634e-09
822.75	-1.56805e-09
823	-1.24218e-09
823.25	-6.99306e-10
823.5	-4.00537e-10
823.75	1.88728e-11
824	4.33359e-10
824.25	5.91201e-10
824.5	1.13616e-09
824.75	1.46597e-09
825	1.73249e-09
825.25	1.88401e-09
825.5	1.91571e-09
825.75	1.84682e-09
826	1.71747e-09
826.25	1.64386e-09
826.5	1.45856e-09
826.75	1.18944e-09
827	9.18824e-10
827.25	6.37925e-10
827.5	2.40863e-10
827.75	-8.85322e-11
828	-4.58601e-10
828.25	-8.13756e-10
828.5	-1.12508e-09
828.75	-1.36822e-09
829	-1.51429e-09
829.25	-1.55773e-09
829.5	-1.51179e-09
829.75	-1.43542e-09
830	-1.39419e-09
830.25	-1.18933e-09
830.5	-9.97581e-10
830.75	-7.63851e-10
831	-4.65515e-10
831.25	-1.71727e-10
831.5	1.47116e-10
831.75	4.58997e-10
832	7.38749e-10
832.25	9.67633e-10
832.5	1.12171e-09
832.75	1.19372e-09
833	1.22244e-09
833.25	1.15724e-09
833.5	1.16947e-09
833.75	9.92034e-10
834	7.78002e-10
834.25	5.46829e-10
834.5	4.25315e-10
834.75	-6.28088e-11
835	-2.8784e-10
835.25	-5.77646e-10
835.5	-8.14225e-10
835.75	-9.8133e-10
836	-1.07445e-09
836.25	-1.09546e-09
836.5	-1.04666e-09
836.75	-9.85266e-10
837	-9.957e-10
837.25	-7.98443e-10
837.5	-5.46868e-10
837.75	-4.56411e-10
838	-1.55993e-10
838.25	1.52822e-10
838.5	5.30773e-10
838.75	8.57569e-10
839	1.12773e-09
839.25	1.41227e-09
839.5	1.45835e-09
839.75	1.44433e-09
840	1.36028e-09
840.25	1.20536e-09
840.5	1.06618e-09
840.75	1.05182e-09
841	7.27403e-10
841.25	1.25515e-10
841.5	7.88539e-11
841.75	-3.97709e-10
842	-8.18281e-10
842.25	-1.26023e-09
842.5	-1.61165e-09
842.75	-1.88393e-09
843	-2.07342e-09
843.25	-2.2707e-09
843.5	1.07176e-09
843.75	-2.66455e-09
844	-2.12793e-09
844.25	-4.09986e-10
844.5	-8.13179e-09
844.75	2.53611e-09
845	-1.07196e-09
845.25	7.30851e-10
845.5	-2.31725e-09
845.75	3.38422e-09
846	-2.18323e-09
846.25	3.26917e-09
846.5	2.05852e-09
846.75	-1.54767e-09
847	3.16791e-09
847.25	1.26776e-10
847.5	2.69207e-09
847.75	2.38008e-09
848	-1.43826e-12
848.25	8.56418e-09
848.5	-2.95986e-09
848.75	2.64895e-09
849	-3.53473e-09
849.25	-1.68948e-11
849.5	2.25856e-09
849.75	-3.60689e-09
850	1.96485e-09
850.25	-3.37966e-09
850.5	1.54978e-09
850.75	-3.28728e-09
851	-6.04814e-10
851.25	-2.25997e-09
851.5	-1.60785e-09
851.75	-8.1763e-09
852	1.99986e-09
852.25	-2.73032e-09
852.5	3.10156e-09
852.75	-4.51041e-10
853	-2.4574e-09
853.25	3.82054e-09
853.5	-2.22574e-09
853.75	3.5996e-09
854	-1.85748e-09
854.25	3.37462e-09
854.5	-1.1405e-09
854.75	3.22185e-09
855	1.78394e-09
855.25	2.22629e-09
855.5	2.33036e-09
855.75	8.12326e-09
856	-2.12159e-09
856.25	2.74338e-09
856.5	-3.21727e-09
856.75	4.48728e-10
857	-1.7962e-09
857.25	-1.96844e-09
857.5	2.20257e-09
857.75	-3.57423e-09
858	1.88186e-09
858.25	-3.35057e-09
858.5	1.17876e-09
858.75	-3.22505e-09
859	-1.89773e-09
859.25	-2.26707e-09
859.5	-2.44007e-09
859.75	-8.22088e-09
860	2.14005e-09
860.25	-1.40345e-09
860.5	4.03228e-10
860.75	5.53713e-10
861	1.18345e-09
861.25	-2.36605e-09
861.5	3.65384e-09
861.75	-2.08255e-09
862	3.39939e-09
862.25	2.99611e-09
862.5	3.47176e-09
862.75	4.26869e-10
863	3.09762e-09
863.25	2.77321e-09
863.5	7.76893e-09
863.75	-5.62118e-10
864	2.0481e-09
864.25	6.91722e-10
864.5	1.84973e-10
864.75	-5.2651e-10
865	-8.24158e-10
865.25	-1.48335e-09
865.5	-2.04068e-09
865.75	-2.55406e-09
866	1.91125e-09
866.25	-3.24601e-09
866.5	1.52502e-09
866.75	-3.17036e-09
867	-2.96138e-09
867.25	-2.82773e-09
867.5	-2.38064e-09
867.75	-8.21289e-09
868	1.66177e-09
868.25	-1.87454e-09
868.5	-3.31429e-11
868.75	2.95792e-10
869	6.87913e-10
869.25	1.32551e-09
869.5	1.84782e-09
869.75	2.38362e-09
870	2.7794e-09
870.25	3.03761e-09
870.5	3.14627e-09
870.75	3.19297e-09
871	1.46735e-09
871.25	2.73724e-09
871.5	2.61557e-09
871.75	1.90525e-09
872	1.64146e-09
872.25	1.10268e-09
872.5	5.9673e-10
872.75	-4.11284e-11
873	-5.65662e-10
873.25	-1.00128e-09
873.5	-1.63905e-09
873.75	-2.12105e-09
874	-2.53123e-09
874.25	-2.92909e-09
874.5	-3.01537e-09
874.75	-2.9994e-09
875	-2.71564e-09
875.25	-2.56409e-09
875.5	-7.87402e-09
875.75	2.66228e-10
876	-2.1374e-09
876.25	-7.53704e-10
876.5	-4.18286e-10
876.75	1.64094e-10
877	5.56878e-10
877.25	1.14505e-09
877.5	1.73046e-09
877.75	2.20083e-09
878	2.6721e-09
878.25	2.84471e-09
878.5	2.89372e-09
878.75	2.66573e-09
879	2.56206e-09
879.25	2.30055e-09
879.5	2.14469e-09
879.75	1.71873e-09
880	1.27549e-09
880.25	8.33338e-10
880.5	2.51477e-10
880.75	-2.59254e-10
881	-8.28839e-10
881.25	-1.41671e-09
881.5	-1.86904e-09
881.75	-2.19675e-09
882	-2.60656e-09
882.25	-2.73225e-09
882.5	-2.58338e-09
882.75	-2.56058e-09
883	-2.34751e-09
883.25	-2.13634e-09
883.5	-1.91733e-09
883.75	-1.44779e-09
884	-1.06345e-09
884.25	-4.77871e-10
884.5	5.02467e-11
884.75	5.2967e-10
885	1.10664e-09
885.25	1.64026e-09
885.5	2.09607e-09
885.75	2.45041e-09
886	2.65396e-09
886.25	2.72036e-09
886.5	2.50687e-09
886.75	2.41566e-09
887	2.18151e-09
887.25	2.07255e-09
887.5	1.57942e-09
887.75	1.18847e-09
888	7.79461e-10
888.25	1.85045e-10
888.5	-3.0691e-10
888.75	-8.78045e-10
889	-1.40258e-09
889.25	-1.86399e-09
889.5	-2.26064e-09
889.75	-2.51536e-09
890	-2.4758e-09
890.25	-2.55031e-09
890.5	-2.41743e-09
890.75	-2.2116e-09
891	-2.05637e-09
891.25	-1.8825e-09
891.5	-1.24345e-09
891.75	-9.68779e-10
892	-4.24693e-10
892.25	7.54326e-11
892.5	5.32361e-10
892.75	1.07439e-09
893	1.55025e-09
893.25	1.96681e-09
893.5	2.27015e-09
893.75	2.28677e-09
894	2.41723e-09
894.25	2.33703e-09
894.5	2.17401e-09
894.75	2.00662e-09
895	1.89829e-09
895.25	1.36128e-09
895.5	1.06235e-09
895.75	6.78644e-10
896	1.76173e-10
896.25	-2.78567e-10
896.5	-7.45469e-10
896.75	-1.1853e-09
897	-1.59533e-09
897.25	-1.72261e-09
897.5	-2.04786e-09
897.75	-2.13604e-09
898	-2.11366e-09
898.25	-1.9945e-09
898.5	-1.85249e-09
898.75	-1.76858e-09
899	-1.47751e-09
899.25	-1.17066e-09
899.5	-5.93913e-10
899.75	-3.57041e-10
900	9.8239e-11
900.25	2.32058e-10
900.5	7.95138e-10
900.75	1.15587e-09
901	1.47358e-09
901.25	1.69358e-09
901.5	1.79721e-09
901.75	1.79041e-09
902	1.69682e-09
902.25	1.61867e-09
902.5	1.52425e-09
902.75	1.29365e-09
903	1.00361e-09
903.25	6.99044e-10
903.5	2.96399e-10
903.75	-4.53418e-11
904	-4.14136e-10
904.25	-7.82065e-10
904.5	-1.0941e-09
904.75	-1.3292e-09
905	-1.46841e-09
905.25	-1.5093e-09
905.5	-1.45772e-09
905.75	-1.36376e-09
906	-1.36097e-09
906.25	-1.16114e-09
906.5	-8.71815e-10
906.75	-5.68591e-10
907	-4.22539e-10
907.25	-2.5395e-11
907.5	5.02735e-10
907.75	8.14447e-10
908	1.11825e-09
908.25	1.32927e-09
908.5	1.44649e-09
908.75	1.47115e-09
909	1.41007e-09
909.25	1.28299e-09
909.5	1.24196e-09
909.75	1.1506e-09
910	7.91917e-10
910.25	6.79143e-10
910.5	1.60261e-11
910.75	-2.59873e-10
911	-7.32536e-10
911.25	-1.09484e-09
911.5	-1.42825e-09
911.75	-1.68913e-09
912	-1.73341e-09
912.25	-1.83002e-09
912.5	-1.74529e-09
912.75	-1.5927e-09
913	-1.39492e-09
913.25	-1.36795e-09
913.5	-7.66437e-09
913.75	2.33609e-09
914	-1.18982e-09
914.25	6.94476e-10
914.5	8.09808e-10
914.75	-2.10072e-09
915	3.04855e-09
915.25	1.00954e-09
915.5	-1.58367e-09
915.75	3.00023e-09
916	-9.4321e-10
916.25	2.81694e-09
916.5	2.26582e-09
916.75	4.12571e-10
917	8.37281e-09
917.25	-2.65759e-09
917.5	2.58311e-09
917.75	-3.31779e-09
918	2.72492e-10
918.25	-2.22175e-09
918.5	2.0627e-09
918.75	-3.34253e-09
919	1.73013e-09
919.25	-3.22288e-09
919.5	1.17747e-09
919.75	-3.08663e-09
920	-1.80315e-09
920.25	-2.27056e-09
920.5	-5.38805e-10
920.75	-8.47639e-09
921	2.9637e-09
921.25	-2.62286e-09
921.5	3.55351e-09
921.75	9.2072e-11
922	-2.2441e-09
922.25	3.62186e-09
922.5	-1.94685e-09
922.75	3.36948e-09
923	-1.53811e-09
923.25	3.25216e-09
923.5	7.54297e-10
923.75	2.73648e-09
924	2.39743e-09
924.25	2.96696e-10
924.5	8.47063e-09
924.75	-2.72815e-09
925	2.68099e-09
925.25	-3.46853e-09
925.5	-3.74753e-11
925.75	-2.17031e-09
926	2.20933e-09
926.25	-3.59849e-09
926.5	1.89918e-09
926.75	-3.35752e-09
927	1.36446e-09
927.25	-3.23714e-09
927.5	-1.5667e-09
927.75	-2.45728e-09
928	-7.86978e-09
928.25	9.42481e-10
928.5	-1.89277e-09
928.75	-2.6567e-09
929	3.03141e-09
929.25	-5.24093e-10
929.5	1.58258e-09
929.75	-2.34375e-09
930	3.68858e-09
930.25	-2.05657e-09
930.5	3.42604e-09
930.75	3.01096e-09
931	-1.05756e-09
931.25	3.2165e-09
931.5	1.73972e-09
931.75	2.38143e-09
932	2.46087e-09
932.25	8.14005e-09
932.5	-1.79597e-09
932.75	1.46738e-09
933	-3.29566e-10
933.25	-4.33697e-10
933.5	-1.07361e-09
933.75	2.34784e-09
934	-3.59233e-09
934.25	-1.84597e-09
934.5	1.89952e-09
934.75	-3.27191e-09
935	1.34909e-09
935.25	-3.17154e-09
935.5	-2.93549e-09
935.75	-2.74451e-09
936	-7.74684e-09
936.25	6.2869e-10
936.5	-1.90779e-09
936.75	-6.99828e-10
937	-1.13152e-10
937.25	4.98297e-10
937.5	8.40997e-10
937.75	1.48282e-09
938	-2.19623e-09
938.25	3.37701e-09
938.5	2.23133e-09
938.75	3.27354e-09
939	-1.40662e-09
939.25	3.13192e-09
939.5	2.85541e-09
939.75	6.8586e-09
940	8.15819e-10
940.25	2.22933e-09
940.5	1.22682e-09
940.75	8.76378e-10
941	1.79947e-10
941.25	-3.88245e-10
941.5	-7.67207e-10
941.75	-1.40486e-09
942	-1.97072e-09
942.25	-2.44532e-09
942.5	-2.77877e-09
942.75	1.63806e-09
943	-3.09363e-09
943.25	-2.793e-09
943.5	-2.03924e-09
943.75	-2.30468e-09
944	-2.47339e-09
944.25	-1.59824e-09
944.5	-1.30798e-09
944.75	-8.10198e-10
945	-1.26606e-10
945.25	2.1381e-10
945.5	8.47969e-10
945.75	1.38334e-09
946	1.96473e-09
946.25	2.41935e-09
946.5	2.75119e-09
946.75	3.03317e-09
947	-1.26501e-09
947.25	3.05964e-09
947.5	2.61083e-09
947.75	2.13999e-09
948	2.11771e-09
948.25	1.65811e-09
948.5	1.16154e-09
948.75	6.79736e-10
949	3.9835e-11
949.25	-3.0873e-10
949.5	-9.44687e-10
949.75	-1.54624e-09
950	-2.03094e-09
950.25	-2.45087e-09
950.5	-2.85914e-09
950.75	-2.94729e-09
951	8.90843e-10
951.25	-3.04331e-09
951.5	-2.59692e-09
951.75	-2.0049e-09
952	-1.9284e-09
952.25	-1.38455e-09
952.5	-9.49598e-10
952.75	-3.30092e-10
953	2.10154e-10
953.25	6.22902e-10
953.5	1.21707e-09
953.75	1.81192e-09
954	2.28002e-09
954.25	2.74705e-09
954.5	2.90666e-09
954.75	2.94353e-09
955	2.85544e-09
955.25	2.51108e-09
955.5	2.32354e-09
955.75	8.18666e-09
956	-1.22831e-09
956.25	2.02463e-09
956.5	2.20917e-10
956.75	1.09542e-11
957	-5.82975e-10
957.25	-1.01886e-09
957.5	-1.65112e-09
957.75	-2.09643e-09
958	-2.51197e-09
958.25	-2.8715e-09
958.5	-2.94397e-09
958.75	-2.90514e-09
959	-2.6029e-09
959.25	-2.43429e-09
959.5	-2.19548e-09
959.75	-1.92877e-09
960	-1.43771e-09
960.25	-1.04113e-09
960.5	-4.30271e-10
960.75	1.05629e-10
961	6.0001e-10
961.25	1.1657e-09
961.5	1.70536e-09
961.75	2.16199e-09
962	2.52176e-09
962.25	2.7339e-09
962.5	2.80959e-09
962.75	2.61099e-09
963	2.52411e-09
963.25	2.28947e-09
963.5	2.15429e-09
963.75	1.72366e-09
964	1.31845e-09
964.25	9.13962e-10
964.5	3.60228e-10
964.75	-1.50177e-10
965	-7.03728e-10
965.25	-1.23402e-09
965.5	-1.70586e-09
965.75	-2.12772e-09
966	-2.42194e-09
966.25	-2.43097e-09
966.5	-2.5435e-09
966.75	-2.44606e-09
967	-2.26643e-09
967.25	-2.09506e-09
967.5	-1.96269e-09
967.75	-1.39405e-09
968	-1.08353e-09
968.25	-6.88919e-10
968.5	-1.92565e-10
968.75	2.65969e-10
969	7.6276e-10
969.25	1.22981e-09
969.5	1.64906e-09
969.75	1.7888e-09
970	2.12043e-09
970.25	2.21168e-09
970.5	2.18831e-09
970.75	2.06674e-09
971	1.92277e-09
971.25	1.82962e-09
971.5	1.54003e-09
971.75	1.23373e-09
972	6.88377e-10
972.25	3.81825e-10
972.5	-7.30234e-11
972.75	-1.68695e-10
973	-7.40511e-10
973.25	-1.10344e-09
973.5	-1.43608e-09
973.75	-1.67265e-09
974	-1.79244e-09
974.25	-1.79771e-09
974.5	-1.71302e-09
974.75	-1.64141e-09
975	-1.53723e-09
975.25	-1.28158e-09
975.5	-1.05803e-09
975.75	-7.83663e-10
976	-4.21682e-10
976.25	-7.97683e-11
976.5	2.87764e-10
976.75	6.39851e-10
977	9.47537e-10
977.25	1.19246e-09
977.5	1.34573e-09
977.75	1.40362e-09
978	1.41328e-09
978.25	1.35228e-09
978.5	1.33329e-09
978.75	1.09931e-09
979	8.62518e-10
979.25	5.86968e-10
979.5	2.92948e-10
979.75	-5.50762e-11
980	-3.62941e-10
980.25	-6.80211e-10
980.5	-9.39805e-10
980.75	-1.11999e-09
981	-1.22064e-09
981.25	-1.23649e-09
981.5	-1.22485e-09
981.75	-1.11681e-09
982	-1.12871e-09
982.25	-8.62948e-10
982.5	-7.87756e-10
982.75	-4.47598e-10
983	-1.60442e-10
983.25	4.55932e-10
983.5	4.94858e-10
983.75	1.2024e-09
984	1.13558e-09
984.25	1.51939e-09
984.5	1.54328e-09
984.75	1.51947e-09
985	1.4172e-09
985.25	1.24956e-09
985.5	1.18216e-09
985.75	1.10013e-09
986	3.93138e-10
986.25	2.01518e-10
986.5	-1.7682e-11
986.75	-5.1094e-10
987	-9.66366e-10
987.25	-1.42909e-09
987.5	1.79685e-09
987.75	-2.85967e-09
988	1.4552e-09
988.25	-2.88087e-09
988.5	6.21971e-11
988.75	-2.27808e-09
989	-7.5734e-09
989.25	1.27263e-09
989.5	-8.38484e-09
989.75	3.04971e-09
990	-7.59485e-10
990.25	-2.30457e-09
990.5	3.47168e-09
990.75	-2.18202e-09
991	3.334e-09
991.25	-1.74976e-09
991.5	3.20325e-09
991.75	-1.246e-09
992	3.08527e-09
992.25	1.55149e-09
992.5	1.68702e-09
992.75	8.00779e-09
993	-1.94711e-09
993.25	2.651e-09
993.5	-2.99148e-09
993.75	2.55e-09
994	-3.65952e-09
994.25	-6.98816e-10
994.5	2.11966e-09
994.75	-3.48783e-09
995	1.79486e-09
995.25	-3.31019e-09
995.5	1.03769e-09
995.75	-2.27483e-09
996	-2.44836e-09
996.25	-2.39368e-09
996.5	-3.12238e-10
996.75	-8.47871e-09
997	2.71322e-09
997.25	-2.68559e-09
997.5	3.49019e-09
997.75	-1.91231e-10
998	-2.356e-09
998.25	3.76071e-09
998.5	-2.07036e-09
998.75	3.4984e-09
999	-1.71309e-09
999.25	3.32107e-09
999.5	2.92681e-10
999.75	2.94661e-09
1000	2.25804e-09
