0.25	0.000102322
0.5	0.000108664
0.75	0.000190453
1	6.18652e-05
1.25	4.68869e-05
1.5	1.51351e-05
1.75	3.72611e-06
2	4.61664e-06
2.25	4.01915e-06
2.5	3.02155e-06
2.75	3.4232e-06
3	3.80647e-06
3.25	1.20567e-06
3.5	1.29952e-06
3.75	1.33904e-06
4	1.42826e-06
4.25	1.50664e-06
4.5	1.60158e-06
4.75	1.70416e-06
5	1.77838e-06
5.25	1.82535e-06
5.5	1.92866e-06
5.75	1.95022e-06
6	2.01006e-06
6.25	2.04773e-06
6.5	2.10641e-06
6.75	2.27384e-06
7	2.07178e-06
7.25	6.005e-06
7.5	6.42218e-06
7.75	5.77265e-06
8	5.95166e-06
8.25	5.70294e-06
8.5	5.91149e-06
8.75	5.80131e-06
9	6.31838e-06
9.25	6.26875e-06
9.5	6.35667e-06
9.75	7.08918e-06
10	6.92263e-06
10.25	7.12205e-06
10.5	8.02493e-06
10.75	8.01153e-06
11	8.3529e-06
11.25	9.20578e-06
11.5	9.54725e-06
11.75	9.37912e-06
12	1.00317e-05
12.25	9.30325e-06
12.5	9.33471e-06
12.75	1.01523e-05
13	1.07174e-05
13.25	1.12354e-05
13.5	1.19741e-05
13.75	1.21565e-05
14	1.21785e-05
14.25	1.23438e-05
14.5	1.22063e-05
14.75	1.1998e-05
15	1.23048e-05
15.25	1.2402e-05
15.5	1.24163e-05
15.75	1.33054e-05
16	1.42497e-05
16.25	1.60638e-05
16.5	1.71391e-05
16.75	1.88486e-05
17	2.00706e-05
17.25	2.12447e-05
17.5	2.17881e-05
17.75	2.14082e-05
18	2.09165e-05
18.25	2.07686e-05
18.5	2.07116e-05
18.75	1.9802e-05
19	1.88595e-05
19.25	1.86861e-05
19.5	1.85578e-05
19.75	1.81509e-05
20	1.78258e-05
20.25	1.70473e-05
20.5	1.64505e-05
20.75	1.53896e-05
21	1.53759e-05
21.25	1.48392e-05
21.5	1.43595e-05
21.75	1.38824e-05
22	1.35685e-05
22.25	1.37084e-05
22.5	1.36079e-05
22.75	1.35647e-05
23	1.26718e-05
23.25	1.23505e-05
23.5	1.18053e-05
23.75	1.22037e-05
24	1.21014e-05
24.25	1.25739e-05
24.5	1.18173e-05
24.75	1.25272e-05
25	1.26792e-05
25.25	1.31889e-05
25.5	1.32581e-05
25.75	1.31374e-05
26	1.29912e-05
26.25	1.29926e-05
26.5	1.31713e-05
26.75	1.27968e-05
27	1.25294e-05
27.25	1.24277e-05
27.5	1.19576e-05
27.75	1.24662e-05
28	1.22755e-05
28.25	1.19402e-05
28.5	1.16852e-05
28.75	1.12355e-05
29	1.07837e-05
29.25	1.05603e-05
29.5	1.02277e-05
29.75	9.37306e-06
30	9.06716e-06
30.25	8.56931e-06
30.5	8.52822e-06
30.75	8.34631e-06
31	8.58353e-06
31.25	8.74525e-06
31.5	9.20662e-06
31.75	1.02423e-05
32	1.10908e-05
32.25	1.18731e-05
32.5	1.32682e-05
32.75	1.39428e-05
33	1.54096e-05
33.25	1.62269e-05
33.5	1.66502e-05
33.75	1.70427e-05
34	1.82727e-05
34.25	1.84466e-05
34.5	1.96472e-05
34.75	2.04142e-05
35	2.12341e-05
35.25	2.19539e-05
35.5	2.22775e-05
35.75	2.25019e-05
36	2.22696e-05
36.25	2.16674e-05
36.5	2.04041e-05
36.75	1.92325e-05
37	1.77058e-05
37.25	1.68345e-05
37.5	1.55897e-05
37.75	1.4958e-05
38	1.48495e-05
38.25	1.47085e-05
38.5	1.44311e-05
38.75	1.46756e-05
39	1.43838e-05
39.25	1.46036e-05
39.5	1.43652e-05
39.75	1.4052e-05
40	1.3107e-05
40.25	1.27556e-05
40.5	1.24176e-05
40.75	1.1789e-05
41	1.1571e-05
41.25	1.14676e-05
41.5	1.12281e-05
41.75	1.08295e-05
42	1.05941e-05
42.25	1.03016e-05
42.5	1.04515e-05
42.75	1.01049e-05
43	1.02435e-05
43.25	1.05021e-05
43.5	1.13973e-05
43.75	1.16861e-05
44	1.25807e-05
44.25	1.30494e-05
44.5	1.34787e-05
44.75	1.4265e-05
45	1.46645e-05
45.25	1.4794e-05
45.5	1.51087e-05
45.75	1.54465e-05
46	1.51741e-05
46.25	1.49277e-05
46.5	1.49404e-05
46.75	1.37825e-05
47	1.30711e-05
47.25	1.22556e-05
47.5	1.14099e-05
47.75	1.06817e-05
48	1.0069e-05
48.25	9.36515e-06
48.5	8.58397e-06
48.75	8.24633e-06
49	7.61527e-06
49.25	7.51135e-06
49.5	7.26209e-06
49.75	7.36049e-06
50	7.08157e-06
50.25	7.04874e-06
50.5	6.72584e-06
50.75	6.9033e-06
51	7.01574e-06
51.25	7.75778e-06
51.5	8.16716e-06
51.75	9.00004e-06
52	9.95366e-06
52.25	1.13733e-05
52.5	1.23239e-05
52.75	1.3401e-05
53	1.51863e-05
53.25	1.64142e-05
53.5	1.80116e-05
53.75	1.92745e-05
54	2.03617e-05
54.25	2.14808e-05
54.5	2.16799e-05
54.75	2.24183e-05
55	2.09363e-05
55.25	1.93329e-05
55.5	1.82941e-05
55.75	1.66071e-05
56	1.62858e-05
56.25	1.61034e-05
56.5	1.59398e-05
56.75	1.57094e-05
57	1.56343e-05
57.25	1.5773e-05
57.5	1.56872e-05
57.75	1.61658e-05
58	1.67204e-05
58.25	1.70222e-05
58.5	1.70905e-05
58.75	1.63271e-05
59	1.53653e-05
59.25	1.40468e-05
59.5	1.30338e-05
59.75	1.21026e-05
60	1.11429e-05
60.25	1.04165e-05
60.5	1.00379e-05
60.75	9.81602e-06
61	1.01349e-05
61.25	1.0072e-05
61.5	1.03508e-05
61.75	1.08422e-05
62	1.13707e-05
62.25	1.19563e-05
62.5	1.26254e-05
62.75	1.35511e-05
63	1.508e-05
63.25	1.64615e-05
63.5	1.78116e-05
63.75	1.93423e-05
64	2.03314e-05
64.25	2.11405e-05
64.5	2.1173e-05
64.75	2.06628e-05
65	1.9571e-05
65.25	1.8546e-05
65.5	1.75423e-05
65.75	1.68692e-05
66	1.65797e-05
66.25	1.59198e-05
66.5	1.57706e-05
66.75	1.55984e-05
67	1.57565e-05
67.25	1.62471e-05
67.5	1.71974e-05
67.75	1.77572e-05
68	1.82569e-05
68.25	1.79729e-05
68.5	1.63756e-05
68.75	1.4092e-05
69	1.29981e-05
69.25	1.21715e-05
69.5	1.16181e-05
69.75	1.13634e-05
70	1.16154e-05
70.25	1.1712e-05
70.5	1.16901e-05
70.75	1.19205e-05
71	1.25378e-05
71.25	1.31828e-05
71.5	1.37348e-05
71.75	1.47533e-05
72	1.57925e-05
72.25	1.69296e-05
72.5	1.78688e-05
72.75	1.86308e-05
73	1.89073e-05
73.25	1.83551e-05
73.5	1.77909e-05
73.75	1.68353e-05
74	1.66413e-05
74.25	1.46052e-05
74.5	1.48409e-05
74.75	1.38419e-05
75	1.42259e-05
75.25	1.42587e-05
75.5	1.50325e-05
75.75	1.56946e-05
76	1.66965e-05
76.25	1.72024e-05
76.5	1.72726e-05
76.75	1.63495e-05
77	1.45363e-05
77.25	1.2364e-05
77.5	1.17707e-05
77.75	1.10062e-05
78	1.0372e-05
78.25	9.80648e-06
78.5	9.37612e-06
78.75	9.06536e-06
79	9.2513e-06
79.25	9.21624e-06
79.5	9.52056e-06
79.75	9.77516e-06
80	1.02423e-05
80.25	1.11226e-05
80.5	1.21266e-05
80.75	1.35773e-05
81	1.39887e-05
81.25	1.45437e-05
81.5	1.46008e-05
81.75	1.37887e-05
82	1.33986e-05
82.25	1.30722e-05
82.5	1.20228e-05
82.75	1.10338e-05
83	1.02895e-05
83.25	1.1036e-05
83.5	1.13607e-05
83.75	1.21571e-05
84	1.24811e-05
84.25	1.38011e-05
84.5	1.48394e-05
84.75	4.77596e-06
85	4.89819e-06
85.25	4.38906e-06
85.5	4.23862e-06
85.75	1.21826e-05
86	1.09364e-05
86.25	1.0627e-05
86.5	1.06984e-05
86.75	1.06685e-05
87	1.0432e-05
87.25	1.03221e-05
87.5	1.01824e-05
87.75	1.03757e-05
88	1.01789e-05
88.25	1.04772e-05
88.5	1.07512e-05
88.75	1.15237e-05
89	1.18723e-05
89.25	3.73075e-06
89.5	3.77682e-06
89.75	1.21719e-05
90	1.14602e-05
90.25	1.00195e-05
90.5	8.80619e-06
90.75	8.21278e-06
91	7.96867e-06
91.25	8.38457e-06
91.5	8.89942e-06
91.75	9.37998e-06
92	9.72905e-06
92.25	1.03432e-05
92.5	1.08151e-05
92.75	1.1394e-05
93	3.55818e-06
93.25	3.54714e-06
93.5	3.21751e-06
93.75	3.0625e-06
94	8.2222e-06
94.25	8.22477e-06
94.5	8.24801e-06
94.75	2.92261e-06
95	3.06553e-06
95.25	3.31323e-06
95.5	3.47351e-06
95.75	3.56537e-06
96	3.60739e-06
96.25	3.60878e-06
96.5	3.54774e-06
96.75	3.49644e-06
97	3.50884e-06
97.25	3.41938e-06
97.5	3.58846e-06
97.75	3.65145e-06
98	3.85463e-06
98.25	4.13617e-06
98.5	4.233e-06
98.75	3.71182e-06
99	3.25999e-06
99.25	2.94336e-06
99.5	9.61296e-06
99.75	9.02519e-06
100	8.41792e-06
100.25	8.64196e-06
100.5	9.01593e-06
100.75	9.50024e-06
101	3.04948e-06
101.25	3.25613e-06
101.5	3.43413e-06
101.75	3.48692e-06
102	3.48486e-06
102.25	3.22575e-06
102.5	3.08781e-06
102.75	3.1202e-06
103	2.97878e-06
103.25	2.86182e-06
103.5	2.70466e-06
103.75	2.84953e-06
104	3.11806e-06
104.25	3.2609e-06
104.5	3.43553e-06
104.75	3.51984e-06
105	3.62449e-06
105.25	3.59548e-06
105.5	3.60057e-06
105.75	3.62058e-06
106	3.6425e-06
106.25	3.66468e-06
106.5	3.68566e-06
106.75	3.86024e-06
107	4.02245e-06
107.25	4.37858e-06
107.5	4.61513e-06
107.75	4.59052e-06
108	4.31354e-06
108.25	3.82094e-06
108.5	3.43077e-06
108.75	3.18178e-06
109	3.06228e-06
109.25	1.0306e-05
109.5	3.14287e-06
109.75	3.21914e-06
110	3.43494e-06
110.25	3.58755e-06
110.5	3.79077e-06
110.75	3.9913e-06
111	4.02399e-06
111.25	4.10164e-06
111.5	3.94026e-06
111.75	3.6551e-06
112	3.4666e-06
112.25	3.44489e-06
112.5	3.19506e-06
112.75	3.26406e-06
113	3.48278e-06
113.25	3.48286e-06
113.5	3.45966e-06
113.75	3.472e-06
114	3.48038e-06
114.25	3.44859e-06
114.5	3.42328e-06
114.75	3.54797e-06
115	3.47499e-06
115.25	3.42939e-06
115.5	3.51275e-06
115.75	3.47415e-06
116	3.56596e-06
116.25	3.79571e-06
116.5	4.03478e-06
116.75	4.29088e-06
117	4.42187e-06
117.25	4.33966e-06
117.5	4.05067e-06
117.75	3.37121e-06
118	3.07503e-06
118.25	3.06497e-06
118.5	1.04574e-05
118.75	3.16533e-06
119	1.06674e-05
119.25	3.35598e-06
119.5	3.53711e-06
119.75	3.71645e-06
120	3.82276e-06
120.25	3.96841e-06
120.5	4.03894e-06
120.75	4.01674e-06
121	3.61688e-06
121.25	3.57953e-06
121.5	3.20671e-06
121.75	3.15669e-06
122	3.26443e-06
122.25	3.25347e-06
122.5	3.25828e-06
122.75	3.23099e-06
123	3.22688e-06
123.25	3.16375e-06
123.5	3.1294e-06
123.75	3.14921e-06
124	3.10415e-06
124.25	3.04756e-06
124.5	3.06881e-06
124.75	2.98172e-06
125	2.99645e-06
125.25	3.19869e-06
125.5	3.29103e-06
125.75	3.65812e-06
126	3.77058e-06
126.25	3.83515e-06
126.5	3.4814e-06
126.75	3.00749e-06
127	2.76147e-06
127.25	9.87554e-06
127.5	2.69449e-06
127.75	9.1194e-06
128	9.47027e-06
128.25	2.91375e-06
128.5	3.12724e-06
128.75	3.22054e-06
129	3.36933e-06
129.25	3.55893e-06
129.5	3.52386e-06
129.75	3.58662e-06
130	3.46672e-06
130.25	3.06288e-06
130.5	2.8181e-06
130.75	2.92188e-06
131	2.88294e-06
131.25	2.95014e-06
131.5	3.00651e-06
131.75	2.96381e-06
132	3.04398e-06
132.25	3.0969e-06
132.5	3.08483e-06
132.75	2.99622e-06
133	3.0252e-06
133.25	3.05631e-06
133.5	2.95788e-06
133.75	3.01986e-06
134	3.19282e-06
134.25	3.37413e-06
134.5	3.54527e-06
134.75	3.74594e-06
135	3.78336e-06
135.25	3.37373e-06
135.5	2.8875e-06
135.75	2.66542e-06
136	2.68753e-06
136.25	2.69535e-06
136.5	8.916e-06
136.75	2.82664e-06
137	2.92794e-06
137.25	3.02428e-06
137.5	3.14153e-06
137.75	3.3016e-06
138	3.42945e-06
138.25	3.43033e-06
138.5	3.52883e-06
138.75	3.36893e-06
139	3.12891e-06
139.25	2.81857e-06
139.5	2.9471e-06
139.75	2.91431e-06
140	2.92811e-06
140.25	2.95015e-06
140.5	2.98399e-06
140.75	2.9543e-06
141	3.01217e-06
141.25	3.00308e-06
141.5	3.02925e-06
141.75	2.93995e-06
142	2.99475e-06
142.25	2.97537e-06
142.5	3.03052e-06
142.75	3.1475e-06
143	3.27083e-06
143.25	3.46436e-06
143.5	3.68149e-06
143.75	3.76623e-06
144	3.33156e-06
144.25	2.94503e-06
144.5	2.59671e-06
144.75	2.66319e-06
145	2.64585e-06
145.25	2.65315e-06
145.5	2.78709e-06
145.75	2.8616e-06
146	2.98405e-06
146.25	3.07508e-06
146.5	3.20379e-06
146.75	3.35298e-06
147	3.33792e-06
147.25	3.47719e-06
147.5	3.40893e-06
147.75	3.20819e-06
148	2.92276e-06
148.25	3.04875e-06
148.5	2.96481e-06
148.75	2.95286e-06
149	2.92926e-06
149.25	2.95044e-06
149.5	2.92005e-06
149.75	2.97432e-06
150	2.89324e-06
150.25	2.94224e-06
150.5	3.01043e-06
150.75	2.89738e-06
151	3.00941e-06
151.25	2.97139e-06
151.5	3.12193e-06
151.75	3.19327e-06
152	3.39256e-06
152.25	3.6545e-06
152.5	3.71547e-06
152.75	3.45617e-06
153	2.86287e-06
153.25	2.70251e-06
153.5	2.65004e-06
153.75	2.64752e-06
154	2.61896e-06
154.25	2.74465e-06
154.5	2.8147e-06
154.75	2.97466e-06
155	3.03666e-06
155.25	3.11055e-06
155.5	3.30958e-06
155.75	3.2834e-06
156	3.44825e-06
156.25	3.44911e-06
156.5	3.25117e-06
156.75	3.02734e-06
157	3.18189e-06
157.25	3.00965e-06
157.5	2.92949e-06
157.75	2.95737e-06
158	2.86458e-06
158.25	2.85547e-06
158.5	2.90099e-06
158.75	2.85085e-06
159	2.84265e-06
159.25	2.88616e-06
159.5	2.9109e-06
159.75	2.82096e-06
160	2.94463e-06
160.25	2.95491e-06
160.5	3.07743e-06
160.75	3.27928e-06
161	3.46341e-06
161.25	3.56503e-06
161.5	3.3641e-06
161.75	2.86346e-06
162	2.6648e-06
162.25	2.57873e-06
162.5	2.5982e-06
162.75	2.51191e-06
163	2.68587e-06
163.25	2.69704e-06
163.5	2.88228e-06
163.75	2.87812e-06
164	3.09091e-06
164.25	3.08213e-06
164.5	3.19093e-06
164.75	3.37803e-06
165	3.25008e-06
165.25	3.18839e-06
165.5	3.05764e-06
165.75	3.14252e-06
166	2.89499e-06
166.25	2.8746e-06
166.5	2.81395e-06
166.75	2.76984e-06
167	2.76641e-06
167.25	2.74866e-06
167.5	2.76686e-06
167.75	2.75821e-06
168	2.72833e-06
168.25	2.805e-06
168.5	2.70073e-06
168.75	2.84341e-06
169	2.84047e-06
169.25	2.94105e-06
169.5	3.15252e-06
169.75	3.34623e-06
170	3.32554e-06
170.25	3.20163e-06
170.5	2.67911e-06
170.75	2.57173e-06
171	2.48907e-06
171.25	2.36806e-06
171.5	2.54735e-06
171.75	2.5236e-06
172	2.64872e-06
172.25	2.73401e-06
172.5	2.77487e-06
172.75	2.92138e-06
173	2.91722e-06
173.25	3.11963e-06
173.5	3.15387e-06
173.75	3.05981e-06
174	3.01208e-06
174.25	3.09332e-06
174.5	2.87615e-06
174.75	2.85172e-06
175	2.681e-06
175.25	2.71963e-06
175.5	2.60239e-06
175.75	2.65931e-06
176	2.62125e-06
176.25	2.65578e-06
176.5	2.62642e-06
176.75	2.66565e-06
177	2.62516e-06
177.25	2.67105e-06
177.5	2.70616e-06
177.75	2.73424e-06
178	2.90569e-06
178.25	3.1001e-06
178.5	3.21895e-06
178.75	3.1603e-06
179	2.85645e-06
179.25	2.6021e-06
179.5	2.3949e-06
179.75	2.30654e-06
180	2.42964e-06
180.25	2.41088e-06
180.5	2.4694e-06
180.75	2.57087e-06
181	2.61958e-06
181.25	2.68579e-06
181.5	2.73313e-06
181.75	2.91394e-06
182	2.98218e-06
182.25	2.92096e-06
182.5	2.97258e-06
182.75	3.03333e-06
183	2.87557e-06
183.25	2.80414e-06
183.5	2.67424e-06
183.75	2.60357e-06
184	2.55482e-06
184.25	2.47653e-06
184.5	2.53748e-06
184.75	2.51491e-06
185	2.57545e-06
185.25	2.50641e-06
185.5	2.56517e-06
185.75	2.52042e-06
186	2.5802e-06
186.25	2.6344e-06
186.5	2.68414e-06
186.75	2.95307e-06
187	3.05853e-06
187.25	3.0758e-06
187.5	2.90406e-06
187.75	2.67589e-06
188	2.28671e-06
188.25	2.30032e-06
188.5	2.31223e-06
188.75	2.34275e-06
189	2.37814e-06
189.25	2.4175e-06
189.5	2.49188e-06
189.75	2.54131e-06
190	2.53138e-06
190.25	2.74208e-06
190.5	2.8422e-06
190.75	2.79333e-06
191	2.83413e-06
191.25	2.9912e-06
191.5	2.83308e-06
191.75	2.81043e-06
192	2.59917e-06
192.25	2.57575e-06
192.5	2.48066e-06
192.75	2.42586e-06
193	2.36564e-06
193.25	2.42741e-06
193.5	2.45451e-06
193.75	2.44165e-06
194	2.37791e-06
194.25	2.50204e-06
194.5	2.44807e-06
194.75	2.49904e-06
195	2.53301e-06
195.25	2.82609e-06
195.5	2.91878e-06
195.75	2.96516e-06
196	2.96952e-06
196.25	2.60205e-06
196.5	2.29241e-06
196.75	2.24718e-06
197	2.24079e-06
197.25	2.2553e-06
197.5	2.29454e-06
197.75	2.32458e-06
198	2.37823e-06
198.25	2.40061e-06
198.5	2.46511e-06
198.75	2.54778e-06
199	2.68419e-06
199.25	2.67443e-06
199.5	2.76957e-06
199.75	2.88638e-06
200	2.80201e-06
200.25	2.78658e-06
200.5	2.54836e-06
200.75	2.55249e-06
201	2.37162e-06
201.25	2.35722e-06
201.5	2.35841e-06
201.75	2.23637e-06
202	2.36815e-06
202.25	2.33439e-06
202.5	2.28144e-06
202.75	2.4137e-06
203	2.34863e-06
203.25	2.39334e-06
203.5	2.42174e-06
203.75	2.71456e-06
204	2.78088e-06
204.25	2.87413e-06
204.5	2.87545e-06
204.75	2.5909e-06
205	2.31108e-06
205.25	2.18351e-06
205.5	2.17884e-06
205.75	2.19891e-06
206	2.1806e-06
206.25	2.25495e-06
206.5	2.25674e-06
206.75	2.30629e-06
207	2.34941e-06
207.25	2.43407e-06
207.5	2.54738e-06
207.75	2.52724e-06
208	2.69633e-06
208.25	2.8141e-06
208.5	2.74128e-06
208.75	2.74137e-06
209	2.5266e-06
209.25	2.4825e-06
209.5	2.2526e-06
209.75	2.30038e-06
210	2.23675e-06
210.25	2.21744e-06
210.5	2.17825e-06
210.75	2.28407e-06
211	2.20925e-06
211.25	2.28559e-06
211.5	2.26666e-06
211.75	2.26749e-06
212	2.37849e-06
212.25	2.59558e-06
212.5	2.67398e-06
212.75	2.77113e-06
213	2.78468e-06
213.25	2.50484e-06
213.5	2.26678e-06
213.75	2.12647e-06
214	2.13057e-06
214.25	2.07088e-06
214.5	2.16066e-06
214.75	2.13351e-06
215	2.16791e-06
215.25	2.1845e-06
215.5	2.25694e-06
215.75	2.33337e-06
216	2.38827e-06
216.25	2.43308e-06
216.5	2.6179e-06
216.75	2.72328e-06
217	2.68037e-06
217.25	2.65838e-06
217.5	2.47953e-06
217.75	2.37847e-06
218	2.17216e-06
218.25	2.20638e-06
218.5	2.11662e-06
218.75	2.1885e-06
219	2.04472e-06
219.25	2.17962e-06
219.5	2.15311e-06
219.75	2.15457e-06
220	2.15602e-06
220.25	2.13572e-06
220.5	2.39478e-06
220.75	2.43865e-06
221	2.5868e-06
221.25	2.68198e-06
221.5	2.63652e-06
221.75	2.45494e-06
222	2.16138e-06
222.25	2.08207e-06
222.5	2.00489e-06
222.75	2.06189e-06
223	2.06321e-06
223.25	2.02308e-06
223.5	2.09806e-06
223.75	2.05749e-06
224	2.19511e-06
224.25	2.22159e-06
224.5	2.22222e-06
224.75	2.37458e-06
225	2.54454e-06
225.25	2.60083e-06
225.5	2.63092e-06
225.75	2.54282e-06
226	2.38998e-06
226.25	2.2278e-06
226.5	2.10353e-06
226.75	2.08481e-06
227	2.02778e-06
227.25	2.086e-06
227.5	1.97512e-06
227.75	2.07272e-06
228	2.04689e-06
228.25	2.04422e-06
228.5	2.0501e-06
228.75	2.11297e-06
229	2.30845e-06
229.25	2.35882e-06
229.5	2.4979e-06
229.75	2.57369e-06
230	2.5139e-06
230.25	2.33211e-06
230.5	2.06326e-06
230.75	1.95611e-06
231	1.9618e-06
231.25	1.96442e-06
231.5	1.96792e-06
231.75	1.93847e-06
232	1.97598e-06
232.25	1.98772e-06
232.5	2.08039e-06
232.75	2.09528e-06
233	2.12059e-06
233.25	2.33198e-06
233.5	2.45539e-06
233.75	2.52307e-06
234	2.50965e-06
234.25	2.42944e-06
234.5	2.20398e-06
234.75	2.10518e-06
235	2.00958e-06
235.25	1.95536e-06
235.5	1.94663e-06
235.75	1.9783e-06
236	1.87648e-06
236.25	1.98261e-06
236.5	1.9029e-06
236.75	1.95757e-06
237	1.91757e-06
237.25	2.15515e-06
237.5	2.16006e-06
237.75	2.31112e-06
238	2.39875e-06
238.25	2.48477e-06
238.5	2.39447e-06
238.75	2.13543e-06
239	1.92535e-06
239.25	1.88861e-06
239.5	1.88058e-06
239.75	1.88181e-06
240	1.85547e-06
240.25	1.85812e-06
240.5	1.8675e-06
240.75	1.93256e-06
241	1.96109e-06
241.25	1.9672e-06
241.5	2.09343e-06
241.75	2.27007e-06
242	2.36313e-06
242.25	2.44521e-06
242.5	2.35748e-06
242.75	2.25507e-06
243	2.09114e-06
243.25	1.94463e-06
243.5	1.89327e-06
243.75	1.85727e-06
244	1.8604e-06
244.25	1.84076e-06
244.5	1.80757e-06
244.75	1.84533e-06
245	1.81094e-06
245.25	1.80274e-06
245.5	1.95143e-06
245.75	2.04246e-06
246	2.09316e-06
246.25	2.23237e-06
246.5	2.36166e-06
246.75	2.39174e-06
247	2.15543e-06
247.25	1.95078e-06
247.5	1.82014e-06
247.75	1.79366e-06
248	1.8108e-06
248.25	1.78157e-06
248.5	1.74224e-06
248.75	1.74929e-06
249	1.79946e-06
249.25	1.83242e-06
249.5	1.82497e-06
249.75	1.92238e-06
250	2.06798e-06
250.25	2.17861e-06
250.5	2.29138e-06
250.75	2.32925e-06
251	2.19777e-06
251.25	2.07004e-06
251.5	1.93088e-06
251.75	1.80304e-06
252	1.77877e-06
252.25	1.75009e-06
252.5	1.7799e-06
252.75	1.63899e-06
253	1.7674e-06
253.25	1.72074e-06
253.5	1.73887e-06
253.75	1.72921e-06
254	1.92506e-06
254.25	1.93185e-06
254.5	2.04005e-06
254.75	2.22416e-06
255	2.27991e-06
255.25	2.15561e-06
255.5	1.98679e-06
255.75	1.75426e-06
256	1.71093e-06
256.25	1.7297e-06
256.5	1.69461e-06
256.75	1.64938e-06
257	1.63403e-06
257.25	1.67588e-06
257.5	1.69832e-06
257.75	1.68998e-06
258	1.76753e-06
258.25	1.87854e-06
258.5	2.00347e-06
258.75	2.12435e-06
259	2.20186e-06
259.25	2.18149e-06
259.5	1.99186e-06
259.75	1.90817e-06
260	1.74185e-06
260.25	1.67436e-06
260.5	1.64988e-06
260.75	1.65449e-06
261	1.58041e-06
261.25	1.62945e-06
261.5	1.6335e-06
261.75	1.60374e-06
262	1.58613e-06
262.25	1.78161e-06
262.5	1.79534e-06
262.75	1.85772e-06
263	2.07687e-06
263.25	2.1317e-06
263.5	2.07615e-06
263.75	1.99154e-06
264	1.68124e-06
264.25	1.65164e-06
264.5	1.63494e-06
264.75	1.61194e-06
265	1.54152e-06
265.25	1.52767e-06
265.5	1.55419e-06
265.75	1.58502e-06
266	1.55592e-06
266.25	1.6091e-06
266.5	1.70746e-06
266.75	1.83404e-06
267	1.95863e-06
267.25	2.04774e-06
267.5	2.04542e-06
267.75	1.98145e-06
268	1.77267e-06
268.25	1.70058e-06
268.5	1.56747e-06
268.75	1.5484e-06
269	1.53621e-06
269.25	1.52268e-06
269.5	1.47287e-06
269.75	1.52793e-06
270	1.48741e-06
270.25	1.4541e-06
270.5	1.62561e-06
270.75	1.6695e-06
271	1.69309e-06
271.25	1.92537e-06
271.5	1.95375e-06
271.75	1.99437e-06
272	1.90479e-06
272.25	1.64139e-06
272.5	1.57458e-06
272.75	1.53927e-06
273	1.51146e-06
273.25	1.4218e-06
273.5	1.43325e-06
273.75	1.43629e-06
274	1.45277e-06
274.25	1.42978e-06
274.5	1.45857e-06
274.75	1.54553e-06
275	1.68006e-06
275.25	1.78113e-06
275.5	1.89539e-06
275.75	1.90789e-06
276	1.87371e-06
276.25	1.68616e-06
276.5	1.59796e-06
276.75	1.47143e-06
277	1.43978e-06
277.25	1.41503e-06
277.5	1.42892e-06
277.75	1.33354e-06
278	1.41184e-06
278.25	1.36756e-06
278.5	1.3193e-06
278.75	1.48348e-06
279	1.5203e-06
279.25	1.57268e-06
279.5	1.72485e-06
279.75	1.81792e-06
280	1.87428e-06
280.25	1.75592e-06
280.5	1.59958e-06
280.75	1.46223e-06
281	1.42676e-06
281.25	1.38537e-06
281.5	1.31089e-06
281.75	1.3153e-06
282	1.32386e-06
282.25	1.31271e-06
282.5	1.2833e-06
282.75	1.32991e-06
283	1.39795e-06
283.25	1.53237e-06
283.5	1.60976e-06
283.75	1.72896e-06
284	1.75987e-06
284.25	1.71557e-06
284.5	1.62046e-06
284.75	1.42427e-06
285	1.37804e-06
285.25	1.29639e-06
285.5	1.29901e-06
285.75	1.29689e-06
286	1.21955e-06
286.25	1.26774e-06
286.5	1.19583e-06
286.75	1.2257e-06
287	1.33057e-06
287.25	1.35211e-06
287.5	1.46554e-06
287.75	1.54173e-06
288	1.67421e-06
288.25	1.70491e-06
288.5	1.59507e-06
288.75	1.49791e-06
289	1.3328e-06
289.25	1.30777e-06
289.5	1.22712e-06
289.75	1.21645e-06
290	1.18768e-06
290.25	1.19328e-06
290.5	1.15737e-06
290.75	1.15595e-06
291	1.18535e-06
291.25	1.27132e-06
291.5	1.36804e-06
291.75	1.46127e-06
292	1.55835e-06
292.25	1.59153e-06
292.5	1.5447e-06
292.75	1.39077e-06
293	1.3509e-06
293.25	1.2066e-06
293.5	1.20555e-06
293.75	1.14943e-06
294	1.15727e-06
294.25	1.09971e-06
294.5	1.13391e-06
294.75	1.05156e-06
295	1.1362e-06
295.25	1.15609e-06
295.5	1.26396e-06
295.75	1.27052e-06
296	1.43515e-06
296.25	1.50477e-06
296.5	1.50016e-06
296.75	1.46282e-06
297	1.30321e-06
297.25	1.22495e-06
297.5	1.11709e-06
297.75	1.13248e-06
298	1.05606e-06
298.25	1.0696e-06
298.5	1.05227e-06
298.75	1.02645e-06
299	1.02571e-06
299.25	1.09244e-06
299.5	1.16358e-06
299.75	1.25931e-06
300	1.32098e-06
300.25	1.40434e-06
300.5	1.40815e-06
300.75	1.35232e-06
301	1.24571e-06
301.25	1.13018e-06
301.5	1.09071e-06
301.75	1.04846e-06
302	1.03852e-06
302.25	9.69601e-07
302.5	1.00246e-06
302.75	9.6267e-07
303	9.6934e-07
303.25	1.04502e-06
303.5	1.03157e-06
303.75	1.12884e-06
304	1.21251e-06
304.25	1.29788e-06
304.5	1.3207e-06
304.75	1.31629e-06
305	1.23927e-06
305.25	1.1046e-06
305.5	1.0213e-06
305.75	9.98101e-07
306	9.64519e-07
306.25	9.38601e-07
306.5	9.2552e-07
306.75	9.05723e-07
307	8.96315e-07
307.25	9.16338e-07
307.5	9.86421e-07
307.75	1.04576e-06
308	1.12613e-06
308.25	1.17734e-06
308.5	1.24027e-06
308.75	1.22886e-06
309	1.14604e-06
309.25	1.06911e-06
309.5	9.64931e-07
309.75	9.26989e-07
310	8.9923e-07
310.25	8.86485e-07
310.5	8.47876e-07
310.75	8.73751e-07
311	8.37974e-07
311.25	8.57e-07
311.5	8.93038e-07
311.75	9.20012e-07
312	1.02213e-06
312.25	1.10446e-06
312.5	1.13857e-06
312.75	1.16694e-06
313	1.11902e-06
313.25	1.01085e-06
313.5	9.17319e-07
313.75	8.81125e-07
314	8.49498e-07
314.25	8.23487e-07
314.5	8.05058e-07
314.75	7.88632e-07
315	7.51482e-07
315.25	7.90192e-07
315.5	8.22056e-07
315.75	8.87556e-07
316	9.41676e-07
316.25	9.97903e-07
316.5	1.06313e-06
316.75	1.06574e-06
317	1.04073e-06
317.25	9.48603e-07
317.5	8.67303e-07
317.75	8.27508e-07
318	7.68515e-07
318.25	7.59663e-07
318.5	7.49773e-07
318.75	7.41498e-07
319	7.10024e-07
319.25	7.33343e-07
319.5	7.69092e-07
319.75	7.89577e-07
320	8.62691e-07
320.25	9.20952e-07
320.5	9.70656e-07
320.75	1.00955e-06
321	9.71757e-07
321.25	9.09031e-07
321.5	8.20775e-07
321.75	7.62954e-07
322	7.34573e-07
322.25	7.08156e-07
322.5	6.94355e-07
322.75	6.84601e-07
323	6.47353e-07
323.25	6.65305e-07
323.5	7.0889e-07
323.75	7.49558e-07
324	7.99676e-07
324.25	8.5131e-07
324.5	9.03246e-07
324.75	9.25375e-07
325	9.03516e-07
325.25	8.32449e-07
325.5	7.66341e-07
325.75	7.12338e-07
326	6.78938e-07
326.25	6.35077e-07
326.5	6.51717e-07
326.75	6.29801e-07
327	6.07302e-07
327.25	6.38772e-07
327.5	6.52877e-07
327.75	6.85088e-07
328	7.42484e-07
328.25	7.75411e-07
328.5	8.36496e-07
328.75	8.69161e-07
329	8.45394e-07
329.25	7.91541e-07
329.5	7.15444e-07
329.75	6.57615e-07
330	6.32498e-07
330.25	6.09678e-07
330.5	5.93811e-07
330.75	5.89331e-07
331	5.60105e-07
331.25	5.78742e-07
331.5	6.15214e-07
331.75	6.42368e-07
332	6.98101e-07
332.25	7.35097e-07
332.5	7.78358e-07
332.75	8.00085e-07
333	7.77479e-07
333.25	7.3016e-07
333.5	6.64931e-07
333.75	6.0257e-07
334	5.79416e-07
334.25	5.64266e-07
334.5	5.4395e-07
334.75	5.25039e-07
335	5.40032e-07
335.25	5.38964e-07
335.5	5.61831e-07
335.75	6.02789e-07
336	6.43507e-07
336.25	6.73728e-07
336.5	7.2836e-07
336.75	7.52079e-07
337	7.30866e-07
337.25	6.78274e-07
337.5	6.12839e-07
337.75	5.62265e-07
338	5.50804e-07
338.25	5.22801e-07
338.5	5.13408e-07
338.75	4.9599e-07
339	4.89741e-07
339.25	5.0577e-07
339.5	5.42942e-07
339.75	5.63032e-07
340	6.10502e-07
340.25	6.4641e-07
340.5	6.82134e-07
340.75	6.94376e-07
341	6.74649e-07
341.25	6.32954e-07
341.5	5.61327e-07
341.75	5.24336e-07
342	4.96553e-07
342.25	4.86708e-07
342.5	4.72771e-07
342.75	4.54781e-07
343	4.71281e-07
343.25	4.70288e-07
343.5	4.89087e-07
343.75	5.4352e-07
344	5.5942e-07
344.25	5.99427e-07
344.5	6.39707e-07
344.75	6.54898e-07
345	6.26819e-07
345.25	5.81529e-07
345.5	5.20494e-07
345.75	4.91207e-07
346	4.72177e-07
346.25	4.53134e-07
346.5	4.45602e-07
346.75	4.29856e-07
347	4.31054e-07
347.25	4.45259e-07
347.5	4.77808e-07
347.75	5.01656e-07
348	5.38105e-07
348.25	5.74848e-07
348.5	5.9987e-07
348.75	6.0435e-07
349	5.82259e-07
349.25	5.3758e-07
349.5	4.75341e-07
349.75	4.49769e-07
350	4.28549e-07
350.25	4.2168e-07
350.5	4.08688e-07
350.75	4.00973e-07
351	4.06963e-07
351.25	4.10746e-07
351.5	4.36802e-07
351.75	4.71023e-07
352	4.9632e-07
352.25	5.35328e-07
352.5	5.61796e-07
352.75	5.64156e-07
353	5.37391e-07
353.25	4.9446e-07
353.5	4.43761e-07
353.75	4.20937e-07
354	4.05763e-07
354.25	3.89339e-07
354.5	3.8543e-07
354.75	3.70898e-07
355	3.78235e-07
355.25	3.91127e-07
355.5	4.15199e-07
355.75	4.49111e-07
356	4.6938e-07
356.25	5.07327e-07
356.5	5.23159e-07
356.75	5.17601e-07
357	5.01851e-07
357.25	4.35564e-07
357.5	4.10457e-07
357.75	3.80355e-07
358	3.71116e-07
358.25	3.60251e-07
358.5	3.46715e-07
358.75	3.47346e-07
359	3.53494e-07
359.25	3.60661e-07
359.5	3.86531e-07
359.75	4.01763e-07
360	4.37026e-07
360.25	4.70158e-07
360.5	4.87274e-07
360.75	4.80176e-07
361	4.5613e-07
361.25	4.09245e-07
361.5	3.73292e-07
361.75	3.5697e-07
362	3.4409e-07
362.25	3.30991e-07
362.5	3.21197e-07
362.75	3.18333e-07
363	3.28678e-07
363.25	3.41092e-07
363.5	3.60516e-07
363.75	3.9022e-07
364	4.10139e-07
364.25	4.36547e-07
364.5	4.48367e-07
364.75	4.40524e-07
365	4.10608e-07
365.25	3.715e-07
365.5	3.36491e-07
365.75	3.24319e-07
366	3.11729e-07
366.25	3.07129e-07
366.5	2.92382e-07
366.75	2.95932e-07
367	3.02933e-07
367.25	3.12634e-07
367.5	3.29764e-07
367.75	3.53192e-07
368	3.83212e-07
368.25	4.04763e-07
368.5	4.15387e-07
368.75	4.02411e-07
369	3.74122e-07
369.25	3.35212e-07
369.5	3.09763e-07
369.75	2.98627e-07
370	2.86559e-07
370.25	2.77722e-07
370.5	2.69514e-07
370.75	2.70994e-07
371	2.83474e-07
371.25	2.91957e-07
371.5	3.12512e-07
371.75	3.34133e-07
372	3.54658e-07
372.25	3.7438e-07
372.5	3.78561e-07
372.75	3.64619e-07
373	3.36147e-07
373.25	2.96915e-07
373.5	2.80453e-07
373.75	2.67987e-07
374	2.61886e-07
374.25	2.47466e-07
374.5	2.48604e-07
374.75	2.52369e-07
375	2.5745e-07
375.25	2.67882e-07
375.5	2.87433e-07
375.75	3.10307e-07
376	3.30751e-07
376.25	3.47297e-07
376.5	3.46118e-07
376.75	3.31885e-07
377	2.98968e-07
377.25	2.69799e-07
377.5	2.55192e-07
377.75	2.47502e-07
378	2.35839e-07
378.25	2.27811e-07
378.5	2.27033e-07
378.75	2.31983e-07
379	2.42941e-07
379.25	2.53964e-07
379.5	2.70938e-07
379.75	2.89854e-07
380	3.10085e-07
380.25	3.20206e-07
380.5	3.13925e-07
380.75	2.94478e-07
381	2.7161e-07
381.25	2.38639e-07
381.5	2.32722e-07
381.75	2.21876e-07
382	2.1631e-07
382.25	2.08448e-07
382.5	2.10077e-07
382.75	2.15733e-07
383	2.186e-07
383.25	2.38474e-07
383.5	2.53845e-07
383.75	2.72408e-07
384	2.88395e-07
384.25	2.95603e-07
384.5	2.86968e-07
384.75	2.65358e-07
385	2.37133e-07
385.25	2.19746e-07
385.5	2.11427e-07
385.75	2.04632e-07
386	1.92905e-07
386.25	1.91876e-07
386.5	1.94773e-07
386.75	2.01856e-07
387	2.11266e-07
387.25	2.25369e-07
387.5	2.41036e-07
387.75	2.57267e-07
388	2.70037e-07
388.25	2.70816e-07
388.5	2.58419e-07
388.75	2.34483e-07
389	2.14116e-07
389.25	1.97656e-07
389.5	1.90966e-07
389.75	1.84569e-07
390	1.77094e-07
390.25	1.78486e-07
390.5	1.80176e-07
390.75	1.87264e-07
391	1.96261e-07
391.25	2.13482e-07
391.5	2.26329e-07
391.75	2.40161e-07
392	2.50266e-07
392.25	2.47833e-07
392.5	2.35356e-07
392.75	2.10999e-07
393	1.90934e-07
393.25	1.82156e-07
393.5	1.76093e-07
393.75	1.71073e-07
394	1.61843e-07
394.25	1.66107e-07
394.5	1.69933e-07
394.75	1.77734e-07
395	1.85636e-07
395.25	2.00565e-07
395.5	2.13956e-07
395.75	2.28207e-07
396	2.34239e-07
396.25	2.26673e-07
396.5	2.12493e-07
396.75	1.87478e-07
397	1.75801e-07
397.25	1.66759e-07
397.5	1.60511e-07
397.75	1.52574e-07
398	1.54885e-07
398.25	1.53134e-07
398.5	1.58656e-07
398.75	1.65389e-07
399	1.77892e-07
399.25	1.89027e-07
399.5	2.02874e-07
399.75	2.14378e-07
400	2.16497e-07
400.25	2.08692e-07
400.5	1.87724e-07
400.75	1.69756e-07
401	1.59013e-07
401.25	1.5359e-07
401.5	1.49947e-07
401.75	1.41796e-07
402	1.42527e-07
402.25	1.46841e-07
402.5	1.52209e-07
402.75	1.58021e-07
403	1.70658e-07
403.25	1.81638e-07
403.5	1.94859e-07
403.75	2.02728e-07
404	2.00152e-07
404.25	1.8788e-07
404.5	1.68248e-07
404.75	1.53634e-07
405	1.4719e-07
405.25	1.40902e-07
405.5	1.36729e-07
405.75	1.31912e-07
406	1.3309e-07
406.25	1.34865e-07
406.5	1.43179e-07
406.75	1.4925e-07
407	1.61464e-07
407.25	1.70843e-07
407.5	1.83073e-07
407.75	1.88048e-07
408	1.82242e-07
408.25	1.49966e-07
408.5	1.34129e-07
408.75	1.31872e-07
409	1.26468e-07
409.25	1.24161e-07
409.5	1.22528e-07
409.75	1.20292e-07
410	1.25688e-07
410.25	1.33284e-07
410.5	1.41711e-07
410.75	1.52834e-07
411	1.61718e-07
411.25	1.67345e-07
411.5	1.66094e-07
411.75	1.54841e-07
412	1.39913e-07
412.25	1.29612e-07
412.5	1.23426e-07
412.75	1.20525e-07
413	1.1821e-07
413.25	1.15124e-07
413.5	1.10848e-07
413.75	1.12334e-07
414	1.16276e-07
414.25	1.23773e-07
414.5	1.33374e-07
414.75	1.41271e-07
415	1.50486e-07
415.25	1.54732e-07
415.5	1.51014e-07
415.75	1.38914e-07
416	1.24518e-07
416.25	1.17204e-07
416.5	1.12457e-07
416.75	1.0999e-07
417	1.06316e-07
417.25	1.05152e-07
417.5	1.01602e-07
417.75	1.04222e-07
418	1.09445e-07
418.25	1.17675e-07
418.5	1.25086e-07
418.75	1.34415e-07
419	1.40729e-07
419.25	1.42943e-07
419.5	1.36318e-07
419.75	1.24083e-07
420	1.12316e-07
420.25	1.06244e-07
420.5	1.02987e-07
420.75	1.00206e-07
421	9.73899e-08
421.25	9.56865e-08
421.5	9.29165e-08
421.75	9.56322e-08
422	1.00265e-07
422.25	1.06801e-07
422.5	1.15161e-07
422.75	1.22849e-07
423	1.27784e-07
423.25	1.28548e-07
423.5	1.19887e-07
423.75	1.08089e-07
424	9.95209e-08
424.25	9.42951e-08
424.5	9.20431e-08
424.75	8.91209e-08
425	8.73995e-08
425.25	8.37284e-08
425.5	8.48714e-08
425.75	8.77788e-08
426	9.3272e-08
426.25	9.99953e-08
426.5	1.07205e-07
426.75	1.13287e-07
427	1.16992e-07
427.25	1.15181e-07
427.5	1.05348e-07
427.75	9.57501e-08
428	8.82185e-08
428.25	8.43671e-08
428.5	8.25987e-08
428.75	7.98039e-08
429	7.80213e-08
429.25	7.51413e-08
429.5	7.62332e-08
429.75	7.95037e-08
430	8.33518e-08
430.25	9.00392e-08
430.5	9.64304e-08
430.75	1.01914e-07
431	1.0412e-07
431.25	9.99961e-08
431.5	9.13826e-08
431.75	8.15585e-08
432	7.7499e-08
432.25	7.46306e-08
432.5	7.259e-08
432.75	7.03905e-08
433	6.88726e-08
433.25	6.71103e-08
433.5	6.91479e-08
433.75	7.28237e-08
434	7.78893e-08
434.25	8.3342e-08
434.5	8.90552e-08
434.75	9.28789e-08
435	9.34191e-08
435.25	8.75161e-08
435.5	7.886e-08
435.75	7.22314e-08
436	6.79857e-08
436.25	6.60714e-08
436.5	6.40674e-08
436.75	6.22172e-08
437	5.97206e-08
437.25	6.0307e-08
437.5	6.20641e-08
437.75	6.61002e-08
438	6.95623e-08
438.25	7.50755e-08
438.5	8.01213e-08
438.75	8.27312e-08
439	8.15415e-08
439.25	7.47898e-08
439.5	6.69889e-08
439.75	6.24714e-08
440	5.99389e-08
440.25	5.84138e-08
440.5	5.66016e-08
440.75	5.52731e-08
441	5.34983e-08
441.25	5.48467e-08
441.5	5.7562e-08
441.75	6.10516e-08
442	6.57661e-08
442.25	7.04882e-08
442.5	7.41665e-08
442.75	7.54096e-08
443	7.17588e-08
443.25	6.52312e-08
443.5	5.88948e-08
443.75	5.52649e-08
444	5.34329e-08
444.25	5.18471e-08
444.5	5.05813e-08
444.75	4.81923e-08
445	4.86384e-08
445.25	4.97232e-08
445.5	5.26539e-08
445.75	5.58014e-08
446	6.03755e-08
446.25	6.41759e-08
446.5	6.7075e-08
446.75	6.69424e-08
447	6.15695e-08
447.25	5.57811e-08
447.5	5.14125e-08
447.75	4.92927e-08
448	4.80329e-08
448.25	4.67927e-08
448.5	4.55626e-08
448.75	4.39153e-08
449	4.51924e-08
449.25	4.70071e-08
449.5	4.98007e-08
449.75	5.36109e-08
450	5.78161e-08
450.25	6.10402e-08
450.5	6.24164e-08
450.75	5.99258e-08
451	5.50344e-08
451.25	4.94181e-08
451.5	4.63402e-08
451.75	4.48522e-08
452	4.33725e-08
452.25	4.22989e-08
452.5	4.01928e-08
452.75	4.06092e-08
453	4.13295e-08
453.25	4.36102e-08
453.5	4.62861e-08
453.75	5.01634e-08
454	5.35447e-08
454.25	5.60961e-08
454.5	5.61931e-08
454.75	5.2371e-08
455	4.77039e-08
455.25	4.36246e-08
455.5	4.20831e-08
455.75	4.08002e-08
456	3.97758e-08
456.25	3.8882e-08
456.5	3.74751e-08
456.75	3.78259e-08
457	3.9517e-08
457.25	4.22005e-08
457.5	4.49266e-08
457.75	4.85515e-08
458	5.1421e-08
458.25	5.30128e-08
458.5	5.17912e-08
458.75	4.75361e-08
459	4.29416e-08
459.25	4.02185e-08
459.5	3.84131e-08
459.75	3.74272e-08
460	3.62915e-08
460.25	3.56418e-08
460.5	3.4338e-08
460.75	3.51943e-08
461	3.67594e-08
461.25	3.89917e-08
461.5	4.22174e-08
461.75	4.52513e-08
462	4.76914e-08
462.25	4.83821e-08
462.5	4.58947e-08
462.75	4.17989e-08
463	3.81907e-08
463.25	3.64257e-08
463.5	3.53425e-08
463.75	3.44593e-08
464	3.36308e-08
464.25	3.30487e-08
464.5	3.22323e-08
464.75	3.33808e-08
465	3.54679e-08
465.25	3.77278e-08
465.5	4.08722e-08
465.75	4.35126e-08
466	4.52919e-08
466.25	4.51988e-08
466.5	4.19591e-08
466.75	3.82997e-08
467	3.51196e-08
467.25	3.3371e-08
467.5	3.25478e-08
467.75	3.154e-08
468	3.07547e-08
468.25	2.95273e-08
468.5	2.98319e-08
468.75	3.09149e-08
469	3.29548e-08
469.25	3.49986e-08
469.5	3.79537e-08
469.75	4.01759e-08
470	4.14377e-08
470.25	4.04853e-08
470.5	3.7342e-08
470.75	3.35421e-08
471	3.17103e-08
471.25	3.05805e-08
471.5	2.98922e-08
471.75	2.91125e-08
472	2.85642e-08
472.25	2.74875e-08
472.5	2.80562e-08
472.75	2.93976e-08
473	3.15561e-08
473.25	3.36651e-08
473.5	3.62771e-08
473.75	3.81398e-08
474	3.88716e-08
474.25	3.72485e-08
474.5	3.39915e-08
474.75	3.08264e-08
475	2.89657e-08
475.25	2.79922e-08
475.5	2.72587e-08
475.75	2.64789e-08
476	2.58699e-08
476.25	2.50868e-08
476.5	2.57321e-08
476.75	2.69598e-08
477	2.86504e-08
477.25	3.10601e-08
477.5	3.31607e-08
477.75	3.47517e-08
478	3.5001e-08
478.25	3.28567e-08
478.5	2.97993e-08
478.75	2.72883e-08
479	2.62833e-08
479.25	2.55228e-08
479.5	2.48965e-08
479.75	2.42972e-08
480	2.38806e-08
480.25	2.33064e-08
480.5	2.41606e-08
480.75	2.56609e-08
481	2.72908e-08
481.25	2.95212e-08
481.5	3.13763e-08
481.75	3.25555e-08
482	3.2341e-08
482.25	2.99297e-08
482.5	2.70784e-08
482.75	2.4999e-08
483	2.37721e-08
483.25	2.3199e-08
483.5	2.25119e-08
483.75	2.19631e-08
484	2.09487e-08
484.25	2.11823e-08
484.5	2.20596e-08
484.75	2.34204e-08
485	2.49182e-08
485.25	2.69109e-08
485.5	2.8512e-08
485.75	2.93704e-08
486	2.85957e-08
486.25	2.62159e-08
486.5	2.36267e-08
486.75	2.23487e-08
487	2.15783e-08
487.25	2.10832e-08
487.5	2.06608e-08
487.75	2.0098e-08
488	1.93663e-08
488.25	1.98214e-08
488.5	2.07859e-08
488.75	2.23569e-08
489	2.37141e-08
489.25	2.55813e-08
489.5	2.6871e-08
489.75	2.73538e-08
490	2.64027e-08
490.25	2.55829e-08
490.5	2.32566e-08
490.75	2.09835e-08
491	1.96694e-08
491.25	1.92249e-08
491.5	1.85343e-08
491.75	1.77741e-08
492	1.76188e-08
492.25	1.78243e-08
492.5	1.83675e-08
492.75	1.90004e-08
493	2.01889e-08
493.25	2.1556e-08
493.5	2.31131e-08
493.75	2.43093e-08
494	2.45327e-08
494.25	2.31219e-08
494.5	2.0871e-08
494.75	1.91196e-08
495	1.82712e-08
495.25	1.75643e-08
495.5	1.71696e-08
495.75	1.64686e-08
496	1.64575e-08
496.25	1.68292e-08
496.5	1.74196e-08
496.75	1.81146e-08
497	1.93276e-08
497.25	2.06365e-08
497.5	2.20344e-08
497.75	2.29385e-08
498	2.27253e-08
498.25	2.10254e-08
498.5	1.87291e-08
498.75	1.73014e-08
499	1.63588e-08
499.25	1.58909e-08
499.5	1.54256e-08
499.75	1.48572e-08
500	1.48523e-08
500.25	1.52406e-08
500.5	1.58073e-08
500.75	1.64332e-08
501	1.75902e-08
501.25	1.8841e-08
501.5	2.00414e-08
501.75	2.06696e-08
502	1.99769e-08
502.25	1.82451e-08
502.5	1.68456e-08
502.75	1.53229e-08
503	1.49029e-08
503.25	1.44581e-08
503.5	1.38416e-08
503.75	1.37404e-08
504	1.38938e-08
504.25	1.43744e-08
504.5	1.48651e-08
504.75	1.57802e-08
505	1.67979e-08
505.25	1.80016e-08
505.5	1.89444e-08
505.75	1.9226e-08
506	1.8162e-08
506.25	1.66773e-08
506.5	1.45772e-08
506.75	1.3904e-08
507	1.3357e-08
507.25	1.29911e-08
507.5	1.24254e-08
507.75	1.23641e-08
508	1.25324e-08
508.25	1.29709e-08
508.5	1.3446e-08
508.75	1.43013e-08
509	1.5299e-08
509.25	1.63883e-08
509.5	1.7132e-08
509.75	1.70768e-08
510	1.58063e-08
510.25	1.43724e-08
510.5	1.31025e-08
510.75	1.25448e-08
511	1.21751e-08
511.25	1.16044e-08
511.5	1.14865e-08
511.75	1.15579e-08
512	1.19064e-08
512.25	1.22409e-08
512.5	1.29296e-08
512.75	1.37399e-08
513	1.47235e-08
513.25	1.5626e-08
513.5	1.61025e-08
513.75	1.56076e-08
514	1.44139e-08
514.25	1.25998e-08
514.5	1.18058e-08
514.75	1.13006e-08
515	1.0968e-08
515.25	1.04632e-08
515.5	1.03543e-08
515.75	1.04503e-08
516	1.07707e-08
516.25	1.11263e-08
516.5	1.17357e-08
516.75	1.26262e-08
517	1.34637e-08
517.25	1.4204e-08
517.5	1.44766e-08
517.75	1.3674e-08
518	1.2398e-08
518.25	1.13526e-08
518.5	1.06603e-08
518.75	1.03579e-08
519	1.00797e-08
519.25	9.67607e-09
519.5	9.70314e-09
519.75	9.95523e-09
520	1.03233e-08
520.25	1.06911e-08
520.5	1.13658e-08
520.75	1.21532e-08
521	1.29905e-08
521.25	1.35683e-08
521.5	1.34864e-08
521.75	1.24929e-08
522	1.11094e-08
522.25	1.01595e-08
522.5	9.70317e-09
522.75	9.38694e-09
523	8.93193e-09
523.25	8.81224e-09
523.5	8.82688e-09
523.75	9.08082e-09
524	9.37364e-09
524.25	9.82983e-09
524.5	1.0465e-08
524.75	1.12483e-08
525	1.19774e-08
525.25	1.23646e-08
525.5	1.19331e-08
525.75	1.09271e-08
526	9.92292e-09
526.25	9.2448e-09
526.5	8.93779e-09
526.75	8.69703e-09
527	8.31361e-09
527.25	8.29578e-09
527.5	8.45335e-09
527.75	8.77795e-09
528	9.0553e-09
528.25	9.58441e-09
528.5	1.02285e-08
528.75	1.09655e-08
529	1.15491e-08
529.25	1.16937e-08
529.5	1.10163e-08
529.75	9.92463e-09
530	8.92539e-09
530.25	8.45815e-09
530.5	8.16737e-09
530.75	7.93649e-09
531	7.6032e-09
531.25	7.58111e-09
531.5	7.73732e-09
531.75	8.01308e-09
532	8.31669e-09
532.25	8.85016e-09
532.5	9.48901e-09
532.75	1.01655e-08
533	1.06276e-08
533.25	1.05075e-08
533.5	9.7228e-09
533.75	8.79887e-09
534	8.14098e-09
534.25	7.78241e-09
534.5	7.57662e-09
534.75	7.39216e-09
535	7.14616e-09
535.25	7.22892e-09
535.5	7.45819e-09
535.75	7.70322e-09
536	8.11881e-09
536.25	8.63982e-09
536.5	9.26304e-09
536.75	1.28459e-08
537	8.76619e-09
537.25	7.98207e-09
537.5	9.44428e-09
537.75	1.2158e-08
538	8.80237e-09
538.25	1.33732e-08
538.5	7.71581e-09
538.75	1.39979e-08
539	6.81244e-09
539.25	7.2129e-09
539.5	6.6316e-09
539.75	1.52313e-08
540	6.9683e-09
540.25	1.40878e-08
540.5	7.14735e-09
540.75	9.4505e-09
541	8.3619e-09
541.25	1.16999e-08
541.5	9.47831e-09
541.75	6.9407e-09
542	7.51056e-09
542.25	1.2961e-08
542.5	7.88833e-09
542.75	1.38195e-08
543	6.87979e-09
543.25	7.24031e-09
543.5	1.55269e-08
543.75	7.04085e-09
544	1.45824e-08
544.25	7.05728e-09
544.5	9.37473e-09
544.75	7.67579e-09
545	1.21117e-08
545.25	8.39537e-09
545.5	1.1677e-08
545.75	9.70102e-09
546	1.19737e-08
546.25	8.29164e-09
546.5	6.62967e-09
546.75	1.35427e-08
547	6.82989e-09
547.25	1.45928e-08
547.5	6.99924e-09
547.75	1.47532e-08
548	7.05261e-09
548.25	1.38004e-08
548.5	6.97124e-09
548.75	1.28359e-08
549	7.43664e-09
549.25	8.44648e-09
549.5	9.50656e-09
549.75	1.15362e-08
550	9.17147e-09
550.25	1.27664e-08
550.5	7.66072e-09
550.75	1.35812e-08
551	6.95829e-09
551.25	7.12576e-09
551.5	1.54951e-08
551.75	7.09731e-09
552	1.44428e-08
552.25	7.08286e-09
552.5	1.33122e-08
552.75	7.21958e-09
553	9.4209e-09
553.25	9.02007e-09
553.5	1.15667e-08
553.75	9.71805e-09
554	1.21668e-08
554.25	8.24156e-09
554.5	1.32648e-08
554.75	7.02598e-09
555	1.42349e-08
555.25	7.00587e-09
555.5	1.4886e-08
555.75	7.1254e-09
556	1.43204e-08
556.25	7.01615e-09
556.5	1.32169e-08
556.75	7.13094e-09
557	1.2409e-08
557.25	8.03476e-09
557.5	1.16153e-08
557.75	9.69086e-09
558	1.20142e-08
558.25	8.46806e-09
558.5	1.32586e-08
558.75	7.19587e-09
559	1.41238e-08
559.25	7.16647e-09
559.5	1.48773e-08
559.75	7.30807e-09
560	1.44704e-08
560.25	7.1948e-09
560.5	1.34729e-08
560.75	7.21462e-09
561	1.26622e-08
561.25	8.04258e-09
561.5	1.18903e-08
561.75	9.83581e-09
562	1.20414e-08
562.25	8.4456e-09
562.5	1.32185e-08
562.75	7.20967e-09
563	1.41385e-08
563.25	7.16411e-09
563.5	1.49351e-08
563.75	1.77523e-08
564	1.84233e-08
564.25	7.11864e-09
564.5	1.34671e-08
564.75	7.04261e-09
565	1.2767e-08
565.25	7.73346e-09
565.5	1.1845e-08
565.75	9.59418e-09
566	1.1771e-08
566.25	8.5704e-09
566.5	1.304e-08
566.75	1.49751e-08
567	7.04098e-09
567.25	1.45255e-08
567.5	7.30468e-09
567.75	1.47543e-08
568	1.80601e-08
568.25	1.83699e-08
568.5	7.12715e-09
568.75	1.3211e-08
569	7.11228e-09
569.25	1.24767e-08
569.5	1.52489e-08
569.75	9.55408e-09
570	1.15972e-08
570.25	1.39712e-08
570.5	8.00699e-09
570.75	1.2847e-08
571	1.48895e-08
571.25	7.05218e-09
571.5	1.45137e-08
571.75	1.66722e-08
572	1.76891e-08
572.25	1.79897e-08
572.5	1.80125e-08
572.75	7.01422e-09
573	1.29834e-08
573.25	1.6747e-08
573.5	7.90051e-09
573.75	1.17477e-08
574	9.29378e-09
574.25	1.14959e-08
574.5	1.38848e-08
574.75	7.72024e-09
575	1.28092e-08
575.25	1.49427e-08
575.5	1.57934e-08
575.75	1.64692e-08
576	1.71301e-08
576.25	1.75558e-08
576.5	1.76658e-08
576.75	7.02846e-09
577	1.30434e-08
577.25	1.70357e-08
577.5	1.51248e-08
577.75	7.76376e-09
578	1.15317e-08
578.25	1.34415e-08
578.5	1.34074e-08
578.75	7.9174e-09
579	1.22291e-08
579.25	1.43232e-08
579.5	1.50559e-08
579.75	1.56629e-08
580	1.63576e-08
580.25	1.69388e-08
580.5	1.72413e-08
580.75	1.73424e-08
581	1.7086e-08
581.25	1.64776e-08
581.5	1.55239e-08
581.75	7.13945e-09
582	1.167e-08
582.25	1.34757e-08
582.5	9.41386e-09
582.75	1.14419e-08
583	1.36215e-08
583.25	1.40787e-08
583.5	1.44276e-08
583.75	1.50209e-08
584	1.57259e-08
584.25	1.63593e-08
584.5	1.68324e-08
584.75	1.70293e-08
585	1.69096e-08
585.25	1.65183e-08
585.5	1.58588e-08
585.75	1.49207e-08
586	1.40041e-08
586.25	1.32368e-08
586.5	9.00593e-09
586.75	1.09977e-08
587	1.31769e-08
587.25	1.35206e-08
587.5	1.38957e-08
587.75	1.43251e-08
588	1.49728e-08
588.25	1.56464e-08
588.5	1.62453e-08
588.75	1.65893e-08
589	1.67355e-08
589.25	1.65477e-08
589.5	1.59857e-08
589.75	1.50333e-08
590	1.42204e-08
590.25	1.33888e-08
590.5	1.27897e-08
590.75	1.26062e-08
591	1.26953e-08
591.25	1.29892e-08
591.5	1.34017e-08
591.75	1.36935e-08
592	1.42013e-08
592.25	1.4845e-08
592.5	1.54607e-08
592.75	1.59636e-08
593	1.62616e-08
593.25	1.62621e-08
593.5	1.60535e-08
593.75	1.54712e-08
594	1.45928e-08
594.25	1.37094e-08
594.5	1.29032e-08
594.75	1.24919e-08
595	1.2406e-08
595.25	1.26074e-08
595.5	1.29966e-08
595.75	1.33022e-08
596	1.37084e-08
596.25	1.42989e-08
596.5	1.48911e-08
596.75	1.54809e-08
597	1.58e-08
597.25	1.59684e-08
597.5	1.58086e-08
597.75	1.53157e-08
598	1.43822e-08
598.25	1.36291e-08
598.5	1.27803e-08
598.75	1.21752e-08
599	1.19493e-08
599.25	1.20129e-08
599.5	1.23456e-08
599.75	1.26359e-08
600	1.29289e-08
600.25	1.34203e-08
600.5	1.3974e-08
600.75	1.4506e-08
601	1.4893e-08
601.25	1.51123e-08
601.5	1.50496e-08
601.75	1.48085e-08
602	1.41282e-08
602.25	1.32967e-08
602.5	1.24401e-08
602.75	1.16732e-08
603	1.12666e-08
603.25	1.1174e-08
603.5	1.13926e-08
603.75	1.16464e-08
604	1.18675e-08
604.25	1.22891e-08
604.5	1.27001e-08
604.75	1.31801e-08
605	1.35988e-08
605.25	1.38464e-08
605.5	1.39366e-08
605.75	1.3734e-08
606	1.32614e-08
606.25	1.24006e-08
606.5	1.1715e-08
606.75	1.09352e-08
607	1.03292e-08
607.25	1.00458e-08
607.5	1.00296e-08
607.75	1.02216e-08
608	1.04436e-08
608.25	1.06591e-08
608.5	1.10036e-08
608.75	1.13296e-08
609	1.17025e-08
609.25	1.19545e-08
609.5	1.20995e-08
609.75	1.20694e-08
610	1.18383e-08
610.25	1.13239e-08
610.5	1.05672e-08
610.75	9.86252e-09
611	9.16272e-09
611.25	8.64917e-09
611.5	8.42149e-09
611.75	8.41493e-09
612	8.63949e-09
612.25	8.77926e-09
612.5	8.86422e-09
612.75	9.00831e-09
613	9.40936e-09
613.25	9.56456e-09
613.5	9.72489e-09
613.75	9.75261e-09
614	9.66054e-09
614.25	9.39664e-09
614.5	8.91455e-09
614.75	8.28945e-09
615	7.68185e-09
615.25	7.10652e-09
615.5	6.64709e-09
615.75	6.40226e-09
616	6.358e-09
616.25	6.46588e-09
616.5	6.54392e-09
616.75	6.56472e-09
617	6.66678e-09
617.25	6.74963e-09
617.5	6.82359e-09
617.75	6.88112e-09
618	6.88308e-09
618.25	6.80512e-09
618.5	6.65847e-09
618.75	6.36397e-09
619	5.94892e-09
619.25	5.48408e-09
619.5	5.05796e-09
619.75	4.66425e-09
620	4.37757e-09
620.25	4.22524e-09
620.5	4.19421e-09
620.75	4.22932e-09
621	4.24407e-09
621.25	4.24536e-09
621.5	4.25821e-09
621.75	4.27928e-09
622	4.29607e-09
622.25	4.30411e-09
622.5	4.32624e-09
622.75	4.30914e-09
623	4.25806e-09
623.25	4.19065e-09
623.5	4.07145e-09
623.75	3.90492e-09
624	3.68702e-09
624.25	3.49388e-09
624.5	3.33068e-09
624.75	3.18856e-09
625	3.10742e-09
625.25	3.09224e-09
625.5	3.16864e-09
625.75	3.30891e-09
626	3.52358e-09
626.25	3.76843e-09
626.5	4.05527e-09
626.75	4.36185e-09
627	4.61902e-09
627.25	4.86871e-09
627.5	5.13985e-09
627.75	5.39596e-09
628	5.66163e-09
628.25	5.93135e-09
628.5	6.17037e-09
628.75	6.39327e-09
629	6.50771e-09
629.25	6.65697e-09
629.5	6.58718e-09
629.75	6.50223e-09
630	6.38624e-09
630.25	6.34479e-09
630.5	6.48595e-09
630.75	6.69647e-09
631	7.05497e-09
631.25	7.47041e-09
631.5	7.86757e-09
631.75	8.26008e-09
632	8.57967e-09
632.25	8.96591e-09
632.5	9.36319e-09
632.75	9.91421e-09
633	1.04576e-08
633.25	1.0843e-08
633.5	1.11445e-08
633.75	1.12309e-08
634	1.11329e-08
634.25	1.0829e-08
634.5	1.05204e-08
634.75	1.02014e-08
635	1.01343e-08
635.25	1.03258e-08
635.5	1.0703e-08
635.75	1.11733e-08
636	1.15488e-08
636.25	1.20597e-08
636.5	1.25737e-08
636.75	1.30645e-08
637	1.37856e-08
637.25	1.45148e-08
637.5	1.51075e-08
637.75	1.55033e-08
638	6.55627e-09
638.25	1.15456e-08
638.5	6.61884e-09
638.75	1.15975e-08
639	7.18072e-09
639.25	7.53733e-09
639.5	1.17608e-08
639.75	9.11793e-09
640	6.66277e-09
640.25	1.3661e-08
640.5	7.11678e-09
640.75	1.52615e-08
641	7.26951e-09
641.25	1.53809e-08
641.5	7.38427e-09
641.75	1.42533e-08
642	7.21863e-09
642.25	1.34542e-08
642.5	7.41898e-09
642.75	9.32192e-09
643	9.82362e-09
643.25	1.21661e-08
643.5	9.89681e-09
643.75	1.3478e-08
644	8.38241e-09
644.25	1.44049e-08
644.5	7.18395e-09
644.75	1.55334e-08
645	7.32815e-09
645.25	1.54984e-08
645.5	7.4028e-09
645.75	1.44337e-08
646	7.30178e-09
646.25	1.35088e-08
646.5	7.73029e-09
646.75	9.14357e-09
647	1.00738e-08
647.25	1.2132e-08
647.5	9.78999e-09
647.75	1.33865e-08
648	8.31407e-09
648.25	1.42383e-08
648.5	7.23424e-09
648.75	1.5356e-08
649	7.34488e-09
649.25	1.55596e-08
649.5	1.90106e-08
649.75	7.44125e-09
650	1.40999e-08
650.25	7.29064e-09
650.5	1.32026e-08
650.75	7.98267e-09
651	1.2294e-08
651.25	9.83047e-09
651.5	1.1995e-08
651.75	9.13663e-09
652	1.32153e-08
652.25	1.52863e-08
652.5	7.34002e-09
652.75	1.45071e-08
653	1.65391e-08
653.25	7.24427e-09
653.5	1.50838e-08
653.75	1.84764e-08
654	1.85603e-08
654.25	7.23925e-09
654.5	1.332e-08
654.75	7.31637e-09
655	1.25443e-08
655.25	1.50972e-08
655.5	1.3972e-08
655.75	9.65422e-09
656	1.21597e-08
656.25	1.44005e-08
656.5	7.55646e-09
656.75	1.3429e-08
657	1.54925e-08
657.25	1.64348e-08
657.5	1.70537e-08
657.75	1.76401e-08
658	1.79172e-08
658.25	1.79235e-08
658.5	1.76287e-08
658.75	7.02404e-09
659	1.28322e-08
659.25	1.56721e-08
659.5	1.40163e-08
659.75	9.37019e-09
660	1.13812e-08
660.25	1.34866e-08
660.5	1.38441e-08
660.75	1.41671e-08
661	1.44384e-08
661.25	1.49116e-08
661.5	1.55083e-08
661.75	1.61125e-08
662	1.66255e-08
662.25	1.68856e-08
662.5	1.69298e-08
662.75	1.66461e-08
663	1.61616e-08
663.25	1.52492e-08
663.5	1.43582e-08
663.75	1.34895e-08
664	1.28409e-08
664.25	1.25906e-08
664.5	1.26161e-08
664.75	1.28467e-08
665	1.3156e-08
665.25	1.34283e-08
665.5	1.39232e-08
665.75	1.44925e-08
666	1.50828e-08
666.25	1.55643e-08
666.5	1.58559e-08
666.75	1.58889e-08
667	1.56602e-08
667.25	1.49466e-08
667.5	1.41151e-08
667.75	1.33213e-08
668	1.24364e-08
668.25	1.18743e-08
668.5	1.16598e-08
668.75	1.17054e-08
669	1.19121e-08
669.25	1.21487e-08
669.5	1.26077e-08
669.75	1.30484e-08
670	1.35647e-08
670.25	1.39878e-08
670.5	1.42605e-08
670.75	1.43432e-08
671	1.43445e-08
671.25	1.37689e-08
671.5	1.29958e-08
671.75	1.21846e-08
672	1.13365e-08
672.25	1.0702e-08
672.5	1.03755e-08
672.75	1.03261e-08
673	1.05166e-08
673.25	1.07485e-08
673.5	1.11421e-08
673.75	1.15266e-08
674	1.1989e-08
674.25	1.23709e-08
674.5	1.26031e-08
674.75	1.26755e-08
675	1.25456e-08
675.25	1.20136e-08
675.5	1.14139e-08
675.75	1.06793e-08
676	9.91314e-09
676.25	9.31724e-09
676.5	9.04457e-09
676.75	8.98921e-09
677	9.14415e-09
677.25	9.32961e-09
677.5	9.54765e-09
677.75	1.00615e-08
678	1.03641e-08
678.25	1.06729e-08
678.5	1.08418e-08
678.75	1.09561e-08
679	1.08274e-08
679.25	1.03919e-08
679.5	9.80913e-09
679.75	9.14021e-09
680	8.45446e-09
680.25	7.96868e-09
680.5	7.73508e-09
680.75	7.71306e-09
681	7.84742e-09
681.25	7.98406e-09
681.5	8.18452e-09
681.75	8.45519e-09
682	8.7601e-09
682.25	9.00036e-09
682.5	9.26201e-09
682.75	9.12542e-09
683	9.01126e-09
683.25	8.63279e-09
683.5	8.15582e-09
683.75	7.58622e-09
684	7.00506e-09
684.25	6.57984e-09
684.5	6.38199e-09
684.75	6.35878e-09
685	6.43564e-09
685.25	6.50612e-09
685.5	6.64741e-09
685.75	6.8239e-09
686	7.02315e-09
686.25	7.16982e-09
686.5	7.26115e-09
686.75	7.27868e-09
687	7.14805e-09
687.25	6.85623e-09
687.5	6.41686e-09
687.75	5.9507e-09
688	5.45803e-09
688.25	5.06966e-09
688.5	4.85377e-09
688.75	4.79153e-09
689	4.8295e-09
689.25	4.84254e-09
689.5	4.8994e-09
689.75	4.98901e-09
690	5.06582e-09
690.25	5.11565e-09
690.5	5.12107e-09
690.75	5.07622e-09
691	4.95276e-09
691.25	4.79508e-09
691.5	4.49945e-09
691.75	4.15423e-09
692	3.78187e-09
692.25	3.45041e-09
692.5	3.19177e-09
692.75	3.09062e-09
693	3.05188e-09
693.25	3.03229e-09
693.5	3.07179e-09
693.75	3.07369e-09
694	3.05136e-09
694.25	3.03558e-09
694.5	2.98584e-09
694.75	2.9174e-09
695	2.86035e-09
695.25	2.74575e-09
695.5	2.72645e-09
695.75	2.65134e-09
696	2.51032e-09
696.25	2.31874e-09
696.5	2.14066e-09
696.75	1.9826e-09
697	1.85727e-09
697.25	1.7675e-09
697.5	1.70982e-09
697.75	1.67797e-09
698	1.67232e-09
698.25	1.71648e-09
698.5	1.81021e-09
698.75	1.94695e-09
699	2.12585e-09
699.25	2.30086e-09
699.5	2.44532e-09
699.75	2.56498e-09
700	2.67429e-09
700.25	2.77919e-09
700.5	2.89384e-09
700.75	3.0017e-09
701	3.11364e-09
701.25	3.24049e-09
701.5	3.40389e-09
701.75	3.59569e-09
702	3.80394e-09
702.25	4.01874e-09
702.5	4.24205e-09
702.75	4.49046e-09
703	4.60512e-09
703.25	4.65555e-09
703.5	4.67295e-09
703.75	4.64208e-09
704	4.63843e-09
704.25	4.76002e-09
704.5	4.94094e-09
704.75	5.16653e-09
705	5.39506e-09
705.25	5.59738e-09
705.5	5.8571e-09
705.75	6.11498e-09
706	6.40153e-09
706.25	6.74444e-09
706.5	7.15344e-09
706.75	7.45434e-09
707	7.76222e-09
707.25	7.90744e-09
707.5	7.89861e-09
707.75	7.73688e-09
708	7.5968e-09
708.25	7.36915e-09
708.5	7.34925e-09
708.75	7.48375e-09
709	7.73158e-09
709.25	8.03761e-09
709.5	8.31092e-09
709.75	8.65727e-09
710	9.00076e-09
710.25	9.3659e-09
710.5	9.91218e-09
710.75	1.05346e-08
711	1.08795e-08
711.25	1.11457e-08
711.5	1.12201e-08
711.75	1.10441e-08
712	1.07034e-08
712.25	1.02742e-08
712.5	9.9439e-09
712.75	9.85549e-09
713	1.0069e-08
713.25	1.03336e-08
713.5	1.06176e-08
713.75	1.1033e-08
714	1.14041e-08
714.25	1.18291e-08
714.5	1.2452e-08
714.75	1.31162e-08
715	1.37122e-08
715.25	1.41129e-08
715.5	1.42898e-08
715.75	1.42558e-08
716	1.38462e-08
716.25	1.34506e-08
716.5	1.28005e-08
716.75	1.23219e-08
717	1.2214e-08
717.25	1.23817e-08
717.5	8.32442e-09
717.75	1.14449e-08
718	6.8689e-09
718.25	1.27872e-08
718.5	1.4705e-08
718.75	6.88043e-09
719	1.36842e-08
719.25	1.71972e-08
719.5	1.73102e-08
719.75	1.72211e-08
720	1.64198e-08
720.25	6.9698e-09
720.5	1.19409e-08
720.75	7.60269e-09
721	1.15598e-08
721.25	9.47391e-09
721.5	1.24324e-08
721.75	7.78634e-09
722	1.34419e-08
722.25	7.13366e-09
722.5	1.47583e-08
722.75	1.71441e-08
723	1.80771e-08
723.25	1.82967e-08
723.5	7.06069e-09
723.75	1.31798e-08
724	6.93238e-09
724.25	1.2613e-08
724.5	1.54165e-08
724.75	8.85326e-09
725	1.16787e-08
725.25	1.40644e-08
725.5	8.22973e-09
725.75	1.29681e-08
726	1.49098e-08
726.25	7.05315e-09
726.5	1.45922e-08
726.75	1.67057e-08
727	1.77409e-08
727.25	1.80229e-08
727.5	1.80327e-08
727.75	7.02581e-09
728	1.29869e-08
728.25	1.67388e-08
728.5	7.84362e-09
728.75	1.17695e-08
729	9.12659e-09
729.25	1.15395e-08
729.5	1.39422e-08
729.75	1.43178e-08
730	7.16876e-09
730.25	1.33688e-08
730.5	1.53225e-08
730.75	1.63969e-08
731	1.70452e-08
731.25	1.74248e-08
731.5	1.75091e-08
731.75	1.73188e-08
732	1.68059e-08
732.25	1.60087e-08
732.5	7.06368e-09
732.75	1.18469e-08
733	1.37273e-08
733.25	1.3048e-08
733.5	1.30943e-08
733.75	7.71195e-09
734	1.19374e-08
734.25	1.38521e-08
734.5	1.45844e-08
734.75	1.51619e-08
735	1.58326e-08
735.25	1.64144e-08
735.5	1.66957e-08
735.75	1.67922e-08
736	1.65401e-08
736.25	1.59325e-08
736.5	1.49036e-08
736.75	1.4119e-08
737	1.32555e-08
737.25	1.26216e-08
737.5	1.23864e-08
737.75	1.24187e-08
738	1.26247e-08
738.25	1.28853e-08
738.5	1.31265e-08
738.75	1.35985e-08
739	1.41563e-08
739.25	1.46921e-08
739.5	1.51465e-08
739.75	1.53919e-08
740	1.54131e-08
740.25	1.53142e-08
740.5	1.46025e-08
740.75	1.38026e-08
741	1.29463e-08
741.25	1.21133e-08
741.5	1.16024e-08
741.75	1.14053e-08
742	1.14601e-08
742.25	1.16435e-08
742.5	1.18826e-08
742.75	1.23346e-08
743	1.27796e-08
743.25	1.32834e-08
743.5	1.3654e-08
743.75	1.38798e-08
744	1.38991e-08
744.25	1.35918e-08
744.5	1.30876e-08
744.75	1.23682e-08
745	1.15553e-08
745.25	1.07379e-08
745.5	1.01468e-08
745.75	9.89646e-09
746	9.88486e-09
746.25	1.00155e-08
746.5	1.01803e-08
746.75	1.06396e-08
747	1.09409e-08
747.25	1.1304e-08
747.5	1.15294e-08
747.75	1.17676e-08
748	1.17351e-08
748.25	1.1466e-08
748.5	1.09689e-08
748.75	1.02896e-08
749	9.54355e-09
749.25	8.82264e-09
749.5	8.35079e-09
749.75	8.13283e-09
750	8.17078e-09
750.25	8.29856e-09
750.5	8.47096e-09
750.75	8.71775e-09
751	9.01642e-09
751.25	9.24866e-09
751.5	9.52475e-09
751.75	9.32787e-09
752	9.35339e-09
752.25	9.09774e-09
752.5	8.59167e-09
752.75	8.02258e-09
753	7.39174e-09
753.25	6.88365e-09
753.5	6.60973e-09
753.75	6.62599e-09
754	6.71597e-09
754.25	6.81706e-09
754.5	6.99275e-09
754.75	7.19997e-09
755	7.47592e-09
755.25	7.5676e-09
755.5	7.65186e-09
755.75	7.60182e-09
756	7.35646e-09
756.25	6.97993e-09
756.5	6.53348e-09
756.75	6.05193e-09
757	5.72027e-09
757.25	5.63996e-09
757.5	5.72085e-09
757.75	5.79216e-09
758	5.93587e-09
758.25	6.20378e-09
758.5	6.46388e-09
758.75	6.60789e-09
759	6.73751e-09
759.25	6.72342e-09
759.5	6.569e-09
759.75	6.3008e-09
760	5.98583e-09
760.25	5.71736e-09
760.5	5.60752e-09
760.75	5.75397e-09
761	5.79425e-09
761.25	6.02712e-09
761.5	6.30235e-09
761.75	6.62274e-09
762	6.91448e-09
762.25	7.12119e-09
762.5	7.1007e-09
762.75	6.97573e-09
763	6.78425e-09
763.25	6.54696e-09
763.5	6.36339e-09
763.75	6.36691e-09
764	6.52235e-09
764.25	6.69596e-09
764.5	7.01902e-09
764.75	7.36058e-09
765	7.82013e-09
765.25	8.16857e-09
765.5	8.45393e-09
765.75	8.6399e-09
766	8.55684e-09
766.25	8.37852e-09
766.5	8.14908e-09
766.75	7.91617e-09
767	7.80556e-09
767.25	7.89261e-09
767.5	8.08753e-09
767.75	8.30884e-09
768	8.63328e-09
768.25	9.10848e-09
768.5	9.64188e-09
768.75	1.01689e-08
769	1.05818e-08
769.25	1.08679e-08
769.5	1.10039e-08
769.75	1.08422e-08
770	1.0498e-08
770.25	1.01626e-08
770.5	9.91843e-09
770.75	9.85664e-09
771	1.00132e-08
771.25	1.02693e-08
771.5	1.05802e-08
771.75	1.09541e-08
772	1.14565e-08
772.25	1.22133e-08
772.5	1.28759e-08
772.75	1.3376e-08
773	1.37677e-08
773.25	1.3859e-08
773.5	1.36342e-08
773.75	1.31439e-08
774	1.27024e-08
774.25	1.23037e-08
774.5	6.53312e-09
774.75	1.02837e-08
775	8.08995e-09
775.25	1.13671e-08
775.5	2.21496e-08
775.75	1.25413e-08
776	2.32123e-08
776.25	1.272e-08
776.5	1.67183e-08
776.75	1.70068e-08
777	6.70622e-09
777.25	1.21599e-08
777.5	6.55197e-09
777.75	1.17321e-08
778	7.18223e-09
778.25	1.14491e-08
778.5	8.88914e-09
778.75	1.24128e-08
779	7.33413e-09
779.25	1.34949e-08
779.5	2.36222e-08
779.75	1.40954e-08
780	7.08655e-09
780.25	1.40577e-08
780.5	1.83588e-08
780.75	7.13163e-09
781	1.26694e-08
781.25	6.94559e-09
781.5	1.19581e-08
781.75	7.85352e-09
782	1.16029e-08
782.25	9.307e-09
782.5	1.25498e-08
782.75	7.74315e-09
783	1.3336e-08
783.25	2.36116e-08
783.5	1.41078e-08
783.75	7.11614e-09
784	1.44405e-08
784.25	1.82978e-08
784.5	7.15729e-09
784.75	1.29782e-08
785	6.9803e-09
785.25	1.23791e-08
785.5	7.74513e-09
785.75	1.16361e-08
786	9.48962e-09
786.25	1.20448e-08
786.5	8.09437e-09
786.75	1.30652e-08
787	1.49109e-08
787.25	2.37936e-08
787.5	1.41359e-08
787.75	1.68947e-08
788	1.77118e-08
788.25	1.79366e-08
788.5	6.98152e-09
788.75	1.29184e-08
789	6.86224e-09
789.25	1.22987e-08
789.5	1.51213e-08
789.75	8.87733e-09
790	1.13512e-08
790.25	9.08338e-09
790.5	1.22198e-08
790.75	1.42081e-08
791	2.32125e-08
791.25	1.33369e-08
791.5	1.55743e-08
791.75	1.6636e-08
792	1.72038e-08
792.25	1.7384e-08
792.5	1.7394e-08
792.75	6.83032e-09
793	1.25773e-08
793.25	1.62441e-08
793.5	1.42875e-08
793.75	7.94462e-09
794	1.11885e-08
794.25	1.31577e-08
794.5	7.80863e-09
794.75	1.19374e-08
795	1.37834e-08
795.25	1.44093e-08
795.5	1.50046e-08
795.75	1.5734e-08
796	1.63392e-08
796.25	1.66664e-08
796.5	1.67943e-08
796.75	1.66127e-08
797	1.60864e-08
797.25	1.50992e-08
797.5	6.76485e-09
797.75	1.13675e-08
798	1.31086e-08
798.25	1.26027e-08
798.5	7.74147e-09
798.75	1.1256e-08
799	1.31098e-08
799.25	1.3682e-08
799.5	1.42168e-08
799.75	1.49275e-08
800	1.55633e-08
800.25	1.58906e-08
800.5	1.60146e-08
800.75	1.59312e-08
801	1.55731e-08
801.25	1.46858e-08
801.5	1.38463e-08
801.75	1.29324e-08
802	1.23004e-08
802.25	1.20075e-08
802.5	1.19905e-08
802.75	1.21504e-08
803	1.23837e-08
803.25	1.2662e-08
803.5	1.3228e-08
803.75	1.38157e-08
804	1.44203e-08
804.25	1.48793e-08
804.5	1.5115e-08
804.75	1.51717e-08
805	1.47029e-08
805.25	1.41601e-08
805.5	1.34452e-08
805.75	1.25772e-08
806	1.19342e-08
806.25	1.15931e-08
806.5	1.15194e-08
806.75	1.1652e-08
807	1.19246e-08
807.25	1.22969e-08
807.5	1.28542e-08
807.75	1.34611e-08
808	1.39516e-08
808.25	1.43221e-08
808.5	1.45801e-08
808.75	1.45116e-08
809	1.40483e-08
809.25	1.33411e-08
809.5	1.25489e-08
809.75	1.17737e-08
810	1.12678e-08
810.25	1.10295e-08
810.5	1.10546e-08
810.75	1.12778e-08
811	1.15171e-08
811.25	1.20818e-08
811.5	1.26013e-08
811.75	1.31565e-08
812	1.35761e-08
812.25	1.38091e-08
812.5	1.37802e-08
812.75	1.3447e-08
813	1.29192e-08
813.25	1.22194e-08
813.5	1.14492e-08
813.75	1.08673e-08
814	1.05276e-08
814.25	1.04805e-08
814.5	1.06077e-08
814.75	1.08007e-08
815	1.10909e-08
815.25	1.17314e-08
815.5	1.21836e-08
815.75	1.25792e-08
816	1.28275e-08
816.25	1.3072e-08
816.5	1.28226e-08
816.75	1.23631e-08
817	1.17055e-08
817.25	1.09622e-08
817.5	1.02987e-08
817.75	9.88708e-09
818	9.75358e-09
818.25	9.78573e-09
818.5	9.95406e-09
818.75	1.01496e-08
819	1.0515e-08
819.25	1.11636e-08
819.5	1.14528e-08
819.75	1.17398e-08
820	1.18713e-08
820.25	1.16608e-08
820.5	1.14351e-08
820.75	1.08548e-08
821	1.02141e-08
821.25	9.52831e-09
821.5	9.03449e-09
821.75	8.78305e-09
822	8.73782e-09
822.25	8.85962e-09
822.5	8.98519e-09
822.75	9.21379e-09
823	9.56907e-09
823.25	1.00429e-08
823.5	1.02471e-08
823.75	1.04639e-08
824	1.03783e-08
824.25	1.01397e-08
824.5	9.6905e-09
824.75	9.12446e-09
825	8.50103e-09
825.25	7.95768e-09
825.5	7.63544e-09
825.75	7.55989e-09
826	7.67181e-09
826.25	7.78382e-09
826.5	7.94672e-09
826.75	8.25794e-09
827	8.53886e-09
827.25	8.72697e-09
827.5	8.83072e-09
827.75	8.87979e-09
828	8.73895e-09
828.25	8.36085e-09
828.5	7.91342e-09
828.75	7.38948e-09
829	6.93497e-09
829.25	6.71218e-09
829.5	6.74144e-09
829.75	6.86263e-09
830	6.99564e-09
830.25	7.22387e-09
830.5	7.55558e-09
830.75	7.90462e-09
831	8.15681e-09
831.25	8.23611e-09
831.5	8.14236e-09
831.75	7.90018e-09
832	7.57669e-09
832.25	7.17232e-09
832.5	6.84723e-09
832.75	6.75893e-09
833	6.87057e-09
833.25	7.06778e-09
833.5	7.34714e-09
833.75	7.72587e-09
834	8.14896e-09
834.25	8.50348e-09
834.5	8.76802e-09
834.75	8.77956e-09
835	8.67262e-09
835.25	8.43433e-09
835.5	8.14433e-09
835.75	7.8623e-09
836	7.76131e-09
836.25	7.87701e-09
836.5	8.08358e-09
836.75	8.33842e-09
837	8.79402e-09
837.25	9.26481e-09
837.5	9.79847e-09
837.75	1.02121e-08
838	1.05145e-08
838.25	1.07246e-08
838.5	1.05478e-08
838.75	1.0238e-08
839	9.90519e-09
839.25	9.60693e-09
839.5	9.55546e-09
839.75	9.67024e-09
840	9.91324e-09
840.25	1.01974e-08
840.5	1.05935e-08
840.75	1.11368e-08
841	1.18266e-08
841.25	1.25068e-08
841.5	1.29377e-08
841.75	1.32771e-08
842	1.33118e-08
842.25	1.30056e-08
842.5	1.259e-08
842.75	1.21754e-08
843	1.1859e-08
843.25	1.17605e-08
843.5	6.83011e-09
843.75	1.04357e-08
844	6.34941e-09
844.25	1.17219e-08
844.5	2.21633e-08
844.75	1.22898e-08
845	1.55682e-08
845.25	1.6304e-08
845.5	6.64088e-09
845.75	1.191e-08
846	6.58805e-09
846.25	1.17622e-08
846.5	1.47891e-08
846.75	7.61739e-09
847	1.13222e-08
847.25	8.80606e-09
847.5	1.23772e-08
847.75	7.10458e-09
848	1.35702e-08
848.25	2.37299e-08
848.5	1.38983e-08
848.75	7.08804e-09
849	1.37153e-08
849.25	1.83192e-08
849.5	7.11324e-09
849.75	1.24994e-08
850	6.97822e-09
850.25	1.17769e-08
850.5	7.96425e-09
850.75	1.16489e-08
851	9.22335e-09
851.25	6.41783e-09
851.5	1.31556e-08
851.75	2.34898e-08
852	1.40696e-08
852.25	7.03308e-09
852.5	1.46656e-08
852.75	1.80256e-08
853	7.10273e-09
853.25	1.31476e-08
853.5	6.9014e-09
853.75	1.2488e-08
854	7.43279e-09
854.25	1.16916e-08
854.5	8.98368e-09
854.75	1.17433e-08
855	8.49063e-09
855.25	1.29133e-08
855.5	1.47389e-08
855.75	2.34904e-08
856	1.39631e-08
856.25	7.08795e-09
856.5	1.43391e-08
856.75	1.77807e-08
857	1.79378e-08
857.25	1.77653e-08
857.5	7.05574e-09
857.75	1.23757e-08
858	7.3518e-09
858.25	1.15417e-08
858.5	8.96808e-09
858.75	1.14209e-08
859	8.39567e-09
859.25	1.25411e-08
859.5	1.4387e-08
859.75	2.3294e-08
860	1.36575e-08
860.25	1.6118e-08
860.5	1.70997e-08
860.75	1.74087e-08
861	1.75389e-08
861.25	6.84819e-09
861.5	1.26433e-08
861.75	6.71876e-09
862	1.20241e-08
862.25	1.43577e-08
862.5	1.31717e-08
862.75	9.1352e-09
863	1.14859e-08
863.25	1.36035e-08
863.5	2.29829e-08
863.75	1.25304e-08
864	1.46405e-08
864.25	1.56538e-08
864.5	1.63639e-08
864.75	1.676e-08
865	1.69008e-08
865.25	1.67455e-08
865.5	1.62941e-08
865.75	1.53663e-08
866	6.77047e-09
866.25	1.13843e-08
866.5	7.72865e-09
866.75	1.0761e-08
867	1.27897e-08
867.25	1.30097e-08
867.5	1.32545e-08
867.75	2.22188e-08
868	1.24969e-08
868.25	1.46475e-08
868.5	1.57294e-08
868.75	1.61087e-08
869	1.62457e-08
869.25	1.61134e-08
869.5	1.5775e-08
869.75	1.48898e-08
870	1.4004e-08
870.25	1.31011e-08
870.5	1.24077e-08
870.75	1.21215e-08
871	7.79665e-09
871.25	1.06501e-08
871.5	1.24992e-08
871.75	1.29746e-08
872	1.34703e-08
872.25	1.41636e-08
872.5	1.48207e-08
872.75	1.52547e-08
873	1.54633e-08
873.25	1.54622e-08
873.5	1.49678e-08
873.75	1.43044e-08
874	1.35545e-08
874.25	1.26888e-08
874.5	1.20842e-08
874.75	1.18055e-08
875	1.17736e-08
875.25	1.19106e-08
875.5	2.10002e-08
875.75	1.11623e-08
876	1.29859e-08
876.25	1.41009e-08
876.5	1.4634e-08
876.75	1.49911e-08
877	1.5147e-08
877.25	1.50929e-08
877.5	1.45069e-08
877.75	1.37246e-08
878	1.28404e-08
878.25	1.20877e-08
878.5	1.16613e-08
878.75	1.15025e-08
879	1.15892e-08
879.25	1.18209e-08
879.5	1.2088e-08
879.75	1.26629e-08
880	1.32402e-08
880.25	1.38623e-08
880.5	1.43295e-08
880.75	1.45964e-08
881	1.46472e-08
881.25	1.42441e-08
881.5	1.37478e-08
881.75	1.30827e-08
882	1.22937e-08
882.25	1.17298e-08
882.5	1.14302e-08
882.75	1.14033e-08
883	1.1544e-08
883.25	1.17895e-08
883.5	1.21931e-08
883.75	1.27789e-08
884	1.3394e-08
884.25	1.39281e-08
884.5	1.42366e-08
884.75	1.45039e-08
885	1.43687e-08
885.25	1.38774e-08
885.5	1.31834e-08
885.75	1.24115e-08
886	1.17255e-08
886.25	1.13276e-08
886.5	1.11749e-08
886.75	1.1235e-08
887	1.14593e-08
887.25	1.17036e-08
887.5	1.23159e-08
887.75	1.2845e-08
888	1.3355e-08
888.25	1.37647e-08
888.5	1.39681e-08
888.75	1.38534e-08
889	1.35003e-08
889.25	1.29263e-08
889.5	1.22158e-08
889.75	1.1465e-08
890	1.09228e-08
890.25	1.06641e-08
890.5	1.06606e-08
890.75	1.07889e-08
891	1.09666e-08
891.25	1.12593e-08
891.5	1.19076e-08
891.75	1.23111e-08
892	1.26912e-08
892.25	1.29488e-08
892.5	1.30968e-08
892.75	1.28242e-08
893	1.23208e-08
893.25	1.16499e-08
893.5	1.08955e-08
893.75	1.0245e-08
894	9.84915e-09
894.25	9.72808e-09
894.5	9.80155e-09
894.75	9.9587e-09
895	1.01523e-08
895.25	1.0686e-08
895.5	1.10709e-08
895.75	1.14137e-08
896	1.16506e-08
896.25	1.16845e-08
896.5	1.15663e-08
896.75	1.12477e-08
897	1.06616e-08
897.25	1.00101e-08
897.5	9.35177e-09
897.75	8.89519e-09
898	8.68493e-09
898.25	8.73642e-09
898.5	8.8769e-09
898.75	9.0339e-09
899	9.31277e-09
899.25	9.6938e-09
899.5	1.01685e-08
899.75	1.046e-08
900	1.05057e-08
900.25	1.03928e-08
900.5	1.00818e-08
900.75	9.59744e-09
901	9.03915e-09
901.25	8.46583e-09
901.5	8.07658e-09
901.75	7.97812e-09
902	8.08877e-09
902.25	8.25854e-09
902.5	8.49516e-09
902.75	8.86276e-09
903	9.31897e-09
903.25	9.64951e-09
903.5	9.85968e-09
903.75	9.9262e-09
904	9.76834e-09
904.25	9.4144e-09
904.5	9.0121e-09
904.75	8.53921e-09
905	8.19412e-09
905.25	8.12475e-09
905.5	8.2655e-09
905.75	8.50454e-09
906	8.82969e-09
906.25	9.24786e-09
906.5	9.77678e-09
906.75	1.01723e-08
907	1.05325e-08
907.25	1.06939e-08
907.5	1.04761e-08
907.75	1.01453e-08
908	9.76661e-09
908.25	9.38542e-09
908.5	9.17e-09
908.75	9.19975e-09
909	9.38647e-09
909.25	9.66007e-09
909.5	1.00788e-08
909.75	1.06137e-08
910	1.12471e-08
910.25	1.1762e-08
910.5	1.22108e-08
910.75	1.23996e-08
911	1.22866e-08
911.25	1.19401e-08
911.5	1.156e-08
911.75	1.11456e-08
912	1.09077e-08
912.25	1.08958e-08
912.5	1.10732e-08
912.75	1.13434e-08
913	1.17063e-08
913.25	1.22106e-08
913.5	2.10655e-08
913.75	1.10454e-08
914	1.42595e-08
914.25	1.48383e-08
914.5	1.50112e-08
914.75	6.24538e-09
915	1.1054e-08
915.25	1.43831e-08
915.5	6.6848e-09
915.75	1.06096e-08
916	7.65854e-09
916.25	1.13414e-08
916.5	6.62625e-09
916.75	1.2742e-08
917	2.30366e-08
917.25	1.33652e-08
917.5	6.91879e-09
917.75	1.32541e-08
918	1.77543e-08
918.25	1.67995e-08
918.5	6.69653e-09
918.75	1.18253e-08
919	6.87091e-09
919.25	1.13527e-08
919.5	7.96479e-09
919.75	1.18856e-08
920	8.13815e-09
920.25	6.2449e-09
920.5	1.3659e-08
920.75	2.37284e-08
921	1.39494e-08
921.25	7.02097e-09
921.5	1.37666e-08
921.75	1.8295e-08
922	7.10709e-09
922.25	1.23961e-08
922.5	6.97613e-09
922.75	1.17546e-08
923	8.00261e-09
923.25	1.15257e-08
923.5	9.05612e-09
923.75	1.25898e-08
924	7.30857e-09
924.25	1.32925e-08
924.5	2.35444e-08
924.75	1.39263e-08
925	7.05201e-09
925.25	1.41559e-08
925.5	1.82262e-08
925.75	1.77704e-08
926	7.02796e-09
926.25	1.24067e-08
926.5	7.23861e-09
926.75	1.15805e-08
927	8.57336e-09
927.25	1.14507e-08
927.5	8.65572e-09
927.75	1.25793e-08
928	2.34432e-08
928.25	1.31532e-08
928.5	1.53636e-08
928.75	6.95004e-09
929	1.43791e-08
929.25	1.74591e-08
929.5	1.77397e-08
929.75	6.88184e-09
930	1.26632e-08
930.25	6.81874e-09
930.5	1.20158e-08
930.75	1.45129e-08
931	9.13231e-09
931.25	1.12969e-08
931.5	8.3958e-09
931.75	1.23099e-08
932	1.41203e-08
932.25	2.29884e-08
932.5	1.34051e-08
932.75	1.57936e-08
933	1.68356e-08
933.25	1.71352e-08
933.5	1.73018e-08
933.75	6.77189e-09
934	1.25145e-08
934.25	1.63721e-08
934.5	7.31483e-09
934.75	1.13373e-08
935	8.20852e-09
935.25	1.095e-08
935.5	1.3194e-08
935.75	1.34628e-08
936	2.25728e-08
936.25	1.23971e-08
936.5	1.44834e-08
936.75	1.5494e-08
937	1.61807e-08
937.25	1.65045e-08
937.5	1.66217e-08
937.75	1.64399e-08
938	6.53187e-09
938.25	1.20098e-08
938.5	1.49429e-08
938.75	1.31905e-08
939	7.97191e-09
939.25	1.06623e-08
939.5	1.27045e-08
939.75	2.32663e-08
940	1.16145e-08
940.25	1.35023e-08
940.5	1.44128e-08
940.75	1.51228e-08
941	1.57789e-08
941.25	1.61144e-08
941.5	1.61836e-08
941.75	1.60272e-08
942	1.53737e-08
942.25	1.45102e-08
942.5	1.37302e-08
942.75	6.85846e-09
943	1.05791e-08
943.25	1.23596e-08
943.5	7.06369e-09
943.75	1.09014e-08
944	1.27934e-08
944.25	1.35096e-08
944.5	1.41221e-08
944.75	1.48271e-08
945	1.5402e-08
945.25	1.56613e-08
945.5	1.5733e-08
945.75	1.56184e-08
946	1.49401e-08
946.25	1.4113e-08
946.5	1.32494e-08
946.75	1.24951e-08
947	7.55718e-09
947.25	1.02989e-08
947.5	1.22886e-08
947.75	1.25446e-08
948	1.28085e-08
948.25	1.34395e-08
948.5	1.41441e-08
948.75	1.48214e-08
949	1.53148e-08
949.25	1.55341e-08
949.5	1.55715e-08
949.75	1.51132e-08
950	1.44759e-08
950.25	1.3741e-08
950.5	1.29109e-08
950.75	1.23605e-08
951	8.00461e-09
951.25	1.03409e-08
951.5	1.23871e-08
951.75	1.26737e-08
952	1.31245e-08
952.25	1.38102e-08
952.5	1.45123e-08
952.75	1.50748e-08
953	1.54015e-08
953.25	1.55345e-08
953.5	1.54696e-08
953.75	1.48357e-08
954	1.40691e-08
954.25	1.31955e-08
954.5	1.24978e-08
954.75	1.21288e-08
955	1.20299e-08
955.25	1.21377e-08
955.5	1.23407e-08
955.75	2.13425e-08
956	1.18038e-08
956.25	1.37009e-08
956.5	1.4829e-08
956.75	1.5235e-08
957	1.54265e-08
957.25	1.53781e-08
957.5	1.47985e-08
957.75	1.41564e-08
958	1.33405e-08
958.25	1.24809e-08
958.5	1.19363e-08
958.75	1.17115e-08
959	1.17224e-08
959.25	1.18567e-08
959.5	1.208e-08
959.75	1.24574e-08
960	1.30079e-08
960.25	1.3553e-08
960.5	1.40461e-08
960.75	1.43359e-08
961	1.45277e-08
961.25	1.44245e-08
961.5	1.39188e-08
961.75	1.32303e-08
962	1.24483e-08
962.25	1.16926e-08
962.5	1.122e-08
962.75	1.099e-08
963	1.1028e-08
963.25	1.12101e-08
963.5	1.13989e-08
963.75	1.19087e-08
964	1.23815e-08
964.25	1.28896e-08
964.5	1.3258e-08
964.75	1.34504e-08
965	1.34224e-08
965.25	1.31202e-08
965.5	1.2633e-08
965.75	1.19268e-08
966	1.11439e-08
966.25	1.04722e-08
966.5	1.007e-08
966.75	9.9515e-09
967	1.00258e-08
967.25	1.01746e-08
967.5	1.03756e-08
967.75	1.08813e-08
968	1.12341e-08
968.25	1.1541e-08
968.5	1.18379e-08
968.75	1.19631e-08
969	1.17921e-08
969.25	1.14112e-08
969.5	1.0794e-08
969.75	1.01036e-08
970	9.39558e-09
970.25	8.88899e-09
970.5	8.64288e-09
970.75	8.67926e-09
971	8.81279e-09
971.25	8.95992e-09
971.5	9.21366e-09
971.75	9.57316e-09
972	1.00327e-08
972.25	1.01464e-08
972.5	1.01821e-08
972.75	1.01295e-08
973	9.86295e-09
973.25	9.37926e-09
973.5	8.82528e-09
973.75	8.22494e-09
974	7.76556e-09
974.25	7.61109e-09
974.5	7.69719e-09
974.75	7.82282e-09
975	7.98923e-09
975.25	8.2877e-09
975.5	8.64866e-09
975.75	9.03839e-09
976	9.246e-09
976.25	9.30036e-09
976.5	9.14145e-09
976.75	8.81693e-09
977	8.42203e-09
977.25	7.94367e-09
977.5	7.59086e-09
977.75	7.50489e-09
978	7.63632e-09
978.25	7.87128e-09
978.5	8.15048e-09
978.75	8.58628e-09
979	9.04121e-09
979.25	9.40808e-09
979.5	9.63896e-09
979.75	9.65367e-09
980	9.48994e-09
980.25	9.20343e-09
980.5	8.86377e-09
980.75	8.53658e-09
981	8.42418e-09
981.25	8.54569e-09
981.5	8.77178e-09
981.75	9.08215e-09
982	9.54574e-09
982.25	1.0082e-08
982.5	1.06085e-08
982.75	1.10319e-08
983	1.13338e-08
983.25	1.14705e-08
983.5	1.12321e-08
983.75	1.08344e-08
984	1.05229e-08
984.25	1.02009e-08
984.5	1.0172e-08
984.75	1.03195e-08
985	1.05665e-08
985.25	1.08835e-08
985.5	1.13647e-08
985.75	1.20024e-08
986	1.27739e-08
986.25	1.33321e-08
986.5	1.38127e-08
986.75	1.40315e-08
987	1.39598e-08
987.25	1.35247e-08
987.5	5.81699e-09
987.75	1.02896e-08
988	6.05321e-09
988.25	1.03618e-08
988.5	7.95555e-09
988.75	1.13978e-08
989	2.23446e-08
989.25	1.27447e-08
989.5	2.31811e-08
989.75	1.2877e-08
990	1.68033e-08
990.25	6.70706e-09
990.5	1.22223e-08
990.75	6.60066e-09
991	1.1956e-08
991.25	6.63968e-09
991.5	1.13605e-08
991.75	7.64675e-09
992	1.1872e-08
992.25	8.22897e-09
992.5	1.29929e-08
992.75	2.29602e-08
993	1.38025e-08
993.25	6.89743e-09
993.5	1.42756e-08
993.75	7.03941e-09
994	1.31565e-08
994.25	1.82783e-08
994.5	7.22876e-09
994.75	1.20905e-08
995	7.4151e-09
995.25	1.15222e-08
995.5	8.78912e-09
995.75	6.466e-09
996	1.26607e-08
996.25	7.40901e-09
996.5	1.34265e-08
996.75	2.36603e-08
997	1.40984e-08
997.25	7.06319e-09
997.5	1.42978e-08
997.75	1.83961e-08
998	7.18062e-09
998.25	1.27629e-08
998.5	7.01994e-09
998.75	1.21533e-08
999	7.91897e-09
999.25	1.15551e-08
999.5	9.35992e-09
999.75	1.22375e-08
1000	7.82555e-09
