	0.00486529
0.25	0.797958
0.5	0.794242
0.75	0.799541
1	0.798668
1.25	0.800287
1.5	0.801119
1.75	0.802369
2	0.803552
2.25	0.804697
2.5	0.80587
2.75	0.807308
3	0.808825
3.25	0.810461
3.5	0.812145
3.75	0.813878
4	0.815794
4.25	0.817745
4.5	0.819816
4.75	0.82188
5	0.824004
5.25	0.826284
5.5	0.828578
5.75	0.830796
6	0.833252
6.25	0.83574
6.5	0.838318
6.75	0.841102
7	0.843946
7.25	0.846938
7.5	0.849972
7.75	0.852974
8	0.856098
8.25	0.859162
8.5	0.862215
8.75	0.865437
9	0.868579
9.25	0.87169
9.5	0.874848
9.75	0.877997
10	0.881228
10.25	0.884409
10.5	0.887562
10.75	0.890743
11	0.894074
11.25	0.897376
11.5	0.900523
11.75	0.903793
12	0.907228
12.25	0.910407
12.5	0.913466
12.75	0.916817
13	0.920144
13.25	0.923133
13.5	0.926319
13.75	0.929753
14	0.932757
14.25	0.936143
14.5	0.939447
14.75	0.942285
15	0.946069
15.25	0.949281
15.5	0.952741
15.75	0.956542
16	0.959681
16.25	0.963599
16.5	0.967104
16.75	0.970639
17	0.974532
17.25	0.977922
17.5	0.981964
17.75	0.98548
18	0.989302
18.25	0.993129
18.5	0.996742
18.75	1.00075
19	1.00428
19.25	1.00829
19.5	1.01182
19.75	1.01573
20	1.01945
20.25	1.02302
20.5	1.02717
20.75	1.03052
21	1.03448
21.25	1.03801
21.5	1.04156
21.75	1.04513
22	1.0485
22.25	1.05204
22.5	1.05527
22.75	1.05893
23	1.06189
23.25	1.06501
23.5	1.06837
23.75	1.07083
24	1.07425
24.25	1.07728
24.5	1.07952
24.75	1.08248
25	1.08523
25.25	1.08747
25.5	1.08985
25.75	1.09218
26	1.09426
26.25	1.09645
26.5	1.09815
26.75	1.09982
27	1.10176
27.25	1.10386
27.5	1.10619
27.75	1.10861
28	1.11122
28.25	1.11429
28.5	1.11759
28.75	1.12104
29	1.1246
29.25	1.12803
29.5	1.13145
29.75	1.13475
30	1.13766
30.25	1.14033
30.5	1.14287
30.75	1.14508
31	1.14709
31.25	1.14868
31.5	1.15019
31.75	1.15145
32	1.15249
32.25	1.15348
32.5	1.15433
32.75	1.15533
33	1.15602
33.25	1.15658
33.5	1.15715
33.75	1.15762
34	1.15786
34.25	1.15818
34.5	1.15784
34.75	1.15777
35	1.15754
35.25	1.15694
35.5	1.15617
35.75	1.15558
36	1.15436
36.25	1.15355
36.5	1.15217
36.75	1.15099
37	1.14976
37.25	1.14865
37.5	1.14693
37.75	1.1458
38	1.14403
38.25	1.14245
38.5	1.14073
38.75	1.13927
39	1.13722
39.25	1.13548
39.5	1.13323
39.75	1.1316
40	1.1293
40.25	1.12749
40.5	1.12547
40.75	1.12367
41	1.12185
41.25	1.12059
41.5	1.11869
41.75	1.11778
42	1.1164
42.25	1.11575
42.5	1.11488
42.75	1.11406
43	1.11371
43.25	1.11317
43.5	1.11312
43.75	1.11302
44	1.11319
44.25	1.11343
44.5	1.1135
44.75	1.11403
45	1.11454
45.25	1.1151
45.5	1.11646
45.75	1.11737
46	1.11815
46.25	1.11948
46.5	1.12026
46.75	1.12069
47	1.12133
47.25	1.12156
47.5	1.12134
47.75	1.12069
48	1.1202
48.25	1.11952
48.5	1.11864
48.75	1.11753
49	1.11652
49.25	1.11565
49.5	1.11493
49.75	1.11443
50	1.11402
50.25	1.11392
50.5	1.11407
50.75	1.11436
51	1.11486
51.25	1.11549
51.5	1.11582
51.75	1.11602
52	1.11611
52.25	1.11586
52.5	1.11522
52.75	1.11453
53	1.1135
53.25	1.1124
53.5	1.11085
53.75	1.10935
54	1.10783
54.25	1.10638
54.5	1.1047
54.75	1.10318
55	1.10144
55.25	1.09971
55.5	1.0977
55.75	1.09581
56	1.09388
56.25	1.09202
56.5	1.09026
56.75	1.08884
57	1.08749
57.25	1.08649
57.5	1.08576
57.75	1.08497
58	1.08453
58.25	1.08404
58.5	1.08401
58.75	1.08449
59	1.08496
59.25	1.08625
59.5	1.08726
59.75	1.08828
60	1.089
60.25	1.08957
60.5	1.09046
60.75	1.09132
61	1.09252
61.25	1.09318
61.5	1.09396
61.75	1.09431
62	1.09465
62.25	1.09471
62.5	1.09455
62.75	1.0943
63	1.09387
63.25	1.09336
63.5	1.09271
63.75	1.09206
64	1.09114
64.25	1.09029
64.5	1.08927
64.75	1.08819
65	1.08685
65.25	1.08548
65.5	1.08413
65.75	1.08251
66	1.08102
66.25	1.07927
66.5	1.07777
66.75	1.07606
67	1.07435
67.25	1.07297
67.5	1.07163
67.75	1.07033
68	1.06942
68.25	1.06861
68.5	1.06828
68.75	1.068
69	1.06803
69.25	1.06834
69.5	1.06855
69.75	1.06913
70	1.06928
70.25	1.06983
70.5	1.07018
70.75	1.07048
71	1.07069
71.25	1.07062
71.5	1.07061
71.75	1.0702
72	1.06991
72.25	1.06912
72.5	1.06845
72.75	1.06727
73	1.06633
73.25	1.06481
73.5	1.06349
73.75	1.06176
74	1.06006
74.25	1.05817
74.5	1.05636
74.75	1.05443
75	1.05254
75.25	1.05074
75.5	1.04879
75.75	1.04732
76	1.04566
76.25	1.04417
76.5	1.04277
76.75	1.04149
77	1.04049
77.25	1.03978
77.5	1.03918
77.75	1.03891
78	1.03877
78.25	1.03857
78.5	1.03863
78.75	1.03878
79	1.03899
79.25	1.03939
79.5	1.03965
79.75	1.03993
80	1.04024
80.25	1.04022
80.5	1.04037
80.75	1.04027
81	1.04007
81.25	1.03981
81.5	1.03923
81.75	1.03868
82	1.03782
82.25	1.03698
82.5	1.03573
82.75	1.03447
83	1.0328
83.25	1.03124
83.5	1.0293
83.75	1.02743
84	1.02538
84.25	1.02358
84.5	1.02174
84.75	1.02014
85	1.01864
85.25	1.01735
85.5	1.01629
85.75	1.01528
86	1.01458
86.25	1.01394
86.5	1.01347
86.75	1.01315
87	1.01285
87.25	1.01274
87.5	1.01268
87.75	1.01259
88	1.01242
88.25	1.01216
88.5	1.01176
88.75	1.01133
89	1.01104
89.25	1.01067
89.5	1.0103
89.75	1.0099
90	1.00935
90.25	1.00884
90.5	1.00814
90.75	1.00743
91	1.00652
91.25	1.00557
91.5	1.00461
91.75	1.00353
92	1.00228
92.25	1.00108
92.5	0.99975
92.75	0.998448
93	0.997051
93.25	0.995796
93.5	0.994562
93.75	0.993554
94	0.992798
94.25	0.992188
94.5	0.991801
94.75	0.991531
95	0.991405
95.25	0.991426
95.5	0.99155
95.75	0.99176
96	0.992002
96.25	0.992192
96.5	0.99233
96.75	0.99233
97	0.992173
97.25	0.992009
97.5	0.991721
97.75	0.991356
98	0.99103
98.25	0.990571
98.5	0.990153
98.75	0.989674
99	0.989233
99.25	0.988676
99.5	0.988069
99.75	0.987433
100	0.986703
100.25	0.985841
100.5	0.985072
100.75	0.984336
101	0.983687
101.25	0.982948
101.5	0.982209
101.75	0.981604
102	0.981019
102.25	0.980434
102.5	0.979961
102.75	0.979477
103	0.979047
103.25	0.978642
103.5	0.978233
103.75	0.977986
104	0.977844
104.25	0.977872
104.5	0.978039
104.75	0.978435
105	0.978802
105.25	0.979268
105.5	0.979692
105.75	0.980061
106	0.980494
106.25	0.980824
106.5	0.981078
106.75	0.981178
107	0.981213
107.25	0.98104
107.5	0.980917
107.75	0.980666
108	0.980308
108.25	0.979953
108.5	0.97957
108.75	0.979184
109	0.978721
109.25	0.978214
109.5	0.977697
109.75	0.977214
110	0.976702
110.25	0.976239
110.5	0.975748
110.75	0.975307
111	0.974934
111.25	0.97468
111.5	0.974431
111.75	0.974164
112	0.97386
112.25	0.973585
112.5	0.973254
112.75	0.973082
113	0.972894
113.25	0.972913
113.5	0.973
113.75	0.973234
114	0.973468
114.25	0.973874
114.5	0.974258
114.75	0.97473
115	0.975191
115.25	0.97562
115.5	0.976062
115.75	0.976429
116	0.976734
116.25	0.976896
116.5	0.977015
116.75	0.976968
117	0.976879
117.25	0.976784
117.5	0.976609
117.75	0.976405
118	0.976131
118.25	0.975826
118.5	0.975506
118.75	0.975245
119	0.974896
119.25	0.974521
119.5	0.9741
119.75	0.973758
120	0.973371
120.25	0.973016
120.5	0.972686
120.75	0.972378
121	0.97207
121.25	0.971783
121.5	0.971485
121.75	0.971232
122	0.971023
122.25	0.970922
122.5	0.970885
122.75	0.97094
123	0.971044
123.25	0.971274
123.5	0.971568
123.75	0.971893
124	0.97224
124.25	0.972601
124.5	0.972906
124.75	0.973198
125	0.973503
125.25	0.973699
125.5	0.973829
125.75	0.973862
126	0.973893
126.25	0.973834
126.5	0.973782
126.75	0.973521
127	0.973316
127.25	0.97304
127.5	0.972822
127.75	0.972504
128	0.972198
128.25	0.971916
128.5	0.971625
128.75	0.971351
129	0.970991
129.25	0.970611
129.5	0.970228
129.75	0.969812
130	0.969432
130.25	0.969014
130.5	0.968698
130.75	0.968374
131	0.968178
131.25	0.968027
131.5	0.968018
131.75	0.968141
132	0.968314
132.25	0.968545
132.5	0.968894
132.75	0.969225
133	0.969508
133.25	0.969876
133.5	0.970144
133.75	0.970388
134	0.970477
134.25	0.970562
134.5	0.970562
134.75	0.970471
135	0.970366
135.25	0.970262
135.5	0.970015
135.75	0.969739
136	0.969358
136.25	0.969113
136.5	0.968739
136.75	0.968438
137	0.968067
137.25	0.967737
137.5	0.967424
137.75	0.967159
138	0.966818
138.25	0.966454
138.5	0.966064
138.75	0.965735
139	0.965362
139.25	0.965107
139.5	0.964849
139.75	0.964648
140	0.964577
140.25	0.964571
140.5	0.964694
140.75	0.964952
141	0.965231
141.25	0.965571
141.5	0.965898
141.75	0.966282
142	0.966652
142.25	0.966946
142.5	0.967167
142.75	0.967302
143	0.967395
143.25	0.967417
143.5	0.967382
143.75	0.967274
144	0.967173
144.25	0.966939
144.5	0.966682
144.75	0.966288
145	0.966033
145.25	0.965682
145.5	0.965409
145.75	0.965046
146	0.964751
146.25	0.964447
146.5	0.964226
146.75	0.963918
147	0.963611
147.25	0.963252
147.5	0.962976
147.75	0.962651
148	0.962426
148.25	0.962203
148.5	0.962002
148.75	0.961967
149	0.961984
149.25	0.962104
149.5	0.96234
149.75	0.962653
150	0.963005
150.25	0.963334
150.5	0.963727
150.75	0.964085
151	0.964416
151.25	0.96461
151.5	0.964824
151.75	0.96497
152	0.965013
152.25	0.965003
152.5	0.964893
152.75	0.964832
153	0.964639
153.25	0.964396
153.5	0.963987
153.75	0.963785
154	0.963499
154.25	0.963244
154.5	0.962895
154.75	0.962624
155	0.962341
155.25	0.962151
155.5	0.961859
155.75	0.961578
156	0.961245
156.25	0.960986
156.5	0.96069
156.75	0.960467
157	0.960269
157.25	0.960094
157.5	0.960058
157.75	0.960073
158	0.960225
158.25	0.960462
158.5	0.960758
158.75	0.961055
159	0.961403
159.25	0.961752
159.5	0.962075
159.75	0.962409
160	0.9626
160.25	0.962873
160.5	0.962988
160.75	0.963076
161	0.96304
161.25	0.962997
161.5	0.962931
161.75	0.962766
162	0.962488
162.25	0.962155
162.5	0.961995
162.75	0.961741
163	0.961497
163.25	0.961153
163.5	0.960913
163.75	0.960646
164	0.960465
164.25	0.960152
164.5	0.959867
164.75	0.959571
165	0.959276
165.25	0.958988
165.5	0.958749
165.75	0.958563
166	0.958425
166.25	0.958376
166.5	0.958432
166.75	0.958563
167	0.958788
167.25	0.959066
167.5	0.959327
167.75	0.959629
168	0.959985
168.25	0.960258
168.5	0.960535
168.75	0.960761
169	0.960963
169.25	0.961046
169.5	0.961095
169.75	0.961051
170	0.96102
170.25	0.960898
170.5	0.960681
170.75	0.960383
171	0.960214
171.25	0.960015
171.5	0.959824
171.75	0.959502
172	0.959244
172.25	0.958968
172.5	0.95876
172.75	0.958496
173	0.958199
173.25	0.957908
173.5	0.95762
173.75	0.957327
174	0.95705
174.25	0.956839
174.5	0.956669
174.75	0.956566
175	0.956544
175.25	0.956602
175.5	0.956782
175.75	0.957023
176	0.957239
176.25	0.957514
176.5	0.95784
176.75	0.958096
177	0.958374
177.25	0.958581
177.5	0.958793
177.75	0.958892
178	0.95895
178.25	0.958909
178.5	0.958876
178.75	0.958788
179	0.958612
179.25	0.958372
179.5	0.958194
179.75	0.958021
180	0.957839
180.25	0.957577
180.5	0.957323
180.75	0.957045
181	0.956795
181.25	0.956568
181.5	0.956265
181.75	0.956011
182	0.95573
182.25	0.955456
182.5	0.955179
182.75	0.954952
183	0.954764
183.25	0.954642
183.5	0.954597
183.75	0.954607
184	0.954759
184.25	0.95496
184.5	0.955163
184.75	0.9554
185	0.955714
185.25	0.955962
185.5	0.956237
185.75	0.956429
186	0.956638
186.25	0.956735
186.5	0.956795
186.75	0.95678
187	0.956731
187.25	0.95666
187.5	0.956508
187.75	0.95634
188	0.956178
188.25	0.956007
188.5	0.95585
188.75	0.955612
189	0.955382
189.25	0.955118
189.5	0.954856
189.75	0.954625
190	0.954364
190.25	0.95412
190.5	0.953846
190.75	0.95361
191	0.953349
191.25	0.953128
191.5	0.952944
191.75	0.952799
192	0.95275
192.25	0.952741
192.5	0.952855
192.75	0.953014
193	0.953199
193.25	0.953439
193.5	0.953741
193.75	0.953992
194	0.954248
194.25	0.954446
194.5	0.954624
194.75	0.954719
195	0.954791
195.25	0.954804
195.5	0.954752
195.75	0.954676
196	0.954568
196.25	0.954428
196.5	0.954294
196.75	0.954149
197	0.95401
197.25	0.953805
197.5	0.9536
197.75	0.953338
198	0.953106
198.25	0.952899
198.5	0.952648
198.75	0.952428
199	0.952144
199.25	0.951931
199.5	0.95169
199.75	0.951475
200	0.951312
200.25	0.951157
200.5	0.951098
200.75	0.951079
201	0.951161
201.25	0.951286
201.5	0.95148
201.75	0.951716
202	0.951989
202.25	0.952226
202.5	0.952468
202.75	0.952668
203	0.95282
203.25	0.952932
203.5	0.953001
203.75	0.953026
204	0.952975
204.25	0.952908
204.5	0.952843
204.75	0.95272
205	0.952623
205.25	0.952515
205.5	0.952362
205.75	0.952195
206	0.952006
206.25	0.95176
206.5	0.951564
206.75	0.951377
207	0.951165
207.25	0.950922
207.5	0.950668
207.75	0.950417
208	0.950215
208.25	0.950016
208.5	0.94985
208.75	0.949706
209	0.949632
209.25	0.949615
209.5	0.949681
209.75	0.949793
210	0.949978
210.25	0.950213
210.5	0.950438
210.75	0.950665
211	0.950905
211.25	0.951085
211.5	0.951242
211.75	0.951355
212	0.951407
212.25	0.951425
212.5	0.951385
212.75	0.951344
213	0.951298
213.25	0.951213
213.5	0.951143
213.75	0.951055
214	0.950901
214.25	0.950761
214.5	0.950582
214.75	0.950346
215	0.950194
215.25	0.949992
215.5	0.94982
215.75	0.949549
216	0.949307
216.25	0.949046
216.5	0.948864
216.75	0.948675
217	0.948492
217.25	0.948383
217.5	0.948279
217.75	0.948294
218	0.948347
218.25	0.948448
218.5	0.948612
218.75	0.948836
219	0.949038
219.25	0.949262
219.5	0.949485
219.75	0.949649
220	0.949801
220.25	0.949893
220.5	0.949949
220.75	0.949958
221	0.949934
221.25	0.949929
221.5	0.949864
221.75	0.949831
222	0.94979
222.25	0.949713
222.5	0.94958
222.75	0.94943
223	0.94924
223.25	0.949052
223.5	0.948915
223.75	0.94873
224	0.948522
224.25	0.948258
224.5	0.948019
224.75	0.947763
225	0.947573
225.25	0.947386
225.5	0.947216
225.75	0.947116
226	0.947048
226.25	0.947067
226.5	0.947124
226.75	0.947215
227	0.947374
227.25	0.947575
227.5	0.94775
227.75	0.94798
228	0.948178
228.25	0.948326
228.5	0.948445
228.75	0.948539
229	0.948589
229.25	0.948603
229.5	0.948598
229.75	0.948606
230	0.948597
230.25	0.948581
230.5	0.948547
230.75	0.948459
231	0.948314
231.25	0.948175
231.5	0.947966
231.75	0.947841
232	0.947647
232.25	0.947489
232.5	0.94723
232.75	0.946997
233	0.94674
233.25	0.946514
233.5	0.946319
233.75	0.946114
234	0.94601
234.25	0.945898
234.5	0.945878
234.75	0.945882
235	0.945941
235.25	0.946043
235.5	0.946196
235.75	0.946375
236	0.946557
236.25	0.946781
236.5	0.946947
236.75	0.947069
237	0.947169
237.25	0.947264
237.5	0.947305
237.75	0.947311
238	0.947377
238.25	0.947399
238.5	0.947399
238.75	0.947394
239	0.947358
239.25	0.947243
239.5	0.947114
239.75	0.946927
240	0.946781
240.25	0.946615
240.5	0.946445
240.75	0.946228
241	0.94598
241.25	0.94575
241.5	0.945511
241.75	0.945284
242	0.945085
242.25	0.944938
242.5	0.944823
242.75	0.944744
243	0.944732
243.25	0.944751
243.5	0.944815
243.75	0.94492
244	0.945085
244.25	0.94524
244.5	0.945444
244.75	0.945632
245	0.945778
245.25	0.945873
245.5	0.945981
245.75	0.946063
246	0.946088
246.25	0.946193
246.5	0.946249
246.75	0.946277
247	0.946289
247.25	0.946277
247.5	0.946207
247.75	0.946077
248	0.945917
248.25	0.945753
248.5	0.94561
248.75	0.945438
249	0.945241
249.25	0.94501
249.5	0.944781
249.75	0.94455
250	0.944315
250.25	0.944103
250.5	0.943925
250.75	0.943797
251	0.943673
251.25	0.943647
251.5	0.943618
251.75	0.943659
252	0.943728
252.25	0.943857
252.5	0.944022
252.75	0.9442
253	0.944385
253.25	0.944546
253.5	0.944654
253.75	0.944754
254	0.944854
254.25	0.944919
254.5	0.945055
254.75	0.945145
255	0.945191
255.25	0.945216
255.5	0.945222
255.75	0.945183
256	0.945066
256.25	0.94492
256.5	0.94477
256.75	0.944623
257	0.94447
257.25	0.944286
257.5	0.944067
257.75	0.943839
258	0.943619
258.25	0.943383
258.5	0.943163
258.75	0.942957
259	0.942813
259.25	0.942678
259.5	0.942615
259.75	0.942567
260	0.942575
260.25	0.942621
260.5	0.942728
260.75	0.94288
261	0.943043
261.25	0.943214
261.5	0.943376
261.75	0.943496
262	0.94359
262.25	0.9437
262.5	0.943812
262.75	0.943961
263	0.94407
263.25	0.944141
263.5	0.944183
263.75	0.9442
264	0.944169
264.25	0.944078
264.5	0.943947
264.75	0.943804
265	0.943668
265.25	0.943527
265.5	0.943347
265.75	0.943143
266	0.942914
266.25	0.942699
266.5	0.94247
266.75	0.942239
267	0.94203
267.25	0.94185
267.5	0.941708
267.75	0.941621
268	0.941568
268.25	0.941558
268.5	0.941576
268.75	0.94167
269	0.941802
269.25	0.94195
269.5	0.942117
269.75	0.942257
270	0.942378
270.25	0.94248
270.5	0.942609
270.75	0.942752
271	0.942917
271.25	0.943036
271.5	0.943123
271.75	0.943173
272	0.943205
272.25	0.943177
272.5	0.943108
272.75	0.942987
273	0.942862
273.25	0.942726
273.5	0.942589
273.75	0.942415
274	0.94221
274.25	0.941997
274.5	0.941771
274.75	0.941553
275	0.941322
275.25	0.941114
275.5	0.940911
275.75	0.940764
276	0.940655
276.25	0.94059
276.5	0.940579
276.75	0.940585
277	0.940659
277.25	0.94078
277.5	0.940922
277.75	0.941061
278	0.941184
278.25	0.941297
278.5	0.94142
278.75	0.941571
279	0.941732
279.25	0.94191
279.5	0.942039
279.75	0.942132
280	0.942196
280.25	0.942231
280.5	0.942207
280.75	0.942147
281	0.942034
281.25	0.941917
281.5	0.941778
281.75	0.941643
282	0.941471
282.25	0.941266
282.5	0.941063
282.75	0.940845
283	0.940622
283.25	0.940402
283.5	0.940194
283.75	0.939999
284	0.93984
284.25	0.939717
284.5	0.93966
284.75	0.939638
285	0.939644
285.25	0.939704
285.5	0.939809
285.75	0.939939
286	0.940044
286.25	0.940164
286.5	0.940272
286.75	0.94042
287	0.940578
287.25	0.940771
287.5	0.940939
287.75	0.941075
288	0.94117
288.25	0.941243
288.5	0.941272
288.75	0.941254
289	0.941182
289.25	0.941088
289.5	0.94096
289.75	0.940824
290	0.940686
290.25	0.940516
290.5	0.940316
290.75	0.940117
291	0.939909
291.25	0.939692
291.5	0.93949
291.75	0.939285
292	0.939111
292.25	0.938957
292.5	0.938824
292.75	0.938775
293	0.938752
293.25	0.938764
293.5	0.938801
293.75	0.938897
294	0.939006
294.25	0.939102
294.5	0.939199
294.75	0.939328
295	0.93949
295.25	0.939682
295.5	0.939877
295.75	0.94003
296	0.940157
296.25	0.940257
296.5	0.940324
296.75	0.940337
297	0.940311
297.25	0.940237
297.5	0.940144
297.75	0.940015
298	0.939872
298.25	0.939741
298.5	0.939564
298.75	0.939375
299	0.939192
299.25	0.938993
299.5	0.938793
299.75	0.938603
300	0.938422
300.25	0.938263
300.5	0.938125
300.75	0.938027
301	0.937955
301.25	0.937929
301.5	0.937933
301.75	0.937978
302	0.938062
302.25	0.938154
302.5	0.938247
302.75	0.938353
303	0.938502
303.25	0.938692
303.5	0.93889
303.75	0.939056
304	0.93921
304.25	0.939324
304.5	0.939413
304.75	0.939449
305	0.93945
305.25	0.939406
305.5	0.939329
305.75	0.939227
306	0.939096
306.25	0.938958
306.5	0.938816
306.75	0.938648
307	0.938473
307.25	0.938299
307.5	0.938126
307.75	0.937944
308	0.937785
308.25	0.937626
308.5	0.937489
308.75	0.937381
309	0.937292
309.25	0.937223
309.5	0.9372
309.75	0.937216
310	0.937267
310.25	0.937345
310.5	0.937434
310.75	0.937547
311	0.937677
311.25	0.937857
311.5	0.938042
311.75	0.938209
312	0.938363
312.25	0.938487
312.5	0.938581
312.75	0.938628
313	0.93864
313.25	0.938622
313.5	0.938556
313.75	0.938472
314	0.938364
314.25	0.938229
314.5	0.938095
314.75	0.93795
315	0.9378
315.25	0.937656
315.5	0.937509
315.75	0.937358
316	0.937208
316.25	0.937057
316.5	0.936923
316.75	0.936818
317	0.936721
317.25	0.936647
317.5	0.936606
317.75	0.936606
318	0.93664
318.25	0.936701
318.5	0.936776
318.75	0.936887
319	0.937018
319.25	0.937186
319.5	0.93735
319.75	0.937515
320	0.937656
320.25	0.93777
320.5	0.937855
320.75	0.937911
321	0.937928
321.25	0.937916
321.5	0.937866
321.75	0.937798
322	0.9377
322.25	0.93758
322.5	0.937467
322.75	0.93735
323	0.937231
323.25	0.937105
323.5	0.936977
323.75	0.93684
324	0.936696
324.25	0.936565
324.5	0.936442
324.75	0.936339
325	0.936251
325.25	0.936177
325.5	0.936138
325.75	0.936128
326	0.936155
326.25	0.936206
326.5	0.93628
326.75	0.936382
327	0.936518
327.25	0.936674
327.5	0.93683
327.75	0.936968
328	0.937094
328.25	0.937195
328.5	0.93727
328.75	0.937318
329	0.937335
329.25	0.937319
329.5	0.937277
329.75	0.937223
330	0.937138
330.25	0.937039
330.5	0.936958
330.75	0.936862
331	0.936753
331.25	0.936633
331.5	0.936517
331.75	0.936395
332	0.936269
332.25	0.936153
332.5	0.936043
332.75	0.935946
333	0.935864
333.25	0.935806
333.5	0.935775
333.75	0.935777
334	0.935804
334.25	0.93585
334.5	0.935925
334.75	0.936039
335	0.936174
335.25	0.936306
335.5	0.936439
335.75	0.936562
336	0.936668
336.25	0.936755
336.5	0.936816
336.75	0.936848
337	0.936862
337.25	0.936849
337.5	0.936813
337.75	0.936765
338	0.936701
338.25	0.936624
338.5	0.936551
338.75	0.936461
339	0.936362
339.25	0.936252
339.5	0.936145
339.75	0.936038
340	0.935928
340.25	0.935818
340.5	0.935722
340.75	0.935636
341	0.935568
341.25	0.935522
341.5	0.935508
341.75	0.93552
342	0.935554
342.25	0.935614
342.5	0.9357
342.75	0.935805
343	0.935921
343.25	0.936034
343.5	0.936146
343.75	0.936251
344	0.936338
344.25	0.93641
344.5	0.936459
344.75	0.936486
345	0.936495
345.25	0.936482
345.5	0.936458
345.75	0.936423
346	0.936366
346.25	0.936295
346.5	0.936224
346.75	0.936141
347	0.936049
347.25	0.935949
347.5	0.93585
347.75	0.935752
348	0.935654
348.25	0.935557
348.5	0.935467
348.75	0.935396
349	0.935344
349.25	0.935317
349.5	0.93532
349.75	0.935345
350	0.935392
350.25	0.935458
350.5	0.93554
350.75	0.935634
351	0.935731
351.25	0.935826
351.5	0.935918
351.75	0.936006
352	0.936081
352.25	0.936138
352.5	0.936179
352.75	0.936204
353	0.936217
353.25	0.936211
353.5	0.936191
353.75	0.936156
354	0.936102
354.25	0.936037
354.5	0.935967
354.75	0.935892
355	0.935807
355.25	0.935715
355.5	0.93562
355.75	0.935528
356	0.93544
356.25	0.935354
356.5	0.935276
356.75	0.935219
357	0.935185
357.25	0.935181
357.5	0.9352
357.75	0.935231
358	0.93528
358.25	0.935344
358.5	0.93542
358.75	0.935502
359	0.935584
359.25	0.935666
359.5	0.935746
359.75	0.935816
360	0.935879
360.25	0.935928
360.5	0.935964
360.75	0.935991
361	0.936
361.25	0.935992
361.5	0.93597
361.75	0.935935
362	0.935884
362.25	0.935824
362.5	0.935757
362.75	0.935687
363	0.93561
363.25	0.935528
363.5	0.935443
363.75	0.935359
364	0.935278
364.25	0.935203
364.5	0.935143
364.75	0.935103
365	0.935092
365.25	0.935099
365.5	0.935121
365.75	0.935158
366	0.935206
366.25	0.935266
366.5	0.935332
366.75	0.935403
367	0.935474
367.25	0.935546
367.5	0.935613
367.75	0.935673
368	0.935724
368.25	0.935767
368.5	0.935797
368.75	0.935816
369	0.93582
369.25	0.935808
369.5	0.935786
369.75	0.935751
370	0.935705
370.25	0.935648
370.5	0.935586
370.75	0.93552
371	0.935452
371.25	0.935379
371.5	0.935305
371.75	0.935234
372	0.935166
372.25	0.935104
372.5	0.935059
372.75	0.935042
373	0.935045
373.25	0.935058
373.5	0.935084
373.75	0.935121
374	0.935168
374.25	0.93522
374.5	0.935277
374.75	0.935339
375	0.935403
375.25	0.935463
375.5	0.935518
375.75	0.93557
376	0.935613
376.25	0.935645
376.5	0.935669
376.75	0.93568
377	0.935677
377.25	0.935663
377.5	0.93564
377.75	0.935606
378	0.935562
378.25	0.935511
378.5	0.935454
378.75	0.935396
379	0.935334
379.25	0.93527
379.5	0.935208
379.75	0.93515
380	0.935096
380.25	0.935051
380.5	0.935027
380.75	0.935025
381	0.935032
381.25	0.935051
381.5	0.93508
381.75	0.935117
382	0.93516
382.25	0.935205
382.5	0.935255
382.75	0.93531
383	0.935362
383.25	0.935412
383.5	0.935461
383.75	0.935503
384	0.935536
384.25	0.93556
384.5	0.935575
384.75	0.935579
385	0.935571
385.25	0.935554
385.5	0.93553
385.75	0.935497
386	0.935455
386.25	0.935407
386.5	0.935356
386.75	0.935304
387	0.93525
387.25	0.935197
387.5	0.935146
387.75	0.9351
388	0.935062
388.25	0.935035
388.5	0.935028
388.75	0.935033
389	0.935048
389.25	0.935069
389.5	0.935099
389.75	0.935134
390	0.935173
390.25	0.935216
390.5	0.935261
390.75	0.935307
391	0.935352
391.25	0.935397
391.5	0.935437
391.75	0.935468
392	0.935493
392.25	0.93551
392.5	0.935517
392.75	0.935514
393	0.935502
393.25	0.935484
393.5	0.935458
393.75	0.935425
394	0.935386
394.25	0.935342
394.5	0.935296
394.75	0.935249
395	0.935203
395.25	0.93516
395.5	0.935121
395.75	0.935089
396	0.935064
396.25	0.935053
396.5	0.935055
396.75	0.935066
397	0.935084
397.25	0.935109
397.5	0.935139
397.75	0.935173
398	0.935211
398.25	0.935251
398.5	0.93529
398.75	0.935331
399	0.935372
399.25	0.935409
399.5	0.935439
399.75	0.935462
400	0.93548
400.25	0.935489
400.5	0.935489
400.75	0.935481
401	0.935467
401.25	0.935447
401.5	0.935421
401.75	0.935389
402	0.935352
402.25	0.935314
402.5	0.935274
402.75	0.935235
403	0.935198
403.25	0.935165
403.5	0.935137
403.75	0.935115
404	0.935103
404.25	0.935101
404.5	0.935109
404.75	0.935123
405	0.935144
405.25	0.935169
405.5	0.935199
405.75	0.935232
406	0.935266
406.25	0.9353
406.5	0.935335
406.75	0.935371
407	0.935404
407.25	0.935432
407.5	0.935453
407.75	0.935471
408	0.935481
408.25	0.935484
408.5	0.93548
408.75	0.935469
409	0.935453
409.25	0.935433
409.5	0.935408
409.75	0.935379
410	0.935347
410.25	0.935314
410.5	0.93528
410.75	0.935247
411	0.935218
411.25	0.935192
411.5	0.935171
411.75	0.935158
412	0.935152
412.25	0.935154
412.5	0.935163
412.75	0.935179
413	0.935199
413.25	0.935224
413.5	0.935251
413.75	0.935281
414	0.935311
414.25	0.935342
414.5	0.935374
414.75	0.935404
415	0.93543
415.25	0.935452
415.5	0.935469
415.75	0.935482
416	0.935488
416.25	0.935488
416.5	0.935482
416.75	0.93547
417	0.935453
417.25	0.935433
417.5	0.93541
417.75	0.935383
418	0.935355
418.25	0.935326
418.5	0.935297
418.75	0.93527
419	0.935246
419.25	0.935228
419.5	0.935215
419.75	0.935207
420	0.935206
420.25	0.935211
420.5	0.935222
420.75	0.935238
421	0.935258
421.25	0.93528
421.5	0.935305
421.75	0.935332
422	0.935359
422.25	0.935386
422.5	0.935413
422.75	0.935436
423	0.935456
423.25	0.935472
423.5	0.935485
423.75	0.935492
424	0.935495
424.25	0.935492
424.5	0.935483
424.75	0.935471
425	0.935454
425.25	0.935435
425.5	0.935414
425.75	0.93539
426	0.935366
426.25	0.935342
426.5	0.935319
426.75	0.9353
427	0.935284
427.25	0.935271
427.5	0.935263
427.75	0.93526
428	0.935262
428.25	0.93527
428.5	0.935281
428.75	0.935296
429	0.935314
429.25	0.935334
429.5	0.935356
429.75	0.935379
430	0.935402
430.25	0.935424
430.5	0.935444
430.75	0.935462
431	0.935476
431.25	0.935488
431.5	0.935496
431.75	0.9355
432	0.935499
432.25	0.935494
432.5	0.935485
432.75	0.935472
433	0.935457
433.25	0.93544
433.5	0.935422
433.75	0.935403
434	0.935384
434.25	0.935366
434.5	0.935349
434.75	0.935335
435	0.935324
435.25	0.935316
435.5	0.935313
435.75	0.935314
436	0.935319
436.25	0.935327
436.5	0.935338
436.75	0.935352
437	0.935368
437.25	0.935385
437.5	0.935403
437.75	0.935422
438	0.93544
438.25	0.935456
438.5	0.935471
438.75	0.935484
439	0.935494
439.25	0.935502
439.5	0.935506
439.75	0.935507
440	0.935504
440.25	0.935498
440.5	0.935489
440.75	0.935477
441	0.935464
441.25	0.93545
441.5	0.935435
441.75	0.93542
442	0.935405
442.25	0.935392
442.5	0.93538
442.75	0.935371
443	0.935364
443.25	0.93536
443.5	0.935361
443.75	0.935364
444	0.93537
444.25	0.935379
444.5	0.93539
444.75	0.935402
445	0.935416
445.25	0.935431
445.5	0.935446
445.75	0.93546
446	0.935474
446.25	0.935486
446.5	0.935497
446.75	0.935506
447	0.935512
447.25	0.935517
447.5	0.935518
447.75	0.935516
448	0.935512
448.25	0.935505
448.5	0.935496
448.75	0.935486
449	0.935475
449.25	0.935463
449.5	0.93545
449.75	0.935439
450	0.935428
450.25	0.935418
450.5	0.93541
450.75	0.935405
451	0.935402
451.25	0.935401
451.5	0.935404
451.75	0.935409
452	0.935416
452.25	0.935424
452.5	0.935434
452.75	0.935446
453	0.935458
453.25	0.93547
453.5	0.935482
453.75	0.935494
454	0.935504
454.25	0.935513
454.5	0.935521
454.75	0.935527
455	0.935531
455.25	0.935532
455.5	0.935531
455.75	0.935528
456	0.935523
456.25	0.935517
456.5	0.935509
456.75	0.935499
457	0.935489
457.25	0.935479
457.5	0.935469
457.75	0.93546
458	0.935452
458.25	0.935445
458.5	0.93544
458.75	0.935437
459	0.935436
459.25	0.935438
459.5	0.935442
459.75	0.935448
460	0.935455
460.25	0.935463
460.5	0.935472
460.75	0.935482
461	0.935493
461.25	0.935503
461.5	0.935513
461.75	0.935523
462	0.935531
462.25	0.935538
462.5	0.935543
462.75	0.935547
463	0.935549
463.25	0.935549
463.5	0.935547
463.75	0.935543
464	0.935538
464.25	0.935531
464.5	0.935523
464.75	0.935515
465	0.935507
465.25	0.935498
465.5	0.93549
465.75	0.935483
466	0.935477
466.25	0.935472
466.5	0.935469
466.75	0.935467
467	0.935468
467.25	0.935471
467.5	0.935475
467.75	0.935481
468	0.935488
468.25	0.935496
468.5	0.935504
468.75	0.935513
469	0.935522
469.25	0.935531
469.5	0.935539
469.75	0.935546
470	0.935553
470.25	0.935558
470.5	0.935562
470.75	0.935564
471	0.935565
471.25	0.935564
471.5	0.935561
471.75	0.935557
472	0.935552
472.25	0.935546
472.5	0.935539
472.75	0.935532
473	0.935525
473.25	0.935518
473.5	0.935511
473.75	0.935505
474	0.935501
474.25	0.935498
474.5	0.935496
474.75	0.935495
475	0.935497
475.25	0.9355
475.5	0.935505
475.75	0.93551
476	0.935516
476.25	0.935524
476.5	0.935531
476.75	0.935539
477	0.935547
477.25	0.935554
477.5	0.935561
477.75	0.935566
478	0.935572
478.25	0.935576
478.5	0.935578
478.75	0.935579
479	0.935579
479.25	0.935578
479.5	0.935575
479.75	0.935571
480	0.935566
480.25	0.935561
480.5	0.935555
480.75	0.935549
481	0.935543
481.25	0.935537
481.5	0.935532
481.75	0.935528
482	0.935524
482.25	0.935522
482.5	0.935521
482.75	0.935522
483	0.935524
483.25	0.935527
483.5	0.935531
483.75	0.935536
484	0.935542
484.25	0.935548
484.5	0.935555
484.75	0.935562
485	0.935568
485.25	0.935574
485.5	0.935579
485.75	0.935584
486	0.935588
486.25	0.935591
486.5	0.935592
486.75	0.935593
487	0.935592
487.25	0.93559
487.5	0.935587
487.75	0.935584
488	0.935579
488.25	0.935575
488.5	0.93557
488.75	0.935564
489	0.93556
489.25	0.935555
489.5	0.935551
489.75	0.935548
490	0.935546
490.25	0.935544
490.5	0.935544
490.75	0.935545
491	0.935547
491.25	0.93555
491.5	0.935554
491.75	0.935559
492	0.935564
492.25	0.935569
492.5	0.935575
492.75	0.935581
493	0.935586
493.25	0.935591
493.5	0.935596
493.75	0.9356
494	0.935603
494.25	0.935605
494.5	0.935606
494.75	0.935606
495	0.935605
495.25	0.935603
495.5	0.9356
495.75	0.935597
496	0.935593
496.25	0.935588
496.5	0.935584
496.75	0.935579
497	0.935575
497.25	0.935571
497.5	0.935568
497.75	0.935566
498	0.935564
498.25	0.935563
498.5	0.935564
498.75	0.935565
499	0.935567
499.25	0.93557
499.5	0.935574
499.75	0.935579
500	0.935583
500.25	0.935588
500.5	0.935593
500.75	0.935598
501	0.935602
501.25	0.935606
501.5	0.93561
501.75	0.935613
502	0.935615
502.25	0.935616
502.5	0.935617
502.75	0.935616
503	0.935615
503.25	0.935613
503.5	0.93561
503.75	0.935607
504	0.935603
504.25	0.9356
504.5	0.935596
504.75	0.935592
505	0.935589
505.25	0.935586
505.5	0.935584
505.75	0.935582
506	0.935581
506.25	0.935581
506.5	0.935582
506.75	0.935584
507	0.935586
507.25	0.935589
507.5	0.935593
507.75	0.935596
508	0.9356
508.25	0.935605
508.5	0.935609
508.75	0.935613
509	0.935616
509.25	0.93562
509.5	0.935622
509.75	0.935624
510	0.935625
510.25	0.935626
510.5	0.935626
510.75	0.935625
511	0.935624
511.25	0.935622
511.5	0.935619
511.75	0.935616
512	0.935613
512.25	0.93561
512.5	0.935607
512.75	0.935604
513	0.935602
513.25	0.935599
513.5	0.935598
513.75	0.935597
514	0.935597
514.25	0.935597
514.5	0.935598
514.75	0.9356
515	0.935602
515.25	0.935605
515.5	0.935608
515.75	0.935612
516	0.935615
516.25	0.935619
516.5	0.935622
516.75	0.935625
517	0.935628
517.25	0.93563
517.5	0.935632
517.75	0.935634
518	0.935634
518.25	0.935634
518.5	0.935634
518.75	0.935633
519	0.935631
519.25	0.935629
519.5	0.935627
519.75	0.935624
520	0.935622
520.25	0.935619
520.5	0.935617
520.75	0.935615
521	0.935613
521.25	0.935611
521.5	0.93561
521.75	0.93561
522	0.93561
522.25	0.935611
522.5	0.935612
522.75	0.935614
523	0.935616
523.25	0.935619
523.5	0.935622
523.75	0.935625
524	0.935628
524.25	0.935631
524.5	0.935633
524.75	0.935636
525	0.935638
525.25	0.93564
525.5	0.935641
525.75	0.935642
526	0.935642
526.25	0.935642
526.5	0.935641
526.75	0.93564
527	0.935638
527.25	0.935636
527.5	0.935634
527.75	0.935632
528	0.93563
528.25	0.935627
528.5	0.935625
528.75	0.935624
529	0.935622
529.25	0.935622
529.5	0.935621
529.75	0.935621
530	0.935622
530.25	0.935623
530.5	0.935624
530.75	0.935626
531	0.935628
531.25	0.93563
531.5	0.935633
531.75	0.935635
532	0.935638
532.25	0.93564
532.5	0.935643
532.75	0.935644
533	0.935646
533.25	0.935647
533.5	0.935648
533.75	0.935648
534	0.935648
534.25	0.935648
534.5	0.935647
534.75	0.935646
535	0.935644
535.25	0.935642
535.5	0.93564
535.75	0.935639
536	0.935637
536.25	0.935635
536.5	0.935633
536.75	0.935632
537	0.935631
537.25	0.935631
537.5	0.935631
537.75	0.935631
538	0.935631
538.25	0.935632
538.5	0.935634
538.75	0.935635
539	0.935637
539.25	0.935639
539.5	0.935642
539.75	0.935644
540	0.935646
540.25	0.935648
540.5	0.93565
540.75	0.935651
541	0.935653
541.25	0.935654
541.5	0.935655
541.75	0.935655
542	0.935655
542.25	0.935654
542.5	0.935653
542.75	0.935652
543	0.935651
543.25	0.935649
543.5	0.935648
543.75	0.935646
544	0.935644
544.25	0.935642
544.5	0.935641
544.75	0.935639
545	0.935639
545.25	0.935638
545.5	0.935638
545.75	0.935638
546	0.935638
546.25	0.935639
546.5	0.935641
546.75	0.935642
547	0.935644
547.25	0.935646
547.5	0.935648
547.75	0.93565
548	0.935652
548.25	0.935654
548.5	0.935656
548.75	0.935657
549	0.935659
549.25	0.93566
549.5	0.93566
549.75	0.93566
550	0.93566
550.25	0.93566
550.5	0.935659
550.75	0.935658
551	0.935656
551.25	0.935654
551.5	0.935653
551.75	0.935651
552	0.935649
552.25	0.935647
552.5	0.935646
552.75	0.935645
553	0.935644
553.25	0.935643
553.5	0.935643
553.75	0.935643
554	0.935644
554.25	0.935645
554.5	0.935646
554.75	0.935648
555	0.93565
555.25	0.935652
555.5	0.935654
555.75	0.935656
556	0.935658
556.25	0.93566
556.5	0.935661
556.75	0.935663
557	0.935664
557.25	0.935665
557.5	0.935665
557.75	0.935665
558	0.935665
558.25	0.935664
558.5	0.935663
558.75	0.935662
559	0.935661
559.25	0.935659
559.5	0.935657
559.75	0.935655
560	0.935654
560.25	0.935652
560.5	0.935651
560.75	0.935649
561	0.935648
561.25	0.935648
561.5	0.935648
561.75	0.935648
562	0.935648
562.25	0.935649
562.5	0.935651
562.75	0.935652
563	0.935654
563.25	0.935656
563.5	0.935658
563.75	0.93566
564	0.935662
564.25	0.935664
564.5	0.935665
564.75	0.935667
565	0.935668
565.25	0.935669
565.5	0.935669
565.75	0.935669
566	0.935669
566.25	0.935669
566.5	0.935668
566.75	0.935666
567	0.935665
567.25	0.935663
567.5	0.935661
567.75	0.93566
568	0.935658
568.25	0.935656
568.5	0.935655
568.75	0.935654
569	0.935652
569.25	0.935652
569.5	0.935652
569.75	0.935652
570	0.935652
570.25	0.935653
570.5	0.935654
570.75	0.935655
571	0.935657
571.25	0.935659
571.5	0.93566
571.75	0.935662
572	0.935664
572.25	0.935666
572.5	0.935668
572.75	0.935669
573	0.935671
573.25	0.935671
573.5	0.935672
573.75	0.935672
574	0.935672
574.25	0.935672
574.5	0.935671
574.75	0.93567
575	0.935669
575.25	0.935667
575.5	0.935666
575.75	0.935664
576	0.935662
576.25	0.935661
576.5	0.935659
576.75	0.935658
577	0.935656
577.25	0.935656
577.5	0.935655
577.75	0.935655
578	0.935655
578.25	0.935655
578.5	0.935656
578.75	0.935657
579	0.935659
579.25	0.93566
579.5	0.935662
579.75	0.935664
580	0.935665
580.25	0.935667
580.5	0.935669
580.75	0.935671
581	0.935672
581.25	0.935673
581.5	0.935674
581.75	0.935674
582	0.935675
582.25	0.935675
582.5	0.935674
582.75	0.935673
583	0.935672
583.25	0.935671
583.5	0.935669
583.75	0.935668
584	0.935666
584.25	0.935664
584.5	0.935663
584.75	0.935661
585	0.93566
585.25	0.935659
585.5	0.935658
585.75	0.935658
586	0.935658
586.25	0.935658
586.5	0.935658
586.75	0.935659
587	0.93566
587.25	0.935661
587.5	0.935663
587.75	0.935665
588	0.935666
588.25	0.935668
588.5	0.93567
588.75	0.935671
589	0.935673
589.25	0.935674
589.5	0.935675
589.75	0.935676
590	0.935676
590.25	0.935676
590.5	0.935676
590.75	0.935675
591	0.935675
591.25	0.935673
591.5	0.935672
591.75	0.935671
592	0.935669
592.25	0.935667
592.5	0.935666
592.75	0.935664
593	0.935663
593.25	0.935662
593.5	0.935661
593.75	0.93566
594	0.93566
594.25	0.93566
594.5	0.93566
594.75	0.93566
595	0.935661
595.25	0.935662
595.5	0.935664
595.75	0.935665
596	0.935667
596.25	0.935668
596.5	0.93567
596.75	0.935672
597	0.935673
597.25	0.935674
597.5	0.935676
597.75	0.935676
598	0.935677
598.25	0.935677
598.5	0.935677
598.75	0.935677
599	0.935676
599.25	0.935676
599.5	0.935674
599.75	0.935673
600	0.935672
600.25	0.93567
600.5	0.935669
600.75	0.935667
601	0.935666
601.25	0.935665
601.5	0.935664
601.75	0.935663
602	0.935662
602.25	0.935662
602.5	0.935662
602.75	0.935662
603	0.935663
603.25	0.935663
603.5	0.935664
603.75	0.935666
604	0.935667
604.25	0.935668
604.5	0.93567
604.75	0.935671
605	0.935673
605.25	0.935674
605.5	0.935675
605.75	0.935676
606	0.935677
606.25	0.935677
606.5	0.935677
606.75	0.935677
607	0.935677
607.25	0.935677
607.5	0.935676
607.75	0.935675
608	0.935674
608.25	0.935673
608.5	0.935671
608.75	0.93567
609	0.935669
609.25	0.935668
609.5	0.935667
609.75	0.935666
610	0.935665
610.25	0.935665
610.5	0.935664
610.75	0.935664
611	0.935665
611.25	0.935665
611.5	0.935666
611.75	0.935666
612	0.935667
612.25	0.935668
612.5	0.935669
612.75	0.93567
613	0.935671
613.25	0.935672
613.5	0.935673
613.75	0.935674
614	0.935675
614.25	0.935675
614.5	0.935676
614.75	0.935676
615	0.935676
615.25	0.935676
615.5	0.935676
615.75	0.935675
616	0.935675
616.25	0.935674
616.5	0.935673
616.75	0.935673
617	0.935672
617.25	0.935671
617.5	0.93567
617.75	0.93567
618	0.935669
618.25	0.935669
618.5	0.935669
618.75	0.935668
619	0.935668
619.25	0.935668
619.5	0.935668
619.75	0.935669
620	0.935669
620.25	0.935669
620.5	0.935669
620.75	0.93567
621	0.93567
621.25	0.935671
621.5	0.935671
621.75	0.935671
622	0.935672
622.25	0.935672
622.5	0.935672
622.75	0.935673
623	0.935673
623.25	0.935673
623.5	0.935673
623.75	0.935673
624	0.935673
624.25	0.935673
624.5	0.935674
624.75	0.935674
625	0.935674
625.25	0.935674
625.5	0.935674
625.75	0.935674
626	0.935674
626.25	0.935674
626.5	0.935674
626.75	0.935674
627	0.935673
627.25	0.935673
627.5	0.935673
627.75	0.935673
628	0.935672
628.25	0.935672
628.5	0.935671
628.75	0.935671
629	0.93567
629.25	0.93567
629.5	0.935669
629.75	0.935669
630	0.935668
630.25	0.935668
630.5	0.935668
630.75	0.935668
631	0.935668
631.25	0.935668
631.5	0.935669
631.75	0.935669
632	0.93567
632.25	0.935671
632.5	0.935671
632.75	0.935672
633	0.935673
633.25	0.935674
633.5	0.935675
633.75	0.935676
634	0.935677
634.25	0.935678
634.5	0.935678
634.75	0.935679
635	0.935679
635.25	0.935679
635.5	0.935679
635.75	0.935678
636	0.935677
636.25	0.935676
636.5	0.935675
636.75	0.935674
637	0.935672
637.25	0.935671
637.5	0.935669
637.75	0.935668
638	0.935667
638.25	0.935665
638.5	0.935664
638.75	0.935664
639	0.935663
639.25	0.935663
639.5	0.935664
639.75	0.935664
640	0.935665
640.25	0.935667
640.5	0.935668
640.75	0.93567
641	0.935672
641.25	0.935674
641.5	0.935676
641.75	0.935677
642	0.935679
642.25	0.93568
642.5	0.935681
642.75	0.935682
643	0.935683
643.25	0.935683
643.5	0.935682
643.75	0.935681
644	0.93568
644.25	0.935679
644.5	0.935677
644.75	0.935676
645	0.935673
645.25	0.935672
645.5	0.93567
645.75	0.935668
646	0.935666
646.25	0.935665
646.5	0.935664
646.75	0.935663
647	0.935662
647.25	0.935662
647.5	0.935663
647.75	0.935664
648	0.935665
648.25	0.935666
648.5	0.935668
648.75	0.93567
649	0.935672
649.25	0.935673
649.5	0.935675
649.75	0.935677
650	0.935679
650.25	0.935681
650.5	0.935682
650.75	0.935683
651	0.935683
651.25	0.935683
651.5	0.935683
651.75	0.935682
652	0.935681
652.25	0.93568
652.5	0.935679
652.75	0.935677
653	0.935675
653.25	0.935673
653.5	0.935671
653.75	0.935669
654	0.935668
654.25	0.935666
654.5	0.935665
654.75	0.935664
655	0.935663
655.25	0.935663
655.5	0.935663
655.75	0.935663
656	0.935664
656.25	0.935665
656.5	0.935666
656.75	0.935668
657	0.93567
657.25	0.935672
657.5	0.935673
657.75	0.935675
658	0.935677
658.25	0.935679
658.5	0.93568
658.75	0.935681
659	0.935682
659.25	0.935683
659.5	0.935683
659.75	0.935683
660	0.935682
660.25	0.935681
660.5	0.93568
660.75	0.935679
661	0.935677
661.25	0.935675
661.5	0.935673
661.75	0.935672
662	0.93567
662.25	0.935668
662.5	0.935667
662.75	0.935666
663	0.935665
663.25	0.935664
663.5	0.935664
663.75	0.935664
664	0.935664
664.25	0.935665
664.5	0.935666
664.75	0.935667
665	0.935668
665.25	0.93567
665.5	0.935672
665.75	0.935673
666	0.935675
666.25	0.935676
666.5	0.935678
666.75	0.935679
667	0.93568
667.25	0.935681
667.5	0.935681
667.75	0.935681
668	0.935681
668.25	0.93568
668.5	0.93568
668.75	0.935679
669	0.935677
669.25	0.935676
669.5	0.935674
669.75	0.935673
670	0.935671
670.25	0.93567
670.5	0.935669
670.75	0.935667
671	0.935667
671.25	0.935666
671.5	0.935666
671.75	0.935665
672	0.935666
672.25	0.935666
672.5	0.935667
672.75	0.935668
673	0.935669
673.25	0.93567
673.5	0.935671
673.75	0.935673
674	0.935674
674.25	0.935675
674.5	0.935676
674.75	0.935677
675	0.935678
675.25	0.935679
675.5	0.935679
675.75	0.935679
676	0.935679
676.25	0.935678
676.5	0.935678
676.75	0.935677
677	0.935676
677.25	0.935675
677.5	0.935674
677.75	0.935673
678	0.935671
678.25	0.93567
678.5	0.935669
678.75	0.935669
679	0.935668
679.25	0.935668
679.5	0.935667
679.75	0.935667
680	0.935668
680.25	0.935668
680.5	0.935669
680.75	0.935669
681	0.93567
681.25	0.935671
681.5	0.935672
681.75	0.935673
682	0.935674
682.25	0.935675
682.5	0.935675
682.75	0.935676
683	0.935677
683.25	0.935677
683.5	0.935677
683.75	0.935677
684	0.935677
684.25	0.935677
684.5	0.935676
684.75	0.935675
685	0.935675
685.25	0.935674
685.5	0.935673
685.75	0.935672
686	0.935672
686.25	0.935671
686.5	0.93567
686.75	0.93567
687	0.935669
687.25	0.935669
687.5	0.935669
687.75	0.935669
688	0.935669
688.25	0.93567
688.5	0.93567
688.75	0.93567
689	0.935671
689.25	0.935672
689.5	0.935672
689.75	0.935673
690	0.935673
690.25	0.935674
690.5	0.935674
690.75	0.935675
691	0.935675
691.25	0.935675
691.5	0.935675
691.75	0.935675
692	0.935675
692.25	0.935675
692.5	0.935674
692.75	0.935674
693	0.935674
693.25	0.935673
693.5	0.935673
693.75	0.935673
694	0.935672
694.25	0.935672
694.5	0.935672
694.75	0.935672
695	0.935671
695.25	0.935671
695.5	0.935671
695.75	0.935671
696	0.935672
696.25	0.935672
696.5	0.935672
696.75	0.935672
697	0.935672
697.25	0.935672
697.5	0.935672
697.75	0.935673
698	0.935673
698.25	0.935673
698.5	0.935673
698.75	0.935672
699	0.935672
699.25	0.935672
699.5	0.935672
699.75	0.935672
700	0.935672
700.25	0.935672
700.5	0.935672
700.75	0.935672
701	0.935672
701.25	0.935672
701.5	0.935672
701.75	0.935672
702	0.935672
702.25	0.935673
702.5	0.935673
702.75	0.935673
703	0.935674
703.25	0.935674
703.5	0.935674
703.75	0.935675
704	0.935675
704.25	0.935675
704.5	0.935675
704.75	0.935675
705	0.935675
705.25	0.935675
705.5	0.935674
705.75	0.935674
706	0.935673
706.25	0.935672
706.5	0.935672
706.75	0.935671
707	0.93567
707.25	0.93567
707.5	0.935669
707.75	0.935669
708	0.935668
708.25	0.935668
708.5	0.935668
708.75	0.935668
709	0.935668
709.25	0.935669
709.5	0.935669
709.75	0.93567
710	0.935671
710.25	0.935672
710.5	0.935673
710.75	0.935674
711	0.935675
711.25	0.935676
711.5	0.935677
711.75	0.935677
712	0.935678
712.25	0.935678
712.5	0.935679
712.75	0.935679
713	0.935678
713.25	0.935678
713.5	0.935677
713.75	0.935676
714	0.935675
714.25	0.935674
714.5	0.935673
714.75	0.935671
715	0.93567
715.25	0.935669
715.5	0.935667
715.75	0.935666
716	0.935665
716.25	0.935665
716.5	0.935664
716.75	0.935664
717	0.935664
717.25	0.935665
717.5	0.935666
717.75	0.935667
718	0.935668
718.25	0.93567
718.5	0.935671
718.75	0.935673
719	0.935675
719.25	0.935676
719.5	0.935678
719.75	0.935679
720	0.93568
720.25	0.935681
720.5	0.935682
720.75	0.935682
721	0.935682
721.25	0.935681
721.5	0.93568
721.75	0.935679
722	0.935677
722.25	0.935675
722.5	0.935674
722.75	0.935672
723	0.93567
723.25	0.935668
723.5	0.935666
723.75	0.935665
724	0.935664
724.25	0.935663
724.5	0.935663
724.75	0.935663
725	0.935663
725.25	0.935663
725.5	0.935664
725.75	0.935666
726	0.935667
726.25	0.935669
726.5	0.935671
726.75	0.935673
727	0.935674
727.25	0.935676
727.5	0.935678
727.75	0.935679
728	0.93568
728.25	0.935681
728.5	0.935682
728.75	0.935682
729	0.935682
729.25	0.935681
729.5	0.93568
729.75	0.935679
730	0.935678
730.25	0.935676
730.5	0.935674
730.75	0.935672
731	0.935671
731.25	0.935669
731.5	0.935667
731.75	0.935666
732	0.935664
732.25	0.935663
732.5	0.935663
732.75	0.935663
733	0.935663
733.25	0.935663
733.5	0.935664
733.75	0.935665
734	0.935666
734.25	0.935668
734.5	0.93567
734.75	0.935671
735	0.935673
735.25	0.935675
735.5	0.935677
735.75	0.935678
736	0.935679
736.25	0.93568
736.5	0.935681
736.75	0.935681
737	0.935681
737.25	0.935681
737.5	0.93568
737.75	0.935679
738	0.935678
738.25	0.935676
738.5	0.935675
738.75	0.935673
739	0.935671
739.25	0.93567
739.5	0.935668
739.75	0.935667
740	0.935666
740.25	0.935665
740.5	0.935664
740.75	0.935664
741	0.935664
741.25	0.935664
741.5	0.935665
741.75	0.935666
742	0.935667
742.25	0.935668
742.5	0.935669
742.75	0.935671
743	0.935673
743.25	0.935674
743.5	0.935675
743.75	0.935677
744	0.935678
744.25	0.935678
744.5	0.935679
744.75	0.935679
745	0.935679
745.25	0.935679
745.5	0.935678
745.75	0.935677
746	0.935676
746.25	0.935675
746.5	0.935674
746.75	0.935673
747	0.935671
747.25	0.93567
747.5	0.935669
747.75	0.935668
748	0.935667
748.25	0.935667
748.5	0.935666
748.75	0.935666
749	0.935666
749.25	0.935667
749.5	0.935667
749.75	0.935668
750	0.935669
750.25	0.93567
750.5	0.935671
750.75	0.935672
751	0.935673
751.25	0.935674
751.5	0.935675
751.75	0.935676
752	0.935676
752.25	0.935677
752.5	0.935677
752.75	0.935676
753	0.935676
753.25	0.935676
753.5	0.935675
753.75	0.935674
754	0.935673
754.25	0.935672
754.5	0.935671
754.75	0.935671
755	0.93567
755.25	0.935669
755.5	0.935669
755.75	0.935668
756	0.935668
756.25	0.935668
756.5	0.935669
756.75	0.935669
757	0.935669
757.25	0.93567
757.5	0.935671
757.75	0.935672
758	0.935672
758.25	0.935673
758.5	0.935674
758.75	0.935674
759	0.935675
759.25	0.935675
759.5	0.935675
759.75	0.935675
760	0.935675
760.25	0.935675
760.5	0.935674
760.75	0.935673
761	0.935673
761.25	0.935672
761.5	0.935671
761.75	0.93567
762	0.93567
762.25	0.935669
762.5	0.935669
762.75	0.935668
763	0.935668
763.25	0.935668
763.5	0.935669
763.75	0.935669
764	0.93567
764.25	0.93567
764.5	0.935671
764.75	0.935672
765	0.935673
765.25	0.935674
765.5	0.935674
765.75	0.935675
766	0.935676
766.25	0.935676
766.5	0.935676
766.75	0.935676
767	0.935676
767.25	0.935676
767.5	0.935675
767.75	0.935674
768	0.935673
768.25	0.935672
768.5	0.935671
768.75	0.93567
769	0.935669
769.25	0.935668
769.5	0.935667
769.75	0.935667
770	0.935666
770.25	0.935666
770.5	0.935666
770.75	0.935666
771	0.935667
771.25	0.935668
771.5	0.935669
771.75	0.93567
772	0.935671
772.25	0.935672
772.5	0.935674
772.75	0.935675
773	0.935676
773.25	0.935677
773.5	0.935678
773.75	0.935679
774	0.935679
774.25	0.935679
774.5	0.935679
774.75	0.935679
775	0.935678
775.25	0.935677
775.5	0.935675
775.75	0.935674
776	0.935672
776.25	0.93567
776.5	0.935669
776.75	0.935667
777	0.935666
777.25	0.935664
777.5	0.935663
777.75	0.935663
778	0.935663
778.25	0.935663
778.5	0.935664
778.75	0.935665
779	0.935666
779.25	0.935668
779.5	0.935669
779.75	0.935671
780	0.935673
780.25	0.935675
780.5	0.935677
780.75	0.935678
781	0.935679
781.25	0.93568
781.5	0.935681
781.75	0.935681
782	0.935681
782.25	0.935681
782.5	0.93568
782.75	0.935679
783	0.935677
783.25	0.935675
783.5	0.935674
783.75	0.935671
784	0.93567
784.25	0.935668
784.5	0.935666
784.75	0.935665
785	0.935663
785.25	0.935663
785.5	0.935662
785.75	0.935662
786	0.935662
786.25	0.935663
786.5	0.935664
786.75	0.935665
787	0.935667
787.25	0.935669
787.5	0.93567
787.75	0.935672
788	0.935674
788.25	0.935676
788.5	0.935678
788.75	0.935679
789	0.93568
789.25	0.935681
789.5	0.935682
789.75	0.935682
790	0.935681
790.25	0.935681
790.5	0.93568
790.75	0.935678
791	0.935677
791.25	0.935675
791.5	0.935673
791.75	0.935671
792	0.935669
792.25	0.935668
792.5	0.935666
792.75	0.935665
793	0.935663
793.25	0.935663
793.5	0.935662
793.75	0.935662
794	0.935663
794.25	0.935663
794.5	0.935664
794.75	0.935666
795	0.935667
795.25	0.935669
795.5	0.935671
795.75	0.935672
796	0.935674
796.25	0.935676
796.5	0.935677
796.75	0.935679
797	0.93568
797.25	0.93568
797.5	0.935681
797.75	0.935681
798	0.935681
798.25	0.93568
798.5	0.935679
798.75	0.935678
799	0.935676
799.25	0.935675
799.5	0.935673
799.75	0.935671
800	0.935669
800.25	0.935668
800.5	0.935666
800.75	0.935665
801	0.935664
801.25	0.935664
801.5	0.935663
801.75	0.935663
802	0.935664
802.25	0.935664
802.5	0.935665
802.75	0.935667
803	0.935668
803.25	0.93567
803.5	0.935671
803.75	0.935673
804	0.935674
804.25	0.935676
804.5	0.935677
804.75	0.935678
805	0.935679
805.25	0.93568
805.5	0.93568
805.75	0.93568
806	0.935679
806.25	0.935678
806.5	0.935677
806.75	0.935676
807	0.935675
807.25	0.935673
807.5	0.935672
807.75	0.93567
808	0.935669
808.25	0.935667
808.5	0.935666
808.75	0.935665
809	0.935665
809.25	0.935664
809.5	0.935664
809.75	0.935665
810	0.935665
810.25	0.935666
810.5	0.935667
810.75	0.935668
811	0.93567
811.25	0.935671
811.5	0.935673
811.75	0.935674
812	0.935675
812.25	0.935677
812.5	0.935678
812.75	0.935678
813	0.935679
813.25	0.935679
813.5	0.935678
813.75	0.935678
814	0.935677
814.25	0.935676
814.5	0.935675
814.75	0.935674
815	0.935672
815.25	0.935671
815.5	0.93567
815.75	0.935668
816	0.935667
816.25	0.935666
816.5	0.935666
816.75	0.935665
817	0.935665
817.25	0.935665
817.5	0.935666
817.75	0.935666
818	0.935667
818.25	0.935668
818.5	0.935669
818.75	0.935671
819	0.935672
819.25	0.935673
819.5	0.935674
819.75	0.935675
820	0.935676
820.25	0.935677
820.5	0.935677
820.75	0.935678
821	0.935678
821.25	0.935677
821.5	0.935677
821.75	0.935676
822	0.935675
822.25	0.935674
822.5	0.935673
822.75	0.935672
823	0.935671
823.25	0.935669
823.5	0.935668
823.75	0.935668
824	0.935667
824.25	0.935667
824.5	0.935666
824.75	0.935666
825	0.935667
825.25	0.935667
825.5	0.935668
825.75	0.935669
826	0.93567
826.25	0.935671
826.5	0.935672
826.75	0.935673
827	0.935674
827.25	0.935674
827.5	0.935675
827.75	0.935676
828	0.935676
828.25	0.935676
828.5	0.935676
828.75	0.935676
829	0.935675
829.25	0.935675
829.5	0.935674
829.75	0.935673
830	0.935672
830.25	0.935671
830.5	0.93567
830.75	0.935669
831	0.935669
831.25	0.935668
831.5	0.935668
831.75	0.935668
832	0.935668
832.25	0.935668
832.5	0.935668
832.75	0.935669
833	0.935669
833.25	0.93567
833.5	0.935671
833.75	0.935672
834	0.935673
834.25	0.935674
834.5	0.935675
834.75	0.935675
835	0.935676
835.25	0.935676
835.5	0.935676
835.75	0.935676
836	0.935676
836.25	0.935675
836.5	0.935674
836.75	0.935673
837	0.935672
837.25	0.935671
837.5	0.93567
837.75	0.935669
838	0.935668
838.25	0.935667
838.5	0.935667
838.75	0.935666
839	0.935666
839.25	0.935666
839.5	0.935667
839.75	0.935667
840	0.935668
840.25	0.935669
840.5	0.93567
840.75	0.935671
841	0.935673
841.25	0.935674
841.5	0.935675
841.75	0.935676
842	0.935677
842.25	0.935678
842.5	0.935679
842.75	0.935679
843	0.935679
843.25	0.935678
843.5	0.935678
843.75	0.935677
844	0.935676
844.25	0.935674
844.5	0.935673
844.75	0.935671
845	0.935669
845.25	0.935668
845.5	0.935666
845.75	0.935665
846	0.935664
846.25	0.935663
846.5	0.935663
846.75	0.935663
847	0.935663
847.25	0.935664
847.5	0.935665
847.75	0.935667
848	0.935668
848.25	0.93567
848.5	0.935672
848.75	0.935674
849	0.935675
849.25	0.935677
849.5	0.935678
849.75	0.93568
850	0.935681
850.25	0.935681
850.5	0.935681
850.75	0.935681
851	0.93568
851.25	0.935679
851.5	0.935678
851.75	0.935676
852	0.935674
852.25	0.935672
852.5	0.935671
852.75	0.935669
853	0.935667
853.25	0.935665
853.5	0.935664
853.75	0.935663
854	0.935662
854.25	0.935662
854.5	0.935662
854.75	0.935662
855	0.935663
855.25	0.935664
855.5	0.935666
855.75	0.935668
856	0.935669
856.25	0.935671
856.5	0.935673
856.75	0.935675
857	0.935677
857.25	0.935678
857.5	0.93568
857.75	0.935681
858	0.935681
858.25	0.935682
858.5	0.935681
858.75	0.935681
859	0.93568
859.25	0.935679
859.5	0.935677
859.75	0.935676
860	0.935674
860.25	0.935672
860.5	0.93567
860.75	0.935668
861	0.935667
861.25	0.935665
861.5	0.935664
861.75	0.935663
862	0.935662
862.25	0.935662
862.5	0.935662
862.75	0.935663
863	0.935664
863.25	0.935665
863.5	0.935666
863.75	0.935668
864	0.93567
864.25	0.935672
864.5	0.935673
864.75	0.935675
865	0.935677
865.25	0.935678
865.5	0.935679
865.75	0.93568
866	0.935681
866.25	0.935681
866.5	0.935681
866.75	0.93568
867	0.935679
867.25	0.935678
867.5	0.935677
867.75	0.935675
868	0.935673
868.25	0.935672
868.5	0.93567
868.75	0.935668
869	0.935667
869.25	0.935665
869.5	0.935664
869.75	0.935664
870	0.935663
870.25	0.935663
870.5	0.935663
870.75	0.935664
871	0.935665
871.25	0.935666
871.5	0.935668
871.75	0.935669
872	0.935671
872.25	0.935672
872.5	0.935674
872.75	0.935676
873	0.935677
873.25	0.935678
873.5	0.935679
873.75	0.93568
874	0.93568
874.25	0.93568
874.5	0.935679
874.75	0.935679
875	0.935678
875.25	0.935676
875.5	0.935675
875.75	0.935673
876	0.935672
876.25	0.93567
876.5	0.935669
876.75	0.935667
877	0.935666
877.25	0.935665
877.5	0.935664
877.75	0.935664
878	0.935664
878.25	0.935664
878.5	0.935665
878.75	0.935666
879	0.935667
879.25	0.935668
879.5	0.93567
879.75	0.935671
880	0.935673
880.25	0.935674
880.5	0.935676
880.75	0.935677
881	0.935678
881.25	0.935679
881.5	0.935679
881.75	0.935679
882	0.935679
882.25	0.935679
882.5	0.935678
882.75	0.935677
883	0.935676
883.25	0.935674
883.5	0.935673
883.75	0.935671
884	0.93567
884.25	0.935668
884.5	0.935667
884.75	0.935666
885	0.935665
885.25	0.935664
885.5	0.935664
885.75	0.935664
886	0.935665
886.25	0.935665
886.5	0.935666
886.75	0.935667
887	0.935669
887.25	0.93567
887.5	0.935672
887.75	0.935673
888	0.935674
888.25	0.935676
888.5	0.935677
888.75	0.935678
889	0.935678
889.25	0.935679
889.5	0.935679
889.75	0.935679
890	0.935678
890.25	0.935677
890.5	0.935676
890.75	0.935675
891	0.935674
891.25	0.935672
891.5	0.935671
891.75	0.935669
892	0.935668
892.25	0.935667
892.5	0.935666
892.75	0.935665
893	0.935665
893.25	0.935665
893.5	0.935665
893.75	0.935666
894	0.935666
894.25	0.935667
894.5	0.935668
894.75	0.935669
895	0.935671
895.25	0.935672
895.5	0.935673
895.75	0.935675
896	0.935676
896.25	0.935676
896.5	0.935677
896.75	0.935678
897	0.935678
897.25	0.935678
897.5	0.935677
897.75	0.935677
898	0.935676
898.25	0.935675
898.5	0.935674
898.75	0.935672
899	0.935671
899.25	0.93567
899.5	0.935669
899.75	0.935668
900	0.935667
900.25	0.935667
900.5	0.935666
900.75	0.935666
901	0.935666
901.25	0.935667
901.5	0.935667
901.75	0.935668
902	0.935669
902.25	0.93567
902.5	0.935671
902.75	0.935672
903	0.935674
903.25	0.935674
903.5	0.935675
903.75	0.935676
904	0.935676
904.25	0.935677
904.5	0.935677
904.75	0.935676
905	0.935676
905.25	0.935675
905.5	0.935674
905.75	0.935673
906	0.935672
906.25	0.935671
906.5	0.93567
906.75	0.935669
907	0.935668
907.25	0.935667
907.5	0.935667
907.75	0.935666
908	0.935666
908.25	0.935666
908.5	0.935667
908.75	0.935668
909	0.935668
909.25	0.935669
909.5	0.935671
909.75	0.935672
910	0.935673
910.25	0.935674
910.5	0.935675
910.75	0.935676
911	0.935677
911.25	0.935678
911.5	0.935678
911.75	0.935678
912	0.935678
912.25	0.935677
912.5	0.935676
912.75	0.935675
913	0.935674
913.25	0.935673
913.5	0.935671
913.75	0.93567
914	0.935668
914.25	0.935667
914.5	0.935666
914.75	0.935665
915	0.935664
915.25	0.935664
915.5	0.935664
915.75	0.935664
916	0.935665
916.25	0.935666
916.5	0.935667
916.75	0.935668
917	0.93567
917.25	0.935672
917.5	0.935674
917.75	0.935675
918	0.935677
918.25	0.935678
918.5	0.935679
918.75	0.93568
919	0.935681
919.25	0.935681
919.5	0.93568
919.75	0.93568
920	0.935678
920.25	0.935677
920.5	0.935675
920.75	0.935674
921	0.935672
921.25	0.93567
921.5	0.935668
921.75	0.935666
922	0.935665
922.25	0.935664
922.5	0.935663
922.75	0.935662
923	0.935662
923.25	0.935662
923.5	0.935663
923.75	0.935664
924	0.935665
924.25	0.935667
924.5	0.935669
924.75	0.935671
925	0.935673
925.25	0.935674
925.5	0.935676
925.75	0.935678
926	0.935679
926.25	0.93568
926.5	0.935681
926.75	0.935681
927	0.935681
927.25	0.935681
927.5	0.93568
927.75	0.935679
928	0.935678
928.25	0.935676
928.5	0.935674
928.75	0.935672
929	0.93567
929.25	0.935669
929.5	0.935667
929.75	0.935665
930	0.935664
930.25	0.935663
930.5	0.935662
930.75	0.935662
931	0.935662
931.25	0.935663
931.5	0.935664
931.75	0.935665
932	0.935666
932.25	0.935668
932.5	0.93567
932.75	0.935671
933	0.935673
933.25	0.935675
933.5	0.935677
933.75	0.935678
934	0.93568
934.25	0.93568
934.5	0.935681
934.75	0.935681
935	0.935681
935.25	0.935681
935.5	0.93568
935.75	0.935678
936	0.935677
936.25	0.935675
936.5	0.935673
936.75	0.935672
937	0.93567
937.25	0.935668
937.5	0.935667
937.75	0.935665
938	0.935664
938.25	0.935663
938.5	0.935663
938.75	0.935663
939	0.935663
939.25	0.935664
939.5	0.935664
939.75	0.935666
940	0.935667
940.25	0.935669
940.5	0.935671
940.75	0.935672
941	0.935674
941.25	0.935676
941.5	0.935677
941.75	0.935678
942	0.935679
942.25	0.93568
942.5	0.93568
942.75	0.93568
943	0.93568
943.25	0.935679
943.5	0.935678
943.75	0.935677
944	0.935675
944.25	0.935674
944.5	0.935672
944.75	0.93567
945	0.935669
945.25	0.935667
945.5	0.935666
945.75	0.935665
946	0.935664
946.25	0.935664
946.5	0.935663
946.75	0.935664
947	0.935664
947.25	0.935665
947.5	0.935666
947.75	0.935668
948	0.935669
948.25	0.935671
948.5	0.935672
948.75	0.935674
949	0.935676
949.25	0.935677
949.5	0.935678
949.75	0.935679
950	0.93568
950.25	0.93568
950.5	0.93568
950.75	0.935679
951	0.935679
951.25	0.935678
951.5	0.935676
951.75	0.935675
952	0.935673
952.25	0.935672
952.5	0.93567
952.75	0.935668
953	0.935667
953.25	0.935666
953.5	0.935665
953.75	0.935664
954	0.935664
954.25	0.935664
954.5	0.935664
954.75	0.935665
955	0.935666
955.25	0.935667
955.5	0.935668
955.75	0.93567
956	0.935671
956.25	0.935673
956.5	0.935674
956.75	0.935676
957	0.935677
957.25	0.935678
957.5	0.935679
957.75	0.935679
958	0.93568
958.25	0.935679
958.5	0.935679
958.75	0.935678
959	0.935677
959.25	0.935676
959.5	0.935674
959.75	0.935673
960	0.935671
960.25	0.93567
960.5	0.935668
960.75	0.935667
961	0.935666
961.25	0.935665
961.5	0.935664
961.75	0.935664
962	0.935664
962.25	0.935664
962.5	0.935665
962.75	0.935666
963	0.935667
963.25	0.935668
963.5	0.93567
963.75	0.935671
964	0.935673
964.25	0.935674
964.5	0.935675
964.75	0.935677
965	0.935677
965.25	0.935678
965.5	0.935679
965.75	0.935679
966	0.935678
966.25	0.935678
966.5	0.935677
966.75	0.935676
967	0.935675
967.25	0.935674
967.5	0.935673
967.75	0.935671
968	0.93567
968.25	0.935669
968.5	0.935668
968.75	0.935667
969	0.935666
969.25	0.935666
969.5	0.935666
969.75	0.935666
970	0.935666
970.25	0.935667
970.5	0.935668
970.75	0.935669
971	0.93567
971.25	0.935671
971.5	0.935672
971.75	0.935673
972	0.935674
972.25	0.935675
972.5	0.935676
972.75	0.935676
973	0.935677
973.25	0.935677
973.5	0.935677
973.75	0.935676
974	0.935676
974.25	0.935675
974.5	0.935674
974.75	0.935673
975	0.935672
975.25	0.935671
975.5	0.93567
975.75	0.935669
976	0.935668
976.25	0.935668
976.5	0.935667
976.75	0.935667
977	0.935667
977.25	0.935667
977.5	0.935668
977.75	0.935669
978	0.935669
978.25	0.93567
978.5	0.935671
978.75	0.935672
979	0.935673
979.25	0.935674
979.5	0.935675
979.75	0.935676
980	0.935676
980.25	0.935677
980.5	0.935676
980.75	0.935676
981	0.935676
981.25	0.935675
981.5	0.935674
981.75	0.935673
982	0.935672
982.25	0.935671
982.5	0.93567
982.75	0.935669
983	0.935668
983.25	0.935667
983.5	0.935666
983.75	0.935666
984	0.935666
984.25	0.935666
984.5	0.935666
984.75	0.935667
985	0.935668
985.25	0.935669
985.5	0.93567
985.75	0.935672
986	0.935673
986.25	0.935674
986.5	0.935676
986.75	0.935677
987	0.935678
987.25	0.935679
987.5	0.935679
987.75	0.935679
988	0.935679
988.25	0.935678
988.5	0.935678
988.75	0.935676
989	0.935675
989.25	0.935674
989.5	0.935672
989.75	0.93567
990	0.935668
990.25	0.935667
990.5	0.935665
990.75	0.935664
991	0.935663
991.25	0.935663
991.5	0.935663
991.75	0.935663
992	0.935664
992.25	0.935665
992.5	0.935666
992.75	0.935668
993	0.935669
993.25	0.935671
993.5	0.935673
993.75	0.935675
994	0.935677
994.25	0.935678
994.5	0.935679
994.75	0.93568
995	0.935681
995.25	0.935681
995.5	0.935681
995.75	0.93568
996	0.935679
996.25	0.935678
996.5	0.935677
996.75	0.935675
997	0.935673
997.25	0.935671
997.5	0.935669
997.75	0.935667
998	0.935665
998.25	0.935664
998.5	0.935663
998.75	0.935662
999	0.935662
999.25	0.935662
999.5	0.935662
999.75	0.935663
