	1.12027
0.25	4.65347
0.5	4.2425
0.75	4.05971
1	4.00823
1.25	4.00331
1.5	3.99475
1.75	3.99093
2	3.98881
2.25	3.98724
2.5	3.98616
2.75	3.98517
3	3.98417
3.25	3.98317
3.5	3.98213
3.75	3.98107
4	3.98
4.25	3.97893
4.5	3.97785
4.75	3.97679
5	3.97574
5.25	3.97473
5.5	3.97374
5.75	3.9728
6	3.97193
6.25	3.97111
6.5	3.97036
6.75	3.96966
7	3.96905
7.25	3.96853
7.5	3.96808
7.75	3.96769
8	3.96739
8.25	3.96716
8.5	3.96699
8.75	3.96688
9	3.96683
9.25	3.96682
9.5	3.96684
9.75	3.96688
10	3.96695
10.25	3.96702
10.5	3.9671
10.75	3.96717
11	3.96723
11.25	3.96727
11.5	3.9673
11.75	3.96731
12	3.96731
12.25	3.9673
12.5	3.96727
12.75	3.96722
13	3.96716
13.25	3.96709
13.5	3.96701
13.75	3.96694
14	3.96685
14.25	3.96676
14.5	3.96667
14.75	3.96658
15	3.9665
15.25	3.96641
15.5	3.96634
15.75	3.96627
16	3.96622
16.25	3.96617
16.5	3.96613
16.75	3.9661
17	3.96608
17.25	3.96607
17.5	3.96607
17.75	3.96607
18	3.96608
18.25	3.96609
18.5	3.96611
18.75	3.96612
19	3.96614
19.25	3.96616
19.5	3.96618
19.75	3.96621
20	3.96622
20.25	3.96624
20.5	3.96625
20.75	3.96626
21	3.96626
21.25	3.96626
21.5	3.96626
21.75	3.96625
22	3.96624
22.25	3.96623
22.5	3.96622
22.75	3.96621
23	3.96619
23.25	3.96618
23.5	3.96616
23.75	3.96614
24	3.96613
24.25	3.96612
24.5	3.96611
24.75	3.9661
25	3.96609
25.25	3.96609
25.5	3.96608
25.75	3.96608
26	3.96608
26.25	3.96609
26.5	3.96609
26.75	3.9661
27	3.9661
27.25	3.9661
27.5	3.96611
27.75	3.96611
28	3.96612
28.25	3.96612
28.5	3.96612
28.75	3.96612
29	3.96613
29.25	3.96612
29.5	3.96612
29.75	3.96612
30	3.96611
30.25	3.96611
30.5	3.9661
30.75	3.9661
31	3.96609
31.25	3.96608
31.5	3.96608
31.75	3.96607
32	3.96606
32.25	3.96606
32.5	3.96606
32.75	3.96605
33	3.96605
33.25	3.96605
33.5	3.96605
33.75	3.96604
34	3.96604
34.25	3.96604
34.5	3.96605
34.75	3.96605
35	3.96605
35.25	3.96605
35.5	3.96605
35.75	3.96606
36	3.96606
36.25	3.96606
36.5	3.96606
36.75	3.96606
37	3.96606
37.25	3.96606
37.5	3.96606
37.75	3.96606
38	3.96606
38.25	3.96605
38.5	3.96605
38.75	3.96605
39	3.96604
39.25	3.96604
39.5	3.96604
39.75	3.96603
40	3.96603
40.25	3.96603
40.5	3.96602
40.75	3.96602
41	3.96602
41.25	3.96602
41.5	3.96602
41.75	3.96602
42	3.96602
42.25	3.96602
42.5	3.96602
42.75	3.96602
43	3.96603
43.25	3.96603
43.5	3.96603
43.75	3.96603
44	3.96603
44.25	3.96604
44.5	3.96604
44.75	3.96604
45	3.96604
45.25	3.96604
45.5	3.96604
45.75	3.96604
46	3.96604
46.25	3.96604
46.5	3.96604
46.75	3.96604
47	3.96604
47.25	3.96604
47.5	3.96604
47.75	3.96603
48	3.96603
48.25	3.96603
48.5	3.96603
48.75	3.96603
49	3.96603
49.25	3.96603
49.5	3.96603
49.75	3.96603
50	3.96603
50.25	3.96603
50.5	3.96603
50.75	3.96603
51	3.96604
51.25	3.96604
51.5	3.96604
51.75	3.96604
52	3.96604
52.25	3.96604
52.5	3.96604
52.75	3.96604
53	3.96604
53.25	3.96604
53.5	3.96604
53.75	3.96604
54	3.96604
54.25	3.96604
54.5	3.96604
54.75	3.96604
55	3.96603
55.25	3.96603
55.5	3.96603
55.75	3.96603
56	3.96603
56.25	3.96603
56.5	3.96603
56.75	3.96603
57	3.96603
57.25	3.96604
57.5	3.96604
57.75	3.96604
58	3.96604
58.25	3.96604
58.5	3.96604
58.75	3.96604
59	3.96604
59.25	3.96604
59.5	3.96604
59.75	3.96605
60	3.96605
60.25	3.96605
60.5	3.96605
60.75	3.96605
61	3.96604
61.25	3.96604
61.5	3.96604
61.75	3.96604
62	3.96604
62.25	3.96604
62.5	3.96604
62.75	3.96604
63	3.96604
63.25	3.96603
63.5	3.96603
63.75	3.96603
64	3.96603
64.25	3.96603
64.5	3.96603
64.75	3.96603
65	3.96603
65.25	3.96604
65.5	3.96604
65.75	3.96604
66	3.96604
66.25	3.96604
66.5	3.96605
66.75	3.96605
67	3.96605
67.25	3.96605
67.5	3.96605
67.75	3.96605
68	3.96605
68.25	3.96605
68.5	3.96605
68.75	3.96605
69	3.96605
69.25	3.96605
69.5	3.96605
69.75	3.96605
70	3.96605
70.25	3.96605
70.5	3.96604
70.75	3.96604
71	3.96604
71.25	3.96604
71.5	3.96604
71.75	3.96604
72	3.96604
72.25	3.96604
72.5	3.96604
72.75	3.96604
73	3.96604
73.25	3.96604
73.5	3.96604
73.75	3.96604
74	3.96604
74.25	3.96605
74.5	3.96605
74.75	3.96605
75	3.96605
75.25	3.96605
75.5	3.96605
75.75	3.96605
76	3.96605
76.25	3.96605
76.5	3.96605
76.75	3.96605
77	3.96605
77.25	3.96605
77.5	3.96605
77.75	3.96605
78	3.96605
78.25	3.96605
78.5	3.96605
78.75	3.96605
79	3.96605
79.25	3.96605
79.5	3.96605
79.75	3.96605
80	3.96605
80.25	3.96605
80.5	3.96605
80.75	3.96605
81	3.96605
81.25	3.96605
81.5	3.96605
81.75	3.96605
82	3.96605
82.25	3.96605
82.5	3.96605
82.75	3.96606
83	3.96606
83.25	3.96606
83.5	3.96606
83.75	3.96606
84	3.96606
84.25	3.96606
84.5	3.96606
84.75	3.96606
85	3.96606
85.25	3.96606
85.5	3.96606
85.75	3.96606
86	3.96606
86.25	3.96606
86.5	3.96606
86.75	3.96606
87	3.96606
87.25	3.96606
87.5	3.96606
87.75	3.96606
88	3.96606
88.25	3.96606
88.5	3.96606
88.75	3.96606
89	3.96606
89.25	3.96606
89.5	3.96606
89.75	3.96606
90	3.96606
90.25	3.96606
90.5	3.96606
90.75	3.96606
91	3.96606
91.25	3.96606
91.5	3.96606
91.75	3.96606
92	3.96606
92.25	3.96606
92.5	3.96606
92.75	3.96606
93	3.96606
93.25	3.96606
93.5	3.96606
93.75	3.96606
94	3.96606
94.25	3.96606
94.5	3.96606
94.75	3.96606
95	3.96606
95.25	3.96606
95.5	3.96606
95.75	3.96606
96	3.96606
96.25	3.96606
96.5	3.96606
96.75	3.96606
97	3.96606
97.25	3.96606
97.5	3.96607
97.75	3.96607
98	3.96607
98.25	3.96607
98.5	3.96607
98.75	3.96607
99	3.96607
99.25	3.96607
99.5	3.96607
99.75	3.96607
100	3.96607
100.25	3.96607
100.5	3.96607
100.75	3.96607
101	3.96607
101.25	3.96607
101.5	3.96607
101.75	3.96607
102	3.96607
102.25	3.96607
102.5	3.96607
102.75	3.96607
103	3.96607
103.25	3.96607
103.5	3.96607
103.75	3.96607
104	3.96607
104.25	3.96607
104.5	3.96607
104.75	3.96607
105	3.96607
105.25	3.96607
105.5	3.96607
105.75	3.96607
106	3.96607
106.25	3.96607
106.5	3.96607
106.75	3.96607
107	3.96607
107.25	3.96607
107.5	3.96607
107.75	3.96607
108	3.96607
108.25	3.96607
108.5	3.96607
108.75	3.96607
109	3.96607
109.25	3.96607
109.5	3.96607
109.75	3.96607
110	3.96607
110.25	3.96607
110.5	3.96607
110.75	3.96607
111	3.96607
111.25	3.96607
111.5	3.96607
111.75	3.96607
112	3.96607
112.25	3.96607
112.5	3.96607
112.75	3.96607
113	3.96607
113.25	3.96607
113.5	3.96607
113.75	3.96607
114	3.96607
114.25	3.96607
114.5	3.96607
114.75	3.96607
115	3.96607
115.25	3.96607
115.5	3.96607
115.75	3.96607
116	3.96607
116.25	3.96607
116.5	3.96607
116.75	3.96607
117	3.96607
117.25	3.96607
117.5	3.96607
117.75	3.96607
118	3.96607
118.25	3.96607
118.5	3.96607
118.75	3.96607
119	3.96607
119.25	3.96607
119.5	3.96607
119.75	3.96607
120	3.96607
120.25	3.96607
120.5	3.96607
120.75	3.96607
121	3.96607
121.25	3.96607
121.5	3.96608
121.75	3.96608
122	3.96608
122.25	3.96608
122.5	3.96608
122.75	3.96608
123	3.96608
123.25	3.96608
123.5	3.96608
123.75	3.96608
124	3.96608
124.25	3.96608
124.5	3.96608
124.75	3.96608
125	3.96608
125.25	3.96608
125.5	3.96608
125.75	3.96608
126	3.96608
126.25	3.96608
126.5	3.96608
126.75	3.96608
127	3.96608
127.25	3.96608
127.5	3.96608
127.75	3.96608
128	3.96608
128.25	3.96608
128.5	3.96608
128.75	3.96608
129	3.96608
129.25	3.96608
129.5	3.96608
129.75	3.96608
130	3.96608
130.25	3.96608
130.5	3.96608
130.75	3.96608
131	3.96608
131.25	3.96608
131.5	3.96608
131.75	3.96608
132	3.96608
132.25	3.96608
132.5	3.96608
132.75	3.96608
133	3.96608
133.25	3.96608
133.5	3.96608
133.75	3.96608
134	3.96608
134.25	3.96608
134.5	3.96608
134.75	3.96608
135	3.96608
135.25	3.96608
135.5	3.96608
135.75	3.96608
136	3.96608
136.25	3.96608
136.5	3.96608
136.75	3.96608
137	3.96608
137.25	3.96608
137.5	3.96608
137.75	3.96608
138	3.96608
138.25	3.96608
138.5	3.96608
138.75	3.96608
139	3.96608
139.25	3.96608
139.5	3.96608
139.75	3.96608
140	3.96608
140.25	3.96608
140.5	3.96608
140.75	3.96608
141	3.96608
141.25	3.96608
141.5	3.96608
141.75	3.96608
142	3.96608
142.25	3.96608
142.5	3.96608
142.75	3.96608
143	3.96608
143.25	3.96608
143.5	3.96608
143.75	3.96608
144	3.96608
144.25	3.96608
144.5	3.96608
144.75	3.96608
145	3.96608
145.25	3.96608
145.5	3.96608
145.75	3.96608
146	3.96608
146.25	3.96608
146.5	3.96608
146.75	3.96608
147	3.96608
147.25	3.96608
147.5	3.96608
147.75	3.96608
148	3.96608
148.25	3.96608
148.5	3.96608
148.75	3.96608
149	3.96608
149.25	3.96608
149.5	3.96608
149.75	3.96608
150	3.96608
150.25	3.96608
150.5	3.96608
150.75	3.96608
151	3.96608
151.25	3.96608
151.5	3.96608
151.75	3.96608
152	3.96608
152.25	3.96608
152.5	3.96608
152.75	3.96608
153	3.96608
153.25	3.96608
153.5	3.96608
153.75	3.96608
154	3.96608
154.25	3.96608
154.5	3.96608
154.75	3.96608
155	3.96608
155.25	3.96608
155.5	3.96608
155.75	3.96608
156	3.96608
156.25	3.96608
156.5	3.96608
156.75	3.96608
157	3.96608
157.25	3.96608
157.5	3.96608
157.75	3.96608
158	3.96608
158.25	3.96608
158.5	3.96608
158.75	3.96608
159	3.96608
159.25	3.96608
159.5	3.96608
159.75	3.96608
160	3.96608
160.25	3.96608
160.5	3.96608
160.75	3.96608
161	3.96608
161.25	3.96608
161.5	3.96608
161.75	3.96608
162	3.96608
162.25	3.96608
162.5	3.96608
162.75	3.96608
163	3.96608
163.25	3.96608
163.5	3.96608
163.75	3.96608
164	3.96608
164.25	3.96608
164.5	3.96608
164.75	3.96608
165	3.96608
165.25	3.96608
165.5	3.96608
165.75	3.96608
166	3.96608
166.25	3.96608
166.5	3.96608
166.75	3.96608
167	3.96608
167.25	3.96608
167.5	3.96608
167.75	3.96608
168	3.96608
168.25	3.96608
168.5	3.96608
168.75	3.96608
169	3.96608
169.25	3.96608
169.5	3.96608
169.75	3.96608
170	3.96608
170.25	3.96608
170.5	3.96608
170.75	3.96608
171	3.96608
171.25	3.96608
171.5	3.96608
171.75	3.96608
172	3.96608
172.25	3.96608
172.5	3.96608
172.75	3.96608
173	3.96608
173.25	3.96608
173.5	3.96608
173.75	3.96608
174	3.96608
174.25	3.96608
174.5	3.96608
174.75	3.96608
175	3.96608
175.25	3.96608
175.5	3.96608
175.75	3.96608
176	3.96608
176.25	3.96608
176.5	3.96608
176.75	3.96608
177	3.96608
177.25	3.96608
177.5	3.96608
177.75	3.96608
178	3.96608
178.25	3.96608
178.5	3.96608
178.75	3.96608
179	3.96608
179.25	3.96608
179.5	3.96608
179.75	3.96608
180	3.96608
180.25	3.96608
180.5	3.96608
180.75	3.96608
181	3.96608
181.25	3.96608
181.5	3.96608
181.75	3.96608
182	3.96608
182.25	3.96608
182.5	3.96608
182.75	3.96608
183	3.96608
183.25	3.96608
183.5	3.96608
183.75	3.96608
184	3.96608
184.25	3.96608
184.5	3.96608
184.75	3.96608
185	3.96608
185.25	3.96608
185.5	3.96608
185.75	3.96608
186	3.96608
186.25	3.96608
186.5	3.96608
186.75	3.96608
187	3.96608
187.25	3.96608
187.5	3.96608
187.75	3.96608
188	3.96608
188.25	3.96608
188.5	3.96608
188.75	3.96608
189	3.96608
189.25	3.96608
189.5	3.96608
189.75	3.96608
190	3.96608
190.25	3.96608
190.5	3.96608
190.75	3.96608
191	3.96608
191.25	3.96608
191.5	3.96608
191.75	3.96608
192	3.96608
192.25	3.96608
192.5	3.96608
192.75	3.96608
193	3.96608
193.25	3.96608
193.5	3.96608
193.75	3.96608
194	3.96608
194.25	3.96608
194.5	3.96608
194.75	3.96608
195	3.96608
195.25	3.96608
195.5	3.96608
195.75	3.96608
196	3.96608
196.25	3.96608
196.5	3.96608
196.75	3.96608
197	3.96608
197.25	3.96608
197.5	3.96608
197.75	3.96608
198	3.96608
198.25	3.96608
198.5	3.96608
198.75	3.96608
199	3.96608
199.25	3.96608
199.5	3.96608
199.75	3.96608
200	3.96608
200.25	3.96608
200.5	3.96608
200.75	3.96608
201	3.96608
201.25	3.96608
201.5	3.96608
201.75	3.96608
202	3.96608
202.25	3.96608
202.5	3.96608
202.75	3.96608
203	3.96608
203.25	3.96608
203.5	3.96608
203.75	3.96608
204	3.96608
204.25	3.96608
204.5	3.96608
204.75	3.96608
205	3.96608
205.25	3.96608
205.5	3.96608
205.75	3.96608
206	3.96608
206.25	3.96608
206.5	3.96608
206.75	3.96608
207	3.96608
207.25	3.96608
207.5	3.96608
207.75	3.96608
208	3.96608
208.25	3.96608
208.5	3.96608
208.75	3.96608
209	3.96608
209.25	3.96608
209.5	3.96608
209.75	3.96608
210	3.96608
210.25	3.96608
210.5	3.96608
210.75	3.96608
211	3.96608
211.25	3.96608
211.5	3.96608
211.75	3.96608
212	3.96608
212.25	3.96608
212.5	3.96608
212.75	3.96608
213	3.96608
213.25	3.96608
213.5	3.96608
213.75	3.96608
214	3.96608
214.25	3.96608
214.5	3.96608
214.75	3.96608
215	3.96608
215.25	3.96608
215.5	3.96608
215.75	3.96608
216	3.96608
216.25	3.96608
216.5	3.96608
216.75	3.96608
217	3.96608
217.25	3.96608
217.5	3.96608
217.75	3.96608
218	3.96608
218.25	3.96608
218.5	3.96608
218.75	3.96608
219	3.96608
219.25	3.96608
219.5	3.96608
219.75	3.96608
220	3.96608
220.25	3.96608
220.5	3.96608
220.75	3.96608
221	3.96608
221.25	3.96608
221.5	3.96608
221.75	3.96608
222	3.96608
222.25	3.96608
222.5	3.96608
222.75	3.96608
223	3.96608
223.25	3.96608
223.5	3.96608
223.75	3.96608
224	3.96608
224.25	3.96608
224.5	3.96608
224.75	3.96608
225	3.96608
225.25	3.96608
225.5	3.96608
225.75	3.96608
226	3.96608
226.25	3.96608
226.5	3.96608
226.75	3.96608
227	3.96608
227.25	3.96608
227.5	3.96608
227.75	3.96608
228	3.96608
228.25	3.96608
228.5	3.96608
228.75	3.96608
229	3.96608
229.25	3.96608
229.5	3.96608
229.75	3.96608
230	3.96608
230.25	3.96608
230.5	3.96608
230.75	3.96608
231	3.96608
231.25	3.96608
231.5	3.96608
231.75	3.96608
232	3.96608
232.25	3.96608
232.5	3.96608
232.75	3.96608
233	3.96608
233.25	3.96608
233.5	3.96608
233.75	3.96608
234	3.96608
234.25	3.96608
234.5	3.96608
234.75	3.96608
235	3.96608
235.25	3.96608
235.5	3.96608
235.75	3.96608
236	3.96608
236.25	3.96608
236.5	3.96608
236.75	3.96608
237	3.96608
237.25	3.96608
237.5	3.96608
237.75	3.96608
238	3.96608
238.25	3.96608
238.5	3.96608
238.75	3.96608
239	3.96608
239.25	3.96608
239.5	3.96608
239.75	3.96608
240	3.96608
240.25	3.96608
240.5	3.96608
240.75	3.96608
241	3.96608
241.25	3.96608
241.5	3.96608
241.75	3.96608
242	3.96608
242.25	3.96608
242.5	3.96608
242.75	3.96608
243	3.96608
243.25	3.96608
243.5	3.96608
243.75	3.96608
244	3.96608
244.25	3.96608
244.5	3.96608
244.75	3.96608
245	3.96608
245.25	3.96608
245.5	3.96608
245.75	3.96608
246	3.96608
246.25	3.96608
246.5	3.96608
246.75	3.96608
247	3.96608
247.25	3.96608
247.5	3.96608
247.75	3.96608
248	3.96608
248.25	3.96608
248.5	3.96608
248.75	3.96608
249	3.96608
249.25	3.96608
249.5	3.96608
249.75	3.96608
250	3.96608
250.25	3.96608
250.5	3.96608
250.75	3.96608
251	3.96608
251.25	3.96608
251.5	3.96608
251.75	3.96608
252	3.96608
252.25	3.96608
252.5	3.96608
252.75	3.96608
253	3.96608
253.25	3.96608
253.5	3.96608
253.75	3.96608
254	3.96608
254.25	3.96608
254.5	3.96608
254.75	3.96608
255	3.96608
255.25	3.96608
255.5	3.96608
255.75	3.96608
256	3.96608
256.25	3.96608
256.5	3.96608
256.75	3.96608
257	3.96608
257.25	3.96608
257.5	3.96608
257.75	3.96608
258	3.96608
258.25	3.96608
258.5	3.96608
258.75	3.96608
259	3.96608
259.25	3.96608
259.5	3.96608
259.75	3.96608
260	3.96608
260.25	3.96608
260.5	3.96608
260.75	3.96608
261	3.96608
261.25	3.96608
261.5	3.96608
261.75	3.96608
262	3.96608
262.25	3.96608
262.5	3.96608
262.75	3.96608
263	3.96608
263.25	3.96608
263.5	3.96608
263.75	3.96608
264	3.96608
264.25	3.96608
264.5	3.96608
264.75	3.96608
265	3.96608
265.25	3.96608
265.5	3.96608
265.75	3.96608
266	3.96608
266.25	3.96608
266.5	3.96608
266.75	3.96608
267	3.96608
267.25	3.96608
267.5	3.96608
267.75	3.96608
268	3.96608
268.25	3.96608
268.5	3.96608
268.75	3.96608
269	3.96608
269.25	3.96608
269.5	3.96608
269.75	3.96608
270	3.96608
270.25	3.96608
270.5	3.96608
270.75	3.96608
271	3.96608
271.25	3.96608
271.5	3.96608
271.75	3.96608
272	3.96608
272.25	3.96608
272.5	3.96608
272.75	3.96608
273	3.96608
273.25	3.96608
273.5	3.96608
273.75	3.96608
274	3.96608
274.25	3.96608
274.5	3.96608
274.75	3.96608
275	3.96608
275.25	3.96608
275.5	3.96608
275.75	3.96608
276	3.96608
276.25	3.96608
276.5	3.96608
276.75	3.96608
277	3.96608
277.25	3.96608
277.5	3.96609
277.75	3.96608
278	3.96609
278.25	3.96609
278.5	3.96609
278.75	3.96609
279	3.96609
279.25	3.96608
279.5	3.96609
279.75	3.96608
280	3.96608
280.25	3.96609
280.5	3.96608
280.75	3.96608
281	3.96608
281.25	3.96608
281.5	3.96608
281.75	3.96608
282	3.96608
282.25	3.96608
282.5	3.96608
282.75	3.96608
283	3.96608
283.25	3.96608
283.5	3.96608
283.75	3.96608
284	3.96608
284.25	3.96608
284.5	3.96608
284.75	3.96608
285	3.96609
285.25	3.96609
285.5	3.96609
285.75	3.96609
286	3.96609
286.25	3.96609
286.5	3.96609
286.75	3.96609
287	3.96609
287.25	3.96609
287.5	3.96609
287.75	3.96609
288	3.96609
288.25	3.96609
288.5	3.96609
288.75	3.96609
289	3.96609
289.25	3.96608
289.5	3.96608
289.75	3.96608
290	3.96608
290.25	3.96608
290.5	3.96608
290.75	3.96608
291	3.96608
291.25	3.96608
291.5	3.96608
291.75	3.96608
292	3.96609
292.25	3.96608
292.5	3.96609
292.75	3.96609
293	3.96609
293.25	3.96609
293.5	3.96609
293.75	3.96609
294	3.96609
294.25	3.96609
294.5	3.96609
294.75	3.96609
295	3.96609
295.25	3.96609
295.5	3.96609
295.75	3.96609
296	3.96609
296.25	3.96609
296.5	3.96609
296.75	3.96609
297	3.96609
297.25	3.96609
297.5	3.96609
297.75	3.96609
298	3.96609
298.25	3.96609
298.5	3.96609
298.75	3.96609
299	3.96609
299.25	3.96609
299.5	3.96609
299.75	3.96609
300	3.96609
300.25	3.96609
300.5	3.96609
300.75	3.96609
301	3.96609
301.25	3.96609
301.5	3.96609
301.75	3.96609
302	3.96609
302.25	3.96609
302.5	3.96609
302.75	3.96609
303	3.96609
303.25	3.96609
303.5	3.96609
303.75	3.96609
304	3.96609
304.25	3.96609
304.5	3.96609
304.75	3.96609
305	3.96609
305.25	3.96609
305.5	3.96609
305.75	3.96609
306	3.96609
306.25	3.96609
306.5	3.96609
306.75	3.96609
307	3.96609
307.25	3.96609
307.5	3.96609
307.75	3.96609
308	3.96609
308.25	3.96609
308.5	3.96609
308.75	3.96609
309	3.96609
309.25	3.96609
309.5	3.96609
309.75	3.96609
310	3.96609
310.25	3.96609
310.5	3.96609
310.75	3.96609
311	3.96609
311.25	3.96609
311.5	3.96609
311.75	3.96609
312	3.96609
312.25	3.96609
312.5	3.96609
312.75	3.96609
313	3.96609
313.25	3.96609
313.5	3.96609
313.75	3.96609
314	3.96609
314.25	3.96609
314.5	3.96609
314.75	3.96609
315	3.96609
315.25	3.96609
315.5	3.96609
315.75	3.96609
316	3.96609
316.25	3.96609
316.5	3.96609
316.75	3.96609
317	3.96609
317.25	3.96609
317.5	3.96609
317.75	3.96609
318	3.96609
318.25	3.96609
318.5	3.96609
318.75	3.96609
319	3.96609
319.25	3.96609
319.5	3.96609
319.75	3.96609
320	3.96609
320.25	3.96609
320.5	3.96609
320.75	3.96609
321	3.96609
321.25	3.96609
321.5	3.96609
321.75	3.96609
322	3.96609
322.25	3.96609
322.5	3.96609
322.75	3.96609
323	3.96609
323.25	3.96609
323.5	3.96609
323.75	3.96609
324	3.96609
324.25	3.96609
324.5	3.96609
324.75	3.96609
325	3.96609
325.25	3.96609
325.5	3.96609
325.75	3.96609
326	3.96609
326.25	3.96609
326.5	3.96609
326.75	3.96609
327	3.96609
327.25	3.96609
327.5	3.96609
327.75	3.96609
328	3.96609
328.25	3.96609
328.5	3.96609
328.75	3.96609
329	3.96609
329.25	3.96609
329.5	3.96609
329.75	3.96609
330	3.96609
330.25	3.96609
330.5	3.96609
330.75	3.96609
331	3.96609
331.25	3.96609
331.5	3.96609
331.75	3.96609
332	3.96609
332.25	3.96609
332.5	3.96609
332.75	3.96609
333	3.96609
333.25	3.96609
333.5	3.96609
333.75	3.96609
334	3.96609
334.25	3.96609
334.5	3.96609
334.75	3.96609
335	3.96609
335.25	3.96609
335.5	3.96609
335.75	3.96609
336	3.96609
336.25	3.96609
336.5	3.96609
336.75	3.96609
337	3.96609
337.25	3.96609
337.5	3.96609
337.75	3.96609
338	3.96609
338.25	3.96609
338.5	3.96609
338.75	3.96609
339	3.96609
339.25	3.96609
339.5	3.96609
339.75	3.96609
340	3.96609
340.25	3.96609
340.5	3.96609
340.75	3.96609
341	3.96609
341.25	3.96609
341.5	3.96609
341.75	3.96609
342	3.96609
342.25	3.96609
342.5	3.96609
342.75	3.96609
343	3.96609
343.25	3.96609
343.5	3.96609
343.75	3.96609
344	3.96609
344.25	3.96609
344.5	3.96609
344.75	3.96609
345	3.96609
345.25	3.96609
345.5	3.96609
345.75	3.96609
346	3.96609
346.25	3.96609
346.5	3.96609
346.75	3.96609
347	3.96609
347.25	3.96609
347.5	3.96609
347.75	3.96609
348	3.96609
348.25	3.96609
348.5	3.96609
348.75	3.96609
349	3.96609
349.25	3.96609
349.5	3.96609
349.75	3.96609
350	3.96609
350.25	3.96609
350.5	3.96609
350.75	3.96609
351	3.96609
351.25	3.96609
351.5	3.96609
351.75	3.96609
352	3.96609
352.25	3.96609
352.5	3.96609
352.75	3.96609
353	3.96609
353.25	3.96609
353.5	3.96609
353.75	3.96609
354	3.96609
354.25	3.96609
354.5	3.96609
354.75	3.96609
355	3.96609
355.25	3.96609
355.5	3.96609
355.75	3.96609
356	3.96609
356.25	3.96609
356.5	3.96609
356.75	3.96609
357	3.96609
357.25	3.96609
357.5	3.96609
357.75	3.96609
358	3.96609
358.25	3.96609
358.5	3.96609
358.75	3.96609
359	3.96609
359.25	3.96609
359.5	3.96609
359.75	3.96609
360	3.96609
360.25	3.96609
360.5	3.96609
360.75	3.96609
361	3.96609
361.25	3.96609
361.5	3.96609
361.75	3.96609
362	3.96609
362.25	3.96609
362.5	3.96609
362.75	3.96609
363	3.96609
363.25	3.96609
363.5	3.96609
363.75	3.96609
364	3.96609
364.25	3.96609
364.5	3.96609
364.75	3.96609
365	3.96609
365.25	3.96609
365.5	3.96609
365.75	3.96609
366	3.96609
366.25	3.96609
366.5	3.96609
366.75	3.96609
367	3.96609
367.25	3.96609
367.5	3.96609
367.75	3.96609
368	3.96609
368.25	3.96609
368.5	3.96609
368.75	3.96609
369	3.96609
369.25	3.96609
369.5	3.96609
369.75	3.96609
370	3.96609
370.25	3.96609
370.5	3.96609
370.75	3.96609
371	3.96609
371.25	3.96609
371.5	3.96609
371.75	3.96609
372	3.96609
372.25	3.96609
372.5	3.96609
372.75	3.96609
373	3.96609
373.25	3.96609
373.5	3.96609
373.75	3.96609
374	3.96609
374.25	3.96609
374.5	3.96609
374.75	3.96609
375	3.96609
375.25	3.96609
375.5	3.96609
375.75	3.96609
376	3.96609
376.25	3.96609
376.5	3.96609
376.75	3.96609
377	3.96609
377.25	3.96609
377.5	3.96609
377.75	3.96609
378	3.96609
378.25	3.96609
378.5	3.96609
378.75	3.96609
379	3.96609
379.25	3.96609
379.5	3.96609
379.75	3.96609
380	3.96609
380.25	3.96609
380.5	3.96609
380.75	3.96609
381	3.96609
381.25	3.96609
381.5	3.96609
381.75	3.96609
382	3.96609
382.25	3.96609
382.5	3.96609
382.75	3.96609
383	3.96609
383.25	3.96609
383.5	3.96609
383.75	3.96609
384	3.96609
384.25	3.96609
384.5	3.96609
384.75	3.96609
385	3.96609
385.25	3.96609
385.5	3.96609
385.75	3.96609
386	3.96609
386.25	3.96609
386.5	3.96609
386.75	3.96609
387	3.96609
387.25	3.96609
387.5	3.96609
387.75	3.96609
388	3.96609
388.25	3.96609
388.5	3.96609
388.75	3.96609
389	3.96609
389.25	3.96609
389.5	3.96609
389.75	3.96609
390	3.96609
390.25	3.96609
390.5	3.96609
390.75	3.96609
391	3.96609
391.25	3.96609
391.5	3.96609
391.75	3.96609
392	3.96609
392.25	3.96609
392.5	3.96609
392.75	3.96609
393	3.96609
393.25	3.96609
393.5	3.96609
393.75	3.96609
394	3.96609
394.25	3.96609
394.5	3.96609
394.75	3.96609
395	3.96609
395.25	3.96609
395.5	3.96609
395.75	3.96609
396	3.96609
396.25	3.96609
396.5	3.96609
396.75	3.96609
397	3.96609
397.25	3.96609
397.5	3.96609
397.75	3.96609
398	3.96609
398.25	3.96609
398.5	3.96609
398.75	3.96609
399	3.96609
399.25	3.96609
399.5	3.96609
399.75	3.96609
400	3.96609
400.25	3.96609
400.5	3.96609
400.75	3.96609
401	3.96609
401.25	3.96609
401.5	3.96609
401.75	3.96609
402	3.96609
402.25	3.96609
402.5	3.96609
402.75	3.96609
403	3.96609
403.25	3.96609
403.5	3.96609
403.75	3.96609
404	3.96609
404.25	3.96609
404.5	3.96609
404.75	3.96609
405	3.96609
405.25	3.96609
405.5	3.96609
405.75	3.96609
406	3.96609
406.25	3.96609
406.5	3.96609
406.75	3.96609
407	3.96609
407.25	3.96609
407.5	3.96609
407.75	3.96609
408	3.96609
408.25	3.96609
408.5	3.96609
408.75	3.96609
409	3.96609
409.25	3.96609
409.5	3.96609
409.75	3.96609
410	3.96609
410.25	3.96609
410.5	3.96609
410.75	3.96609
411	3.96609
411.25	3.96609
411.5	3.96609
411.75	3.96609
412	3.96609
412.25	3.96609
412.5	3.96609
412.75	3.96609
413	3.96609
413.25	3.96609
413.5	3.96609
413.75	3.96609
414	3.96609
414.25	3.96609
414.5	3.96609
414.75	3.96609
415	3.96609
415.25	3.96609
415.5	3.96609
415.75	3.96609
416	3.96609
416.25	3.96609
416.5	3.96609
416.75	3.96609
417	3.96609
417.25	3.96609
417.5	3.96609
417.75	3.96609
418	3.96609
418.25	3.96609
418.5	3.96609
418.75	3.96609
419	3.96609
419.25	3.96609
419.5	3.96609
419.75	3.96609
420	3.96609
420.25	3.96609
420.5	3.96609
420.75	3.96609
421	3.96609
421.25	3.96609
421.5	3.96609
421.75	3.96609
422	3.96609
422.25	3.96609
422.5	3.96609
422.75	3.96609
423	3.96609
423.25	3.96609
423.5	3.96609
423.75	3.96609
424	3.96609
424.25	3.96609
424.5	3.96609
424.75	3.96609
425	3.96609
425.25	3.96609
425.5	3.96609
425.75	3.96609
426	3.96609
426.25	3.96609
426.5	3.96609
426.75	3.96609
427	3.96609
427.25	3.96609
427.5	3.96609
427.75	3.96609
428	3.96609
428.25	3.96609
428.5	3.96609
428.75	3.96609
429	3.96609
429.25	3.96609
429.5	3.96609
429.75	3.96609
430	3.96609
430.25	3.96609
430.5	3.96609
430.75	3.96609
431	3.96609
431.25	3.96609
431.5	3.96609
431.75	3.96609
432	3.96609
432.25	3.96609
432.5	3.96609
432.75	3.96609
433	3.96609
433.25	3.96609
433.5	3.96609
433.75	3.96609
434	3.96609
434.25	3.96609
434.5	3.96609
434.75	3.96609
435	3.96609
435.25	3.96609
435.5	3.96609
435.75	3.96609
436	3.96609
436.25	3.96609
436.5	3.96609
436.75	3.96609
437	3.96609
437.25	3.96609
437.5	3.96609
437.75	3.96609
438	3.96609
438.25	3.96609
438.5	3.96609
438.75	3.96609
439	3.96609
439.25	3.96609
439.5	3.96609
439.75	3.96609
440	3.96609
440.25	3.96609
440.5	3.96609
440.75	3.96609
441	3.96609
441.25	3.96609
441.5	3.96609
441.75	3.96609
442	3.96609
442.25	3.96609
442.5	3.96609
442.75	3.96609
443	3.96609
443.25	3.96609
443.5	3.96609
443.75	3.96609
444	3.96609
444.25	3.96609
444.5	3.96609
444.75	3.96609
445	3.96609
445.25	3.96609
445.5	3.96609
445.75	3.96609
446	3.96609
446.25	3.96609
446.5	3.96609
446.75	3.96609
447	3.96609
447.25	3.96609
447.5	3.96609
447.75	3.96609
448	3.96609
448.25	3.96609
448.5	3.96609
448.75	3.96609
449	3.96609
449.25	3.96609
449.5	3.96609
449.75	3.96609
450	3.96609
450.25	3.96609
450.5	3.96609
450.75	3.96609
451	3.96609
451.25	3.96609
451.5	3.96609
451.75	3.96609
452	3.96609
452.25	3.96609
452.5	3.96609
452.75	3.96609
453	3.96609
453.25	3.96609
453.5	3.96609
453.75	3.96609
454	3.96609
454.25	3.96609
454.5	3.96609
454.75	3.96609
455	3.96609
455.25	3.96609
455.5	3.96609
455.75	3.96609
456	3.96609
456.25	3.96609
456.5	3.96609
456.75	3.96609
457	3.96609
457.25	3.96609
457.5	3.96609
457.75	3.96609
458	3.96609
458.25	3.96609
458.5	3.96609
458.75	3.96609
459	3.96609
459.25	3.96609
459.5	3.96609
459.75	3.96609
460	3.96609
460.25	3.96609
460.5	3.96609
460.75	3.96609
461	3.96609
461.25	3.96609
461.5	3.96609
461.75	3.96609
462	3.96609
462.25	3.96609
462.5	3.96609
462.75	3.96609
463	3.96609
463.25	3.96609
463.5	3.96609
463.75	3.96609
464	3.96609
464.25	3.96609
464.5	3.96609
464.75	3.96609
465	3.96609
465.25	3.96609
465.5	3.96609
465.75	3.96609
466	3.96609
466.25	3.96609
466.5	3.96609
466.75	3.96609
467	3.96609
467.25	3.96609
467.5	3.96609
467.75	3.96609
468	3.96609
468.25	3.96609
468.5	3.96609
468.75	3.96609
469	3.96609
469.25	3.96609
469.5	3.96609
469.75	3.96609
470	3.96609
470.25	3.96609
470.5	3.96609
470.75	3.96609
471	3.96609
471.25	3.96609
471.5	3.96609
471.75	3.96609
472	3.96609
472.25	3.96609
472.5	3.96609
472.75	3.96609
473	3.96609
473.25	3.96609
473.5	3.96609
473.75	3.96609
474	3.96609
474.25	3.96609
474.5	3.96609
474.75	3.96609
475	3.96609
475.25	3.96609
475.5	3.96609
475.75	3.96609
476	3.96609
476.25	3.96609
476.5	3.96609
476.75	3.96609
477	3.96609
477.25	3.96609
477.5	3.96609
477.75	3.96609
478	3.96609
478.25	3.96609
478.5	3.96609
478.75	3.96609
479	3.96609
479.25	3.96609
479.5	3.96609
479.75	3.96609
480	3.96609
480.25	3.96609
480.5	3.96609
480.75	3.96609
481	3.96609
481.25	3.96609
481.5	3.96609
481.75	3.96609
482	3.96609
482.25	3.96609
482.5	3.96609
482.75	3.96609
483	3.96609
483.25	3.96609
483.5	3.96609
483.75	3.96609
484	3.96609
484.25	3.96609
484.5	3.96609
484.75	3.96609
485	3.96609
485.25	3.96609
485.5	3.96609
485.75	3.96609
486	3.96609
486.25	3.96609
486.5	3.96609
486.75	3.96609
487	3.96609
487.25	3.96609
487.5	3.96609
487.75	3.96609
488	3.96609
488.25	3.96609
488.5	3.96609
488.75	3.96609
489	3.96609
489.25	3.96609
489.5	3.96609
489.75	3.96609
490	3.96609
490.25	3.96609
490.5	3.96609
490.75	3.96609
491	3.96609
491.25	3.96609
491.5	3.96609
491.75	3.96609
492	3.96609
492.25	3.96609
492.5	3.96609
492.75	3.96609
493	3.96609
493.25	3.96609
493.5	3.96609
493.75	3.96609
494	3.96609
494.25	3.96609
494.5	3.96609
494.75	3.96609
495	3.96609
495.25	3.96609
495.5	3.96609
495.75	3.96609
496	3.96609
496.25	3.96609
496.5	3.96609
496.75	3.96609
497	3.96609
497.25	3.96609
497.5	3.96609
497.75	3.96609
498	3.96609
498.25	3.96609
498.5	3.96609
498.75	3.96609
499	3.96609
499.25	3.96609
499.5	3.96609
499.75	3.96609
500	3.96609
500.25	3.96609
500.5	3.96609
500.75	3.96609
501	3.96609
501.25	3.96609
501.5	3.96609
501.75	3.96609
502	3.96609
502.25	3.96609
502.5	3.96609
502.75	3.96609
503	3.96609
503.25	3.96609
503.5	3.96609
503.75	3.96609
504	3.96609
504.25	3.96609
504.5	3.96609
504.75	3.96609
505	3.96609
505.25	3.96609
505.5	3.96609
505.75	3.96609
506	3.96609
506.25	3.96609
506.5	3.96609
506.75	3.96609
507	3.96609
507.25	3.96609
507.5	3.96609
507.75	3.96609
508	3.96609
508.25	3.96609
508.5	3.96609
508.75	3.96609
509	3.96609
509.25	3.96609
509.5	3.96609
509.75	3.96609
510	3.96609
510.25	3.96609
510.5	3.96609
510.75	3.96609
511	3.96609
511.25	3.96609
511.5	3.96609
511.75	3.96609
512	3.96609
512.25	3.96609
512.5	3.96609
512.75	3.96609
513	3.96609
513.25	3.96609
513.5	3.96609
513.75	3.96609
514	3.96609
514.25	3.96609
514.5	3.96609
514.75	3.96609
515	3.96609
515.25	3.96609
515.5	3.96609
515.75	3.96609
516	3.96609
516.25	3.96609
516.5	3.96609
516.75	3.96609
517	3.96609
517.25	3.96609
517.5	3.96609
517.75	3.96609
518	3.96609
518.25	3.96609
518.5	3.96609
518.75	3.96609
519	3.96609
519.25	3.96609
519.5	3.96609
519.75	3.96609
520	3.96609
520.25	3.96609
520.5	3.96609
520.75	3.96609
521	3.96609
521.25	3.96609
521.5	3.96609
521.75	3.96609
522	3.96609
522.25	3.96609
522.5	3.96609
522.75	3.96609
523	3.96609
523.25	3.96609
523.5	3.96609
523.75	3.96609
524	3.96609
524.25	3.96609
524.5	3.96609
524.75	3.96609
525	3.96609
525.25	3.96609
525.5	3.96609
525.75	3.96609
526	3.96609
526.25	3.96609
526.5	3.96609
526.75	3.96609
527	3.96609
527.25	3.96609
527.5	3.96609
527.75	3.96609
528	3.96609
528.25	3.96609
528.5	3.96609
528.75	3.96609
529	3.96609
529.25	3.96609
529.5	3.96609
529.75	3.96609
530	3.96609
530.25	3.96609
530.5	3.96609
530.75	3.96609
531	3.96609
531.25	3.96609
531.5	3.96609
531.75	3.96609
532	3.96609
532.25	3.96609
532.5	3.96609
532.75	3.96609
533	3.96609
533.25	3.96609
533.5	3.96609
533.75	3.96609
534	3.96609
534.25	3.96609
534.5	3.96609
534.75	3.96609
535	3.96609
535.25	3.96609
535.5	3.96609
535.75	3.96609
536	3.96609
536.25	3.96609
536.5	3.96609
536.75	3.96609
537	3.96609
537.25	3.96609
537.5	3.96609
537.75	3.96609
538	3.96609
538.25	3.96609
538.5	3.96609
538.75	3.96609
539	3.96609
539.25	3.96609
539.5	3.96609
539.75	3.96609
540	3.96609
540.25	3.96609
540.5	3.96609
540.75	3.96609
541	3.96609
541.25	3.96609
541.5	3.96609
541.75	3.96609
542	3.96609
542.25	3.96609
542.5	3.96609
542.75	3.96609
543	3.96609
543.25	3.96609
543.5	3.96609
543.75	3.96609
544	3.96609
544.25	3.96609
544.5	3.96609
544.75	3.96609
545	3.96609
545.25	3.96609
545.5	3.96609
545.75	3.96609
546	3.96609
546.25	3.96609
546.5	3.96609
546.75	3.96609
547	3.96609
547.25	3.96609
547.5	3.96609
547.75	3.96609
548	3.96609
548.25	3.96609
548.5	3.96609
548.75	3.96609
549	3.96609
549.25	3.96609
549.5	3.96609
549.75	3.96609
550	3.96609
550.25	3.96609
550.5	3.96609
550.75	3.96609
551	3.96609
551.25	3.96609
551.5	3.96609
551.75	3.96609
552	3.96609
552.25	3.96609
552.5	3.96609
552.75	3.96609
553	3.96609
553.25	3.96609
553.5	3.96609
553.75	3.96609
554	3.96609
554.25	3.96609
554.5	3.96609
554.75	3.96609
555	3.96609
555.25	3.96609
555.5	3.96609
555.75	3.96609
556	3.96609
556.25	3.96609
556.5	3.96609
556.75	3.96609
557	3.96609
557.25	3.96609
557.5	3.96609
557.75	3.96609
558	3.96609
558.25	3.96609
558.5	3.96609
558.75	3.96609
559	3.96609
559.25	3.96609
559.5	3.96609
559.75	3.96609
560	3.96609
560.25	3.96609
560.5	3.96609
560.75	3.96609
561	3.96609
561.25	3.96609
561.5	3.96609
561.75	3.96609
562	3.96609
562.25	3.96609
562.5	3.96609
562.75	3.96609
563	3.96609
563.25	3.96609
563.5	3.96609
563.75	3.96609
564	3.96609
564.25	3.96609
564.5	3.96609
564.75	3.96609
565	3.96609
565.25	3.96609
565.5	3.96609
565.75	3.96609
566	3.96609
566.25	3.96609
566.5	3.96609
566.75	3.96609
567	3.96609
567.25	3.96609
567.5	3.96609
567.75	3.96609
568	3.96609
568.25	3.96609
568.5	3.96609
568.75	3.96609
569	3.96609
569.25	3.96609
569.5	3.96609
569.75	3.96609
570	3.96609
570.25	3.96609
570.5	3.96609
570.75	3.96609
571	3.96609
571.25	3.96609
571.5	3.96609
571.75	3.96609
572	3.96609
572.25	3.96609
572.5	3.96609
572.75	3.96609
573	3.96609
573.25	3.96609
573.5	3.96609
573.75	3.96609
574	3.96609
574.25	3.96609
574.5	3.96609
574.75	3.96609
575	3.96609
575.25	3.96609
575.5	3.96609
575.75	3.96609
576	3.96609
576.25	3.96609
576.5	3.96609
576.75	3.96609
577	3.96609
577.25	3.96609
577.5	3.96609
577.75	3.96609
578	3.96609
578.25	3.96609
578.5	3.96609
578.75	3.96609
579	3.96609
579.25	3.96609
579.5	3.96609
579.75	3.96609
580	3.96609
580.25	3.96609
580.5	3.96609
580.75	3.96609
581	3.96609
581.25	3.96609
581.5	3.96609
581.75	3.96609
582	3.96609
582.25	3.96609
582.5	3.96609
582.75	3.96609
583	3.96609
583.25	3.96609
583.5	3.96609
583.75	3.96609
584	3.96609
584.25	3.96609
584.5	3.96609
584.75	3.96609
585	3.96609
585.25	3.96609
585.5	3.96609
585.75	3.96609
586	3.96609
586.25	3.96609
586.5	3.96609
586.75	3.96609
587	3.96609
587.25	3.96609
587.5	3.96609
587.75	3.96609
588	3.96609
588.25	3.96609
588.5	3.96609
588.75	3.96609
589	3.96609
589.25	3.96609
589.5	3.96609
589.75	3.96609
590	3.96609
590.25	3.96609
590.5	3.96609
590.75	3.96609
591	3.96609
591.25	3.96609
591.5	3.96609
591.75	3.96609
592	3.96609
592.25	3.96609
592.5	3.96609
592.75	3.96609
593	3.96609
593.25	3.96609
593.5	3.96609
593.75	3.96609
594	3.96609
594.25	3.96609
594.5	3.96609
594.75	3.96609
595	3.96609
595.25	3.96609
595.5	3.96609
595.75	3.96609
596	3.96609
596.25	3.96609
596.5	3.96609
596.75	3.96609
597	3.96609
597.25	3.96609
597.5	3.96609
597.75	3.96609
598	3.96609
598.25	3.96609
598.5	3.96609
598.75	3.96609
599	3.96609
599.25	3.96609
599.5	3.96609
599.75	3.96609
600	3.96609
600.25	3.96609
600.5	3.96609
600.75	3.96609
601	3.96609
601.25	3.96609
601.5	3.96609
601.75	3.96609
602	3.96609
602.25	3.96609
602.5	3.96609
602.75	3.96609
603	3.96609
603.25	3.96609
603.5	3.96609
603.75	3.96609
604	3.96609
604.25	3.96609
604.5	3.96609
604.75	3.96609
605	3.96609
605.25	3.96609
605.5	3.96609
605.75	3.96609
606	3.96609
606.25	3.96609
606.5	3.96609
606.75	3.96609
607	3.96609
607.25	3.96609
607.5	3.96609
607.75	3.96609
608	3.96609
608.25	3.96609
608.5	3.96609
608.75	3.96609
609	3.96609
609.25	3.96609
609.5	3.96609
609.75	3.96609
610	3.96609
610.25	3.96609
610.5	3.96609
610.75	3.96609
611	3.96609
611.25	3.96609
611.5	3.96609
611.75	3.96609
612	3.96609
612.25	3.96609
612.5	3.96609
612.75	3.96609
613	3.96609
613.25	3.96609
613.5	3.96609
613.75	3.96609
614	3.96609
614.25	3.96609
614.5	3.96609
614.75	3.96609
615	3.96609
615.25	3.96609
615.5	3.96609
615.75	3.96609
616	3.96609
616.25	3.96609
616.5	3.96609
616.75	3.96609
617	3.96609
617.25	3.96609
617.5	3.96609
617.75	3.96609
618	3.96609
618.25	3.96609
618.5	3.96609
618.75	3.96609
619	3.96609
619.25	3.96609
619.5	3.96609
619.75	3.96609
620	3.96609
620.25	3.96609
620.5	3.96609
620.75	3.96609
621	3.96609
621.25	3.96609
621.5	3.96609
621.75	3.96609
622	3.96609
622.25	3.96609
622.5	3.96609
622.75	3.96609
623	3.96609
623.25	3.96609
623.5	3.96609
623.75	3.96609
624	3.96609
624.25	3.96609
624.5	3.96609
624.75	3.96609
625	3.96609
625.25	3.96609
625.5	3.96609
625.75	3.96609
626	3.96609
626.25	3.96609
626.5	3.96609
626.75	3.96609
627	3.96609
627.25	3.96609
627.5	3.96609
627.75	3.96609
628	3.96609
628.25	3.96609
628.5	3.96609
628.75	3.96609
629	3.96609
629.25	3.96609
629.5	3.96609
629.75	3.96609
630	3.96609
630.25	3.96609
630.5	3.96609
630.75	3.96609
631	3.96609
631.25	3.96609
631.5	3.96609
631.75	3.96609
632	3.96609
632.25	3.96609
632.5	3.96609
632.75	3.96609
633	3.96609
633.25	3.96609
633.5	3.96609
633.75	3.96609
634	3.96609
634.25	3.96609
634.5	3.96609
634.75	3.96609
635	3.96609
635.25	3.96609
635.5	3.96609
635.75	3.96609
636	3.96609
636.25	3.96609
636.5	3.96609
636.75	3.96609
637	3.96609
637.25	3.96609
637.5	3.96609
637.75	3.96609
638	3.96609
638.25	3.96609
638.5	3.96609
638.75	3.96609
639	3.96609
639.25	3.96609
639.5	3.96609
639.75	3.96609
640	3.96609
640.25	3.96609
640.5	3.96609
640.75	3.96609
641	3.96609
641.25	3.96609
641.5	3.96609
641.75	3.96609
642	3.96609
642.25	3.96609
642.5	3.96609
642.75	3.96609
643	3.96609
643.25	3.96609
643.5	3.96609
643.75	3.96609
644	3.96609
644.25	3.96609
644.5	3.96609
644.75	3.96609
645	3.96609
645.25	3.96609
645.5	3.96609
645.75	3.96609
646	3.96609
646.25	3.96609
646.5	3.96609
646.75	3.96609
647	3.96609
647.25	3.96609
647.5	3.96609
647.75	3.96609
648	3.96609
648.25	3.96609
648.5	3.96609
648.75	3.96609
649	3.96609
649.25	3.96609
649.5	3.96609
649.75	3.96609
650	3.96609
650.25	3.96609
650.5	3.96609
650.75	3.96609
651	3.96609
651.25	3.96609
651.5	3.96609
651.75	3.96609
652	3.96609
652.25	3.96609
652.5	3.96609
652.75	3.96609
653	3.96609
653.25	3.96609
653.5	3.96609
653.75	3.96609
654	3.96609
654.25	3.96609
654.5	3.96609
654.75	3.96609
655	3.96609
655.25	3.96609
655.5	3.96609
655.75	3.96609
656	3.96609
656.25	3.96609
656.5	3.96609
656.75	3.96609
657	3.96609
657.25	3.96609
657.5	3.96609
657.75	3.96609
658	3.96609
658.25	3.96609
658.5	3.96609
658.75	3.96609
659	3.96609
659.25	3.96609
659.5	3.96609
659.75	3.96609
660	3.96609
660.25	3.96609
660.5	3.96609
660.75	3.96609
661	3.96609
661.25	3.96609
661.5	3.96609
661.75	3.96609
662	3.96609
662.25	3.96609
662.5	3.96609
662.75	3.96609
663	3.96609
663.25	3.96609
663.5	3.96609
663.75	3.96609
664	3.96609
664.25	3.96609
664.5	3.96609
664.75	3.96609
665	3.96609
665.25	3.96609
665.5	3.96609
665.75	3.96609
666	3.96609
666.25	3.96609
666.5	3.96609
666.75	3.96609
667	3.96609
667.25	3.96609
667.5	3.96609
667.75	3.96609
668	3.96609
668.25	3.96609
668.5	3.96609
668.75	3.96609
669	3.96609
669.25	3.96609
669.5	3.96609
669.75	3.96609
670	3.96609
670.25	3.96609
670.5	3.96609
670.75	3.96609
671	3.96609
671.25	3.96609
671.5	3.96609
671.75	3.96609
672	3.96609
672.25	3.96609
672.5	3.96609
672.75	3.96609
673	3.96609
673.25	3.96609
673.5	3.96609
673.75	3.96609
674	3.96609
674.25	3.96609
674.5	3.96609
674.75	3.96609
675	3.96609
675.25	3.96609
675.5	3.96609
675.75	3.96609
676	3.96609
676.25	3.96609
676.5	3.96609
676.75	3.96609
677	3.96609
677.25	3.96609
677.5	3.96609
677.75	3.96609
678	3.96609
678.25	3.96609
678.5	3.96609
678.75	3.96609
679	3.96609
679.25	3.96609
679.5	3.96609
679.75	3.96609
680	3.96609
680.25	3.96609
680.5	3.96609
680.75	3.96609
681	3.96609
681.25	3.96609
681.5	3.96609
681.75	3.96609
682	3.96609
682.25	3.96609
682.5	3.96609
682.75	3.96609
683	3.96609
683.25	3.96609
683.5	3.96609
683.75	3.96609
684	3.96609
684.25	3.96609
684.5	3.96609
684.75	3.96609
685	3.96609
685.25	3.96609
685.5	3.96609
685.75	3.96609
686	3.96609
686.25	3.96609
686.5	3.96609
686.75	3.96609
687	3.96609
687.25	3.96609
687.5	3.96609
687.75	3.96609
688	3.96609
688.25	3.96609
688.5	3.96609
688.75	3.96609
689	3.96609
689.25	3.96609
689.5	3.96609
689.75	3.96609
690	3.96609
690.25	3.96609
690.5	3.96609
690.75	3.96609
691	3.96609
691.25	3.96609
691.5	3.96609
691.75	3.96609
692	3.96609
692.25	3.96609
692.5	3.96609
692.75	3.96609
693	3.96609
693.25	3.96609
693.5	3.96609
693.75	3.96609
694	3.96609
694.25	3.96609
694.5	3.96609
694.75	3.96609
695	3.96609
695.25	3.96609
695.5	3.96609
695.75	3.96609
696	3.96609
696.25	3.96609
696.5	3.96609
696.75	3.96609
697	3.96609
697.25	3.96609
697.5	3.96609
697.75	3.96609
698	3.96609
698.25	3.96609
698.5	3.96609
698.75	3.96609
699	3.96609
699.25	3.96609
699.5	3.96609
699.75	3.96609
700	3.96609
700.25	3.96609
700.5	3.96609
700.75	3.96609
701	3.96609
701.25	3.96609
701.5	3.96609
701.75	3.96609
702	3.96609
702.25	3.96609
702.5	3.96609
702.75	3.96609
703	3.96609
703.25	3.96609
703.5	3.96609
703.75	3.96609
704	3.96609
704.25	3.96609
704.5	3.96609
704.75	3.96609
705	3.96609
705.25	3.96609
705.5	3.96609
705.75	3.96609
706	3.96609
706.25	3.96609
706.5	3.96609
706.75	3.96609
707	3.96609
707.25	3.96609
707.5	3.96609
707.75	3.96609
708	3.96609
708.25	3.96609
708.5	3.96609
708.75	3.96609
709	3.96609
709.25	3.96609
709.5	3.96609
709.75	3.96609
710	3.96609
710.25	3.96609
710.5	3.96609
710.75	3.96609
711	3.96609
711.25	3.96609
711.5	3.96609
711.75	3.96609
712	3.96609
712.25	3.96609
712.5	3.96609
712.75	3.96609
713	3.96609
713.25	3.96609
713.5	3.96609
713.75	3.96609
714	3.96609
714.25	3.96609
714.5	3.96609
714.75	3.96609
715	3.96609
715.25	3.96609
715.5	3.96609
715.75	3.96609
716	3.96609
716.25	3.96609
716.5	3.96609
716.75	3.96609
717	3.96609
717.25	3.96609
717.5	3.96609
717.75	3.96609
718	3.96609
718.25	3.96609
718.5	3.96609
718.75	3.96609
719	3.96609
719.25	3.96609
719.5	3.96609
719.75	3.96609
720	3.96609
720.25	3.96609
720.5	3.96609
720.75	3.96609
721	3.96609
721.25	3.96609
721.5	3.96609
721.75	3.96609
722	3.96609
722.25	3.96609
722.5	3.96609
722.75	3.96609
723	3.96609
723.25	3.96609
723.5	3.96609
723.75	3.96609
724	3.96609
724.25	3.96609
724.5	3.96609
724.75	3.96609
725	3.96609
725.25	3.96609
725.5	3.96609
725.75	3.96609
726	3.96609
726.25	3.96609
726.5	3.96609
726.75	3.96609
727	3.96609
727.25	3.96609
727.5	3.96609
727.75	3.96609
728	3.96609
728.25	3.96609
728.5	3.96609
728.75	3.96609
729	3.96609
729.25	3.96609
729.5	3.96609
729.75	3.96609
730	3.96609
730.25	3.96609
730.5	3.96609
730.75	3.96609
731	3.96609
731.25	3.96609
731.5	3.96609
731.75	3.96609
732	3.96609
732.25	3.96609
732.5	3.96609
732.75	3.96609
733	3.96609
733.25	3.96609
733.5	3.96609
733.75	3.96609
734	3.96609
734.25	3.96609
734.5	3.96609
734.75	3.96609
735	3.96609
735.25	3.96609
735.5	3.96609
735.75	3.96609
736	3.96609
736.25	3.96609
736.5	3.96609
736.75	3.96609
737	3.96609
737.25	3.96609
737.5	3.96609
737.75	3.96609
738	3.96609
738.25	3.96609
738.5	3.96609
738.75	3.96609
739	3.96609
739.25	3.96609
739.5	3.96609
739.75	3.96609
740	3.96609
740.25	3.96609
740.5	3.96609
740.75	3.96609
741	3.96609
741.25	3.96609
741.5	3.96609
741.75	3.96609
742	3.96609
742.25	3.96609
742.5	3.96609
742.75	3.96609
743	3.96609
743.25	3.96609
743.5	3.96609
743.75	3.96609
744	3.96609
744.25	3.96609
744.5	3.96609
744.75	3.96609
745	3.96609
745.25	3.96609
745.5	3.96609
745.75	3.96609
746	3.96609
746.25	3.96609
746.5	3.96609
746.75	3.96609
747	3.96609
747.25	3.96609
747.5	3.96609
747.75	3.96609
748	3.96609
748.25	3.96609
748.5	3.96609
748.75	3.96609
749	3.96609
749.25	3.96609
749.5	3.96609
749.75	3.96609
750	3.96609
750.25	3.96609
750.5	3.96609
750.75	3.96609
751	3.96609
751.25	3.96609
751.5	3.96609
751.75	3.96609
752	3.96609
752.25	3.96609
752.5	3.96609
752.75	3.96609
753	3.96609
753.25	3.96609
753.5	3.96609
753.75	3.96609
754	3.96609
754.25	3.96609
754.5	3.96609
754.75	3.96609
755	3.96609
755.25	3.96609
755.5	3.96609
755.75	3.96609
756	3.96609
756.25	3.96609
756.5	3.96609
756.75	3.96609
757	3.96609
757.25	3.96609
757.5	3.96609
757.75	3.96609
758	3.96609
758.25	3.96609
758.5	3.96609
758.75	3.96609
759	3.96609
759.25	3.96609
759.5	3.96609
759.75	3.96609
760	3.96609
760.25	3.96609
760.5	3.96609
760.75	3.96609
761	3.96609
761.25	3.96609
761.5	3.96609
761.75	3.96609
762	3.96609
762.25	3.96609
762.5	3.96609
762.75	3.96609
763	3.96609
763.25	3.96609
763.5	3.96609
763.75	3.96609
764	3.96609
764.25	3.96609
764.5	3.96609
764.75	3.96609
765	3.96609
765.25	3.96609
765.5	3.96609
765.75	3.96609
766	3.96609
766.25	3.96609
766.5	3.96609
766.75	3.96609
767	3.96609
767.25	3.96609
767.5	3.96609
767.75	3.96609
768	3.96609
768.25	3.96609
768.5	3.96609
768.75	3.96609
769	3.96609
769.25	3.96609
769.5	3.96609
769.75	3.96609
770	3.96609
770.25	3.96609
770.5	3.96609
770.75	3.96609
771	3.96609
771.25	3.96609
771.5	3.96609
771.75	3.96609
772	3.96609
772.25	3.96609
772.5	3.96609
772.75	3.96609
773	3.96609
773.25	3.96609
773.5	3.96609
773.75	3.96609
774	3.96609
774.25	3.96609
774.5	3.96609
774.75	3.96609
775	3.96609
775.25	3.96609
775.5	3.96609
775.75	3.96609
776	3.96609
776.25	3.96609
776.5	3.96609
776.75	3.96609
777	3.96609
777.25	3.96609
777.5	3.96609
777.75	3.96609
778	3.96609
778.25	3.96609
778.5	3.96609
778.75	3.96609
779	3.96609
779.25	3.96609
779.5	3.96609
779.75	3.96609
780	3.96609
780.25	3.96609
780.5	3.96609
780.75	3.96609
781	3.96609
781.25	3.96609
781.5	3.96609
781.75	3.96609
782	3.96609
782.25	3.96609
782.5	3.96609
782.75	3.96609
783	3.96609
783.25	3.96609
783.5	3.96609
783.75	3.96609
784	3.96609
784.25	3.96609
784.5	3.96609
784.75	3.96609
785	3.96609
785.25	3.96609
785.5	3.96609
785.75	3.96609
786	3.96609
786.25	3.96609
786.5	3.96609
786.75	3.96609
787	3.96609
787.25	3.96609
787.5	3.96609
787.75	3.96609
788	3.96609
788.25	3.96609
788.5	3.96609
788.75	3.96609
789	3.96609
789.25	3.96609
789.5	3.96609
789.75	3.96609
790	3.96609
790.25	3.96609
790.5	3.96609
790.75	3.96609
791	3.96609
791.25	3.96609
791.5	3.96609
791.75	3.96609
792	3.96609
792.25	3.96609
792.5	3.96609
792.75	3.96609
793	3.96609
793.25	3.96609
793.5	3.96609
793.75	3.96609
794	3.96609
794.25	3.96609
794.5	3.96609
794.75	3.96609
795	3.96609
795.25	3.96609
795.5	3.96609
795.75	3.96609
796	3.96609
796.25	3.96609
796.5	3.96609
796.75	3.96609
797	3.96609
797.25	3.96609
797.5	3.96609
797.75	3.96609
798	3.96609
798.25	3.96609
798.5	3.96609
798.75	3.96609
799	3.96609
799.25	3.96609
799.5	3.96609
799.75	3.96609
800	3.96609
800.25	3.96609
800.5	3.96609
800.75	3.96609
801	3.96609
801.25	3.96609
801.5	3.96609
801.75	3.96609
802	3.96609
802.25	3.96609
802.5	3.96609
802.75	3.96609
803	3.96609
803.25	3.96609
803.5	3.96609
803.75	3.96609
804	3.96609
804.25	3.96609
804.5	3.96609
804.75	3.96609
805	3.96609
805.25	3.96609
805.5	3.96609
805.75	3.96609
806	3.96609
806.25	3.96609
806.5	3.96609
806.75	3.96609
807	3.96609
807.25	3.96609
807.5	3.96609
807.75	3.96609
808	3.96609
808.25	3.96609
808.5	3.96609
808.75	3.96609
809	3.96609
809.25	3.96609
809.5	3.96609
809.75	3.96609
810	3.96609
810.25	3.96609
810.5	3.96609
810.75	3.96609
811	3.96609
811.25	3.96609
811.5	3.96609
811.75	3.96609
812	3.96609
812.25	3.96609
812.5	3.96609
812.75	3.96609
813	3.96609
813.25	3.96609
813.5	3.96609
813.75	3.96609
814	3.96609
814.25	3.96609
814.5	3.96609
814.75	3.96609
815	3.96609
815.25	3.96609
815.5	3.96609
815.75	3.96609
816	3.96609
816.25	3.96609
816.5	3.96609
816.75	3.96609
817	3.96609
817.25	3.96609
817.5	3.96609
817.75	3.96609
818	3.96609
818.25	3.96609
818.5	3.96609
818.75	3.96609
819	3.96609
819.25	3.96609
819.5	3.96609
819.75	3.96609
820	3.96609
820.25	3.96609
820.5	3.96609
820.75	3.96609
821	3.96609
821.25	3.96609
821.5	3.96609
821.75	3.96609
822	3.96609
822.25	3.96609
822.5	3.96609
822.75	3.96609
823	3.96609
823.25	3.96609
823.5	3.96609
823.75	3.96609
824	3.96609
824.25	3.96609
824.5	3.96609
824.75	3.96609
825	3.96609
825.25	3.96609
825.5	3.96609
825.75	3.96609
826	3.96609
826.25	3.96609
826.5	3.96609
826.75	3.96609
827	3.96609
827.25	3.96609
827.5	3.96609
827.75	3.96609
828	3.96609
828.25	3.96609
828.5	3.96609
828.75	3.96609
829	3.96609
829.25	3.96609
829.5	3.96609
829.75	3.96609
830	3.96609
830.25	3.96609
830.5	3.96609
830.75	3.96609
831	3.96609
831.25	3.96609
831.5	3.96609
831.75	3.96609
832	3.96609
832.25	3.96609
832.5	3.96609
832.75	3.96609
833	3.96609
833.25	3.96609
833.5	3.96609
833.75	3.96609
834	3.96609
834.25	3.96609
834.5	3.96609
834.75	3.96609
835	3.96609
835.25	3.96609
835.5	3.96609
835.75	3.96609
836	3.96609
836.25	3.96609
836.5	3.96609
836.75	3.96609
837	3.96609
837.25	3.96609
837.5	3.96609
837.75	3.96609
838	3.96609
838.25	3.96609
838.5	3.96609
838.75	3.96609
839	3.96609
839.25	3.96609
839.5	3.96609
839.75	3.96609
840	3.96609
840.25	3.96609
840.5	3.96609
840.75	3.96609
841	3.96609
841.25	3.96609
841.5	3.96609
841.75	3.96609
842	3.96609
842.25	3.96609
842.5	3.96609
842.75	3.96609
843	3.96609
843.25	3.96609
843.5	3.96609
843.75	3.96609
844	3.96609
844.25	3.96609
844.5	3.96609
844.75	3.96609
845	3.96609
845.25	3.96609
845.5	3.96609
845.75	3.96609
846	3.96609
846.25	3.96609
846.5	3.96609
846.75	3.96609
847	3.96609
847.25	3.96609
847.5	3.96609
847.75	3.96609
848	3.96609
848.25	3.96609
848.5	3.96609
848.75	3.96609
849	3.96609
849.25	3.96609
849.5	3.96609
849.75	3.96609
850	3.96609
850.25	3.96609
850.5	3.96609
850.75	3.96609
851	3.96609
851.25	3.96609
851.5	3.96609
851.75	3.96609
852	3.96609
852.25	3.96609
852.5	3.96609
852.75	3.96609
853	3.96609
853.25	3.96609
853.5	3.96609
853.75	3.96609
854	3.96609
854.25	3.96609
854.5	3.96609
854.75	3.96609
855	3.96609
855.25	3.96609
855.5	3.96609
855.75	3.96609
856	3.96609
856.25	3.96609
856.5	3.96609
856.75	3.96609
857	3.96609
857.25	3.96609
857.5	3.96609
857.75	3.96609
858	3.96609
858.25	3.96609
858.5	3.96609
858.75	3.96609
859	3.96609
859.25	3.96609
859.5	3.96609
859.75	3.96609
860	3.96609
860.25	3.96609
860.5	3.96609
860.75	3.96609
861	3.96609
861.25	3.96609
861.5	3.96609
861.75	3.96609
862	3.96609
862.25	3.96609
862.5	3.96609
862.75	3.96609
863	3.96609
863.25	3.96609
863.5	3.96609
863.75	3.96609
864	3.96609
864.25	3.96609
864.5	3.96609
864.75	3.96609
865	3.96609
865.25	3.96609
865.5	3.96609
865.75	3.96609
866	3.96609
866.25	3.96609
866.5	3.96609
866.75	3.96609
867	3.96609
867.25	3.96609
867.5	3.96609
867.75	3.96609
868	3.96609
868.25	3.96609
868.5	3.96609
868.75	3.96609
869	3.96609
869.25	3.96609
869.5	3.96609
869.75	3.96609
870	3.96609
870.25	3.96609
870.5	3.96609
870.75	3.96609
871	3.96609
871.25	3.96609
871.5	3.96609
871.75	3.96609
872	3.96609
872.25	3.96609
872.5	3.96609
872.75	3.96609
873	3.96609
873.25	3.96609
873.5	3.96609
873.75	3.96609
874	3.96609
874.25	3.96609
874.5	3.96609
874.75	3.96609
875	3.96609
875.25	3.96609
875.5	3.96609
875.75	3.96609
876	3.96609
876.25	3.96609
876.5	3.96609
876.75	3.96609
877	3.96609
877.25	3.96609
877.5	3.96609
877.75	3.96609
878	3.96609
878.25	3.96609
878.5	3.96609
878.75	3.96609
879	3.96609
879.25	3.96609
879.5	3.96609
879.75	3.96609
880	3.96609
880.25	3.96609
880.5	3.96609
880.75	3.96609
881	3.96609
881.25	3.96609
881.5	3.96609
881.75	3.96609
882	3.96609
882.25	3.96609
882.5	3.96609
882.75	3.96609
883	3.96609
883.25	3.96609
883.5	3.96609
883.75	3.96609
884	3.96609
884.25	3.96609
884.5	3.96609
884.75	3.96609
885	3.96609
885.25	3.96609
885.5	3.96609
885.75	3.96609
886	3.96609
886.25	3.96609
886.5	3.96609
886.75	3.96609
887	3.96609
887.25	3.96609
887.5	3.96609
887.75	3.96609
888	3.96609
888.25	3.96609
888.5	3.96609
888.75	3.96609
889	3.96609
889.25	3.96609
889.5	3.96609
889.75	3.96609
890	3.96609
890.25	3.96609
890.5	3.96609
890.75	3.96609
891	3.96609
891.25	3.96609
891.5	3.96609
891.75	3.96609
892	3.96609
892.25	3.96609
892.5	3.96609
892.75	3.96609
893	3.96609
893.25	3.96609
893.5	3.96609
893.75	3.96609
894	3.96609
894.25	3.96609
894.5	3.96609
894.75	3.96609
895	3.96609
895.25	3.96609
895.5	3.96609
895.75	3.96609
896	3.96609
896.25	3.96609
896.5	3.96609
896.75	3.96609
897	3.96609
897.25	3.96609
897.5	3.96609
897.75	3.96609
898	3.96609
898.25	3.96609
898.5	3.96609
898.75	3.96609
899	3.96609
899.25	3.96609
899.5	3.96609
899.75	3.96609
900	3.96609
900.25	3.96609
900.5	3.96609
900.75	3.96609
901	3.96609
901.25	3.96609
901.5	3.96609
901.75	3.96609
902	3.96609
902.25	3.96609
902.5	3.96609
902.75	3.96609
903	3.96609
903.25	3.96609
903.5	3.96609
903.75	3.96609
904	3.96609
904.25	3.96609
904.5	3.96609
904.75	3.96609
905	3.96609
905.25	3.96609
905.5	3.96609
905.75	3.96609
906	3.96609
906.25	3.96609
906.5	3.96609
906.75	3.96609
907	3.96609
907.25	3.96609
907.5	3.96609
907.75	3.96609
908	3.96609
908.25	3.96609
908.5	3.96609
908.75	3.96609
909	3.96609
909.25	3.96609
909.5	3.96609
909.75	3.96609
910	3.96609
910.25	3.96609
910.5	3.96609
910.75	3.96609
911	3.96609
911.25	3.96609
911.5	3.96609
911.75	3.96609
912	3.96609
912.25	3.96609
912.5	3.96609
912.75	3.96609
913	3.96609
913.25	3.96609
913.5	3.96609
913.75	3.96609
914	3.96609
914.25	3.96609
914.5	3.96609
914.75	3.96609
915	3.96609
915.25	3.96609
915.5	3.96609
915.75	3.96609
916	3.96609
916.25	3.96609
916.5	3.96609
916.75	3.96609
917	3.96609
917.25	3.96609
917.5	3.96609
917.75	3.96609
918	3.96609
918.25	3.96609
918.5	3.96609
918.75	3.96609
919	3.96609
919.25	3.96609
919.5	3.96609
919.75	3.96609
920	3.96609
920.25	3.96609
920.5	3.96609
920.75	3.96609
921	3.96609
921.25	3.96609
921.5	3.96609
921.75	3.96609
922	3.96609
922.25	3.96609
922.5	3.96609
922.75	3.96609
923	3.96609
923.25	3.96609
923.5	3.96609
923.75	3.96609
924	3.96609
924.25	3.96609
924.5	3.96609
924.75	3.96609
925	3.96609
925.25	3.96609
925.5	3.96609
925.75	3.96609
926	3.96609
926.25	3.96609
926.5	3.96609
926.75	3.96609
927	3.96609
927.25	3.96609
927.5	3.96609
927.75	3.96609
928	3.96609
928.25	3.96609
928.5	3.96609
928.75	3.96609
929	3.96609
929.25	3.96609
929.5	3.96609
929.75	3.96609
930	3.96609
930.25	3.96609
930.5	3.96609
930.75	3.96609
931	3.96609
931.25	3.96609
931.5	3.96609
931.75	3.96609
932	3.96609
932.25	3.96609
932.5	3.96609
932.75	3.96609
933	3.96609
933.25	3.96609
933.5	3.96609
933.75	3.96609
934	3.96609
934.25	3.96609
934.5	3.96609
934.75	3.96609
935	3.96609
935.25	3.96609
935.5	3.96609
935.75	3.96609
936	3.96609
936.25	3.96609
936.5	3.96609
936.75	3.96609
937	3.96609
937.25	3.96609
937.5	3.96609
937.75	3.96609
938	3.96609
938.25	3.96609
938.5	3.96609
938.75	3.96609
939	3.96609
939.25	3.96609
939.5	3.96609
939.75	3.96609
940	3.96609
940.25	3.96609
940.5	3.96609
940.75	3.96609
941	3.96609
941.25	3.96609
941.5	3.96609
941.75	3.96609
942	3.96609
942.25	3.96609
942.5	3.96609
942.75	3.96609
943	3.96609
943.25	3.96609
943.5	3.96609
943.75	3.96609
944	3.96609
944.25	3.96609
944.5	3.96609
944.75	3.96609
945	3.96609
945.25	3.96609
945.5	3.96609
945.75	3.96609
946	3.96609
946.25	3.96609
946.5	3.96609
946.75	3.96609
947	3.96609
947.25	3.96609
947.5	3.96609
947.75	3.96609
948	3.96609
948.25	3.96609
948.5	3.96609
948.75	3.96609
949	3.96609
949.25	3.96609
949.5	3.96609
949.75	3.96609
950	3.96609
950.25	3.96609
950.5	3.96609
950.75	3.96609
951	3.96609
951.25	3.96609
951.5	3.96609
951.75	3.96609
952	3.96609
952.25	3.96609
952.5	3.96609
952.75	3.96609
953	3.96609
953.25	3.96609
953.5	3.96609
953.75	3.96609
954	3.96609
954.25	3.96609
954.5	3.96609
954.75	3.96609
955	3.96609
955.25	3.96609
955.5	3.96609
955.75	3.96609
956	3.96609
956.25	3.96609
956.5	3.96609
956.75	3.96609
957	3.96609
957.25	3.96609
957.5	3.96609
957.75	3.96609
958	3.96609
958.25	3.96609
958.5	3.96609
958.75	3.96609
959	3.96609
959.25	3.96609
959.5	3.96609
959.75	3.96609
960	3.96609
960.25	3.96609
960.5	3.96609
960.75	3.96609
961	3.96609
961.25	3.96609
961.5	3.96609
961.75	3.96609
962	3.96609
962.25	3.96609
962.5	3.96609
962.75	3.96609
963	3.96609
963.25	3.96609
963.5	3.96609
963.75	3.96609
964	3.96609
964.25	3.96609
964.5	3.96609
964.75	3.96609
965	3.96609
965.25	3.96609
965.5	3.96609
965.75	3.96609
966	3.96609
966.25	3.96609
966.5	3.96609
966.75	3.96609
967	3.96609
967.25	3.96609
967.5	3.96609
967.75	3.96609
968	3.96609
968.25	3.96609
968.5	3.96609
968.75	3.96609
969	3.96609
969.25	3.96609
969.5	3.96609
969.75	3.96609
970	3.96609
970.25	3.96609
970.5	3.96609
970.75	3.96609
971	3.96609
971.25	3.96609
971.5	3.96609
971.75	3.96609
972	3.96609
972.25	3.96609
972.5	3.96609
972.75	3.96609
973	3.96609
973.25	3.96609
973.5	3.96609
973.75	3.96609
974	3.96609
974.25	3.96609
974.5	3.96609
974.75	3.96609
975	3.96609
975.25	3.96609
975.5	3.96609
975.75	3.96609
976	3.96609
976.25	3.96609
976.5	3.96609
976.75	3.96609
977	3.96609
977.25	3.96609
977.5	3.96609
977.75	3.96609
978	3.96609
978.25	3.96609
978.5	3.96609
978.75	3.96609
979	3.96609
979.25	3.96609
979.5	3.96609
979.75	3.96609
980	3.96609
980.25	3.96609
980.5	3.96609
980.75	3.96609
981	3.96609
981.25	3.96609
981.5	3.96609
981.75	3.96609
982	3.96609
982.25	3.96609
982.5	3.96609
982.75	3.96609
983	3.96609
983.25	3.96609
983.5	3.96609
983.75	3.96609
984	3.96609
984.25	3.96609
984.5	3.96609
984.75	3.96609
985	3.96609
985.25	3.96609
985.5	3.96609
985.75	3.96609
986	3.96609
986.25	3.96609
986.5	3.96609
986.75	3.96609
987	3.96609
987.25	3.96609
987.5	3.96609
987.75	3.96609
988	3.96609
988.25	3.96609
988.5	3.96609
988.75	3.96609
989	3.96609
989.25	3.96609
989.5	3.96609
989.75	3.96609
990	3.96609
990.25	3.96609
990.5	3.96609
990.75	3.96609
991	3.96609
991.25	3.96609
991.5	3.96609
991.75	3.96609
992	3.96609
992.25	3.96609
992.5	3.96609
992.75	3.96609
993	3.96609
993.25	3.96609
993.5	3.96609
993.75	3.96609
994	3.96609
994.25	3.96609
994.5	3.96609
994.75	3.96609
995	3.96609
995.25	3.96609
995.5	3.96609
995.75	3.96609
996	3.96609
996.25	3.96609
996.5	3.96609
996.75	3.96609
997	3.96609
997.25	3.96609
997.5	3.96609
997.75	3.96609
998	3.96609
998.25	3.96609
998.5	3.96609
998.75	3.96609
999	3.96609
999.25	3.96609
999.5	3.96609
999.75	3.96609
