0.25	0.00753399
0.5	0.000303519
0.75	0.00240324
1	0.00163293
1.25	0.00367381
1.5	0.000982959
1.75	0.000284323
2	0.000333949
2.25	0.000291268
2.5	0.000217227
2.75	0.000245689
3	0.000272161
3.25	8.60848e-05
3.5	9.235e-05
3.75	9.48522e-05
4	0.000100607
4.25	0.000105422
4.5	0.000111408
4.75	0.000117838
5	0.000122036
5.25	0.000124212
5.5	0.000129628
5.75	0.000129417
6	0.000131682
6.25	0.00013196
6.5	0.000133744
6.75	0.000142092
7	0.000126973
7.25	0.000361225
7.5	0.000380008
7.75	0.000336134
8	0.000339125
8.25	0.000319707
8.5	0.000326293
8.75	0.000314992
9	0.000337235
9.25	0.000329655
9.5	0.000328665
9.75	0.00036032
10	0.00034663
10.25	0.000351305
10.5	0.000389073
10.75	0.000381556
11	0.000390834
11.25	0.000424232
11.5	0.000434166
11.75	0.000419718
12	0.000442438
12.25	0.000406294
12.5	0.000401969
12.75	0.000431038
13	0.000450144
13.25	0.000468659
13.5	0.000495073
13.75	0.000498783
14	0.00049554
14.25	0.000497755
14.5	0.000491951
14.75	0.000482492
15	0.000490474
15.25	0.000494114
15.5	0.000492224
15.75	0.000526032
16	0.000564042
16.25	0.000632849
16.5	0.000674194
16.75	0.000741696
17	0.000786701
17.25	0.000832252
17.5	0.000851777
17.75	0.000832234
18	0.000812941
18.25	0.000803533
18.5	0.000798335
18.75	0.000763017
19	0.000721539
19.25	0.000712185
19.5	0.000703943
19.75	0.000683284
20	0.00066891
20.25	0.000634422
20.5	0.00060931
20.75	0.000568177
21	0.000562627
21.25	0.000539558
21.5	0.000518441
21.75	0.000496034
22	0.000482017
22.25	0.000483969
22.5	0.000475767
22.75	0.000471029
23	0.000436149
23.25	0.000420215
23.5	0.000398757
23.75	0.000410278
24	0.000402985
24.25	0.000417027
24.5	0.00039023
24.75	0.000411844
25	0.000416874
25.25	0.00043466
25.5	0.000437062
25.75	0.000433648
26	0.000430964
26.25	0.000435364
26.5	0.000445589
26.75	0.000436655
27	0.000432373
27.25	0.000433547
27.5	0.00042108
27.75	0.000443452
28	0.000439506
28.25	0.000427578
28.5	0.000416588
28.75	0.000397598
29	0.000379155
29.25	0.000369008
29.5	0.000354624
29.75	0.000323037
30	0.000310698
30.25	0.000291829
30.5	0.000289074
30.75	0.000281662
31	0.000288382
31.25	0.000292648
31.5	0.000307497
31.75	0.000341965
32	0.000369997
32.25	0.000395435
32.5	0.000441059
32.75	0.000462007
33	0.000508844
33.25	0.00053449
33.5	0.000545135
33.75	0.000554858
34	0.00059144
34.25	0.000593354
34.5	0.000628211
34.75	0.000648297
35	0.000673752
35.25	0.00069439
35.5	0.000705012
35.75	0.000713028
36	0.000707646
36.25	0.00068964
36.5	0.000652383
36.75	0.000616615
37	0.000569801
37.25	0.000544987
37.5	0.000509259
37.75	0.000492175
38	0.000492257
38.25	0.000491084
38.5	0.000485224
38.75	0.000497244
39	0.0004919
39.25	0.000504352
39.5	0.000500009
39.75	0.000494267
40	0.00046502
40.25	0.000455818
40.5	0.000447529
40.75	0.000428183
41	0.00042223
41.25	0.000422062
41.5	0.000415628
41.75	0.000402247
42	0.000395502
42.25	0.000386034
42.5	0.000392003
42.75	0.000379576
43	0.000383702
43.25	0.000391737
43.5	0.000424125
43.75	0.000431787
44	0.000462099
44.25	0.000476564
44.5	0.000489222
44.75	0.000514662
45	0.000527514
45.25	0.000529678
45.5	0.000538173
45.75	0.000549004
46	0.000538667
46.25	0.000530078
46.5	0.000533163
46.75	0.000494811
47	0.000472106
47.25	0.000446908
47.5	0.000421304
47.75	0.000399259
48	0.000381339
48.25	0.000360542
48.5	0.000336828
48.75	0.000328896
49	0.000308297
49.25	0.000308846
49.5	0.000302862
49.75	0.000311771
50	0.000304079
50.25	0.000305856
50.5	0.000293851
50.75	0.000303483
51	0.000309425
51.25	0.00034345
51.5	0.000364021
51.75	0.000402857
52	0.000444928
52.25	0.000507642
52.5	0.000547131
52.75	0.000589793
53	0.000665082
53.25	0.000712989
53.5	0.000777423
53.75	0.000826898
54	0.000869552
54.25	0.000912721
54.5	0.00091873
54.75	0.000947613
55	0.000881875
55.25	0.000812615
55.5	0.00076704
55.75	0.00069415
56	0.000676179
56.25	0.000663577
56.5	0.000652026
56.75	0.00063984
57	0.000632944
57.25	0.000633664
57.5	0.000627136
57.75	0.000642444
58	0.000660742
58.25	0.000669422
58.5	0.000669392
58.75	0.000637884
59	0.000599146
59.25	0.000547963
59.5	0.000511326
59.75	0.000479274
60	0.000447661
60.25	0.000424282
60.5	0.000414642
60.75	0.000412426
61	0.000433517
61.25	0.00043917
61.5	0.000458831
61.75	0.000490396
62	0.000521885
62.25	0.000557319
62.5	0.00059243
62.75	0.000638042
63	0.000707715
63.25	0.0007705
63.5	0.000828501
63.75	0.000894986
64	0.000935112
64.25	0.00096859
64.5	0.000967278
64.75	0.000942616
65	0.000891491
65.25	0.000844436
65.5	0.000796727
65.75	0.000765479
66	0.000752281
66.25	0.000718846
66.5	0.000710219
66.75	0.000701029
67	0.000704289
67.25	0.000721735
67.5	0.00075991
67.75	0.00078247
68	0.000799705
68.25	0.000782213
68.5	0.000708278
68.75	0.000604724
69	0.000554813
69.25	0.000520257
69.5	0.000496781
69.75	0.000489433
70	0.00050484
70.25	0.000515098
70.5	0.000520512
70.75	0.000540293
71	0.0005778
71.25	0.000620121
71.5	0.000661022
71.75	0.000726121
72	0.000792682
72.25	0.000867884
72.5	0.000931899
72.75	0.000989767
73	0.00101882
73.25	0.000999498
73.5	0.000974152
73.75	0.000923034
74	0.0009095
74.25	0.000798521
74.5	0.000807045
74.75	0.000752626
75	0.000769067
75.25	0.000770013
75.5	0.000808749
75.75	0.000843475
76	0.00089433
76.25	0.000919387
76.5	0.000918178
76.75	0.000864548
77	0.000765118
77.25	0.000646898
77.5	0.000613863
77.75	0.00057244
78	0.000541244
78.25	0.00051204
78.5	0.000490356
78.75	0.000475268
79	0.000486517
79.25	0.000486467
79.5	0.000503872
79.75	0.000518824
80	0.00054501
80.25	0.000595009
80.5	0.000653157
80.75	0.000739537
81	0.000771537
81.25	0.00081568
81.5	0.000834795
81.75	0.000805106
82	0.000798575
82.25	0.00079398
82.5	0.000745355
82.75	0.000696099
83	0.000660575
83.25	0.000715717
83.5	0.000740209
83.75	0.000790949
84	0.000808761
84.25	0.000887806
84.5	0.000947528
84.75	0.000302585
85	0.000308168
85.25	0.000274034
85.5	0.000262805
85.75	0.000748781
86	0.000668986
86.25	0.000646717
86.5	0.000649443
86.75	0.000647527
87	0.000635192
87.25	0.000631551
87.5	0.000627052
87.75	0.000644147
88	0.000635382
88.25	0.000659049
88.5	0.000682679
88.75	0.000737595
89	0.000765737
89.25	0.000242058
89.5	0.000245548
89.75	0.000795382
90	0.000752454
90.25	0.000664075
90.5	0.000590383
90.75	0.000558513
91	0.000551599
91.25	0.000591825
91.5	0.000641124
91.75	0.000690624
92	0.000731527
92.25	0.000790841
92.5	0.000840076
92.75	0.000893956
93	0.000279973
93.25	0.000278425
93.5	0.000249695
93.75	0.000233926
94	0.000617588
94.25	0.000609865
94.5	0.000603326
94.75	0.000211864
95	0.000220145
95.25	0.000236493
95.5	0.000246615
95.75	0.000252327
96	0.000254432
96.25	0.000253756
96.5	0.00024864
96.75	0.000244669
97	0.000245531
97.25	0.000239504
97.5	0.000252589
97.75	0.000258477
98	0.000274285
98.25	0.000295778
98.5	0.000304601
98.75	0.000268973
99	0.000238322
99.25	0.00021704
99.5	0.000713912
99.75	0.000674133
100	0.000634505
100.25	0.000657352
100.5	0.000693821
100.75	0.000740563
101	0.000240797
101.25	0.000260433
101.5	0.000277649
101.75	0.00028532
102	0.000288814
102.25	0.00027015
102.5	0.000260478
102.75	0.000264371
103	0.000252175
103.25	0.000240607
103.5	0.000225175
103.75	0.000234304
104	0.000252881
104.25	0.000260437
104.5	0.000269722
104.75	0.0002719
105	0.00027565
105.25	0.000269287
105.5	0.000266509
105.75	0.0002654
106	0.000265144
106.25	0.000265925
106.5	0.000266474
106.75	0.000279102
107	0.000290482
107.25	0.000316934
107.5	0.000334938
107.75	0.000334978
108	0.000315971
108.25	0.000281114
108.5	0.000253972
108.75	0.000237732
109	0.000230413
109.25	0.000780966
109.5	0.000239342
109.75	0.000247295
110	0.000265064
110.25	0.000278448
110.5	0.000295735
110.75	0.000313647
111	0.000319474
111.25	0.000329789
111.5	0.000320527
111.75	0.000300966
112	0.000287988
112.25	0.000288144
112.5	0.000268514
112.75	0.000273509
113	0.000289122
113.25	0.000284816
113.5	0.000278953
113.75	0.000276049
114	0.000272816
114.25	0.000266058
114.5	0.000260549
114.75	0.000266379
115	0.000257523
115.25	0.000251481
115.5	0.000255427
115.75	0.000250911
116	0.000257532
116.25	0.000273969
116.5	0.000291649
116.75	0.00031093
117	0.000321581
117.25	0.000317118
117.5	0.00029756
117.75	0.000249681
118	0.000229476
118.25	0.000230883
118.5	0.000795801
118.75	0.000242347
119	0.000826433
119.25	0.000261994
119.5	0.000279155
119.75	0.000296222
120	0.000308318
120.25	0.00032431
120.5	0.000333777
120.75	0.000335431
121	0.000304127
121.25	0.000303151
121.5	0.000272597
121.75	0.000268107
122	0.000275129
122.25	0.000271252
122.5	0.000268014
122.75	0.000262579
123	0.00025909
123.25	0.000250955
123.5	0.000245324
123.75	0.000243891
124	0.000237933
124.25	0.000231448
124.5	0.000231442
124.75	0.000223838
125	0.000224219
125.25	0.000240061
125.5	0.000247771
125.75	0.00027636
126	0.000286218
126.25	0.000292753
126.5	0.000267899
126.75	0.000233304
127	0.000216181
127.25	0.000780759
127.5	0.000215128
127.75	0.000738895
128	0.000775011
128.25	0.000241152
128.5	0.000262443
128.75	0.000274445
129	0.000291449
129.25	0.000311767
129.5	0.000311669
129.75	0.000318723
130	0.000309234
130.25	0.000272679
130.5	0.000248942
130.75	0.00025481
131	0.000247976
131.25	0.000250448
131.5	0.000251948
131.75	0.000245009
132	0.000248393
132.25	0.000249618
132.5	0.000245801
132.75	0.000235933
133	0.000236303
133.25	0.000236874
133.5	0.000228494
133.75	0.000233287
134	0.000247167
134.25	0.000261672
134.5	0.000276143
134.75	0.000293331
135	0.00029775
135.25	0.000267665
135.5	0.000231224
135.75	0.000215651
136	0.000219773
136.25	0.000222877
136.5	0.000746028
136.75	0.000238653
137	0.000249874
137.25	0.000261161
137.5	0.000274492
137.75	0.000292329
138	0.000307266
138.25	0.000310608
138.5	0.000321303
138.75	0.000307439
139	0.000285358
139.25	0.000255549
139.5	0.000264563
139.75	0.000258089
140	0.000255706
140.25	0.00025413
140.5	0.00025335
140.75	0.000247204
141	0.000248782
141.25	0.000244962
141.5	0.000244192
141.75	0.000235029
142	0.000237781
142.25	0.000235479
142.5	0.000239662
142.75	0.000248785
143	0.000258827
143.25	0.000275045
143.5	0.000293877
143.75	0.000302228
144	0.000269733
144.25	0.000240436
144.5	0.000213848
144.75	0.000221547
145	0.000222662
145.25	0.000225538
145.5	0.000239169
145.75	0.000248145
146	0.000261849
146.25	0.000272704
146.5	0.000287179
146.75	0.000303529
147	0.000305092
147.25	0.00032029
147.5	0.000315516
147.75	0.000297515
148	0.000269902
148.25	0.00027916
148.5	0.000268049
148.75	0.000263277
149	0.000257558
149.25	0.000255766
149.5	0.000249275
149.75	0.000250317
150	0.000240402
150.25	0.000241677
150.5	0.000244798
150.75	0.000233773
151	0.000241864
151.25	0.000238039
151.5	0.000249791
151.75	0.000255625
152	0.000272316
152.25	0.000294804
152.5	0.000301273
152.75	0.000282531
153	0.000235674
153.25	0.000224442
153.5	0.000222233
153.75	0.000224256
154	0.000223926
154.25	0.000237056
154.5	0.000245918
154.75	0.000262842
155	0.000271226
155.25	0.000280945
155.5	0.000301753
155.75	0.000302121
156	0.000319679
156.25	0.000320989
156.5	0.000303697
156.75	0.000282863
157	0.00029564
157.25	0.000275989
157.5	0.000265048
157.75	0.00026398
158	0.000252012
158.25	0.000247473
158.5	0.000247976
158.75	0.00024065
159	0.000237135
159.25	0.000238433
159.5	0.000238328
159.75	0.000229307
160	0.000238862
160.25	0.000239093
160.5	0.000249484
160.75	0.000266588
161	0.000282609
161.25	0.000292422
161.5	0.000277848
161.75	0.000238327
162	0.00022377
162.25	0.000218592
162.5	0.000222371
162.75	0.000217351
163	0.000235091
163.25	0.000238923
163.5	0.000258007
163.75	0.00026055
164	0.000282962
164.25	0.000285485
164.5	0.000298081
164.75	0.000318057
165	0.000307176
165.25	0.000302407
165.5	0.000289566
165.75	0.000296177
166	0.000269105
166.25	0.000263763
166.5	0.000254597
166.75	0.000247073
167	0.000243402
167.25	0.000238542
167.5	0.000237127
167.75	0.000233704
168	0.000228689
168.25	0.000233176
168.5	0.000223151
168.75	0.00023461
169	0.00023412
169.25	0.000242691
169.5	0.000260974
169.75	0.000277821
170	0.000277993
170.25	0.000269448
170.5	0.000227425
170.75	0.000220288
171	0.000215368
171.25	0.000207211
171.5	0.000225607
171.75	0.000226259
172	0.000240303
172.25	0.000250727
172.5	0.000257447
172.75	0.000274279
173	0.000277024
173.25	0.000298892
173.5	0.000303497
173.75	0.000295468
174	0.000291434
174.25	0.000298692
174.5	0.000275033
174.75	0.0002691
175	0.000249239
175.25	0.000249529
175.5	0.00023525
175.75	0.000237204
176	0.000230742
176.25	0.000230915
176.5	0.000225672
176.75	0.000227041
177	0.000221863
177.25	0.000225122
177.5	0.000227709
177.75	0.000230018
178	0.000244996
178.25	0.000262011
178.5	0.000273587
178.75	0.000270399
179	0.000246402
179.25	0.000226517
179.5	0.000210739
179.75	0.00020522
180	0.000218816
180.25	0.000219802
180.5	0.000227923
180.75	0.000239916
181	0.000247489
181.25	0.000256707
181.5	0.000264145
181.75	0.00028418
182	0.000292843
182.25	0.000287962
182.5	0.000293659
182.75	0.000299572
183	0.000281847
183.25	0.000271671
183.5	0.000255377
183.75	0.000245278
184	0.000237107
184.25	0.000226677
184.5	0.000229236
184.75	0.000224229
185	0.000226675
185.25	0.000218427
185.5	0.000221832
185.75	0.00021706
186	0.000221762
186.25	0.000226103
186.5	0.000230383
186.75	0.000254064
187	0.000264589
187.25	0.00026776
187.5	0.000254872
187.75	0.000237039
188	0.00020488
188.25	0.000208114
188.5	0.000211888
188.75	0.000217311
189	0.000223451
189.25	0.000229778
189.5	0.00023959
189.75	0.000247269
190	0.000249108
190.25	0.00027201
190.5	0.000283978
190.75	0.000280696
191	0.000285575
191.25	0.000301673
191.5	0.000283556
191.75	0.000278429
192	0.000253854
192.25	0.000248469
192.5	0.000235726
192.75	0.000227286
193	0.000218657
193.25	0.000221347
193.5	0.000220786
193.75	0.000217368
194	0.000210092
194.25	0.000220085
194.5	0.000214392
194.75	0.000218202
195	0.000221201
195.25	0.000247274
195.5	0.000256892
195.75	0.000262481
196	0.000264847
196.25	0.000234341
196.5	0.000208654
196.75	0.00020644
197	0.000208476
197.25	0.000212555
197.5	0.000219106
197.75	0.000224907
198	0.000232889
198.25	0.000237805
198.5	0.000246691
198.75	0.000257069
199	0.000272622
199.25	0.000273099
199.5	0.000283805
199.75	0.000296253
200	0.000285949
200.25	0.00028143
200.5	0.000253741
200.75	0.000251118
201	0.000229849
201.25	0.000225209
201.5	0.000222265
201.75	0.000207855
202	0.000217264
202.25	0.000211823
202.5	0.000205372
202.75	0.000216106
203	0.000209118
203.25	0.000212392
203.5	0.000214862
203.75	0.000241399
204	0.000248716
204.25	0.000258425
204.5	0.000260481
204.75	0.000236776
205	0.000213227
205.25	0.000203458
205.5	0.000205602
205.75	0.000210208
206	0.000211234
206.25	0.000221574
206.5	0.000224507
206.75	0.00023234
207	0.000239199
207.25	0.000249807
207.5	0.000262922
207.75	0.000262138
208	0.000280544
208.25	0.00029329
208.5	0.000284336
208.75	0.000281636
209	0.000255773
209.25	0.000248112
209.5	0.000221923
209.75	0.00022347
210	0.000214276
210.25	0.000209529
210.5	0.000203123
210.75	0.000210787
211	0.0002021
211.25	0.000207738
211.5	0.000204866
211.75	0.000204424
212	0.00021429
212.25	0.000234477
212.5	0.000242873
212.75	0.00025295
213	0.000255897
213.25	0.000232431
213.5	0.000212158
213.75	0.00020118
214	0.000204093
214.25	0.000201034
214.5	0.000212525
214.75	0.00021297
215	0.000219137
215.25	0.000223745
215.5	0.000233661
215.75	0.000243519
216	0.00025056
216.25	0.000256161
216.5	0.000276362
216.75	0.000287966
217	0.000282132
217.25	0.000276946
217.5	0.000254717
217.75	0.000241136
218	0.000217215
218.25	0.000217523
218.5	0.000205679
218.75	0.000209745
219	0.000193465
219.25	0.000204154
219.5	0.000199811
219.75	0.000198616
220	0.000197711
220.25	0.000195398
220.5	0.000219074
220.75	0.000223936
221	0.00023841
221.25	0.000248424
221.5	0.000246208
221.75	0.000231277
222	0.000205457
222.25	0.000200273
222.5	0.000195333
222.75	0.000203538
223	0.00020668
223.25	0.000205371
223.5	0.000215824
223.75	0.000214434
224	0.000231167
224.25	0.000235871
224.5	0.000237216
224.75	0.000254096
225	0.000272806
225.25	0.000278758
225.5	0.0002805
225.75	0.000267945
226	0.000248605
226.25	0.000228705
226.5	0.000212861
226.75	0.00020793
227	0.000199303
227.25	0.000202265
227.5	0.000189232
227.75	0.000196639
228	0.00019247
228.25	0.000190979
228.5	0.000190732
228.75	0.000196337
229	0.000214705
229.25	0.000220032
229.5	0.000233903
229.75	0.000242457
230	0.000238821
230.25	0.000223353
230.5	0.000199737
230.75	0.000191704
231	0.000194748
231.25	0.000197826
231.5	0.000200923
231.75	0.000200702
232	0.000207495
232.25	0.000211257
232.5	0.000223298
232.75	0.000226601
233	0.000230316
233.25	0.000253578
233.5	0.000267368
233.75	0.000274126
234	0.000270483
234.25	0.000258726
234.5	0.000231581
234.75	0.000218396
235	0.000205316
235.25	0.000196902
235.5	0.000193259
235.75	0.000193871
236	0.000181912
236.25	0.000190384
236.5	0.000181214
236.75	0.00018549
237	0.000181153
237.25	0.000203395
237.5	0.000204182
237.75	0.000219059
238	0.000228409
238.25	0.00023846
238.5	0.000231515
238.75	0.000208465
239	0.0001902
239.25	0.000188971
239.5	0.000190755
239.75	0.000193596
240	0.0001935
240.25	0.000196643
240.5	0.000200472
240.75	0.000209706
241	0.00021456
241.25	0.000216547
241.5	0.000231125
241.75	0.000251083
242	0.000260848
242.25	0.00026869
242.5	0.00025634
242.75	0.000242207
243	0.000221796
243.25	0.000203199
243.5	0.000195098
243.75	0.000188593
244	0.000186329
244.25	0.000182234
244.5	0.000177076
244.75	0.000179157
245	0.000174643
245.25	0.000173187
245.5	0.000187042
245.75	0.000195744
246	0.000201061
246.25	0.000215273
246.5	0.000229159
246.75	0.000233729
247	0.000212599
247.25	0.000194423
247.5	0.00018365
247.75	0.00018343
248	0.000187782
248.25	0.000187251
248.5	0.000185909
248.75	0.000189469
249	0.000197329
249.25	0.000202856
249.5	0.000203442
249.75	0.000215311
250	0.000232106
250.25	0.000244231
250.5	0.000256188
250.75	0.000258285
251	0.000240768
251.25	0.000223939
251.5	0.000206078
251.75	0.000189696
252	0.000184459
252.25	0.000178921
252.5	0.000179688
252.75	0.00016371
253	0.000175049
253.25	0.000169068
253.5	0.000169976
253.75	0.000168438
254	0.000187245
254.25	0.000188153
254.5	0.000199336
254.75	0.000218532
255	0.000225503
255.25	0.000215033
255.5	0.000200065
255.75	0.000178805
256	0.000176697
256.25	0.000181041
256.5	0.000179775
256.75	0.000177672
257	0.000178695
257.25	0.000185777
257.5	0.00019028
257.75	0.000190865
258	0.000200641
258.25	0.000213862
258.5	0.00022804
258.75	0.000241423
259	0.000248324
259.25	0.000243432
259.5	0.000219391
259.75	0.000207624
260	0.000186832
260.25	0.000177087
260.5	0.000171984
260.75	0.000170299
261	0.000160915
261.25	0.000164382
261.5	0.000163473
261.75	0.000159511
262	0.00015704
262.25	0.000175976
262.5	0.000177477
262.75	0.000184249
263	0.000206905
263.25	0.000213554
263.5	0.000209788
263.75	0.000202996
264	0.000173358
264.25	0.000172404
264.5	0.000172972
264.75	0.000172892
265	0.000167852
265.25	0.000168879
265.5	0.000174332
265.75	0.000179833
266	0.000178065
266.25	0.000185137
266.5	0.000197061
266.75	0.000211835
267	0.000225966
267.25	0.000234788
267.5	0.000232167
267.75	0.000222106
268	0.000196199
268.25	0.000185712
268.5	0.000168833
268.75	0.000164454
269	0.000161146
269.25	0.000157942
269.5	0.000151274
269.75	0.000155676
270	0.000150449
270.25	0.000146352
270.5	0.000163232
270.75	0.00016776
271	0.00017052
271.25	0.000194744
271.5	0.000198637
271.75	0.000204483
272	0.000196907
272.25	0.000171508
272.5	0.000166494
272.75	0.000164931
273	0.000164143
273.25	0.000156779
273.5	0.000160433
273.75	0.000163164
274	0.000166989
274.25	0.000165842
274.5	0.000170214
274.75	0.000180881
275	0.000196795
275.25	0.000208511
275.5	0.000220692
275.75	0.000220068
276	0.000213565
276.25	0.000189683
276.5	0.000177327
276.75	0.000161215
277	0.000155638
277.25	0.000151205
277.5	0.000150979
277.75	0.000139407
278	0.000146353
278.25	0.000140698
278.5	0.000135139
278.75	0.000151674
279	0.000155458
279.25	0.0001611
279.5	0.000177356
279.75	0.000187983
280	0.0001952
280.25	0.000184428
280.5	0.000169636
280.75	0.000156942
281	0.000155122
281.25	0.000152646
281.5	0.000146579
281.75	0.000149319
282	0.000152538
282.25	0.000153058
282.5	0.000150951
282.75	0.000157402
283	0.000165982
283.25	0.000182028
283.5	0.000191015
283.75	0.000204199
284	0.000205956
284.25	0.000198545
284.5	0.000185097
284.75	0.000160553
285	0.000153489
285.25	0.000142565
285.5	0.000141231
285.75	0.000139372
286	0.000129682
286.25	0.000133724
286.5	0.000125237
286.75	0.000127864
287	0.000138583
287.25	0.000140818
287.5	0.000152897
287.75	0.000161478
288	0.000176439
288.25	0.000180778
288.5	0.000170515
288.75	0.000161719
289	0.000145591
289.25	0.000144599
289.5	0.000137518
289.75	0.000138241
290	0.00013708
290.25	0.000139672
290.5	0.000137058
290.75	0.000138035
291	0.000142248
291.25	0.000153048
291.5	0.000164712
291.75	0.000175643
292	0.000186371
292.25	0.000188656
292.5	0.000181079
292.75	0.000160999
293	0.000154573
293.25	0.000136325
293.5	0.000134681
293.75	0.000126845
294	0.000126347
294.25	0.000118869
294.5	0.00012169
294.75	0.000112137
295	0.000120804
295.25	0.000122751
295.5	0.000134259
295.75	0.00013516
296	0.000153457
296.25	0.000161681
296.5	0.000162262
296.75	0.000159515
297	0.000143544
297.25	0.000136406
297.5	0.000125914
297.75	0.000129313
298	0.000122353
298.25	0.000125674
298.5	0.000125351
298.75	0.000123504
299	0.000124329
299.25	0.000133
299.5	0.000141876
299.75	0.000153479
300	0.000160576
300.25	0.000169663
300.5	0.000168531
300.75	0.000160182
301	0.000145914
301.25	0.000130828
301.5	0.000124791
301.75	0.000118608
302	0.000116179
302.25	0.000107366
302.5	0.000110128
302.75	0.000105092
303	0.000105344
303.25	0.000113277
303.5	0.000111686
303.75	0.000122332
304	0.000131786
304.25	0.000141697
304.5	0.000144999
304.75	0.000145479
305	0.000138093
305.25	0.000124309
305.5	0.000116166
305.75	0.000114862
306	0.000112486
306.25	0.000110954
306.5	0.000110857
306.75	0.000109737
307	0.000109578
307.25	0.000112641
307.5	0.000121567
307.75	0.000128918
308	0.000138624
308.25	0.000144326
308.5	0.000150966
308.75	0.000148172
309	0.000136818
309.25	0.000126293
309.5	0.000112731
309.75	0.000107138
310	0.000102826
310.25	0.000100391
310.5	9.52236e-05
310.75	9.75e-05
311	9.30288e-05
311.25	9.48167e-05
311.5	9.86464e-05
311.75	0.000101642
312	0.000113197
312.25	0.000122721
312.5	0.000127092
312.75	0.00013099
313	0.000126498
313.25	0.000115255
313.5	0.000105561
313.75	0.00010245
314	9.99712e-05
314.25	9.81412e-05
314.5	9.71126e-05
314.75	9.62234e-05
315	9.25778e-05
315.25	9.78838e-05
315.5	0.00010216
315.75	0.000110425
316	0.000117036
316.25	0.00012365
316.5	0.000131008
316.75	0.000130281
317	0.000126142
317.25	0.000113825
317.5	0.000103026
317.75	9.73099e-05
318	8.9471e-05
318.25	8.76804e-05
318.5	8.58308e-05
318.75	8.43579e-05
319	8.03762e-05
319.25	8.27169e-05
319.5	8.65945e-05
319.75	8.88882e-05
320	9.7275e-05
320.25	0.000104138
320.5	0.000110195
320.75	0.00011516
321	0.000111541
321.25	0.000105119
321.5	9.57102e-05
321.75	8.98151e-05
322	8.74157e-05
322.25	8.52372e-05
322.5	8.44807e-05
322.75	8.41788e-05
323	8.0302e-05
323.25	8.29968e-05
323.5	8.87251e-05
323.75	9.39343e-05
324	0.000100143
324.25	0.000106293
324.5	0.000112267
324.75	0.000114268
325	0.000110671
325.25	0.000101053
325.5	9.2188e-05
325.75	8.49216e-05
326	8.01554e-05
326.25	7.43598e-05
326.5	7.57627e-05
326.75	7.2806e-05
327	6.9882e-05
327.25	7.32699e-05
327.5	7.47582e-05
327.75	7.84298e-05
328	8.51075e-05
328.25	8.91297e-05
328.5	9.64731e-05
328.75	0.000100682
329	9.84578e-05
329.25	9.28115e-05
329.5	8.45496e-05
329.75	7.83989e-05
330	7.61301e-05
330.25	7.41297e-05
330.5	7.2903e-05
330.75	7.30267e-05
331	6.99213e-05
331.25	7.26179e-05
331.5	7.74111e-05
331.75	8.09074e-05
332	8.78557e-05
332.25	9.22579e-05
332.5	9.72569e-05
332.75	9.93923e-05
333	9.58801e-05
333.25	8.93479e-05
333.5	8.07009e-05
333.75	7.25148e-05
334	6.91668e-05
334.25	6.68539e-05
334.5	6.40192e-05
334.75	6.14573e-05
335	6.29599e-05
335.25	6.26515e-05
335.5	6.52334e-05
335.75	6.99959e-05
336	7.48233e-05
336.25	7.85382e-05
336.5	8.51685e-05
336.75	8.83061e-05
337	8.62601e-05
337.25	8.05698e-05
337.5	7.33251e-05
337.75	6.7826e-05
338	6.70144e-05
338.25	6.41576e-05
338.5	6.35379e-05
338.75	6.18668e-05
339	6.14568e-05
339.25	6.37413e-05
339.5	6.85747e-05
339.75	7.11621e-05
340	7.70827e-05
340.25	8.13703e-05
340.5	8.5472e-05
340.75	8.65501e-05
341	8.35643e-05
341.25	7.78633e-05
341.5	6.85496e-05
341.75	6.3551e-05
342	5.97507e-05
342.25	5.81861e-05
342.5	5.61941e-05
342.75	5.37794e-05
343	5.55145e-05
343.25	5.52668e-05
343.5	5.74425e-05
343.75	6.38652e-05
344	6.58268e-05
344.25	7.06905e-05
344.5	7.56884e-05
344.75	7.77839e-05
345	7.48336e-05
345.25	6.98489e-05
345.5	6.29595e-05
345.75	5.98678e-05
346	5.79742e-05
346.25	5.60471e-05
346.5	5.55109e-05
346.75	5.38935e-05
347	5.43136e-05
347.25	5.62887e-05
347.5	6.04981e-05
347.75	6.35254e-05
348	6.80468e-05
348.25	7.2471e-05
348.5	7.5314e-05
348.75	7.54966e-05
349	7.23574e-05
349.25	6.63983e-05
349.5	5.83228e-05
349.75	5.48243e-05
350	5.18956e-05
350.25	5.07731e-05
350.5	4.89523e-05
350.75	4.78231e-05
351	4.83669e-05
351.25	4.87255e-05
351.5	5.17954e-05
351.75	5.58913e-05
352	5.89784e-05
352.25	6.37624e-05
352.5	6.71307e-05
352.75	6.76689e-05
353	6.47804e-05
353.25	5.99631e-05
353.5	5.4168e-05
353.75	5.17122e-05
354	5.01692e-05
354.25	4.84497e-05
354.5	4.8256e-05
354.75	4.66804e-05
355	4.77929e-05
355.25	4.95523e-05
355.5	5.26458e-05
355.75	5.69114e-05
356	5.93866e-05
356.25	6.40184e-05
356.5	6.57735e-05
356.75	6.47904e-05
357	6.25149e-05
357.25	5.39613e-05
357.5	5.05557e-05
357.75	4.65652e-05
358	4.51771e-05
358.25	4.36347e-05
358.5	4.18093e-05
358.75	4.17328e-05
359	4.23577e-05
359.25	4.31549e-05
359.5	4.62375e-05
359.75	4.80886e-05
360	5.23864e-05
360.25	5.64979e-05
360.5	5.87355e-05
360.75	5.81113e-05
361	5.54665e-05
361.25	5.0031e-05
361.5	4.58899e-05
361.75	4.41327e-05
362	4.27771e-05
362.25	4.13777e-05
362.5	4.03581e-05
362.75	4.01609e-05
363	4.15914e-05
363.25	4.32455e-05
363.5	4.57352e-05
363.75	4.94618e-05
364	5.18933e-05
364.25	5.5096e-05
364.5	5.64114e-05
364.75	5.52143e-05
365	5.12436e-05
365.25	4.61371e-05
365.5	4.15601e-05
365.75	3.98493e-05
366	3.81134e-05
366.25	3.73875e-05
366.5	3.54599e-05
366.75	3.5785e-05
367	3.6552e-05
367.25	3.76926e-05
367.5	3.97599e-05
367.75	4.26126e-05
368	4.63057e-05
368.25	4.90319e-05
368.5	5.04913e-05
368.75	4.90999e-05
369	4.58353e-05
369.25	4.12555e-05
369.5	3.8316e-05
369.75	3.7122e-05
370	3.57917e-05
370.25	3.48449e-05
370.5	3.39506e-05
370.75	3.42443e-05
371	3.58979e-05
371.25	3.70089e-05
371.5	3.96141e-05
371.75	4.23206e-05
372	4.48494e-05
372.25	4.72318e-05
372.5	4.76174e-05
372.75	4.57223e-05
373	4.19945e-05
373.25	3.69179e-05
373.5	3.47071e-05
373.75	3.30136e-05
374	3.21262e-05
374.25	3.02489e-05
374.5	3.02977e-05
374.75	3.06779e-05
375	3.12488e-05
375.25	3.25012e-05
375.5	3.48799e-05
375.75	3.76964e-05
376	4.02587e-05
376.25	4.23868e-05
376.5	4.23738e-05
376.75	4.07694e-05
377	3.68627e-05
377.25	3.34018e-05
377.5	3.17301e-05
377.75	3.09033e-05
378	2.95623e-05
378.25	2.86571e-05
378.5	2.86485e-05
378.75	2.93375e-05
379	3.07582e-05
379.25	3.21605e-05
379.5	3.4301e-05
379.75	3.66628e-05
380	3.9156e-05
380.25	4.03501e-05
380.5	3.94686e-05
380.75	3.6918e-05
381	3.39268e-05
381.25	2.96816e-05
381.5	2.88292e-05
381.75	2.73786e-05
382	2.66002e-05
382.25	2.5557e-05
382.5	2.56925e-05
382.75	2.63366e-05
383	2.66633e-05
383.25	2.90838e-05
383.5	3.0979e-05
383.75	3.32963e-05
384	3.53205e-05
384.25	3.62903e-05
384.5	3.53303e-05
384.75	3.27717e-05
385	2.93835e-05
385.25	2.73282e-05
385.5	2.63884e-05
385.75	2.5627e-05
386	2.4234e-05
386.25	2.41693e-05
386.5	2.45879e-05
386.75	2.55173e-05
387	2.67206e-05
387.25	2.85007e-05
387.5	3.04685e-05
387.75	3.24877e-05
388	3.40443e-05
388.25	3.40792e-05
388.5	3.24533e-05
388.75	2.93639e-05
389	2.6716e-05
389.25	2.45742e-05
389.5	2.3661e-05
389.75	2.27961e-05
390	2.18097e-05
390.25	2.19274e-05
390.5	2.20938e-05
390.75	2.29366e-05
391	2.40301e-05
391.25	2.61517e-05
391.5	2.77593e-05
391.75	2.9501e-05
392	3.0798e-05
392.25	3.05688e-05
392.5	2.91055e-05
392.75	2.61675e-05
393	2.37508e-05
393.25	2.27308e-05
393.5	2.20405e-05
393.75	2.14707e-05
394	2.036e-05
394.25	2.0937e-05
394.5	2.14505e-05
394.75	2.24519e-05
395	2.34527e-05
395.25	2.53307e-05
395.5	2.70054e-05
395.75	2.87729e-05
396	2.9492e-05
396.25	2.84924e-05
396.5	2.66483e-05
396.75	2.34369e-05
397	2.19073e-05
397.25	2.07174e-05
397.5	1.98836e-05
397.75	1.88508e-05
398	1.90941e-05
398.25	1.88431e-05
398.5	1.9497e-05
398.75	2.03128e-05
399	2.18546e-05
399.25	2.32427e-05
399.5	2.49778e-05
399.75	2.64326e-05
400	2.67432e-05
400.25	2.58368e-05
400.5	2.32977e-05
400.75	2.11214e-05
401	1.98385e-05
401.25	1.92136e-05
401.5	1.88037e-05
401.75	1.78198e-05
402	1.7943e-05
402.25	1.85107e-05
402.5	1.92042e-05
402.75	1.9944e-05
403	2.15378e-05
403.25	2.29142e-05
403.5	2.45616e-05
403.75	2.55245e-05
404	2.5165e-05
404.25	2.35786e-05
404.5	2.10628e-05
404.75	1.91797e-05
405	1.83244e-05
405.25	1.74953e-05
405.5	1.69362e-05
405.75	1.63049e-05
406	1.64214e-05
406.25	1.66178e-05
406.5	1.76301e-05
406.75	1.83791e-05
407	1.98961e-05
407.25	2.10727e-05
407.5	2.2608e-05
407.75	2.32575e-05
408	2.25828e-05
408.25	1.86204e-05
408.5	1.66915e-05
408.75	1.64479e-05
409	1.5812e-05
409.25	1.55581e-05
409.5	1.53841e-05
409.75	1.51294e-05
410	1.58289e-05
410.25	1.67996e-05
410.5	1.78701e-05
410.75	1.92759e-05
411	2.03925e-05
411.25	2.10889e-05
411.5	2.09094e-05
411.75	1.94677e-05
412	1.75631e-05
412.25	1.62376e-05
412.5	1.54255e-05
412.75	1.50249e-05
413	1.47007e-05
413.25	1.42843e-05
413.5	1.37265e-05
413.75	1.3887e-05
414	1.43554e-05
414.25	1.52704e-05
414.5	1.64538e-05
414.75	1.74348e-05
415	1.85867e-05
415.25	1.91302e-05
415.5	1.86943e-05
415.75	1.72243e-05
416	1.54677e-05
416.25	1.45867e-05
416.5	1.40234e-05
416.75	1.3743e-05
417	1.33102e-05
417.25	1.31883e-05
417.5	1.27632e-05
417.75	1.31093e-05
418	1.37789e-05
418.25	1.48228e-05
418.5	1.57599e-05
418.75	1.69347e-05
419	1.77231e-05
419.25	1.79877e-05
419.5	1.71358e-05
419.75	1.5577e-05
420	1.40757e-05
420.25	1.32889e-05
420.5	1.28541e-05
420.75	1.24804e-05
421	1.21061e-05
421.25	1.18733e-05
421.5	1.15118e-05
421.75	1.1834e-05
422	1.23978e-05
422.25	1.32029e-05
422.5	1.42391e-05
422.75	1.51971e-05
423	1.58199e-05
423.25	1.59303e-05
423.5	1.48761e-05
423.75	1.34323e-05
424	1.23869e-05
424.25	1.17555e-05
424.5	1.14937e-05
424.75	1.11467e-05
425	1.09486e-05
425.25	1.05036e-05
425.5	1.06593e-05
425.75	1.10342e-05
426	1.17321e-05
426.25	1.2582e-05
426.5	1.34903e-05
426.75	1.4253e-05
427	1.47113e-05
427.25	1.44719e-05
427.5	1.3222e-05
427.75	1.20003e-05
428	1.1039e-05
428.25	1.05397e-05
428.5	1.0301e-05
428.75	9.93535e-06
429	9.69843e-06
429.25	9.3281e-06
429.5	9.45372e-06
429.75	9.85227e-06
430	1.03252e-05
430.25	1.11536e-05
430.5	1.19486e-05
430.75	1.26344e-05
431	1.29175e-05
431.25	1.24184e-05
431.5	1.13624e-05
431.75	1.01537e-05
432	9.66086e-06
432.25	9.31591e-06
432.5	9.07346e-06
432.75	8.80969e-06
433	8.62948e-06
433.25	8.41717e-06
433.5	8.6799e-06
433.75	9.14705e-06
434	9.78745e-06
434.25	1.04746e-05
434.5	1.11916e-05
434.75	1.16684e-05
435	1.17291e-05
435.25	1.09781e-05
435.5	9.88072e-06
435.75	9.03865e-06
436	8.49645e-06
436.25	8.24609e-06
436.5	7.98516e-06
436.75	7.74465e-06
437	7.42546e-06
437.25	7.49148e-06
437.5	7.70463e-06
437.75	8.20238e-06
438	8.63088e-06
438.25	9.31631e-06
438.5	9.94599e-06
438.75	1.02756e-05
439	1.01355e-05
439.25	9.30482e-06
439.5	8.34292e-06
439.75	7.78871e-06
440	7.48105e-06
440.25	7.29855e-06
440.5	7.07941e-06
440.75	6.91969e-06
441	6.70292e-06
441.25	6.87653e-06
441.5	7.22097e-06
441.75	7.66202e-06
442	8.25561e-06
442.25	8.8484e-06
442.5	9.30793e-06
442.75	9.45963e-06
443	8.99566e-06
443.25	8.16993e-06
443.5	7.36862e-06
443.75	6.90698e-06
444	6.67081e-06
444.25	6.46573e-06
444.5	6.30121e-06
444.75	5.998e-06
445	6.04896e-06
445.25	6.18035e-06
445.5	6.5421e-06
445.75	6.93193e-06
446	7.50047e-06
446.25	7.97448e-06
446.5	8.33851e-06
446.75	8.32695e-06
447	7.66405e-06
447.25	6.9494e-06
447.5	6.41087e-06
447.75	6.15183e-06
448	5.99978e-06
448.25	5.8498e-06
448.5	5.7005e-06
448.75	5.4982e-06
449	5.66142e-06
449.25	5.89162e-06
449.5	6.24399e-06
449.75	6.72311e-06
450	7.25072e-06
450.25	7.65391e-06
450.5	7.82387e-06
450.75	7.50786e-06
451	6.89024e-06
451.25	6.1818e-06
451.5	5.79148e-06
451.75	5.60042e-06
452	5.41072e-06
452.25	5.27216e-06
452.5	5.00574e-06
452.75	5.05428e-06
453	5.1413e-06
453.25	5.42305e-06
453.5	5.75465e-06
453.75	6.23668e-06
454	6.65807e-06
454.25	6.97768e-06
454.5	6.99318e-06
454.75	6.52132e-06
455	5.94425e-06
455.25	5.43995e-06
455.5	5.25147e-06
455.75	5.09506e-06
456	4.97066e-06
456.25	4.86225e-06
456.5	4.68924e-06
456.75	4.73564e-06
457	4.94938e-06
457.25	5.28715e-06
457.5	5.62984e-06
457.75	6.0844e-06
458	6.44339e-06
458.25	6.64124e-06
458.5	6.48563e-06
458.75	5.94956e-06
459	5.37082e-06
459.25	5.02638e-06
459.5	4.79698e-06
459.75	4.67032e-06
460	4.52528e-06
460.25	4.44121e-06
460.5	4.27625e-06
460.75	4.38082e-06
461	4.57401e-06
461.25	4.85075e-06
461.5	5.25172e-06
461.75	5.62963e-06
462	5.93463e-06
462.25	6.02284e-06
462.5	5.71583e-06
462.75	5.20857e-06
463	4.76196e-06
463.25	4.5448e-06
463.5	4.41236e-06
463.75	4.30473e-06
464	4.20372e-06
464.25	4.1332e-06
464.5	4.03301e-06
464.75	4.17832e-06
465	4.44088e-06
465.25	4.7248e-06
465.5	5.11902e-06
465.75	5.44947e-06
466	5.67132e-06
466.25	5.65796e-06
466.5	5.2502e-06
466.75	4.78967e-06
467	4.38927e-06
467.25	4.16802e-06
467.5	4.06246e-06
467.75	3.9342e-06
468	3.83397e-06
468.25	3.67898e-06
468.5	3.71528e-06
468.75	3.84882e-06
469	4.10184e-06
469.25	4.35574e-06
469.5	4.72367e-06
469.75	5.00104e-06
470	5.15951e-06
470.25	5.04275e-06
470.5	4.65323e-06
470.75	4.18192e-06
471	3.95572e-06
471.25	3.8168e-06
471.5	3.73286e-06
471.75	3.63736e-06
472	3.57056e-06
472.25	3.43745e-06
472.5	3.50984e-06
472.75	3.67872e-06
473	3.94967e-06
473.25	4.21414e-06
473.5	4.54111e-06
473.75	4.77375e-06
474	4.86427e-06
474.25	4.6597e-06
474.5	4.25046e-06
474.75	3.85276e-06
475	3.61826e-06
475.25	3.4947e-06
475.5	3.4012e-06
475.75	3.30219e-06
476	3.22471e-06
476.25	3.12579e-06
476.5	3.20513e-06
476.75	3.35724e-06
477	3.56725e-06
477.25	3.86717e-06
477.5	4.12907e-06
477.75	4.32797e-06
478	4.3602e-06
478.25	4.09448e-06
478.5	3.71497e-06
478.75	3.40353e-06
479	3.27972e-06
479.25	3.18625e-06
479.5	3.10942e-06
479.75	3.03584e-06
480	2.98494e-06
480.25	2.91413e-06
480.5	3.02178e-06
480.75	3.21011e-06
481	3.41448e-06
481.25	3.69369e-06
481.5	3.92559e-06
481.75	4.07254e-06
482	4.04477e-06
482.25	3.74202e-06
482.5	3.38419e-06
482.75	3.12295e-06
483	2.96833e-06
483.25	2.89538e-06
483.5	2.80832e-06
483.75	2.73868e-06
484	2.61123e-06
484.25	2.63954e-06
484.5	2.74819e-06
484.75	2.91726e-06
485	3.10363e-06
485.25	3.35191e-06
485.5	3.55173e-06
485.75	3.65935e-06
486	3.56377e-06
486.25	3.26821e-06
486.5	2.94655e-06
486.75	2.78829e-06
487	2.6932e-06
487.25	2.63239e-06
487.5	2.58057e-06
487.75	2.51113e-06
488	2.42044e-06
488.25	2.47795e-06
488.5	2.59907e-06
488.75	2.79592e-06
489	2.96587e-06
489.25	3.19935e-06
489.5	3.36034e-06
489.75	3.42015e-06
490	3.30045e-06
490.25	3.19701e-06
490.5	2.9053e-06
490.75	2.62039e-06
491	2.45533e-06
491.25	2.39889e-06
491.5	2.31184e-06
491.75	2.21627e-06
492	2.19625e-06
492.25	2.22134e-06
492.5	2.28866e-06
492.75	2.36729e-06
493	2.51531e-06
493.25	2.68578e-06
493.5	2.88017e-06
493.75	3.0298e-06
494	3.05842e-06
494.25	2.88339e-06
494.5	2.60358e-06
494.75	2.38591e-06
495	2.28077e-06
495.25	2.19321e-06
495.5	2.14458e-06
495.75	2.05758e-06
496	2.05669e-06
496.25	2.10357e-06
496.5	2.1777e-06
496.75	2.26478e-06
497	2.41648e-06
497.25	2.57999e-06
497.5	2.75444e-06
497.75	2.86696e-06
498	2.83961e-06
498.25	2.62645e-06
498.5	2.33888e-06
498.75	2.1599e-06
499	2.04154e-06
499.25	1.9825e-06
499.5	1.92387e-06
499.75	1.85249e-06
500	1.85146e-06
500.25	1.89955e-06
500.5	1.96997e-06
500.75	2.04789e-06
501	2.19212e-06
501.25	2.3482e-06
501.5	2.49817e-06
501.75	2.57697e-06
502	2.49118e-06
502.25	2.27587e-06
502.5	2.10192e-06
502.75	1.91245e-06
503	1.86053e-06
503.25	1.80547e-06
503.5	1.72889e-06
503.75	1.71662e-06
504	1.73611e-06
504.25	1.79642e-06
504.5	1.85792e-06
504.75	1.97236e-06
505	2.09951e-06
505.25	2.24978e-06
505.5	2.36729e-06
505.75	2.40203e-06
506	2.26855e-06
506.25	2.08259e-06
506.5	1.81986e-06
506.75	1.73533e-06
507	1.6666e-06
507.25	1.62052e-06
507.5	1.54959e-06
507.75	1.54163e-06
508	1.56237e-06
508.25	1.61687e-06
508.5	1.676e-06
508.75	1.78261e-06
509	1.90706e-06
509.25	2.04306e-06
509.5	2.13608e-06
509.75	2.1296e-06
510	1.9716e-06
510.25	1.79319e-06
510.5	1.63515e-06
510.75	1.56591e-06
511	1.52009e-06
511.25	1.44915e-06
511.5	1.4347e-06
511.75	1.44385e-06
512	1.48758e-06
512.25	1.52952e-06
512.5	1.61563e-06
512.75	1.71688e-06
513	1.83969e-06
513.25	1.95226e-06
513.5	2.01151e-06
513.75	1.94929e-06
514	1.79984e-06
514.25	1.57297e-06
514.5	1.47351e-06
514.75	1.41013e-06
515	1.36832e-06
515.25	1.30507e-06
515.5	1.29126e-06
515.75	1.30304e-06
516	1.34285e-06
516.25	1.3871e-06
516.5	1.46306e-06
516.75	1.57412e-06
517	1.67866e-06
517.25	1.77115e-06
517.5	1.80541e-06
517.75	1.70562e-06
518	1.54677e-06
518.25	1.41666e-06
518.5	1.33053e-06
518.75	1.29304e-06
519	1.25853e-06
519.25	1.20834e-06
519.5	1.2119e-06
519.75	1.24353e-06
520	1.28962e-06
520.25	1.33562e-06
520.5	1.41993e-06
520.75	1.51825e-06
521	1.62272e-06
521.25	1.6947e-06
521.5	1.68422e-06
521.75	1.55987e-06
522	1.38687e-06
522.25	1.26805e-06
522.5	1.21085e-06
522.75	1.17116e-06
523	1.1142e-06
523.25	1.09909e-06
523.5	1.10077e-06
523.75	1.13233e-06
524	1.16877e-06
524.25	1.22562e-06
524.5	1.30484e-06
524.75	1.40258e-06
525	1.4936e-06
525.25	1.54207e-06
525.5	1.48846e-06
525.75	1.36321e-06
526	1.23817e-06
526.25	1.15376e-06
526.5	1.11563e-06
526.75	1.08575e-06
527	1.03804e-06
527.25	1.03595e-06
527.5	1.05574e-06
527.75	1.09637e-06
528	1.13107e-06
528.25	1.19717e-06
528.5	1.2776e-06
528.75	1.36958e-06
529	1.44234e-06
529.25	1.46022e-06
529.5	1.37543e-06
529.75	1.23894e-06
530	1.11403e-06
530.25	1.05553e-06
530.5	1.01907e-06
530.75	9.90106e-07
531	9.48392e-07
531.25	9.45523e-07
531.5	9.64915e-07
531.75	9.99241e-07
532	1.03707e-06
532.25	1.10359e-06
532.5	1.18329e-06
532.75	1.26774e-06
533	1.32548e-06
533.25	1.31065e-06
533.5	1.21293e-06
533.75	1.09785e-06
534	1.01592e-06
534.25	9.71328e-07
534.5	9.45778e-07
534.75	9.22873e-07
535	8.92267e-07
535.25	9.0269e-07
535.5	9.31391e-07
535.75	9.62039e-07
536	1.01396e-06
536.25	1.07902e-06
536.5	1.15681e-06
536.75	1.60423e-06
537	1.09461e-06
537.25	9.96544e-07
537.5	1.17897e-06
537.75	1.51758e-06
538	1.09853e-06
538.25	1.66875e-06
538.5	9.62635e-07
538.75	1.74617e-06
539	8.49701e-07
539.25	8.99579e-07
539.5	8.27011e-07
539.75	1.89931e-06
540	8.68923e-07
540.25	1.75671e-06
540.5	8.91289e-07
540.75	1.17864e-06
541	1.04294e-06
541.25	1.45939e-06
541.5	1.18248e-06
541.75	8.66058e-07
542	9.37294e-07
542.25	1.61769e-06
542.5	9.84721e-07
542.75	1.72533e-06
543	8.59042e-07
543.25	9.04124e-07
543.5	1.9391e-06
543.75	8.79346e-07
544	1.82126e-06
544.25	8.81409e-07
544.5	1.17072e-06
544.75	9.58504e-07
545	1.51234e-06
545.25	1.04813e-06
545.5	1.45766e-06
545.75	1.21079e-06
546	1.49423e-06
546.25	1.03456e-06
546.5	8.27061e-07
546.75	1.68926e-06
547	8.51819e-07
547.25	1.81984e-06
547.5	8.72783e-07
547.75	1.83961e-06
548	8.79388e-07
548.25	1.7208e-06
548.5	8.69303e-07
548.75	1.60073e-06
549	9.27509e-07
549.25	1.05365e-06
549.5	1.18604e-06
549.75	1.43943e-06
550	1.14459e-06
550.25	1.59346e-06
550.5	9.56336e-07
550.75	1.69563e-06
551	8.68865e-07
551.25	8.89839e-07
551.5	1.93517e-06
551.75	8.86404e-07
552	1.80383e-06
552.25	8.84592e-07
552.5	1.66249e-06
552.75	9.01534e-07
553	1.17621e-06
553.25	1.12605e-06
553.5	1.44382e-06
553.75	1.21284e-06
554	1.51824e-06
554.25	1.02824e-06
554.5	1.65473e-06
554.75	8.76331e-07
555	1.77528e-06
555.25	8.73634e-07
555.5	1.85618e-06
555.75	8.88447e-07
556	1.78557e-06
556.25	8.74847e-07
556.5	1.64812e-06
556.75	8.89291e-07
557	1.54767e-06
557.25	1.00225e-06
557.5	1.4491e-06
557.75	1.20923e-06
558	1.49936e-06
558.25	1.05698e-06
558.5	1.65516e-06
558.75	8.98436e-07
559	1.7636e-06
559.25	8.94954e-07
559.5	1.858e-06
559.75	9.12736e-07
560	1.80727e-06
560.25	8.98567e-07
560.5	1.68254e-06
560.75	9.009e-07
561	1.58096e-06
561.25	1.00403e-06
561.5	1.48417e-06
561.75	1.22752e-06
562	1.50255e-06
562.25	1.05367e-06
562.5	1.6489e-06
562.75	8.99215e-07
563	1.76321e-06
563.25	8.93339e-07
563.5	1.86224e-06
563.75	2.21333e-06
564	2.29698e-06
564.25	8.876e-07
564.5	1.67923e-06
564.75	8.78237e-07
565	1.59226e-06
565.25	9.64625e-07
565.5	1.47769e-06
565.75	1.19712e-06
566	1.46896e-06
566.25	1.06972e-06
566.5	1.62782e-06
566.75	1.86964e-06
567	8.79176e-07
567.25	1.8139e-06
567.5	9.12265e-07
567.75	1.8427e-06
568	2.25572e-06
568.25	2.29434e-06
568.5	8.90067e-07
568.75	1.64973e-06
569	8.88037e-07
569.25	1.55763e-06
569.5	1.90356e-06
569.75	1.19239e-06
570	1.44717e-06
570.25	1.74317e-06
570.5	9.98824e-07
570.75	1.60237e-06
571	1.85687e-06
571.25	8.79388e-07
571.5	1.80967e-06
571.75	2.07862e-06
572	2.20537e-06
572.25	2.24285e-06
572.5	2.24577e-06
572.75	8.74643e-07
573	1.61911e-06
573.25	2.08859e-06
573.5	9.85538e-07
573.75	1.46566e-06
574	1.15972e-06
574.25	1.43475e-06
574.5	1.7331e-06
574.75	9.63822e-07
575	1.59935e-06
575.25	1.86595e-06
575.5	1.97236e-06
575.75	2.05692e-06
576	2.13955e-06
576.25	2.19275e-06
576.5	2.20642e-06
576.75	8.77721e-07
577	1.62873e-06
577.25	2.12711e-06
577.5	1.88823e-06
577.75	9.69036e-07
578	1.43911e-06
578.25	1.67723e-06
578.5	1.67267e-06
578.75	9.8756e-07
579	1.52517e-06
579.25	1.78611e-06
579.5	1.87729e-06
579.75	1.95282e-06
580	2.03933e-06
580.25	2.11174e-06
580.5	2.1495e-06
580.75	2.16221e-06
581	2.13041e-06
581.25	2.05478e-06
581.5	1.93612e-06
581.75	8.90634e-07
582	1.45604e-06
582.25	1.68154e-06
582.5	1.17497e-06
582.75	1.4283e-06
583	1.70059e-06
583.25	1.75793e-06
583.5	1.80171e-06
583.75	1.87597e-06
584	1.96414e-06
584.25	2.04332e-06
584.5	2.10239e-06
584.75	2.12689e-06
585	2.11178e-06
585.25	2.06268e-06
585.5	1.98006e-06
585.75	1.86268e-06
586	1.74796e-06
586.25	1.65188e-06
586.5	1.12363e-06
586.75	1.37191e-06
587	1.64355e-06
587.25	1.68616e-06
587.5	1.73271e-06
587.75	1.78608e-06
588	1.86669e-06
588.25	1.9506e-06
588.5	2.02526e-06
588.75	2.0682e-06
589	2.08656e-06
589.25	2.06334e-06
589.5	1.9935e-06
589.75	1.87502e-06
590	1.77393e-06
590.25	1.67049e-06
590.5	1.59601e-06
590.75	1.5734e-06
591	1.58479e-06
591.25	1.62172e-06
591.5	1.67344e-06
591.75	1.71007e-06
592	1.77365e-06
592.25	1.85415e-06
592.5	1.93109e-06
592.75	1.99387e-06
593	2.03097e-06
593.25	2.03086e-06
593.5	2.00457e-06
593.75	1.9316e-06
594	1.82165e-06
594.25	1.71108e-06
594.5	1.61017e-06
594.75	1.55856e-06
595	1.54758e-06
595.25	1.57245e-06
595.5	1.62076e-06
595.75	1.65866e-06
596	1.70915e-06
596.25	1.78267e-06
596.5	1.85644e-06
596.75	1.92999e-06
597	1.96984e-06
597.25	1.99098e-06
597.5	1.97125e-06
597.75	1.91003e-06
598	1.79389e-06
598.25	1.70024e-06
598.5	1.59462e-06
598.75	1.51938e-06
599	1.49144e-06
599.25	1.49961e-06
599.5	1.54136e-06
599.75	1.5778e-06
600	1.61456e-06
600.25	1.67604e-06
600.5	1.74526e-06
600.75	1.81172e-06
601	1.85999e-06
601.25	1.88726e-06
601.5	1.87927e-06
601.75	1.84895e-06
602	1.76379e-06
602.25	1.65974e-06
602.5	1.55256e-06
602.75	1.45662e-06
603	1.40566e-06
603.25	1.39389e-06
603.5	1.42096e-06
603.75	1.45244e-06
604	1.47986e-06
604.25	1.53232e-06
604.5	1.5835e-06
604.75	1.64332e-06
605	1.69554e-06
605.25	1.72648e-06
605.5	1.73786e-06
605.75	1.71275e-06
606	1.65399e-06
606.25	1.54684e-06
606.5	1.46153e-06
606.75	1.36445e-06
607	1.28902e-06
607.25	1.25383e-06
607.5	1.25196e-06
607.75	1.27607e-06
608	1.30392e-06
608.25	1.33093e-06
608.5	1.37401e-06
608.75	1.41476e-06
609	1.46132e-06
609.25	1.49274e-06
609.5	1.51076e-06
609.75	1.5069e-06
610	1.47791e-06
610.25	1.41354e-06
610.5	1.31893e-06
610.75	1.23083e-06
611	1.14336e-06
611.25	1.07914e-06
611.5	1.05062e-06
611.75	1.04969e-06
612	1.07761e-06
612.25	1.09497e-06
612.5	1.1055e-06
612.75	1.12344e-06
613	1.17345e-06
613.25	1.19282e-06
613.5	1.21285e-06
613.75	1.21637e-06
614	1.20496e-06
614.25	1.17214e-06
614.5	1.1121e-06
614.75	1.03421e-06
615	9.58498e-07
615.25	8.86795e-07
615.5	8.29537e-07
615.75	7.99047e-07
616	7.93578e-07
616.25	8.07088e-07
616.5	8.16865e-07
616.75	8.19484e-07
617	8.32235e-07
617.25	8.42575e-07
617.5	8.51794e-07
617.75	8.58953e-07
618	8.59163e-07
618.25	8.49394e-07
618.5	8.31046e-07
618.75	7.94245e-07
619	7.42402e-07
619.25	6.84354e-07
619.5	6.31145e-07
619.75	5.81988e-07
620	5.46193e-07
620.25	5.27168e-07
620.5	5.23283e-07
620.75	5.27652e-07
621	5.29486e-07
621.25	5.29646e-07
621.5	5.3125e-07
621.75	5.33883e-07
622	5.35985e-07
622.25	5.36996e-07
622.5	5.39766e-07
622.75	5.37642e-07
623	5.31277e-07
623.25	5.22874e-07
623.5	5.08007e-07
623.75	4.87233e-07
624	4.60048e-07
624.25	4.3595e-07
624.5	4.15588e-07
624.75	3.97855e-07
625	3.87731e-07
625.25	3.85837e-07
625.5	3.95371e-07
625.75	4.12876e-07
626	4.39667e-07
626.25	4.70224e-07
626.5	5.06026e-07
626.75	5.44298e-07
627	5.76406e-07
627.25	6.07586e-07
627.5	6.41445e-07
627.75	6.73432e-07
628	7.06613e-07
628.25	7.403e-07
628.5	7.70155e-07
628.75	7.97997e-07
629	8.12294e-07
629.25	8.30932e-07
629.5	8.22219e-07
629.75	8.11605e-07
630	7.97105e-07
630.25	7.91899e-07
630.5	8.09478e-07
630.75	8.35705e-07
631	8.80385e-07
631.25	9.32153e-07
631.5	9.81629e-07
631.75	1.03051e-06
632	1.07029e-06
632.25	1.11838e-06
632.5	1.16785e-06
632.75	1.23651e-06
633	1.30422e-06
633.25	1.35224e-06
633.5	1.38983e-06
633.75	1.40061e-06
634	1.38844e-06
634.25	1.35061e-06
634.5	1.31222e-06
634.75	1.27256e-06
635	1.26433e-06
635.25	1.28839e-06
635.5	1.33563e-06
635.75	1.39449e-06
636	1.44156e-06
636.25	1.50552e-06
636.5	1.56987e-06
636.75	1.63131e-06
637	1.72149e-06
637.25	1.81265e-06
637.5	1.88672e-06
637.75	1.93615e-06
638	8.1871e-07
638.25	1.44167e-06
638.5	8.26379e-07
638.75	1.4478e-06
639	8.96291e-07
639.25	9.40606e-07
639.5	1.46753e-06
639.75	1.13753e-06
640	8.31081e-07
640.25	1.7038e-06
640.5	8.87484e-07
640.75	1.90296e-06
641	9.06365e-07
641.25	1.91762e-06
641.5	9.20622e-07
641.75	1.77705e-06
642	9.00042e-07
642.25	1.67765e-06
642.5	9.25202e-07
642.75	1.16273e-06
643	1.22547e-06
643.25	1.51788e-06
643.5	1.23499e-06
643.75	1.68213e-06
644	1.04634e-06
644.25	1.79833e-06
644.5	8.96973e-07
644.75	1.93965e-06
645	9.15141e-07
645.25	1.93553e-06
645.5	9.24523e-07
645.75	1.80257e-06
646	9.11845e-07
646.25	1.68685e-06
646.5	9.65168e-07
646.75	1.14141e-06
647	1.25739e-06
647.25	1.51411e-06
647.5	1.2216e-06
647.75	1.67013e-06
648	1.03711e-06
648.25	1.77587e-06
648.5	9.02162e-07
648.75	1.91482e-06
649	9.1579e-07
649.25	1.93995e-06
649.5	2.37005e-06
649.75	9.27768e-07
650	1.758e-06
650.25	9.09081e-07
650.5	1.6464e-06
650.75	9.9559e-07
651	1.5335e-06
651.25	1.22642e-06
651.5	1.49669e-06
651.75	1.14023e-06
652	1.64948e-06
652.25	1.90824e-06
652.5	9.16409e-07
652.75	1.81142e-06
653	2.06538e-06
653.25	9.04687e-07
653.5	1.88379e-06
653.75	2.30762e-06
654	2.318e-06
654.25	9.04006e-07
654.5	1.66322e-06
654.75	9.13442e-07
655	1.56594e-06
655.25	1.88446e-06
655.5	1.7437e-06
655.75	1.20458e-06
656	1.51698e-06
656.25	1.79627e-06
656.5	9.42409e-07
656.75	1.6746e-06
657	1.9317e-06
657.25	2.04903e-06
657.5	2.12607e-06
657.75	2.19913e-06
658	2.23369e-06
658.25	2.23456e-06
658.5	2.19797e-06
658.75	8.75925e-07
659	1.60041e-06
659.25	1.95478e-06
659.5	1.74858e-06
659.75	1.16924e-06
660	1.4204e-06
660.25	1.68337e-06
660.5	1.72828e-06
660.75	1.76884e-06
661	1.80295e-06
661.25	1.86223e-06
661.5	1.93689e-06
661.75	2.01244e-06
662	2.07652e-06
662.25	2.10893e-06
662.5	2.11431e-06
662.75	2.07867e-06
663	2.01791e-06
663.25	1.90372e-06
663.5	1.7922e-06
663.75	1.68348e-06
664	1.60225e-06
664.25	1.57072e-06
664.5	1.57364e-06
664.75	1.60215e-06
665	1.6405e-06
665.25	1.67426e-06
665.5	1.73583e-06
665.75	1.80672e-06
666	1.88028e-06
666.25	1.94034e-06
666.5	1.97681e-06
666.75	1.9811e-06
667	1.95281e-06
667.25	1.8641e-06
667.5	1.76069e-06
667.75	1.66196e-06
668	1.55183e-06
668.25	1.48195e-06
668.5	1.45542e-06
668.75	1.46134e-06
669	1.48734e-06
669.25	1.51705e-06
669.5	1.57449e-06
669.75	1.62962e-06
670	1.69412e-06
670.25	1.74693e-06
670.5	1.78089e-06
670.75	1.79106e-06
671	1.79103e-06
671.25	1.71894e-06
671.5	1.62218e-06
671.75	1.52069e-06
672	1.41461e-06
672.25	1.33521e-06
672.5	1.29428e-06
672.75	1.28793e-06
673	1.31154e-06
673.25	1.34033e-06
673.5	1.38931e-06
673.75	1.43719e-06
674	1.49483e-06
674.25	1.54249e-06
674.5	1.57152e-06
674.75	1.58067e-06
675	1.56463e-06
675.25	1.49846e-06
675.5	1.42387e-06
675.75	1.33241e-06
676	1.237e-06
676.25	1.1628e-06
676.5	1.12892e-06
676.75	1.12215e-06
677	1.14161e-06
677.25	1.16486e-06
677.5	1.19215e-06
677.75	1.25635e-06
678	1.29413e-06
678.25	1.33266e-06
678.5	1.35367e-06
678.75	1.36784e-06
679	1.35165e-06
679.25	1.29715e-06
679.5	1.22427e-06
679.75	1.14064e-06
680	1.05493e-06
680.25	9.94194e-07
680.5	9.64941e-07
680.75	9.62098e-07
681	9.78776e-07
681.25	9.95754e-07
681.5	1.02071e-06
681.75	1.05445e-06
682	1.09248e-06
682.25	1.12247e-06
682.5	1.15516e-06
682.75	1.13819e-06
683	1.12405e-06
683.25	1.07694e-06
683.5	1.01755e-06
683.75	9.46579e-07
684	8.74155e-07
684.25	8.21173e-07
684.5	7.96552e-07
684.75	7.93717e-07
685	8.03361e-07
685.25	8.12197e-07
685.5	8.29858e-07
685.75	8.51898e-07
686	8.76762e-07
686.25	8.95048e-07
686.5	9.06411e-07
686.75	9.0855e-07
687	8.92187e-07
687.25	8.55699e-07
687.5	8.00798e-07
687.75	7.42563e-07
688	6.81031e-07
688.25	6.32525e-07
688.5	6.05548e-07
688.75	5.97749e-07
689	6.02459e-07
689.25	6.04067e-07
689.5	6.1115e-07
689.75	6.22327e-07
690	6.31915e-07
690.25	6.38147e-07
690.5	6.38846e-07
690.75	6.33279e-07
691	6.17911e-07
691.25	5.98273e-07
691.5	5.6142e-07
691.75	5.18374e-07
692	4.71935e-07
692.25	4.30593e-07
692.5	3.98333e-07
692.75	3.85721e-07
693	3.80894e-07
693.25	3.78454e-07
693.5	3.83385e-07
693.75	3.83619e-07
694	3.80826e-07
694.25	3.78848e-07
694.5	3.72629e-07
694.75	3.64076e-07
695	3.56943e-07
695.25	3.42631e-07
695.5	3.4021e-07
695.75	3.30827e-07
696	3.13223e-07
696.25	2.89313e-07
696.5	2.67091e-07
696.75	2.47369e-07
697	2.31732e-07
697.25	2.20534e-07
697.5	2.13341e-07
697.75	2.09371e-07
698	2.08671e-07
698.25	2.14187e-07
698.5	2.25889e-07
698.75	2.42959e-07
699	2.65289e-07
699.25	2.87134e-07
699.5	3.05164e-07
699.75	3.20098e-07
700	3.33739e-07
700.25	3.46827e-07
700.5	3.61128e-07
700.75	3.74578e-07
701	3.88534e-07
701.25	4.04348e-07
701.5	4.24721e-07
701.75	4.48634e-07
702	4.74599e-07
702.25	5.01381e-07
702.5	5.29226e-07
702.75	5.60204e-07
703	5.74501e-07
703.25	5.8079e-07
703.5	5.82965e-07
703.75	5.79125e-07
704	5.78687e-07
704.25	5.93884e-07
704.5	6.16492e-07
704.75	6.44679e-07
705	6.73238e-07
705.25	6.98531e-07
705.5	7.30991e-07
705.75	7.63224e-07
706	7.99035e-07
706.25	8.41878e-07
706.5	8.92967e-07
706.75	9.30551e-07
707	9.68994e-07
707.25	9.87116e-07
707.5	9.85989e-07
707.75	9.65758e-07
708	9.4822e-07
708.25	9.19744e-07
708.5	9.17186e-07
708.75	9.33886e-07
709	9.64717e-07
709.25	1.0028e-06
709.5	1.0368e-06
709.75	1.0799e-06
710	1.12265e-06
710.25	1.16811e-06
710.5	1.23618e-06
710.75	1.31376e-06
711	1.35674e-06
711.25	1.38995e-06
711.5	1.39927e-06
711.75	1.3774e-06
712	1.33501e-06
712.25	1.2816e-06
712.5	1.24055e-06
712.75	1.22967e-06
713	1.25648e-06
713.25	1.28967e-06
713.5	1.32528e-06
713.75	1.37731e-06
714	1.42379e-06
714.25	1.477e-06
714.5	1.5549e-06
714.75	1.63792e-06
715	1.71238e-06
715.25	1.76241e-06
715.5	1.78444e-06
715.75	1.78008e-06
716	1.72877e-06
716.25	1.67918e-06
716.5	1.59782e-06
716.75	1.53785e-06
717	1.52412e-06
717.25	1.54479e-06
717.5	1.03838e-06
717.75	1.42741e-06
718	8.56584e-07
718.25	1.59445e-06
718.5	1.83339e-06
718.75	8.57827e-07
719	1.70605e-06
719.25	2.14394e-06
719.5	2.15815e-06
719.75	2.1472e-06
720	2.0475e-06
720.25	8.69286e-07
720.5	1.48951e-06
720.75	9.48533e-07
721	1.44248e-06
721.25	1.1824e-06
721.5	1.55189e-06
721.75	9.72077e-07
722	1.67835e-06
722.25	8.90804e-07
722.5	1.84306e-06
722.75	2.1412e-06
723	2.25775e-06
723.25	2.28518e-06
723.5	8.81751e-07
723.75	1.64581e-06
724	8.65558e-07
724.25	1.57462e-06
724.5	1.92444e-06
724.75	1.10489e-06
725	1.45727e-06
725.25	1.75474e-06
725.5	1.02657e-06
725.75	1.61739e-06
726	1.85932e-06
726.25	8.79465e-07
726.5	1.81937e-06
726.75	2.0827e-06
727	2.21172e-06
727.25	2.24689e-06
727.5	2.24819e-06
727.75	8.76052e-07
728	1.61949e-06
728.25	2.08749e-06
728.5	9.78414e-07
728.75	1.46836e-06
729	1.13883e-06
729.25	1.44016e-06
729.5	1.74024e-06
729.75	1.78741e-06
730	8.95071e-07
730.25	1.66938e-06
730.5	1.91353e-06
730.75	2.04783e-06
731	2.12889e-06
731.25	2.17631e-06
731.5	2.18676e-06
731.75	2.16284e-06
732	2.09857e-06
732.25	1.99878e-06
732.5	8.81745e-07
732.75	1.47862e-06
733	1.71311e-06
733.25	1.62803e-06
733.5	1.63351e-06
733.75	9.61873e-07
734	1.48869e-06
734.25	1.72726e-06
734.5	1.8184e-06
734.75	1.89026e-06
735	1.9738e-06
735.25	2.04631e-06
735.5	2.08145e-06
735.75	2.0936e-06
736	2.06236e-06
736.25	1.98685e-06
736.5	1.85882e-06
736.75	1.76126e-06
737	1.65383e-06
737.25	1.57503e-06
737.5	1.54594e-06
737.75	1.55023e-06
738	1.57619e-06
738.25	1.60894e-06
738.5	1.63924e-06
738.75	1.69833e-06
739	1.76808e-06
739.25	1.83502e-06
739.5	1.89172e-06
739.75	1.92225e-06
740	1.9247e-06
740.25	1.91213e-06
740.5	1.82301e-06
740.75	1.72288e-06
741	1.61571e-06
741.25	1.51147e-06
741.5	1.44747e-06
741.75	1.42264e-06
742	1.42927e-06
742.25	1.45195e-06
742.5	1.48162e-06
742.75	1.53786e-06
743	1.59329e-06
743.25	1.6561e-06
743.5	1.70236e-06
743.75	1.73062e-06
744	1.73318e-06
744.25	1.69508e-06
744.5	1.63244e-06
744.75	1.54295e-06
745	1.44177e-06
745.25	1.33999e-06
745.5	1.26642e-06
745.75	1.23536e-06
746	1.23407e-06
746.25	1.25051e-06
746.5	1.2712e-06
746.75	1.32861e-06
747	1.36627e-06
747.25	1.41159e-06
747.5	1.43966e-06
747.75	1.46931e-06
748	1.46511e-06
748.25	1.43135e-06
748.5	1.36912e-06
748.75	1.28414e-06
749	1.19087e-06
749.25	1.10075e-06
749.5	1.04175e-06
749.75	1.01444e-06
750	1.01907e-06
750.25	1.03493e-06
750.5	1.05637e-06
750.75	1.08712e-06
751	1.12438e-06
751.25	1.15337e-06
751.5	1.18788e-06
751.75	1.16342e-06
752	1.16673e-06
752.25	1.13497e-06
752.5	1.07196e-06
752.75	1.00108e-06
753	9.22472e-07
753.25	8.59161e-07
753.5	8.25054e-07
753.75	8.27153e-07
754	8.38438e-07
754.25	8.5109e-07
754.5	8.73033e-07
754.75	8.98892e-07
755	9.33313e-07
755.25	9.4471e-07
755.5	9.55157e-07
755.75	9.48826e-07
756	9.18108e-07
756.25	8.71023e-07
756.5	8.15222e-07
756.75	7.55057e-07
757	7.1361e-07
757.25	7.03535e-07
757.5	7.13578e-07
757.75	7.2244e-07
758	7.40348e-07
758.25	7.73763e-07
758.5	8.06221e-07
758.75	8.24225e-07
759	8.40452e-07
759.25	8.38762e-07
759.5	8.19573e-07
759.75	7.86187e-07
760	7.46961e-07
760.25	7.1353e-07
760.5	6.99886e-07
760.75	7.18222e-07
761	7.23298e-07
761.25	7.52401e-07
761.5	7.86778e-07
761.75	8.26773e-07
762	8.63175e-07
762.25	8.88947e-07
762.5	8.86337e-07
762.75	8.7067e-07
763	8.46691e-07
763.25	8.16993e-07
763.5	7.94001e-07
763.75	7.94356e-07
764	8.13667e-07
764.25	8.35251e-07
764.5	8.75482e-07
764.75	9.18034e-07
765	9.75317e-07
765.25	1.01876e-06
765.5	1.05437e-06
765.75	1.0776e-06
766	1.06732e-06
766.25	1.04517e-06
766.5	1.01665e-06
766.75	9.87706e-07
767	9.7402e-07
767.25	9.85002e-07
767.5	1.00945e-06
767.75	1.03719e-06
768	1.07779e-06
768.25	1.13721e-06
768.5	1.20387e-06
768.75	1.26971e-06
769	1.32126e-06
769.25	1.35694e-06
769.5	1.37384e-06
769.75	1.35355e-06
770	1.31044e-06
770.25	1.26842e-06
770.5	1.23777e-06
770.75	1.22988e-06
771	1.24923e-06
771.25	1.28099e-06
771.5	1.31959e-06
771.75	1.36606e-06
772	1.42859e-06
772.25	1.52286e-06
772.5	1.6054e-06
772.75	1.66775e-06
773	1.71664e-06
773.25	1.72813e-06
773.5	1.70027e-06
773.75	1.63935e-06
774	1.58452e-06
774.25	1.53503e-06
774.5	8.15269e-07
774.75	1.28351e-06
775	1.00987e-06
775.25	1.41917e-06
775.5	2.7657e-06
775.75	1.56611e-06
776	2.8989e-06
776.25	1.58859e-06
776.5	2.08805e-06
776.75	2.12397e-06
777	8.37423e-07
777.25	1.51829e-06
777.5	8.17965e-07
777.75	1.46445e-06
778	8.96358e-07
778.25	1.42862e-06
778.5	1.10899e-06
778.75	1.54832e-06
779	9.14694e-07
779.25	1.68283e-06
779.5	2.9454e-06
779.75	1.75742e-06
780	8.83511e-07
780.25	1.75262e-06
780.5	2.28881e-06
780.75	8.89233e-07
781	1.57984e-06
781.25	8.66215e-07
781.5	1.49157e-06
781.75	9.7977e-07
782	1.44777e-06
782.25	1.16149e-06
782.5	1.56644e-06
782.75	9.66632e-07
783	1.66504e-06
783.25	2.94834e-06
783.5	1.76175e-06
783.75	8.8871e-07
784	1.80346e-06
784.25	2.2853e-06
784.5	8.93805e-07
784.75	1.62063e-06
785	8.71542e-07
785.25	1.54543e-06
785.5	9.66768e-07
785.75	1.45223e-06
786	1.18413e-06
786.25	1.50273e-06
786.5	1.00969e-06
786.75	1.62953e-06
787	1.85948e-06
787.25	2.96689e-06
787.5	1.76252e-06
787.75	2.1063e-06
788	2.20814e-06
788.25	2.23618e-06
788.5	8.70486e-07
788.75	1.61082e-06
789	8.55772e-07
789.25	1.53393e-06
789.5	1.88618e-06
789.75	1.1076e-06
790	1.41648e-06
790.25	1.13368e-06
790.5	1.52536e-06
790.75	1.77378e-06
791	2.89833e-06
791.25	1.66541e-06
791.5	1.94502e-06
791.75	2.07771e-06
792	2.14869e-06
792.25	2.17117e-06
792.5	2.1723e-06
792.75	8.52893e-07
793	1.57035e-06
793.25	2.02802e-06
793.5	1.78346e-06
793.75	9.91464e-07
794	1.39607e-06
794.25	1.64156e-06
794.5	9.73999e-07
794.75	1.48879e-06
795	1.71879e-06
795.25	1.79665e-06
795.5	1.87071e-06
795.75	1.96154e-06
796	2.03696e-06
796.25	2.07777e-06
796.5	2.09383e-06
796.75	2.07136e-06
797	2.00596e-06
797.25	1.88315e-06
797.5	8.43904e-07
797.75	1.41831e-06
798	1.63574e-06
798.25	1.5729e-06
798.5	9.66388e-07
798.75	1.40532e-06
799	1.63695e-06
799.25	1.70859e-06
799.5	1.77553e-06
799.75	1.86439e-06
800	1.94382e-06
800.25	1.98465e-06
800.5	2e-06
800.75	1.98939e-06
801	1.94444e-06
801.25	1.83339e-06
801.5	1.72831e-06
801.75	1.61395e-06
802	1.5348e-06
802.25	1.49797e-06
802.5	1.49559e-06
802.75	1.5153e-06
803	1.54418e-06
803.25	1.57871e-06
803.5	1.64917e-06
803.75	1.72237e-06
804	1.79774e-06
804.25	1.85502e-06
804.5	1.88454e-06
804.75	1.8918e-06
805	1.83361e-06
805.25	1.7662e-06
805.5	1.67731e-06
805.75	1.56931e-06
806	1.48935e-06
806.25	1.44704e-06
806.5	1.43807e-06
806.75	1.45483e-06
807	1.48905e-06
807.25	1.53569e-06
807.5	1.6054e-06
807.75	1.68123e-06
808	1.74245e-06
808.25	1.78862e-06
808.5	1.82068e-06
808.75	1.81193e-06
809	1.75383e-06
809.25	1.66527e-06
809.5	1.56611e-06
809.75	1.4691e-06
810	1.40574e-06
810.25	1.37577e-06
810.5	1.37869e-06
810.75	1.40635e-06
811	1.43604e-06
811.25	1.50635e-06
811.5	1.57107e-06
811.75	1.64029e-06
812	1.69267e-06
812.25	1.72184e-06
812.5	1.71842e-06
812.75	1.67711e-06
813	1.61152e-06
813.25	1.52448e-06
813.5	1.42863e-06
813.75	1.35624e-06
814	1.31405e-06
814.25	1.30838e-06
814.5	1.32443e-06
814.75	1.34866e-06
815	1.38501e-06
815.25	1.46506e-06
815.5	1.52154e-06
815.75	1.57089e-06
816	1.60179e-06
816.25	1.63218e-06
816.5	1.60086e-06
816.75	1.54329e-06
817	1.46098e-06
817.25	1.36798e-06
817.5	1.28498e-06
817.75	1.23343e-06
818	1.2166e-06
818.25	1.22046e-06
818.5	1.24132e-06
818.75	1.26561e-06
819	1.31111e-06
819.25	1.39197e-06
819.5	1.42805e-06
819.75	1.46391e-06
820	1.48043e-06
820.25	1.45434e-06
820.5	1.42637e-06
820.75	1.35417e-06
821	1.27442e-06
821.25	1.18903e-06
821.5	1.12757e-06
821.75	1.09633e-06
822	1.09082e-06
822.25	1.10613e-06
822.5	1.12189e-06
822.75	1.15049e-06
823	1.19486e-06
823.25	1.25401e-06
823.5	1.27944e-06
823.75	1.30642e-06
824	1.29562e-06
824.25	1.2657e-06
824.5	1.20948e-06
824.75	1.13868e-06
825	1.06073e-06
825.25	9.92805e-07
825.5	9.52486e-07
825.75	9.42961e-07
826	9.56837e-07
826.25	9.70743e-07
826.5	9.91021e-07
826.75	1.02982e-06
827	1.06487e-06
827.25	1.08838e-06
827.5	1.10139e-06
827.75	1.10762e-06
828	1.09017e-06
828.25	1.04312e-06
828.5	9.87417e-07
828.75	9.22153e-07
829	8.65536e-07
829.25	8.37819e-07
829.5	8.4155e-07
829.75	8.56741e-07
830	8.73392e-07
830.25	9.01906e-07
830.5	9.43316e-07
830.75	9.86866e-07
831	1.0183e-06
831.25	1.02813e-06
831.5	1.01634e-06
831.75	9.86002e-07
832	9.45519e-07
832.25	8.94948e-07
832.5	8.54282e-07
832.75	8.43172e-07
833	8.57015e-07
833.25	8.81541e-07
833.5	9.16328e-07
833.75	9.63527e-07
834	1.01628e-06
834.25	1.06051e-06
834.5	1.09355e-06
834.75	1.09507e-06
835	1.08183e-06
835.25	1.05222e-06
835.5	1.01616e-06
835.75	9.81089e-07
836	9.68608e-07
836.25	9.83167e-07
836.5	1.00906e-06
836.75	1.04098e-06
837	1.09794e-06
837.25	1.15679e-06
837.5	1.22345e-06
837.75	1.27509e-06
838	1.31281e-06
838.25	1.33896e-06
838.5	1.31677e-06
838.75	1.27797e-06
839	1.23627e-06
839.25	1.19888e-06
839.5	1.19228e-06
839.75	1.20642e-06
840	1.23656e-06
840.25	1.27184e-06
840.5	1.32109e-06
840.75	1.38872e-06
841	1.47465e-06
841.25	1.55943e-06
841.5	1.61316e-06
841.75	1.65554e-06
842	1.65997e-06
842.25	1.62196e-06
842.5	1.57035e-06
842.75	1.51887e-06
843	1.47963e-06
843.25	1.46759e-06
843.5	8.52506e-07
843.75	1.30275e-06
844	7.92737e-07
844.25	1.46369e-06
844.5	2.76773e-06
844.75	1.53482e-06
845	1.94438e-06
845.25	2.03624e-06
845.5	8.29307e-07
845.75	1.4872e-06
846	8.22541e-07
846.25	1.46835e-06
846.5	1.84604e-06
846.75	9.506e-07
847	1.4127e-06
847.25	1.09856e-06
847.5	1.5438e-06
847.75	8.86024e-07
848	1.69215e-06
848.25	2.95874e-06
848.5	1.73281e-06
848.75	8.83691e-07
849	1.70995e-06
849.25	2.28391e-06
849.5	8.86967e-07
849.75	1.5587e-06
850	8.70332e-07
850.25	1.46907e-06
850.5	9.9365e-07
850.75	1.4536e-06
851	1.15113e-06
851.25	8.01131e-07
851.5	1.64239e-06
851.75	2.93293e-06
852	1.75689e-06
852.25	8.78309e-07
852.5	1.83155e-06
852.75	2.25132e-06
853	8.87017e-07
853.25	1.64186e-06
853.5	8.61748e-07
853.75	1.55914e-06
854	9.27855e-07
854.25	1.45928e-06
854.5	1.1211e-06
854.75	1.46524e-06
855	1.05921e-06
855.25	1.6107e-06
855.5	1.83816e-06
855.75	2.92923e-06
856	1.74104e-06
856.25	8.83721e-07
856.5	1.78773e-06
856.75	2.21672e-06
857	2.2364e-06
857.25	2.215e-06
857.5	8.79861e-07
857.75	1.54343e-06
858	9.17025e-07
858.25	1.43989e-06
858.5	1.11901e-06
858.75	1.42529e-06
859	1.04793e-06
859.25	1.56558e-06
859.5	1.79625e-06
859.75	2.90866e-06
860	1.70552e-06
860.25	2.01298e-06
860.5	2.13565e-06
860.75	2.17427e-06
861	2.19046e-06
861.25	8.55159e-07
861.5	1.57867e-06
861.75	8.38801e-07
862	1.50094e-06
862.25	1.79204e-06
862.5	1.64371e-06
862.75	1.13973e-06
863	1.43279e-06
863.25	1.69672e-06
863.5	2.86612e-06
863.75	1.56247e-06
864	1.82537e-06
864.25	1.95161e-06
864.5	2.04007e-06
864.75	2.08945e-06
865	2.10708e-06
865.25	2.08788e-06
865.5	2.0318e-06
865.75	1.91636e-06
866	8.44558e-07
866.25	1.42032e-06
866.5	9.64409e-07
866.75	1.34302e-06
867	1.59642e-06
867.25	1.62415e-06
867.5	1.65494e-06
867.75	2.77454e-06
868	1.56065e-06
868.25	1.82939e-06
868.5	1.96453e-06
868.75	2.01188e-06
869	2.02889e-06
869.25	2.01218e-06
869.5	1.9697e-06
869.75	1.85893e-06
870	1.74806e-06
870.25	1.63507e-06
870.5	1.54825e-06
870.75	1.51227e-06
871	9.72496e-07
871.25	1.32821e-06
871.5	1.55864e-06
871.75	1.61775e-06
872	1.67941e-06
872.25	1.76577e-06
872.5	1.84767e-06
872.75	1.90182e-06
873	1.92795e-06
873.25	1.92799e-06
873.5	1.86659e-06
873.75	1.78414e-06
874	1.6909e-06
874.25	1.58318e-06
874.5	1.50801e-06
874.75	1.47349e-06
875	1.46976e-06
875.25	1.48708e-06
875.5	2.62232e-06
875.75	1.39396e-06
876	1.62185e-06
876.25	1.76113e-06
876.5	1.82769e-06
876.75	1.87221e-06
877	1.8915e-06
877.25	1.88455e-06
877.5	1.81113e-06
877.75	1.71319e-06
878	1.60254e-06
878.25	1.50833e-06
878.5	1.45486e-06
878.75	1.43479e-06
879	1.44538e-06
879.25	1.47407e-06
879.5	1.50721e-06
879.75	1.57877e-06
880	1.65067e-06
880.25	1.72821e-06
880.5	1.78652e-06
880.75	1.81991e-06
881	1.82642e-06
881.25	1.77641e-06
881.5	1.71479e-06
881.75	1.63211e-06
882	1.53394e-06
882.25	1.46384e-06
882.5	1.4267e-06
882.75	1.42357e-06
883	1.44134e-06
883.25	1.47218e-06
883.5	1.52273e-06
883.75	1.59597e-06
884	1.67283e-06
884.25	1.73949e-06
884.5	1.77791e-06
884.75	1.81114e-06
885	1.79405e-06
885.25	1.73247e-06
885.5	1.64556e-06
885.75	1.54894e-06
886	1.46307e-06
886.25	1.41316e-06
886.5	1.39388e-06
886.75	1.40116e-06
887	1.42895e-06
887.25	1.45927e-06
887.5	1.53552e-06
887.75	1.60144e-06
888	1.66503e-06
888.25	1.71618e-06
888.5	1.74168e-06
888.75	1.72757e-06
889	1.68378e-06
889.25	1.61243e-06
889.5	1.52406e-06
889.75	1.43063e-06
890	1.3632e-06
890.25	1.33113e-06
890.5	1.33089e-06
890.75	1.34708e-06
891	1.36941e-06
891.25	1.40606e-06
891.5	1.48708e-06
891.75	1.53746e-06
892	1.58487e-06
892.25	1.61694e-06
892.5	1.63527e-06
892.75	1.60104e-06
893	1.53798e-06
893.25	1.45401e-06
893.5	1.35963e-06
893.75	1.27824e-06
894	1.22866e-06
894.25	1.21338e-06
894.5	1.2224e-06
894.75	1.24187e-06
895	1.26592e-06
895.25	1.33242e-06
895.5	1.3804e-06
895.75	1.42319e-06
896	1.4528e-06
896.25	1.45716e-06
896.5	1.44259e-06
896.75	1.40305e-06
897	1.33012e-06
897.25	1.24903e-06
897.5	1.16706e-06
897.75	1.11024e-06
898	1.08414e-06
898.25	1.09069e-06
898.5	1.10833e-06
898.75	1.12801e-06
899	1.16287e-06
899.25	1.21045e-06
899.5	1.26968e-06
899.75	1.306e-06
900	1.31161e-06
900.25	1.29738e-06
900.5	1.2584e-06
900.75	1.19778e-06
901	1.12794e-06
901.25	1.05625e-06
901.5	1.00755e-06
901.75	9.95146e-07
902	1.00884e-06
902.25	1.02993e-06
902.5	1.05938e-06
902.75	1.10519e-06
903	1.16209e-06
903.25	1.20335e-06
903.5	1.22964e-06
903.75	1.23806e-06
904	1.21851e-06
904.25	1.1745e-06
904.5	1.12446e-06
904.75	1.06561e-06
905	1.02268e-06
905.25	1.01415e-06
905.5	1.03184e-06
905.75	1.06179e-06
906	1.10246e-06
906.25	1.15472e-06
906.5	1.22078e-06
906.75	1.27013e-06
907	1.31504e-06
907.25	1.33511e-06
907.5	1.30779e-06
907.75	1.26634e-06
908	1.2189e-06
908.25	1.17116e-06
908.5	1.1441e-06
908.75	1.14765e-06
909	1.17078e-06
909.25	1.20476e-06
909.5	1.25687e-06
909.75	1.32347e-06
910	1.4024e-06
910.25	1.4666e-06
910.5	1.5226e-06
910.75	1.54624e-06
911	1.53229e-06
911.25	1.48927e-06
911.5	1.44207e-06
911.75	1.39059e-06
912	1.36112e-06
912.25	1.35986e-06
912.5	1.38223e-06
912.75	1.41616e-06
913	1.46166e-06
913.25	1.52479e-06
913.5	2.63069e-06
913.75	1.37943e-06
914	1.78087e-06
914.25	1.85306e-06
914.5	1.87452e-06
914.75	7.79755e-07
915	1.37996e-06
915.25	1.79539e-06
915.5	8.34224e-07
915.75	1.32379e-06
916	9.5541e-07
916.25	1.4146e-06
916.5	8.26367e-07
916.75	1.58886e-06
917	2.87229e-06
917.25	1.66633e-06
917.5	8.62591e-07
917.75	1.65246e-06
918	2.21351e-06
918.25	2.09468e-06
918.5	8.35111e-07
918.75	1.47491e-06
919	8.57126e-07
919.25	1.41646e-06
919.5	9.93928e-07
919.75	1.48347e-06
920	1.0159e-06
920.25	7.79678e-07
920.5	1.70553e-06
920.75	2.96312e-06
921	1.74205e-06
921.25	8.76844e-07
921.5	1.71929e-06
921.75	2.28487e-06
922	8.87469e-07
922.25	1.54777e-06
922.5	8.70916e-07
922.75	1.46728e-06
923	9.98758e-07
923.25	1.43822e-06
923.5	1.12985e-06
923.75	1.57047e-06
924	9.11537e-07
924.25	1.65766e-06
924.5	2.93579e-06
924.75	1.73639e-06
925	8.79222e-07
925.25	1.7649e-06
925.5	2.27229e-06
925.75	2.21561e-06
926	8.76367e-07
926.25	1.54723e-06
926.5	9.0286e-07
926.75	1.44465e-06
927	1.0697e-06
927.25	1.42894e-06
927.5	1.08034e-06
927.75	1.57028e-06
928	2.92685e-06
928.25	1.64233e-06
928.5	1.91857e-06
928.75	8.67943e-07
929	1.79579e-06
929.25	2.18056e-06
929.5	2.21551e-06
929.75	8.5937e-07
930	1.58119e-06
930.25	8.51301e-07
930.5	1.49994e-06
930.75	1.81146e-06
931	1.1396e-06
931.25	1.4095e-06
931.5	1.04735e-06
931.75	1.53539e-06
932	1.76096e-06
932.25	2.86656e-06
932.5	1.67143e-06
932.75	1.96904e-06
933	2.0989e-06
933.25	2.13624e-06
933.5	2.15708e-06
933.75	8.4439e-07
934	1.56058e-06
934.25	2.04178e-06
934.5	9.12459e-07
934.75	1.41444e-06
935	1.02428e-06
935.25	1.36658e-06
935.5	1.64686e-06
935.75	1.68068e-06
936	2.8184e-06
936.25	1.54803e-06
936.5	1.80875e-06
936.75	1.93507e-06
937	2.0209e-06
937.25	2.06132e-06
937.5	2.07586e-06
937.75	2.05298e-06
938	8.15536e-07
938.25	1.4993e-06
938.5	1.8653e-06
938.75	1.64625e-06
939	9.94702e-07
939.25	1.33018e-06
939.5	1.58474e-06
939.75	2.90166e-06
940	1.44833e-06
940.25	1.68354e-06
940.5	1.79694e-06
940.75	1.88536e-06
941	1.96713e-06
941.25	2.00901e-06
941.5	2.01774e-06
941.75	1.99843e-06
942	1.91719e-06
942.25	1.80978e-06
942.5	1.71279e-06
942.75	8.55771e-07
943	1.32024e-06
943.25	1.54263e-06
943.5	8.81818e-07
943.75	1.36109e-06
944	1.59751e-06
944.25	1.6871e-06
944.5	1.76373e-06
944.75	1.85185e-06
945	1.92364e-06
945.25	1.95594e-06
945.5	1.96472e-06
945.75	1.95021e-06
946	1.86526e-06
946.25	1.76173e-06
946.5	1.65364e-06
946.75	1.5592e-06
947	9.42802e-07
947.25	1.28463e-06
947.5	1.53263e-06
947.75	1.56432e-06
948	1.59703e-06
948.25	1.67557e-06
948.5	1.76332e-06
948.75	1.84774e-06
949	1.90929e-06
949.25	1.93675e-06
949.5	1.94159e-06
949.75	1.88471e-06
950	1.80551e-06
950.25	1.71415e-06
950.5	1.61088e-06
950.75	1.54249e-06
951	9.99138e-07
951.25	1.29096e-06
951.5	1.54659e-06
951.75	1.58258e-06
952	1.63905e-06
952.25	1.7248e-06
952.5	1.81256e-06
952.75	1.88279e-06
953	1.92349e-06
953.25	1.93993e-06
953.5	1.93161e-06
953.75	1.8522e-06
954	1.75622e-06
954.25	1.64687e-06
954.5	1.5595e-06
954.75	1.51318e-06
955	1.50057e-06
955.25	1.51376e-06
955.5	1.53886e-06
955.75	2.66107e-06
956	1.47165e-06
956.25	1.70807e-06
956.5	1.84871e-06
956.75	1.89939e-06
957	1.92339e-06
957.25	1.91755e-06
957.5	1.84554e-06
957.75	1.76575e-06
958	1.66426e-06
958.25	1.5573e-06
958.5	1.48961e-06
958.75	1.46181e-06
959	1.46341e-06
959.25	1.48039e-06
959.5	1.50845e-06
959.75	1.55573e-06
960	1.62457e-06
960.25	1.69269e-06
960.5	1.75423e-06
960.75	1.79032e-06
961	1.81412e-06
961.25	1.80103e-06
961.5	1.73765e-06
961.75	1.65143e-06
962	1.55356e-06
962.25	1.45898e-06
962.5	1.39976e-06
962.75	1.37085e-06
963	1.37538e-06
963.25	1.39791e-06
963.5	1.42131e-06
963.75	1.48478e-06
964	1.54368e-06
964.25	1.60703e-06
964.5	1.65303e-06
964.75	1.67713e-06
965	1.67382e-06
965.25	1.63636e-06
965.5	1.57583e-06
965.75	1.48797e-06
966	1.39053e-06
966.25	1.30693e-06
966.5	1.25692e-06
966.75	1.24232e-06
967	1.25174e-06
967.25	1.27045e-06
967.5	1.29564e-06
967.75	1.35883e-06
968	1.4029e-06
968.25	1.44117e-06
968.5	1.47816e-06
968.75	1.49365e-06
969	1.47214e-06
969.25	1.4244e-06
969.5	1.34716e-06
969.75	1.26081e-06
970	1.17228e-06
970.25	1.10891e-06
970.5	1.07806e-06
970.75	1.08248e-06
971	1.09903e-06
971.25	1.11731e-06
971.5	1.14891e-06
971.75	1.19374e-06
972	1.25108e-06
972.25	1.26533e-06
972.5	1.2699e-06
972.75	1.26349e-06
973	1.23039e-06
973.25	1.1702e-06
973.5	1.10124e-06
973.75	1.02647e-06
974	9.69261e-07
974.25	9.50092e-07
974.5	9.60934e-07
974.75	9.76693e-07
975	9.97519e-07
975.25	1.0348e-06
975.5	1.07986e-06
975.75	1.12847e-06
976	1.15432e-06
976.25	1.16101e-06
976.5	1.14105e-06
976.75	1.10041e-06
977	1.05098e-06
977.25	9.91155e-07
977.5	9.4701e-07
977.75	9.3617e-07
978	9.52465e-07
978.25	9.81688e-07
978.5	1.01645e-06
978.75	1.07076e-06
979	1.12749e-06
979.25	1.17327e-06
979.5	1.20213e-06
979.75	1.20407e-06
980	1.18378e-06
980.25	1.14818e-06
980.5	1.10595e-06
980.75	1.06527e-06
981	1.05139e-06
981.25	1.06669e-06
981.5	1.09504e-06
981.75	1.1339e-06
982	1.19188e-06
982.25	1.2589e-06
982.5	1.32467e-06
982.75	1.3775e-06
983	1.41513e-06
983.25	1.43211e-06
983.5	1.40221e-06
983.75	1.35239e-06
984	1.31333e-06
984.25	1.27293e-06
984.5	1.26913e-06
984.75	1.28733e-06
985	1.31795e-06
985.25	1.35731e-06
985.5	1.41716e-06
985.75	1.49656e-06
986	1.59268e-06
986.25	1.66224e-06
986.5	1.72219e-06
986.75	1.74956e-06
987	1.74078e-06
987.25	1.68675e-06
987.5	7.25637e-07
987.75	1.28376e-06
988	7.5535e-07
988.25	1.29324e-06
988.5	9.93071e-07
988.75	1.42299e-06
989	2.79001e-06
989.25	1.5915e-06
989.5	2.89498e-06
989.75	1.6082e-06
990	2.09866e-06
990.25	8.37588e-07
990.5	1.52625e-06
990.75	8.24146e-07
991	1.49261e-06
991.25	8.2878e-07
991.5	1.41781e-06
991.75	9.54151e-07
992	1.4811e-06
992.25	1.02645e-06
992.5	1.62042e-06
992.75	2.86315e-06
993	1.72102e-06
993.25	8.59967e-07
993.5	1.77981e-06
993.75	8.77641e-07
994	1.64035e-06
994.25	2.27896e-06
994.5	9.01453e-07
994.75	1.50789e-06
995	9.24946e-07
995.25	1.4375e-06
995.5	1.09671e-06
995.75	8.06996e-07
996	1.58032e-06
996.25	9.24944e-07
996.5	1.67638e-06
996.75	2.95447e-06
997	1.7606e-06
997.25	8.82102e-07
997.5	1.78564e-06
997.75	2.29756e-06
998	8.96699e-07
998.25	1.5937e-06
998.5	8.76459e-07
998.75	1.51718e-06
999	9.88424e-07
999.25	1.44205e-06
999.5	1.16789e-06
999.75	1.52669e-06
1000	9.76114e-07
