/*--------------------------------*- C++ -*----------------------------------*\
| =========                 |                                                 |
| \\      /  F ield         | OpenFOAM: The Open Source CFD Toolbox           |
|  \\    /   O peration     | Version:  v1912                                 |
|   \\  /    A nd           | Website:  www.openfoam.com                      |
|    \\/     M anipulation  |                                                 |
\*---------------------------------------------------------------------------*/
FoamFile
{
    version     2.0;
    format      ascii;
    class       surfaceScalarField;
    location    "825";
    object      phi;
}
// * * * * * * * * * * * * * * * * * * * * * * * * * * * * * * * * * * * * * //

dimensions      [0 3 -1 0 0 0 0];
oriented        oriented;


internalField   nonuniform List<scalar> 
3895
(
0.000814746
0.00038143
0.000499361
0.000315385
0.000251565
0.000247796
6.4863e-05
0.000186702
-6.21962e-05
0.000127059
-0.000127327
6.51304e-05
-0.000137639
1.0312e-05
-0.000113632
-2.40064e-05
-9.03514e-05
-2.32809e-05
-8.49474e-05
-5.40392e-06
-6.61299e-05
-1.88176e-05
-4.47461e-05
-2.13838e-05
-4.04653e-05
-4.28084e-06
-4.86709e-05
8.20562e-06
-4.5712e-05
-2.95888e-06
-3.20522e-05
-1.36598e-05
-2.51399e-05
-6.91232e-06
-2.59216e-05
7.817e-07
-2.89424e-05
3.02079e-06
-3.04854e-05
1.54309e-06
-2.91837e-05
-1.30178e-06
-2.48979e-05
-4.28572e-06
-1.85782e-05
-6.31971e-06
-1.19754e-05
-6.60281e-06
-6.20297e-06
-5.77246e-06
-1.90269e-06
-4.30028e-06
8.38183e-07
-2.74087e-06
2.44561e-06
-1.60743e-06
3.50028e-06
-1.05467e-06
4.41044e-06
-9.10159e-07
5.30503e-06
-8.94586e-07
6.15849e-06
-8.53469e-07
6.95068e-06
-7.92185e-07
7.64426e-06
-6.93584e-07
8.16548e-06
-5.21219e-07
8.44618e-06
-2.80702e-07
8.4306e-06
1.55813e-08
8.03116e-06
3.99441e-07
7.25773e-06
7.73427e-07
6.06915e-06
1.18859e-06
4.38732e-06
1.68183e-06
2.10595e-06
2.28137e-06
-8.96596e-07
3.00254e-06
-4.7426e-06
3.84601e-06
-9.54574e-06
4.80314e-06
-1.54525e-05
5.9068e-06
-2.27898e-05
7.33725e-06
-3.22586e-05
9.46877e-06
-4.51836e-05
1.2925e-05
-6.37188e-05
1.85352e-05
-9.07704e-05
2.70517e-05
-0.000129377
3.86064e-05
-0.000181872
5.24957e-05
-0.000249197
6.7325e-05
-0.000330009
8.08119e-05
-0.000419845
8.9836e-05
-0.00051134
9.14942e-05
-0.000595574
8.42346e-05
-0.000663668
6.80938e-05
-0.00070686
4.3192e-05
-0.000714223
7.36269e-06
-0.000696302
-1.79202e-05
-0.000657383
-3.89194e-05
-0.00060106
-5.63227e-05
-0.000531258
-6.98019e-05
-0.000451041
-8.0217e-05
-0.000362412
-8.86292e-05
-0.000266928
-9.54844e-05
-0.0001662
-0.000100728
-6.19197e-05
-0.00010428
4.39531e-05
-0.000105873
0.000149468
-0.000105515
0.000253063
-0.000103595
0.000353394
-0.000100331
0.000449583
-9.61896e-05
0.000541558
-9.19748e-05
0.000629569
-8.80103e-05
0.000716743
-8.71744e-05
0.00080342
-8.6677e-05
-0.000107471
0.00108795
0.000349294
0.00104738
0.000355946
0.000933278
0.000361903
0.000775747
0.000344233
0.000598431
0.000304375
0.000410383
0.000253178
0.000221248
0.000199447
5.3877e-05
0.000143365
-6.04247e-05
9.10208e-05
-0.000110188
4.43597e-05
-0.000131882
2.87632e-06
-0.000123968
-2.92983e-05
-0.000105671
-2.25779e-05
-0.000107783
1.0318e-05
-0.000103375
-7.36721e-06
-9.07483e-05
-2.62862e-05
-7.67546e-05
-2.09061e-05
-7.8865e-05
2.89215e-06
-8.71306e-05
1.12864e-05
-9.26301e-05
7.04251e-06
-9.45844e-05
6.52535e-07
-9.09576e-05
-7.91253e-06
-8.48038e-05
-1.24735e-05
-7.80661e-05
-1.33405e-05
-7.15039e-05
-1.23346e-05
-6.58478e-05
-9.95643e-06
-6.17157e-05
-6.87293e-06
-5.95662e-05
-3.75697e-06
-5.92747e-05
-1.34615e-06
-6.03363e-05
1.51423e-07
-6.25593e-05
1.32848e-06
-6.52583e-05
1.84547e-06
-6.81258e-05
2.07537e-06
-7.10832e-05
2.26375e-06
-7.42625e-05
2.65807e-06
-7.78161e-05
3.27292e-06
-8.18618e-05
4.06129e-06
-8.64429e-05
4.98056e-06
-9.16694e-05
5.99997e-06
-9.75834e-05
7.10254e-06
-0.000104188
8.28668e-06
-0.000111471
9.56423e-06
-0.000119411
1.09427e-05
-0.000127967
1.24022e-05
-0.000137057
1.3893e-05
-0.000146554
1.54033e-05
-0.000156356
1.71397e-05
-0.000166477
1.95892e-05
-0.00017705
2.34987e-05
-0.000188233
2.97172e-05
-0.000200254
3.90736e-05
-0.000213453
5.18053e-05
-0.000227863
6.69052e-05
-0.000242624
8.20856e-05
-0.000255539
9.37273e-05
-0.000262734
9.70314e-05
-0.000259388
8.8148e-05
-0.000241365
6.62109e-05
-0.000207423
3.41525e-05
-0.000166503
2.27151e-06
-0.000119912
-3.92281e-05
-6.79171e-05
-6.99152e-05
-1.33129e-05
-9.35235e-05
4.29688e-05
-0.000112604
0.000102521
-0.000129354
0.000166532
-0.000144229
0.000234881
-0.000156978
0.000306524
-0.000167128
0.000379934
-0.000174138
0.000453343
-0.000177689
0.000525232
-0.000177762
0.000594372
-0.000174654
0.000659701
-0.000168924
0.000720652
-0.000161282
0.000777066
-0.000152604
0.000829049
-0.000143958
0.000877463
-0.000136424
0.000922334
-0.000132045
0.000966378
-0.000130721
-0.000142072
0.000975282
0.000305926
0.00102604
0.000305187
0.00106097
0.000326974
0.00105862
0.000346584
0.00101217
0.00035082
0.000925048
0.000340304
0.000805752
0.000318743
0.000661765
0.000287352
0.000504928
0.000247857
0.000345843
0.000203445
0.000190168
0.000158552
4.7057e-05
0.000113812
-4.98374e-05
7.43166e-05
-8.59846e-05
4.64652e-05
-0.00010587
1.25178e-05
-0.000113874
-1.82814e-05
-0.000101871
-3.29092e-05
-9.15506e-05
-7.42863e-06
-9.90014e-05
1.87373e-05
-0.000108457
1.64983e-05
-0.000114962
7.15714e-06
-0.000119599
-3.27587e-06
-0.000121678
-1.03941e-05
-0.000120586
-1.44323e-05
-0.000118968
-1.39526e-05
-0.00011871
-1.02142e-05
-0.000120411
-5.17243e-06
-0.000124239
7.13154e-08
-0.000128325
2.73953e-06
-0.00013284
4.66629e-06
-0.000137366
5.85436e-06
-0.000141945
6.42434e-06
-0.000146457
6.58733e-06
-0.000150813
6.61979e-06
-0.000155078
6.92356e-06
-0.000159418
7.61319e-06
-0.000163938
8.58074e-06
-0.00016862
9.66227e-06
-0.000173387
1.07678e-05
-0.000178154
1.18696e-05
-0.000182823
1.29554e-05
-0.000187286
1.40269e-05
-0.000191417
1.50737e-05
-0.000195015
1.60001e-05
-0.000197716
1.65942e-05
-0.000198864
1.65513e-05
-0.000197434
1.57096e-05
-0.000192456
1.46114e-05
-0.000182947
1.39902e-05
-0.000167849
1.46191e-05
-0.000145789
1.70134e-05
-0.000116064
2.20803e-05
-7.78341e-05
2.86752e-05
-3.04876e-05
3.47392e-05
2.56868e-05
3.75529e-05
8.81287e-05
3.45894e-05
0.000152316
2.39605e-05
0.00021203
6.49713e-06
0.000266616
-2.04333e-05
0.000318566
-4.96784e-05
0.000361001
-8.16633e-05
0.000402226
-0.00011114
0.000445668
-0.000136966
0.000492864
-0.000159801
0.000543299
-0.000179789
0.000595599
-0.000196528
0.000648057
-0.000209436
0.000698974
-0.000218045
0.000746953
-0.000222116
0.000790976
-0.000221711
0.000830423
-0.000217209
0.00086503
-0.000209262
0.000894831
-0.000198724
0.000920121
-0.000186573
0.000941374
-0.000173857
0.000959092
-0.000161676
0.000973873
-0.000151205
0.000985589
-0.000143761
0.000995306
-0.000140438
-0.000144915
0.000857109
0.000271374
0.000897355
0.000264941
0.000950164
0.000274165
0.00100471
0.000292042
0.00104637
0.000309153
0.00106531
0.000321372
0.00105664
0.000327411
0.00101794
0.000326054
0.000949552
0.000316241
0.00085508
0.000297917
0.000740895
0.000272737
0.000611932
0.000242776
0.000476494
0.000209754
0.000348327
0.000174632
0.000223535
0.00013731
0.000102247
0.000103006
-1.42386e-07
6.94804e-05
-5.16328e-05
4.40618e-05
-6.2883e-05
2.99875e-05
-6.47469e-05
1.83622e-05
-6.70961e-05
9.50639e-06
-7.30003e-05
2.62828e-06
-8.0461e-05
-2.93335e-06
-8.89834e-05
-5.90987e-06
-9.63327e-05
-6.60329e-06
-0.000101835
-4.71138e-06
-0.000106798
-2.10038e-07
-0.000112171
5.44409e-06
-0.000117764
8.3328e-06
-0.000122913
9.81547e-06
-0.000127285
1.02261e-05
-0.000130808
9.9475e-06
-0.00013355
9.32932e-06
-0.000135347
8.41727e-06
-0.000136526
8.10257e-06
-0.000137193
8.27952e-06
-0.000137423
8.81104e-06
-0.000136914
9.15343e-06
-0.000135501
9.35466e-06
-0.000133064
9.43254e-06
-0.000129458
9.34948e-06
-0.00012451
9.07864e-06
-0.000118065
8.62888e-06
-0.000109934
7.86872e-06
-9.98635e-05
6.52404e-06
-8.76322e-05
4.32002e-06
-7.22403e-05
3.1762e-07
-5.40281e-05
-3.6008e-06
-3.17312e-05
-8.30664e-06
-3.87673e-06
-1.32353e-05
3.0795e-05
-1.76583e-05
7.42887e-05
-2.14134e-05
0.000127388
-2.4424e-05
0.000189453
-2.73257e-05
0.000258398
-3.13924e-05
0.00033123
-3.82423e-05
0.00040458
-4.93898e-05
0.00047683
-6.57525e-05
0.000543748
-8.73511e-05
0.000606015
-0.000111946
0.000662127
-0.000137775
0.000713764
-0.000162777
0.000762209
-0.000185411
0.000807358
-0.00020495
0.000848455
-0.000220886
0.000884643
-0.000232715
0.000915245
-0.000240039
0.000939893
-0.000242693
0.000958579
-0.000240803
0.000971634
-0.000234766
0.000979643
-0.000225219
0.000983353
-0.000212972
0.00098357
-0.000198941
0.000981076
-0.000184079
0.000976557
-0.000169338
0.00097052
-0.000155639
0.000963258
-0.000143943
0.000954603
-0.000135107
0.000944415
-0.00013025
-0.000130362
0.000759397
0.000238011
0.000790536
0.000233802
0.000828351
0.000236349
0.000874985
0.000245408
0.000927002
0.000257137
0.000978871
0.000269503
0.00102441
0.000281869
0.00105755
0.000292918
0.00107319
0.000300602
0.00106786
0.000303245
0.00104042
0.000300179
0.000991565
0.00029163
0.000923239
0.00027808
0.00083886
0.000259011
0.000741525
0.000234645
0.000636636
0.000207896
0.000532152
0.000173965
0.000433901
0.000142312
0.000348944
0.000114944
0.000276028
9.12783e-05
0.000213744
7.17912e-05
0.000160423
5.59486e-05
0.000114125
4.33651e-05
7.45214e-05
3.36935e-05
4.17026e-05
2.62155e-05
1.65778e-05
2.04134e-05
3.21525e-07
1.60463e-05
-7.30444e-06
1.30701e-05
-9.54888e-06
1.05772e-05
-8.33616e-06
8.60276e-06
-5.02927e-06
6.91922e-06
-4.71823e-07
5.39004e-06
4.92088e-06
3.93661e-06
1.08238e-05
2.51434e-06
1.72344e-05
1.69203e-06
2.47885e-05
7.25421e-07
3.40134e-05
-4.13902e-07
4.48631e-05
-1.69624e-06
5.76136e-05
-3.39586e-06
7.25471e-05
-5.50097e-06
8.99452e-05
-8.04864e-06
0.000110104
-1.10798e-05
0.000133352
-1.46195e-05
0.000159934
-1.87137e-05
0.000189905
-2.34462e-05
0.000223143
-2.89182e-05
0.000258612
-3.51513e-05
0.000296825
-4.18136e-05
0.000337316
-4.87979e-05
0.000379932
-5.58511e-05
0.000424908
-6.2635e-05
0.000472461
-6.89658e-05
0.000522975
-7.49384e-05
0.000576619
-8.09694e-05
0.000633048
-8.78214e-05
0.000691244
-9.64389e-05
0.000749526
-0.000107672
0.000805705
-0.000121931
0.000857355
-0.000139002
0.000903289
-0.00015788
0.000942718
-0.000177204
0.000975486
-0.000195546
0.00100169
-0.00021161
0.00102126
-0.000224523
0.00103414
-0.000233769
0.00104047
-0.000239039
0.00104064
-0.000240215
0.00103535
-0.000237398
0.00102546
-0.000230917
0.00101199
-0.000221293
0.000995955
-0.000209185
0.00097832
-0.000195337
0.000959904
-0.000180525
0.000941343
-0.000165518
0.000923058
-0.000151053
0.000905239
-0.00013782
0.000887818
-0.000126521
0.00087042
-0.000117709
0.000852407
-0.000112237
-0.000110245
0.000672433
0.000206414
0.000702275
0.000203961
0.000733372
0.000205252
0.000767839
0.00021094
0.000806614
0.000218362
0.000850036
0.000226081
0.000897301
0.000234604
0.000946031
0.000244188
0.000992641
0.000253992
0.00103305
0.000262834
0.00106349
0.000269743
0.00108117
0.000273948
0.00108444
0.000274805
0.00107207
0.000271382
0.0010437
0.000263018
0.00100103
0.000250564
0.000949033
0.000225964
0.000891657
0.000199688
0.000831901
0.000174701
0.000772156
0.000151023
0.000714621
0.000129326
0.000660582
0.000109987
0.000610844
9.31036e-05
0.000565996
7.85417e-05
0.000526242
6.59688e-05
0.000491567
5.50894e-05
0.000461942
4.56712e-05
0.000437582
3.74293e-05
0.000418143
3.00165e-05
0.000403392
2.3354e-05
0.000393002
1.73091e-05
0.000386626
1.17662e-05
0.000383991
6.57144e-06
0.000385306
1.19933e-06
0.000390234
-3.2361e-06
0.000398856
-7.89611e-06
0.00041104
-1.25983e-05
0.00042667
-1.7326e-05
0.000445489
-2.22148e-05
0.000467299
-2.73116e-05
0.000491892
-3.2641e-05
0.000519039
-3.82269e-05
0.000548505
-4.40856e-05
0.000580023
-5.02315e-05
0.000613257
-5.66802e-05
0.00064777
-6.34317e-05
0.000683057
-7.04376e-05
0.000718788
-7.75452e-05
0.000754575
-8.45851e-05
0.00079011
-9.13859e-05
0.000825257
-9.77816e-05
0.000859999
-0.000103708
0.000894352
-0.000109291
0.000928247
-0.000114864
0.000961377
-0.000120951
0.000993094
-0.000128156
0.00102241
-0.000136984
0.00104812
-0.000147645
0.00106905
-0.00015993
0.00108433
-0.000173161
0.00109346
-0.000186332
0.00109629
-0.000198375
0.00109302
-0.000208343
0.00108407
-0.000215569
0.00106999
-0.000219689
0.00105151
-0.000220559
0.0010295
-0.000218211
0.00100494
-0.000212838
0.000978806
-0.000204781
0.000952013
-0.0001945
0.000925358
-0.000182531
0.00089947
-0.000169449
0.000874787
-0.000155842
0.000851553
-0.000142284
0.00082983
-0.000129329
0.000809496
-0.000117486
0.000790256
-0.000107281
0.000771594
-9.90476e-05
0.000752876
-9.35178e-05
-9.02495e-05
0.000594386
0.000177665
0.00062317
0.000175177
0.000652323
0.000176099
0.000682115
0.000181149
0.000712924
0.000187552
0.000745613
0.000193392
0.000781181
0.000199036
0.000820193
0.000205175
0.000862411
0.000211774
0.000906707
0.000218538
0.000951215
0.000225234
0.00099366
0.000231504
0.00103171
0.000236754
0.00106298
0.000240113
0.0010853
0.000240697
0.00109753
0.000238336
0.00109977
0.000223725
0.00109369
0.000205768
0.00108083
0.000187562
0.00106268
0.000169174
0.00104092
0.000151082
0.00101711
0.000133798
0.000992582
0.000117631
0.00096843
0.000102694
0.000945441
8.89581e-05
0.000924193
7.63369e-05
0.000905139
6.47255e-05
0.000888599
5.39696e-05
0.000874708
4.39077e-05
0.000863602
3.44598e-05
0.000855354
2.55572e-05
0.000850002
1.71175e-05
0.000847535
9.03869e-06
0.000847361
1.37312e-06
0.000850243
-6.11772e-06
0.000855636
-1.32892e-05
0.000863385
-2.03472e-05
0.000873346
-2.72868e-05
0.000885272
-3.41408e-05
0.000898904
-4.09435e-05
0.000913974
-4.77108e-05
0.000930195
-5.44486e-05
0.000947267
-6.1157e-05
0.000964868
-6.78326e-05
0.000982655
-7.44673e-05
0.00100026
-8.1039e-05
0.00101732
-8.74963e-05
0.00103352
-9.37418e-05
0.00104859
-9.96588e-05
0.00106235
-0.000105148
0.00107472
-0.000110145
0.00108567
-0.000114667
0.00109524
-0.000118857
0.00110337
-0.000122997
0.0011099
-0.000127475
0.00111445
-0.000132705
0.00111647
-0.000139012
0.00111533
-0.000146504
0.0011104
-0.000154998
0.00110124
-0.000163999
0.0010877
-0.000172797
0.00106996
-0.000180629
0.00104844
-0.000186826
0.00102378
-0.000190903
0.000996678
-0.00019259
0.000967913
-0.000191795
0.00093826
-0.000188558
0.000908457
-0.000183035
0.000879159
-0.000175482
0.000850893
-0.000166234
0.000824046
-0.000155683
0.000798855
-0.000144259
0.000775423
-0.000132409
0.000753725
-0.000120586
0.000733631
-0.000109236
0.000714905
-9.87601e-05
0.000697216
-8.95918e-05
0.000680061
-8.18925e-05
0.000662972
-7.64294e-05
-7.20381e-05
0.000525111
0.000151816
0.000551936
0.000148352
0.000579146
0.000148889
0.000606467
0.000153827
0.000634006
0.000160013
0.000661953
0.000165445
0.000690628
0.000170362
0.000720605
0.000175198
0.000752535
0.000179845
0.000786873
0.000184199
0.000823722
0.000188386
0.00086273
0.000192496
0.00090308
0.000196403
0.000943487
0.000199707
0.000982309
0.000201875
0.00101803
0.000202617
0.00104832
0.000193431
0.00107278
0.000181312
0.00109162
0.000168723
0.00110524
0.000155555
0.00111427
0.000142045
0.00111951
0.000128561
0.00112176
0.000115381
0.00112179
0.00010266
0.00112029
9.04601e-05
0.00111784
7.87881e-05
0.00111494
6.76261e-05
0.00111198
5.69305e-05
0.00110924
4.66452e-05
0.00110696
3.67393e-05
0.00110532
2.71992e-05
0.00110443
1.80041e-05
0.00110432
9.14491e-06
0.00110493
7.68432e-07
0.00110636
-7.54413e-06
0.00110842
-1.53551e-05
0.00111101
-2.29375e-05
0.00111403
-3.03007e-05
0.00111733
-3.74452e-05
0.00112077
-4.43843e-05
0.00112418
-5.11248e-05
0.0011274
-5.76647e-05
0.00113024
-6.39978e-05
0.00113253
-7.01164e-05
0.00113407
-7.60093e-05
0.00113469
-8.16571e-05
0.00113421
-8.70238e-05
0.00113252
-9.2053e-05
0.00112955
-9.66812e-05
0.00112526
-0.000100863
0.00111971
-0.000104593
0.00111297
-0.000107927
0.00110512
-0.000111006
0.00109618
-0.000114062
0.0010861
-0.000117388
0.00107467
-0.000121278
0.00106161
-0.000125953
0.00104658
-0.000131475
0.00102928
-0.0001377
0.00100956
-0.000144276
0.000987461
-0.000150696
0.000963234
-0.000156402
0.000937299
-0.000160892
0.000910173
-0.000163777
0.000882399
-0.000164816
0.000854504
-0.000163899
0.000826965
-0.000161019
0.000800191
-0.000156261
0.000774496
-0.000149788
0.000750099
-0.000141837
0.000727121
-0.000132706
0.000705602
-0.000122739
0.000685509
-0.000112316
0.000666753
-0.00010183
0.000649195
-9.16776e-05
0.000632638
-8.22033e-05
0.000616828
-7.37812e-05
0.00060137
-6.64345e-05
0.000585938
-6.09974e-05
-5.55566e-05
0.00046394
0.000128551
0.000488639
0.000123652
0.00051348
0.000124049
0.000538159
0.000129148
0.000563122
0.00013505
0.000588445
0.000140122
0.00061397
0.000144837
0.000639764
0.000149404
0.000666083
0.000153526
0.000693245
0.000157037
0.00072161
0.00016002
0.00075152
0.000162587
0.00078317
0.000164753
0.000816474
0.000166403
0.000850999
0.000167349
0.000886112
0.000167504
0.000919682
0.000159861
0.000950825
0.000150169
0.00097917
0.000140378
0.00100445
0.000130274
0.00102659
0.000119904
0.0010457
0.000109455
0.00106199
9.90901e-05
0.00107575
8.89036e-05
0.00108727
7.89367e-05
0.00109686
6.92018e-05
0.00110478
5.96998e-05
0.00111129
5.04213e-05
0.00111659
4.13511e-05
0.00112084
3.24879e-05
0.00112419
2.3847e-05
0.00112675
1.54453e-05
0.00112859
7.30331e-06
0.00112978
-4.2457e-07
0.00113028
-8.0433e-06
0.00113015
-1.52192e-05
0.00112935
-2.21393e-05
0.00112787
-2.88189e-05
0.00112568
-3.5254e-05
0.00112274
-4.14459e-05
0.00111901
-4.7396e-05
0.00111445
-5.31016e-05
0.001109
-5.85574e-05
0.00110265
-6.37576e-05
0.00109533
-6.8695e-05
0.00108703
-7.33572e-05
0.00107773
-7.77239e-05
0.00106744
-8.1765e-05
0.00105621
-8.54503e-05
0.00104412
-8.87656e-05
0.00103125
-9.17294e-05
0.00101773
-9.44075e-05
0.00100365
-9.69256e-05
0.000989058
-9.94681e-05
0.000973926
-0.000102256
0.000958153
-0.000105505
0.00094157
-0.00010937
0.000923988
-0.000113893
0.000905249
-0.000118962
0.000885286
-0.000124313
0.000864155
-0.000129565
0.000842036
-0.000134284
0.000819202
-0.000138058
0.000795976
-0.00014055
0.000772681
-0.000141522
0.000749615
-0.000140833
0.000727028
-0.000138433
0.000705119
-0.000134352
0.000684027
-0.000128696
0.000663839
-0.000121648
0.000644593
-0.00011346
0.000626292
-0.000104438
0.000608912
-9.49363e-05
0.000592406
-8.53242e-05
0.000576703
-7.59743e-05
0.000561697
-6.71974e-05
0.000547229
-5.93133e-05
0.000533034
-5.22395e-05
0.000518829
-4.6793e-05
-4.04959e-05
0.000410014
0.000107501
0.000432754
0.000100912
0.000455183
0.00010162
0.000477152
0.000107179
0.000499455
0.000112747
0.000522203
0.000117374
0.000545203
0.000121836
0.00056844
0.000126167
0.00059194
0.000130026
0.000615686
0.00013329
0.000639722
0.000135985
0.00066419
0.000138119
0.000689281
0.000139662
0.000715152
0.000140532
0.000741864
0.000140638
0.000769388
0.00013998
0.000796434
0.000132814
0.000822522
0.000124081
0.000847428
0.000115472
0.000870887
0.000106816
0.000892681
9.81089e-05
0.000912687
8.94491e-05
0.000930854
8.09238e-05
0.000947184
7.25732e-05
0.000961717
6.44038e-05
0.000974512
5.64071e-05
0.000985639
4.85718e-05
0.000995175
4.08854e-05
0.00100319
3.33368e-05
0.00100975
2.59274e-05
0.00101492
1.86739e-05
0.00101877
1.15999e-05
0.00102134
4.73494e-06
0.00102277
-1.85485e-06
0.001023
-8.27911e-06
0.0010222
-1.44147e-05
0.00102037
-2.03088e-05
0.00101754
-2.59882e-05
0.00101374
-3.14533e-05
0.00100899
-3.6701e-05
0.00100333
-4.17308e-05
0.000996766
-4.65411e-05
0.000989337
-5.11289e-05
0.00098107
-5.54902e-05
0.000971995
-5.96201e-05
0.000962149
-6.35106e-05
0.000951574
-6.7149e-05
0.000940327
-7.05183e-05
0.00092848
-7.36037e-05
0.000916119
-7.64042e-05
0.000903334
-7.89449e-05
0.000890215
-8.12877e-05
0.000876827
-8.35378e-05
0.0008632
-8.58416e-05
0.000849314
-8.83694e-05
0.000835093
-9.12839e-05
0.000820422
-9.47e-05
0.000805174
-9.86442e-05
0.000789239
-0.000103027
0.000772565
-0.000107639
0.000755175
-0.000112174
0.000737166
-0.000116275
0.000718695
-0.000119587
0.000699945
-0.000121801
0.000681103
-0.000122679
0.000662335
-0.000122065
0.000643782
-0.00011988
0.000625554
-0.000116123
0.000607733
-0.000110875
0.00059038
-0.000104295
0.000573538
-9.66174e-05
0.00055724
-8.81406e-05
0.000541513
-7.92093e-05
0.000526376
-7.01866e-05
0.00051183
-6.14283e-05
0.000497852
-5.32198e-05
0.000484356
-4.58176e-05
0.00047119
-3.90729e-05
0.000458036
-3.36389e-05
-2.68027e-05
0.000362528
8.82933e-05
0.000383496
7.99438e-05
0.000403597
8.15192e-05
0.000423064
8.77118e-05
0.00044288
9.29311e-05
0.000463078
9.71768e-05
0.000483524
0.00010139
0.000504297
0.000105394
0.00052542
0.000108903
0.000546805
0.000111905
0.000568367
0.000114423
0.000590058
0.000116428
0.000611865
0.000117854
0.000633785
0.000118612
0.000655814
0.000118608
0.000677971
0.000117824
0.000699347
0.000111438
0.00071975
0.000103679
0.000739189
9.60323e-05
0.000757602
8.84029e-05
0.00077491
8.08011e-05
0.000791051
7.33079e-05
0.000805983
6.59922e-05
0.000819676
5.88803e-05
0.000832112
5.1968e-05
0.00084328
4.52387e-05
0.000853179
3.86731e-05
0.000861811
3.22533e-05
0.000869184
2.59643e-05
0.000875309
1.98019e-05
0.000880207
1.37756e-05
0.000883906
7.90121e-06
0.00088645
2.19119e-06
0.000887911
-3.31598e-06
0.000888309
-8.67697e-06
0.000887732
-1.38379e-05
0.00088622
-1.87963e-05
0.000883805
-2.35734e-05
0.000880525
-2.81741e-05
0.00087642
-3.25956e-05
0.000871526
-3.68365e-05
0.00086588
-4.08956e-05
0.000859522
-4.47704e-05
0.000852489
-4.84574e-05
0.00084482
-5.19517e-05
0.000836556
-5.52467e-05
0.00082774
-5.83327e-05
0.00081842
-6.11985e-05
0.000808653
-6.38361e-05
0.000798498
-6.62499e-05
0.000788019
-6.84654e-05
0.000777269
-7.05383e-05
0.000766289
-7.25574e-05
0.00075509
-7.46423e-05
0.00074365
-7.69294e-05
0.000731913
-7.9547e-05
0.000719797
-8.25837e-05
0.000707209
-8.60567e-05
0.000694071
-8.98894e-05
0.000680338
-9.39058e-05
0.00066601
-9.78466e-05
0.000651138
-0.000101402
0.000635805
-0.000104255
0.00062012
-0.000106115
0.00060419
-0.000106749
0.000588118
-0.000105993
0.000571996
-0.000103758
0.000555908
-0.000100035
0.00053993
-9.48974e-05
0.000524139
-8.85047e-05
0.000508615
-8.10939e-05
0.000493441
-7.29664e-05
0.000478698
-6.44663e-05
0.000464462
-5.59501e-05
0.000450787
-4.77536e-05
0.000437704
-4.01373e-05
0.00042517
-3.32832e-05
0.000413116
-2.70185e-05
0.000401149
-2.16724e-05
-1.46748e-05
0.000320758
7.05686e-05
0.000340087
6.06147e-05
0.000357962
6.3644e-05
0.000375206
7.04679e-05
0.000392819
7.53176e-05
0.00041069
7.93065e-05
0.000428757
8.33231e-05
0.000447162
8.69892e-05
0.000465939
9.01264e-05
0.000485023
9.28205e-05
0.000504347
9.50998e-05
0.000523846
9.69281e-05
0.000543446
9.82545e-05
0.000563056
9.90021e-05
0.000582581
9.90828e-05
0.000601945
9.846e-05
0.000620301
9.30823e-05
0.000637492
8.64871e-05
0.000653584
7.99405e-05
0.000668602
7.3385e-05
0.000682559
6.68436e-05
0.000695474
6.03937e-05
0.000707363
5.41026e-05
0.000718245
4.79988e-05
0.00072813
4.20823e-05
0.000737029
3.63395e-05
0.000744949
3.07536e-05
0.000751895
2.53077e-05
0.000757872
1.99867e-05
0.000762889
1.47847e-05
0.000766958
9.70695e-06
0.000770094
4.76487e-06
0.000772335
-4.92705e-08
0.000773712
-4.69288e-06
0.000774248
-9.21367e-06
0.000773986
-1.35757e-05
0.00077296
-1.77705e-05
0.000771198
-2.18107e-05
0.000768727
-2.5703e-05
0.000765577
-2.94458e-05
0.000761777
-3.3037e-05
0.000757357
-3.64752e-05
0.000752344
-3.97579e-05
0.000746768
-4.28815e-05
0.000740658
-4.58413e-05
0.000734043
-4.86312e-05
0.000726953
-5.12434e-05
0.000719425
-5.367e-05
0.000711496
-5.59069e-05
0.000703207
-5.79609e-05
0.000694598
-5.98571e-05
0.000685706
-6.16454e-05
0.000676551
-6.34028e-05
0.000667139
-6.52302e-05
0.00065745
-6.72406e-05
0.000647442
-6.95387e-05
0.000637053
-7.21945e-05
0.000626213
-7.52173e-05
0.000614861
-7.85367e-05
0.000602951
-8.19962e-05
0.000590469
-8.5365e-05
0.000577431
-8.83642e-05
0.000563878
-9.07015e-05
0.000549869
-9.21056e-05
0.000535473
-9.23532e-05
0.000520766
-9.12866e-05
0.000505833
-8.88246e-05
0.000490766
-8.49684e-05
0.000475674
-7.98052e-05
0.000460676
-7.35063e-05
0.0004459
-6.63182e-05
0.000431479
-5.85449e-05
0.000417536
-5.05236e-05
0.00040418
-4.25938e-05
0.000391487
-3.50609e-05
0.000379507
-2.8157e-05
0.000368204
-2.19808e-05
0.000357568
-1.6382e-05
0.000347124
-1.12284e-05
-4.43724e-06
0.000284047
5.3995e-05
0.000301804
4.28575e-05
0.000317587
4.78611e-05
0.000332893
5.51619e-05
0.000348559
5.96515e-05
0.000364356
6.35097e-05
0.00038032
6.73584e-05
0.000396611
7.06988e-05
0.000413236
7.35008e-05
0.000430146
7.59107e-05
0.000447302
7.79438e-05
0.000464664
7.95663e-05
0.000482171
8.07472e-05
0.000499741
8.14325e-05
0.000517271
8.1552e-05
0.000534662
8.10698e-05
0.000551105
7.66393e-05
0.000566422
7.11704e-05
0.000580652
6.571e-05
0.000593821
6.0216e-05
0.000605953
5.47115e-05
0.000617081
4.9266e-05
0.000627242
4.39416e-05
0.000636473
3.8768e-05
0.000644806
3.37488e-05
0.000652271
2.88751e-05
0.00065889
2.41346e-05
0.000664683
1.95143e-05
0.000669669
1.5001e-05
0.000673863
1.05903e-05
0.000677283
6.28754e-06
0.000679948
2.09919e-06
0.000681875
-1.97538e-06
0.000683094
-5.91237e-06
0.000683615
-9.73516e-06
0.000683468
-1.34278e-05
0.000682678
-1.69807e-05
0.000681268
-2.04007e-05
0.000679259
-2.36938e-05
0.000676673
-2.68598e-05
0.000673532
-2.98963e-05
0.000669858
-3.28012e-05
0.000665672
-3.55721e-05
0.000660996
-3.82053e-05
0.000655851
-4.06961e-05
0.000650258
-4.30387e-05
0.000644241
-4.52263e-05
0.000637824
-4.72524e-05
0.000631032
-4.91149e-05
0.000623892
-5.08211e-05
0.000616429
-5.23947e-05
0.000608664
-5.38802e-05
0.000600606
-5.53451e-05
0.000592252
-5.68761e-05
0.000583581
-5.8569e-05
0.000574553
-6.05106e-05
0.000565115
-6.27566e-05
0.000555206
-6.53089e-05
0.000544768
-6.80986e-05
0.000533754
-7.09815e-05
0.000522135
-7.37464e-05
0.000509909
-7.61383e-05
0.000497097
-7.78896e-05
0.000483744
-7.87523e-05
0.000469916
-7.85254e-05
0.000455703
-7.70735e-05
0.000441217
-7.43385e-05
0.000426593
-7.03446e-05
0.000411986
-6.51985e-05
0.000397564
-5.9084e-05
0.000383496
-5.225e-05
0.000369941
-4.49905e-05
0.000357038
-3.76202e-05
0.000344891
-3.04472e-05
0.000333565
-2.37347e-05
0.000323093
-1.76847e-05
0.000313423
-1.23105e-05
0.000304578
-7.53727e-06
0.000296028
-2.67863e-06
3.62626e-06
0.000251798
3.82832e-05
0.000267991
2.66645e-05
0.000281861
3.39914e-05
0.000295501
4.15218e-05
0.000309433
4.57198e-05
0.00032339
4.95522e-05
0.000337519
5.32298e-05
0.00035196
5.62579e-05
0.000366692
5.87689e-05
0.00038167
6.09327e-05
0.000396868
6.27456e-05
0.000412256
6.41785e-05
0.000427787
6.52162e-05
0.000443398
6.5821e-05
0.000459011
6.59389e-05
0.00047454
6.55413e-05
0.000489254
6.19246e-05
0.00050298
5.74451e-05
0.000515738
5.29516e-05
0.000527542
4.84116e-05
0.000538408
4.38459e-05
0.000548359
3.93153e-05
0.000557425
3.48752e-05
0.00056564
3.05534e-05
0.000573034
2.63545e-05
0.000579637
2.2272e-05
0.000585475
1.82966e-05
0.000590571
1.44185e-05
0.000594946
1.06254e-05
0.000598621
6.91532e-06
0.000601614
3.29488e-06
0.000603944
-2.30621e-07
0.000605628
-3.65918e-06
0.000606692
-6.97633e-06
0.000607148
-1.01919e-05
0.00060702
-1.32995e-05
0.00060633
-1.62904e-05
0.000605097
-1.91675e-05
0.000603338
-2.19355e-05
0.000601073
-2.4594e-05
0.000598317
-2.71403e-05
0.000595087
-2.95714e-05
0.000591399
-3.1884e-05
0.000587267
-3.40737e-05
0.000582706
-3.6135e-05
0.000577729
-3.80615e-05
0.000572349
-3.98464e-05
0.00056658
-4.14835e-05
0.000560436
-4.2971e-05
0.000553931
-4.43161e-05
0.000547077
-4.55404e-05
0.000539881
-4.66842e-05
0.000532343
-4.78075e-05
0.000524454
-4.89865e-05
0.000516189
-5.03039e-05
0.000507511
-5.18329e-05
0.000498372
-5.36179e-05
0.000488718
-5.56546e-05
0.000478495
-5.78757e-05
0.000467661
-6.01472e-05
0.000456191
-6.22766e-05
0.000444087
-6.40346e-05
0.00043138
-6.5183e-05
0.000418134
-6.55059e-05
0.000404443
-6.48346e-05
0.000390435
-6.30652e-05
0.000376265
-6.01684e-05
0.000362111
-5.61909e-05
0.000348166
-5.1253e-05
0.000334621
-4.55393e-05
0.000321656
-3.92855e-05
0.000309426
-3.27596e-05
0.000298044
-2.6239e-05
0.000287587
-1.99893e-05
0.000278077
-1.42253e-05
0.000269516
-9.12363e-06
0.00026182
-4.61438e-06
0.000255038
-7.55479e-07
0.000248633
3.72644e-06
9.40881e-06
0.000223468
2.31975e-05
0.000238065
1.2068e-05
0.000250245
2.18105e-05
0.00026246
2.93075e-05
0.000274839
3.33406e-05
0.000287177
3.72144e-05
0.000299706
4.07001e-05
0.00031253
4.34339e-05
0.000325606
4.56933e-05
0.000338896
4.76424e-05
0.00035238
4.92613e-05
0.000366029
5.05295e-05
0.000379802
5.14436e-05
0.000393646
5.19771e-05
0.000407498
5.20872e-05
0.000421286
5.17526e-05
0.000434366
4.88447e-05
0.00044658
4.52313e-05
0.000457947
4.1585e-05
0.000468477
3.78811e-05
0.000478183
3.41405e-05
0.00048708
3.04174e-05
0.000495193
2.67622e-05
0.000502546
2.32005e-05
0.000509164
1.97367e-05
0.000515071
1.63654e-05
0.000520288
1.30797e-05
0.000524835
9.87158e-06
0.000528732
6.72811e-06
0.000531997
3.6505e-06
0.000534647
6.44681e-07
0.000536702
-2.28589e-06
0.000538179
-5.13656e-06
0.000539099
-7.89628e-06
0.000539475
-1.0568e-05
0.000539324
-1.31481e-05
0.000538662
-1.56288e-05
0.000537505
-1.80099e-05
0.000535863
-2.02939e-05
0.000533749
-2.24798e-05
0.000531172
-2.45637e-05
0.000528142
-2.65414e-05
0.000524666
-2.84082e-05
0.000520752
-3.0159e-05
0.000516404
-3.17875e-05
0.00051163
-3.32871e-05
0.000506434
-3.4651e-05
0.000500825
-3.5874e-05
0.000494809
-3.69553e-05
0.000488396
-3.79025e-05
0.000481592
-3.87367e-05
0.000474403
-3.94957e-05
0.00046683
-4.02342e-05
0.000458864
-4.10203e-05
0.000450486
-4.19265e-05
0.000441669
-4.30154e-05
0.000432373
-4.43223e-05
0.000422557
-4.58387e-05
0.000412182
-4.75005e-05
0.000401221
-4.91859e-05
0.000389668
-5.07235e-05
0.000377546
-5.19129e-05
0.000364913
-5.25502e-05
0.000351863
-5.24553e-05
0.000338523
-5.14948e-05
0.000325053
-4.95956e-05
0.000311637
-4.6752e-05
0.00029847
-4.30243e-05
0.000285751
-3.85335e-05
0.000273663
-3.34512e-05
0.000262364
-2.79866e-05
0.000251974
-2.23701e-05
0.00024257
-1.68343e-05
0.00023418
-1.15995e-05
0.000226787
-6.83238e-06
0.000220357
-2.69367e-06
0.000214775
9.67054e-07
0.000210105
3.91449e-06
0.000205884
7.94757e-06
1.29932e-05
0.00019856
8.56662e-06
0.000211521
-8.92926e-07
0.000222268
1.1064e-05
0.00023325
1.8325e-05
0.000244236
2.23547e-05
0.000255157
2.62934e-05
0.000266293
2.95644e-05
0.000277696
3.20306e-05
0.000289315
3.40749e-05
0.000301121
3.58362e-05
0.000313097
3.7285e-05
0.000325215
3.84112e-05
0.000337438
3.92212e-05
0.000349718
3.96968e-05
0.000362001
3.98044e-05
0.000374225
3.95288e-05
0.000385817
3.72526e-05
0.000396638
3.44104e-05
0.000406705
3.15173e-05
0.000416031
2.85553e-05
0.000424626
2.55458e-05
0.000432504
2.25395e-05
0.000439683
1.9583e-05
0.000446183
1.67003e-05
0.000452024
1.38959e-05
0.000457224
1.11653e-05
0.0004618
8.5037e-06
0.000465767
5.90426e-06
0.000469142
3.35332e-06
0.000471941
8.52239e-07
0.000474178
-1.59306e-06
0.000475868
-3.97613e-06
0.000477022
-6.29018e-06
0.000477651
-8.52566e-06
0.000477766
-1.0682e-05
0.000477374
-1.27561e-05
0.000476485
-1.47406e-05
0.000475109
-1.6633e-05
0.000473249
-1.84344e-05
0.000470913
-2.01431e-05
0.000468104
-2.17549e-05
0.000464827
-2.32648e-05
0.000461087
-2.46684e-05
0.000456889
-2.59609e-05
0.000452238
-2.71368e-05
0.000447142
-2.81907e-05
0.000441609
-2.91179e-05
0.00043565
-2.99151e-05
0.000429279
-3.05839e-05
0.00042251
-3.11336e-05
0.000415359
-3.15856e-05
0.000407838
-3.19755e-05
0.000399958
-3.23534e-05
0.000391717
-3.27799e-05
0.000383109
-3.33179e-05
0.000374113
-3.40199e-05
0.000364705
-3.49136e-05
0.000354854
-3.59878e-05
0.000344537
-3.71834e-05
0.000333743
-3.83924e-05
0.000322486
-3.94669e-05
0.00031081
-4.02365e-05
0.000298792
-4.05318e-05
0.000286544
-4.02075e-05
0.00027421
-3.91612e-05
0.000261959
-3.73442e-05
0.000249972
-3.47656e-05
0.000238437
-3.14888e-05
0.000227529
-2.76256e-05
0.000217403
-2.33257e-05
0.000208182
-1.87653e-05
0.000199946
-1.41338e-05
0.00019273
-9.61848e-06
0.000186528
-5.39739e-06
0.000181289
-1.59308e-06
0.000176954
1.64112e-06
0.000173394
4.52689e-06
0.000170671
6.63778e-06
0.000168451
1.01678e-05
1.46256e-05
0.000176567
-5.65381e-06
0.000187955
-1.2281e-05
0.000197511
1.50735e-06
0.000207403
8.4332e-06
0.000217122
1.26356e-05
0.000226777
1.66384e-05
0.000236646
1.96957e-05
0.000246735
2.1941e-05
0.000256996
2.38147e-05
0.00026741
2.54222e-05
0.000277964
2.67308e-05
0.000288633
2.77418e-05
0.000299384
2.84701e-05
0.000310177
2.89047e-05
0.00032096
2.90209e-05
0.000331679
2.88101e-05
0.000341828
2.71037e-05
0.000351282
2.49556e-05
0.000360058
2.2742e-05
0.000368163
2.04502e-05
0.000375606
1.81024e-05
0.000382399
1.57468e-05
0.000388554
1.34274e-05
0.000394088
1.11667e-05
0.000399015
8.96916e-06
0.000403349
6.83116e-06
0.000407103
4.75002e-06
0.000410286
2.7208e-06
0.000412915
7.24409e-07
0.000415
-1.23291e-06
0.000416546
-3.13884e-06
0.000417558
-4.98792e-06
0.000418042
-6.77429e-06
0.000418006
-8.48979e-06
0.000417456
-1.01326e-05
0.0004164
-1.16998e-05
0.000414845
-1.3185e-05
0.000412797
-1.45856e-05
0.000410265
-1.5902e-05
0.000407255
-1.71332e-05
0.000403775
-1.82757e-05
0.000399836
-1.93258e-05
0.000395448
-2.02802e-05
0.000390623
-2.11357e-05
0.000385375
-2.1889e-05
0.000379722
-2.25369e-05
0.000373681
-2.30771e-05
0.000367275
-2.35089e-05
0.000360527
-2.3836e-05
0.000353462
-2.40688e-05
0.000346104
-2.4228e-05
0.000338475
-2.43461e-05
0.000330588
-2.44669e-05
0.000322451
-2.46424e-05
0.000314058
-2.49251e-05
0.000305396
-2.53576e-05
0.000296443
-2.59603e-05
0.000287175
-2.67204e-05
0.000277577
-2.75851e-05
0.000267646
-2.84614e-05
0.000257403
-2.92246e-05
0.000246901
-2.97337e-05
0.00023622
-2.98512e-05
0.000225475
-2.94622e-05
0.000214804
-2.84898e-05
0.000204363
-2.69033e-05
0.000194317
-2.47196e-05
0.000184827
-2.19996e-05
0.000176043
-1.88411e-05
0.000168086
-1.53688e-05
0.000161046
-1.17251e-05
0.000154972
-8.05976e-06
0.000149871
-4.51789e-06
0.000145714
-1.23998e-06
0.00014243
1.6907e-06
0.00013995
4.12097e-06
0.000138142
6.33456e-06
0.000137053
7.72697e-06
0.000136499
1.07217e-05
1.46671e-05
0.000157032
-1.93904e-05
0.000167042
-2.22914e-05
0.00017562
-7.07065e-06
0.00018441
-3.56015e-07
0.000192821
4.22366e-06
0.000201129
8.33094e-06
0.000209584
1.12402e-05
0.000218177
1.33486e-05
0.000226879
1.51121e-05
0.000235695
1.66066e-05
0.00024462
1.78056e-05
0.000253637
1.87245e-05
0.000262719
1.93882e-05
0.000271829
1.9795e-05
0.00028092
1.99303e-05
0.000289937
1.9793e-05
0.000298448
1.8592e-05
0.000306344
1.70602e-05
0.00031363
1.54556e-05
0.00032031
1.377e-05
0.000326387
1.20258e-05
0.000331866
1.02682e-05
0.000336755
8.53778e-06
0.000341067
6.85519e-06
0.000344812
5.2243e-06
0.000348001
3.64178e-06
0.000350644
2.10699e-06
0.000352748
6.16384e-07
0.000354327
-8.54076e-07
0.000355378
-2.28348e-06
0.000355906
-3.6671e-06
0.00035592
-5.00196e-06
0.000355428
-6.28251e-06
0.000354441
-7.50251e-06
0.000352968
-8.66013e-06
0.000351022
-9.75322e-06
0.000348614
-1.0777e-05
0.000345758
-1.17295e-05
0.000342467
-1.26116e-05
0.000338757
-1.34231e-05
0.000334644
-1.41621e-05
0.000330144
-1.48261e-05
0.000325277
-1.54134e-05
0.000320064
-1.59224e-05
0.000314526
-1.63516e-05
0.000308689
-1.66996e-05
0.000302578
-1.69657e-05
0.00029622
-1.7151e-05
0.000289644
-1.72599e-05
0.000282878
-1.73025e-05
0.000275946
-1.72969e-05
0.000268871
-1.72707e-05
0.000261665
-1.72604e-05
0.00025433
-1.73081e-05
0.000246861
-1.74557e-05
0.000239239
-1.77358e-05
0.000231441
-1.81627e-05
0.000223444
-1.87227e-05
0.000215229
-1.93702e-05
0.000206795
-2.00273e-05
0.000198162
-2.05917e-05
0.000189378
-2.09496e-05
0.000180519
-2.09922e-05
0.000171688
-2.06315e-05
0.00016301
-1.98121e-05
0.000154624
-1.85173e-05
0.000146674
-1.67691e-05
0.000139297
-1.46232e-05
0.000132618
-1.21616e-05
0.000126733
-9.48407e-06
0.000121708
-6.70025e-06
0.000117571
-3.92281e-06
0.000114312
-1.25876e-06
0.000111889
1.18315e-06
0.000110225
3.35491e-06
0.000109244
5.10214e-06
0.000108826
6.75195e-06
0.000108985
7.56825e-06
0.0001097
1.00063e-05
1.35222e-05
0.000139698
-3.26077e-05
0.000148437
-3.10306e-05
0.000155932
-1.45659e-05
0.000163127
-7.55111e-06
0.000169631
-2.2807e-06
0.000175929
2.03356e-06
0.000182294
4.87469e-06
0.000188751
6.89167e-06
0.000195317
8.54616e-06
0.000202017
9.90682e-06
0.000208853
1.09692e-05
0.000215809
1.17692e-05
0.000222852
1.23445e-05
0.000229943
1.27043e-05
0.000237029
1.28448e-05
0.00024405
1.27717e-05
0.000250656
1.19862e-05
0.000256748
1.09678e-05
0.000262322
9.88179e-06
0.00026737
8.72178e-06
0.000271887
7.50869e-06
0.000275873
6.28247e-06
0.000279333
5.0782e-06
0.000282275
3.91312e-06
0.000284709
2.78964e-06
0.000286647
1.70411e-06
0.000288096
6.58121e-07
0.000289065
-3.52723e-07
0.000289561
-1.34987e-06
0.000289589
-2.3116e-06
0.000289162
-3.23992e-06
0.00028829
-4.13066e-06
0.000286988
-4.97971e-06
0.000285268
-5.78254e-06
0.000283145
-6.53769e-06
0.000280636
-7.24392e-06
0.000277757
-7.89794e-06
0.000274526
-8.49845e-06
0.000270961
-9.04674e-06
0.000267081
-9.54338e-06
0.000262906
-9.98725e-06
0.000258457
-1.0377e-05
0.000253756
-1.07118e-05
0.000248824
-1.0991e-05
0.000243687
-1.12141e-05
0.000238368
-1.13805e-05
0.000232892
-1.14903e-05
0.000227286
-1.15451e-05
0.000221575
-1.15488e-05
0.000215783
-1.15101e-05
0.000209929
-1.14436e-05
0.00020403
-1.13712e-05
0.000198091
-1.13214e-05
0.00019211
-1.13267e-05
0.000186072
-1.14186e-05
0.000179957
-1.16208e-05
0.000173737
-1.19422e-05
0.000167384
-1.23696e-05
0.000160878
-1.28644e-05
0.000154214
-1.33636e-05
0.000147409
-1.37861e-05
0.000140503
-1.40435e-05
0.000133564
-1.40536e-05
0.000126685
-1.37527e-05
0.000119978
-1.31048e-05
0.000113566
-1.21051e-05
0.000107575
-1.07783e-05
0.000102125
-9.17278e-06
9.73169e-05
-7.35375e-06
9.32287e-05
-5.39593e-06
8.99064e-05
-3.37793e-06
8.73627e-05
-1.37912e-06
8.55784e-05
5.25613e-07
8.45046e-05
2.25695e-06
8.40666e-05
3.79292e-06
8.41855e-05
4.98317e-06
8.47668e-05
6.17064e-06
8.5772e-05
6.56307e-06
8.7345e-05
8.43338e-06
1.15878e-05
0.000124195
-4.51641e-05
0.000131113
-3.79493e-05
0.000136333
-1.97851e-05
0.000140505
-1.17237e-05
0.000143877
-5.65198e-06
0.000147202
-1.29208e-06
0.000150762
1.31452e-06
0.000154587
3.06665e-06
0.000158689
4.44485e-06
0.000163063
5.5329e-06
0.000167678
6.35334e-06
0.000172491
6.95711e-06
0.000177448
7.38742e-06
0.000182493
7.65848e-06
0.000187566
7.77204e-06
0.000192601
7.73686e-06
0.000197328
7.25896e-06
0.000201664
6.63178e-06
0.000205594
5.95211e-06
0.000209102
5.21395e-06
0.000212176
4.4342e-06
0.000214814
3.6451e-06
0.000217018
2.87415e-06
0.000218797
2.13397e-06
0.000220161
1.42508e-06
0.000221122
7.43101e-07
0.00022169
9.09195e-08
0.000221874
-5.37594e-07
0.000221684
-1.15921e-06
0.000221129
-1.75733e-06
0.000220223
-2.33323e-06
0.000218976
-2.88365e-06
0.000217402
-3.40575e-06
0.000215516
-3.8963e-06
0.000213332
-4.35438e-06
0.000210868
-4.77943e-06
0.000208139
-5.16925e-06
0.000205164
-5.52309e-06
0.000201959
-5.84228e-06
0.000198544
-6.12763e-06
0.000194935
-6.37855e-06
0.000191152
-6.5942e-06
0.000187214
-6.77415e-06
0.000183141
-6.91816e-06
0.000178953
-7.026e-06
0.00017467
-7.0975e-06
0.000170313
-7.13294e-06
0.000165902
-7.13358e-06
0.000161455
-7.10265e-06
0.000156992
-7.04669e-06
0.000152525
-6.97678e-06
0.000148063
-6.90916e-06
0.000143606
-6.86471e-06
0.000139146
-6.86683e-06
0.000134666
-6.93783e-06
0.000130139
-7.09375e-06
0.000125535
-7.33891e-06
0.000120827
-7.66112e-06
0.000115992
-8.02934e-06
0.000111023
-8.39496e-06
0.000105934
-8.69716e-06
0.000100762
-8.87167e-06
9.55699e-05
-8.86107e-06
9.04413e-05
-8.62406e-06
8.54777e-05
-8.14127e-06
8.0789e-05
-7.41641e-06
7.64841e-05
-6.47341e-06
7.26621e-05
-5.35077e-06
6.94039e-05
-4.09558e-06
6.67667e-05
-2.75865e-06
6.478e-05
-1.39127e-06
6.34463e-05
-4.54738e-08
6.27407e-05
1.23128e-06
6.26142e-05
2.38342e-06
6.30016e-05
3.40556e-06
6.38221e-05
4.16266e-06
6.50171e-05
4.97559e-06
6.64842e-05
5.09605e-06
6.85129e-05
6.40461e-06
9.22185e-06
0.000109445
-5.60713e-05
0.000112551
-4.10557e-05
0.000113317
-2.05505e-05
0.000113019
-1.14254e-05
0.00011271
-5.34337e-06
0.000113144
-1.72611e-06
0.000114319
1.39722e-07
0.000116067
1.31855e-06
0.000118278
2.23334e-06
0.000120869
2.94242e-06
0.000123758
3.46423e-06
0.000126873
3.84192e-06
0.000130151
4.10996e-06
0.00013353
4.27916e-06
0.000136951
4.35121e-06
0.000140354
4.33375e-06
0.000143546
4.06688e-06
0.000146463
3.71495e-06
0.000149087
3.32819e-06
0.0001514
2.90097e-06
0.000153388
2.44539e-06
0.000155049
1.98489e-06
0.000156384
1.53872e-06
0.000157403
1.11465e-06
0.000158117
7.11675e-07
0.000158534
3.25589e-07
0.000158669
-4.33358e-08
0.000158528
-3.96561e-07
0.000158119
-7.50403e-07
0.000157451
-1.08991e-06
0.000156534
-1.41629e-06
0.000155378
-1.72743e-06
0.000153994
-2.02145e-06
0.000152394
-2.29623e-06
0.000150591
-2.55128e-06
0.000148598
-2.7865e-06
0.000146429
-3.00044e-06
0.000144099
-3.19276e-06
0.000141621
-3.36458e-06
0.00013901
-3.51665e-06
0.00013628
-3.64863e-06
0.000133446
-3.75994e-06
0.000130522
-3.85031e-06
0.000127523
-3.91963e-06
0.000124465
-3.96772e-06
0.000121362
-3.99452e-06
0.000118229
-4.00023e-06
0.000115082
-3.98577e-06
0.000111932
-3.95345e-06
0.000108794
-3.90782e-06
0.000105673
-3.85653e-06
0.000102575
-3.81067e-06
9.94944e-05
-3.78428e-06
9.64204e-05
-3.7928e-06
9.33331e-05
-3.85049e-06
9.02062e-05
-3.96692e-06
8.70105e-05
-4.14318e-06
8.37183e-05
-4.36889e-06
8.03099e-05
-4.62096e-06
7.67799e-05
-4.86499e-06
7.31423e-05
-5.05955e-06
6.94333e-05
-5.16271e-06
6.57114e-05
-5.13911e-06
6.20532e-05
-4.96591e-06
5.85476e-05
-4.63567e-06
5.52871e-05
-4.15586e-06
5.23594e-05
-3.54577e-06
4.98406e-05
-2.83196e-06
4.77893e-05
-2.04426e-06
4.62437e-05
-1.2131e-06
4.52208e-05
-3.68346e-07
4.47163e-05
4.59043e-07
4.4705e-05
1.24256e-06
4.51437e-05
1.94476e-06
4.59804e-05
2.56888e-06
4.71343e-05
3.00868e-06
4.85891e-05
3.52088e-06
5.01752e-05
3.50988e-06
5.22893e-05
4.29056e-06
6.7271e-06
9.33263e-05
-6.24226e-05
8.97535e-05
-3.74829e-05
8.50002e-05
-1.57972e-05
8.10048e-05
-7.43e-06
7.86425e-05
-2.9811e-06
7.78286e-05
-9.12213e-07
7.79866e-05
-1.82241e-08
7.874e-05
5.65169e-07
7.99219e-05
1.05145e-06
8.14348e-05
1.42949e-06
8.31984e-05
1.70057e-06
8.51466e-05
1.89374e-06
8.72255e-05
2.03106e-06
8.93869e-05
2.11779e-06
9.1584e-05
2.15412e-06
9.37725e-05
2.14524e-06
9.58249e-05
2.01452e-06
9.76977e-05
1.84215e-06
9.9376e-05
1.64985e-06
0.000100844
1.43338e-06
0.000102088
1.20056e-06
0.000103107
9.66324e-07
0.000103903
7.42249e-07
0.000104486
5.31945e-07
0.000104864
3.33692e-07
0.000105046
1.43811e-07
0.00010504
-3.77106e-08
0.000104855
-2.11094e-07
0.000104492
-3.87762e-07
0.000103959
-5.56783e-07
0.000103262
-7.19005e-07
0.000102408
-8.73334e-07
0.000101405
-1.01872e-06
0.000100263
-1.15389e-06
9.899e-05
-1.2787e-06
9.75968e-05
-1.39323e-06
9.6093e-05
-1.49667e-06
9.44891e-05
-1.58884e-06
9.27951e-05
-1.67059e-06
9.10209e-05
-1.74249e-06
8.91765e-05
-1.80426e-06
8.72721e-05
-1.8555e-06
8.53178e-05
-1.89603e-06
8.3324e-05
-1.92576e-06
8.13008e-05
-1.94459e-06
7.92587e-05
-1.95242e-06
7.72079e-05
-1.9494e-06
7.51582e-05
-1.93609e-06
7.31187e-05
-1.91395e-06
7.10967e-05
-1.88576e-06
6.90963e-05
-1.85617e-06
6.71174e-05
-1.83181e-06
6.51541e-05
-1.8209e-06
6.31935e-05
-1.83226e-06
6.12167e-05
-1.87369e-06
5.91997e-05
-1.94988e-06
5.71167e-05
-2.06021e-06
5.4945e-05
-2.19715e-06
5.26698e-05
-2.3458e-06
5.029e-05
-2.4852e-06
4.78217e-05
-2.59123e-06
4.52997e-05
-2.64069e-06
4.2776e-05
-2.61543e-06
4.03154e-05
-2.50533e-06
3.7989e-05
-2.30926e-06
3.58672e-05
-2.03407e-06
3.40136e-05
-1.69215e-06
3.24803e-05
-1.29872e-06
3.13057e-05
-8.69631e-07
3.05129e-05
-4.20303e-07
3.01104e-05
3.42148e-08
3.00911e-05
4.78295e-07
3.04353e-05
8.984e-07
3.11071e-05
1.27296e-06
3.207e-05
1.60593e-06
3.32476e-05
1.8311e-06
3.4661e-05
2.10752e-06
3.60936e-05
2.07726e-06
3.79783e-05
2.40585e-06
4.34963e-06
7.347e-05
-5.91239e-05
6.21408e-05
-2.61537e-05
5.42477e-05
-7.90413e-06
4.97631e-05
-2.94539e-06
4.77669e-05
-9.84874e-07
4.71438e-05
-2.89167e-07
4.71411e-05
-1.54637e-08
4.7498e-05
2.0822e-07
4.81382e-05
4.11245e-07
4.90029e-05
5.64782e-07
5.0033e-05
6.70523e-07
5.11815e-05
7.45234e-07
5.24135e-05
7.99051e-07
5.36983e-05
8.33028e-07
5.50057e-05
8.4665e-07
5.63082e-05
8.42725e-07
5.75304e-05
7.9236e-07
5.86466e-05
7.25973e-07
5.9646e-05
6.504e-07
6.0516e-05
5.63424e-07
6.12472e-05
4.69317e-07
6.18379e-05
3.75592e-07
6.22927e-05
2.87523e-07
6.26186e-05
2.06067e-07
6.28226e-05
1.29617e-07
6.29101e-05
5.63821e-08
6.28862e-05
-1.38816e-08
6.27563e-05
-8.11763e-08
6.25197e-05
-1.51108e-07
6.21805e-05
-2.1767e-07
6.17429e-05
-2.81359e-07
6.12114e-05
-3.41854e-07
6.05914e-05
-3.98684e-07
5.98887e-05
-4.51211e-07
5.91095e-05
-4.99473e-07
5.82598e-05
-5.43587e-07
5.73463e-05
-5.83161e-07
5.63756e-05
-6.18125e-07
5.5354e-05
-6.48997e-07
5.42876e-05
-6.76068e-07
5.31825e-05
-6.99151e-07
5.2045e-05
-7.17996e-07
5.08815e-05
-7.32512e-07
4.96983e-05
-7.42649e-07
4.85021e-05
-7.48333e-07
4.72992e-05
-7.49507e-07
4.6096e-05
-7.46242e-07
4.48988e-05
-7.3882e-07
4.37128e-05
-7.27961e-07
4.2542e-05
-7.15031e-07
4.13881e-05
-7.0225e-07
4.0249e-05
-6.92725e-07
3.91183e-05
-6.9022e-07
3.79847e-05
-6.98649e-07
3.68323e-05
-7.21294e-07
3.56423e-05
-7.59822e-07
3.43954e-05
-8.13314e-07
3.30759e-05
-8.77635e-07
3.16755e-05
-9.45395e-07
3.0197e-05
-1.00674e-06
2.86567e-05
-1.05087e-06
2.70839e-05
-1.06799e-06
2.55196e-05
-1.05104e-06
2.40111e-05
-9.96875e-07
2.26081e-05
-9.06267e-07
2.13572e-05
-7.8318e-07
2.02986e-05
-6.33527e-07
1.94638e-05
-4.63917e-07
1.88749e-05
-2.80751e-07
1.85447e-05
-9.00767e-08
1.84767e-05
1.02173e-07
1.86652e-05
2.89865e-07
1.90963e-05
4.67241e-07
1.97441e-05
6.25133e-07
2.05859e-05
7.64208e-07
2.15585e-05
8.58511e-07
2.27e-05
9.65973e-07
2.38033e-05
9.7398e-07
2.5219e-05
9.90126e-07
2.29115e-06
4.88072e-05
-4.01709e-05
3.32742e-05
-1.06207e-05
2.70719e-05
-1.7019e-06
2.46482e-05
-5.21688e-07
2.38084e-05
-1.45052e-07
2.3568e-05
-4.87496e-08
2.35588e-05
-6.23696e-09
2.37212e-05
4.5752e-08
2.40385e-05
9.39962e-08
2.44752e-05
1.28043e-07
2.49954e-05
1.50334e-07
2.55744e-05
1.66209e-07
2.61955e-05
1.77966e-07
2.68432e-05
1.85341e-07
2.75018e-05
1.88059e-07
2.81575e-05
1.87031e-07
2.87736e-05
1.76224e-07
2.93377e-05
1.61924e-07
2.9843e-05
1.45118e-07
3.02812e-05
1.2522e-07
3.06468e-05
1.03657e-07
3.09399e-05
8.25583e-08
3.11641e-05
6.32334e-08
3.13246e-05
4.56569e-08
3.14249e-05
2.92208e-08
3.1468e-05
1.33665e-08
3.1456e-05
-1.94465e-09
3.13914e-05
-1.65471e-08
3.12726e-05
-3.23556e-08
3.11021e-05
-4.71396e-08
3.0882e-05
-6.12058e-08
3.06147e-05
-7.45657e-08
3.03031e-05
-8.70944e-08
2.99504e-05
-9.85355e-08
2.956e-05
-1.09017e-07
2.91349e-05
-1.18563e-07
2.86788e-05
-1.27056e-07
2.81952e-05
-1.34489e-07
2.76872e-05
-1.4104e-07
2.7158e-05
-1.46789e-07
2.66105e-05
-1.51655e-07
2.6048e-05
-1.55554e-07
2.5474e-05
-1.58459e-07
2.48917e-05
-1.60354e-07
2.43045e-05
-1.6121e-07
2.3716e-05
-1.61008e-07
2.31296e-05
-1.59764e-07
2.25483e-05
-1.57567e-07
2.1975e-05
-1.54621e-07
2.14113e-05
-1.51312e-07
2.08573e-05
-1.48249e-07
2.03108e-05
-1.4626e-07
1.97669e-05
-1.46324e-07
1.92177e-05
-1.49415e-07
1.86527e-05
-1.56299e-07
1.80601e-05
-1.67268e-07
1.74287e-05
-1.81904e-07
1.675e-05
-1.98946e-07
1.60209e-05
-2.16332e-07
1.52457e-05
-2.31458e-07
1.44364e-05
-2.41621e-07
1.36129e-05
-2.44523e-07
1.28006e-05
-2.38685e-07
1.20274e-05
-2.23664e-07
1.13211e-05
-1.99971e-07
1.07067e-05
-1.68809e-07
1.02049e-05
-1.3173e-07
9.83134e-06
-9.0343e-08
9.5966e-06
-4.60095e-08
9.50666e-06
-1.41787e-10
9.56283e-06
4.6008e-08
9.76161e-06
9.10846e-08
1.00952e-05
1.33604e-07
1.05487e-05
1.71642e-07
1.11088e-05
2.04107e-07
1.1739e-05
2.28388e-07
1.24586e-05
2.46349e-07
1.31627e-05
2.69909e-07
1.39524e-05
2.00389e-07
7.2379e-07
1.96379e-05
9.01726e-06
7.31536e-06
6.79367e-06
6.64862e-06
6.59987e-06
6.59364e-06
6.63939e-06
6.73338e-06
6.86143e-06
7.01176e-06
7.17797e-06
7.35594e-06
7.54128e-06
7.72934e-06
7.91637e-06
8.09259e-06
8.25452e-06
8.39963e-06
8.52485e-06
8.62851e-06
8.71107e-06
8.7743e-06
8.81996e-06
8.84918e-06
8.86255e-06
8.8606e-06
8.84405e-06
8.8117e-06
8.76456e-06
8.70335e-06
8.62879e-06
8.54169e-06
8.44316e-06
8.33414e-06
8.21558e-06
8.08852e-06
7.95403e-06
7.81299e-06
7.6662e-06
7.51455e-06
7.35899e-06
7.20053e-06
7.04018e-06
6.87897e-06
6.71796e-06
6.5582e-06
6.40063e-06
6.24601e-06
6.0947e-06
5.94645e-06
5.80019e-06
5.65386e-06
5.50445e-06
5.34815e-06
5.18088e-06
4.99898e-06
4.80003e-06
4.5837e-06
4.35224e-06
4.11062e-06
3.8661e-06
3.62741e-06
3.40375e-06
3.20378e-06
3.03497e-06
2.90324e-06
2.8129e-06
2.76689e-06
2.76675e-06
2.81275e-06
2.90384e-06
3.03744e-06
3.20908e-06
3.41319e-06
3.64158e-06
3.88793e-06
4.15784e-06
4.35823e-06
)
;

boundaryField
{
    inlet
    {
        type            calculated;
        value           nonuniform List<scalar> 
25
(
-0.00119618
-0.00105581
-0.000931914
-0.000822558
-0.000726034
-0.000640837
-0.000565637
-0.000499262
-0.000440675
-0.000388964
-0.00034332
-0.000303033
-0.000267473
-0.000236086
-0.000208382
-0.00018393
-0.000162346
-0.000143295
-0.00012648
-0.000111638
-9.8538e-05
-8.69749e-05
-7.67687e-05
-6.77602e-05
-5.98088e-05
)
;
    }
    outlet
    {
        type            calculated;
        value           nonuniform List<scalar> 
25
(
0.000910891
0.00100098
0.000998149
0.000929861
0.00083229
0.00073288
0.000644761
0.000569456
0.000503769
0.000444343
0.000389021
0.000336886
0.000287965
0.000242851
0.0002023
0.000166818
0.000136458
0.000110845
8.92794e-05
7.08788e-05
5.4784e-05
4.03558e-05
2.72775e-05
1.55198e-05
5.08202e-06
)
;
    }
    fixedWalls
    {
        type            calculated;
        value           uniform 0;
    }
    frontAndBack
    {
        type            empty;
        value           nonuniform 0();
    }
}


// ************************************************************************* //
