/*--------------------------------*- C++ -*----------------------------------*\
| =========                 |                                                 |
| \\      /  F ield         | OpenFOAM: The Open Source CFD Toolbox           |
|  \\    /   O peration     | Version:  v1912                                 |
|   \\  /    A nd           | Website:  www.openfoam.com                      |
|    \\/     M anipulation  |                                                 |
\*---------------------------------------------------------------------------*/
FoamFile
{
    version     2.0;
    format      ascii;
    class       volVectorField;
    location    "825";
    object      U;
}
// * * * * * * * * * * * * * * * * * * * * * * * * * * * * * * * * * * * * * //

dimensions      [0 1 -1 0 0 0 0];


internalField   nonuniform List<vector> 
2000
(
(0.84616 0.187394 0)
(0.515133 0.124089 0)
(0.223448 0.0684415 0)
(0.0598068 0.0174443 6.19506e-20)
(-0.00455617 -0.0232232 1.20725e-17)
(-0.0642033 -0.0384872 1.04274e-17)
(-0.0776009 -0.0372471 0)
(-0.0715949 -0.016659 0)
(-0.0590606 0.0117118 0)
(-0.0421582 0.0254666 2.36784e-17)
(-0.0415843 0.0109779 -1.45068e-17)
(-0.0273671 -0.000621341 -1.36246e-17)
(-0.0163177 -0.00266718 0)
(-0.0200718 -0.0026404 0)
(-0.0219066 -0.00227 -1.08236e-17)
(-0.0168728 0.000848211 0)
(-0.0105733 0.00349393 9.7433e-18)
(-0.00962166 0.00623757 3.09757e-21)
(-0.0106296 0.00612801 9.41884e-18)
(-0.0113955 0.00488858 -4.64882e-18)
(-0.0112569 0.00278228 9.19092e-18)
(-0.0100648 0.000804688 0)
(-0.00791344 -0.000198964 0)
(-0.00539525 -0.000629251 -6.7906e-23)
(-0.00310168 -0.000794109 0)
(-0.00127574 -0.000812796 -4.51876e-18)
(-5.40271e-05 -0.000749639 0)
(0.000642047 -0.000669133 4.528e-18)
(0.00103941 -0.000654986 0)
(0.00132869 -0.000661325 0)
(0.00160428 -0.000587297 0)
(0.00188166 -0.000476628 1.14994e-18)
(0.00214478 -0.000387256 0)
(0.00238252 -0.000348263 -5.83655e-19)
(0.00258167 -0.000347421 1.94791e-14)
(0.00271711 -0.000363238 1.94656e-14)
(0.00278147 -0.000398302 6.0193e-19)
(0.00271905 -0.000490958 -6.0943e-19)
(0.0025318 -0.000631689 0)
(0.00221892 -0.0007887 2.50692e-18)
(0.00176042 -0.000938782 0)
(0.00112232 -0.00106927 -2.5895e-18)
(0.000263069 -0.00116721 0)
(-0.000873966 -0.00121615 -5.36033e-18)
(-0.00233959 -0.00123605 2.72351e-18)
(-0.00417293 -0.00131528 0)
(-0.00646101 -0.00150034 0)
(-0.00936251 -0.00170174 -2.858e-18)
(-0.0132002 -0.00161054 0)
(-0.0185892 -0.000635428 2.93533e-18)
(-0.02651 0.00192163 0)
(-0.0382478 0.00635203 5.91583e-18)
(-0.0551894 0.0121053 -5.86417e-18)
(-0.0784734 0.01779 5.7417e-18)
(-0.108448 0.0215163 -2.74139e-18)
(-0.14421 0.0214211 0)
(-0.183651 0.0162898 2.32916e-18)
(-0.223838 0.0059778 -2.07242e-18)
(-0.261027 -0.00846963 -4.07789e-18)
(-0.29038 -0.0248225 3.30163e-18)
(-0.307024 -0.0398375 -3.2583e-18)
(-0.309432 -0.0503105 3.48645e-18)
(-0.302977 -0.0563193 -3.97986e-18)
(-0.287896 -0.0592135 4.78822e-18)
(-0.265315 -0.0600257 -1.12292e-20)
(-0.236086 -0.0594899 7.18533e-18)
(-0.200637 -0.0578093 0)
(-0.159148 -0.0549749 0)
(-0.111887 -0.0509783 7.53994e-20)
(-0.0595946 -0.0458622 0)
(-0.00353328 -0.0395634 1.99101e-17)
(0.0561058 -0.0317458 0)
(0.119598 -0.0222642 1.98815e-17)
(0.186466 -0.0112743 -4.87531e-19)
(0.255973 0.000983622 1.71616e-17)
(0.329436 0.0142096 2.98561e-17)
(0.403365 0.0280303 7.33907e-19)
(0.490959 0.0419921 -1.01451e-17)
(0.556837 0.0544456 -6.52826e-18)
(0.713397 0.0651475 0)
(1.0153 0.210384 0)
(0.944633 0.194211 0)
(0.804475 0.179983 -3.5299e-18)
(0.654422 0.152313 7.29033e-18)
(0.509224 0.111169 0)
(0.360042 0.0683704 -7.29171e-18)
(0.216493 0.0293252 0)
(0.0821323 -0.00530894 0)
(-0.0282879 -0.01804 0)
(-0.0562034 -0.0189155 -1.73162e-17)
(-0.0667324 -0.0249882 1.57531e-17)
(-0.0718834 -0.0159766 1.44497e-17)
(-0.0637615 0.00640375 0)
(-0.0508837 0.0207203 6.32552e-18)
(-0.0545099 0.00998924 0)
(-0.0483044 -0.00293948 0)
(-0.0376348 -0.00402732 0)
(-0.0329315 -0.00109729 5.27216e-18)
(-0.0367022 0.000899098 -1.03406e-17)
(-0.0388886 0.000900827 -5.09351e-18)
(-0.0395824 7.07834e-05 0)
(-0.0384902 -0.00112649 0)
(-0.0357718 -0.00235132 0)
(-0.0325269 -0.00294068 -7.41634e-18)
(-0.0293652 -0.00274023 0)
(-0.0265528 -0.00194083 4.953e-18)
(-0.0243335 -0.000878325 2.48396e-18)
(-0.0228751 1.87702e-06 0)
(-0.0222423 0.000373327 0)
(-0.0223004 0.00040423 0)
(-0.0228705 0.000227121 0)
(-0.0237238 3.57794e-05 -6.32987e-19)
(-0.0246893 -0.00012174 0)
(-0.0257075 -0.000213526 3.20396e-19)
(-0.0267982 -0.000201961 1.61416e-19)
(-0.0280309 -6.97372e-05 0)
(-0.0294481 0.000165474 0)
(-0.0310763 0.000471543 6.63072e-19)
(-0.0329771 0.000828763 0)
(-0.0351679 0.00123399 -1.35313e-18)
(-0.0376636 0.00169343 0)
(-0.0404698 0.00221905 -1.38294e-18)
(-0.0435928 0.00281948 0)
(-0.0470372 0.00348841 1.41411e-18)
(-0.050794 0.00421404 1.43148e-18)
(-0.0548361 0.00503589 0)
(-0.0591381 0.00613926 0)
(-0.063699 0.00789869 -2.97334e-18)
(-0.0685134 0.0108312 0)
(-0.0735498 0.0155369 1.45893e-20)
(-0.0788312 0.0225428 0)
(-0.0845609 0.0319717 0)
(-0.0910982 0.0431139 0)
(-0.0987532 0.0543209 0)
(-0.107253 0.0632588 6.02857e-18)
(-0.115065 0.0674657 0)
(-0.119756 0.0649604 -5.48059e-18)
(-0.119396 0.0548637 2.65154e-18)
(-0.112545 0.0381657 -2.30787e-18)
(-0.0952863 0.0176722 -4.87727e-18)
(-0.0634613 -0.00486848 5.025e-18)
(-0.0454355 -0.0308503 -5.5452e-18)
(-0.0201428 -0.051481 6.49482e-18)
(0.00777766 -0.0661485 0)
(0.0387434 -0.0764473 -1.29547e-17)
(0.0732262 -0.083834 -9.66908e-18)
(0.111995 -0.0890285 0)
(0.155229 -0.0920353 5.74416e-18)
(0.20256 -0.0925671 1.25687e-17)
(0.253403 -0.0904203 0)
(0.307104 -0.0855068 0)
(0.363088 -0.0778093 0)
(0.420887 -0.0674673 0)
(0.480244 -0.0548153 -1.36154e-17)
(0.540912 -0.0403864 5.93492e-18)
(0.603749 -0.0248403 -1.17647e-17)
(0.667178 -0.00911012 1.01565e-17)
(0.738984 0.00577205 -3.46653e-18)
(0.795918 0.0173713 0)
(0.911644 0.0228405 0)
(0.978489 0.201538 0)
(0.978854 0.193006 -2.78673e-18)
(0.969154 0.205111 3.48236e-18)
(0.939083 0.208532 -3.06135e-18)
(0.878034 0.194606 2.88594e-18)
(0.785605 0.168719 2.84401e-18)
(0.669349 0.138081 0)
(0.541012 0.106021 0)
(0.40822 0.0750633 0)
(0.285943 0.0459344 6.86881e-18)
(0.173879 0.0180211 0)
(0.0721776 -0.00640547 0)
(-0.0214749 -0.0141535 0)
(-0.0469109 -0.0038561 -7.18676e-18)
(-0.0508322 -0.0116811 0)
(-0.0586947 -0.0181542 -6.05304e-18)
(-0.0592962 -0.0112551 0)
(-0.048114 0.0090619 5.87803e-18)
(-0.0464827 0.0164822 2.8737e-18)
(-0.050906 0.0125869 0)
(-0.0532636 0.00614857 -2.79068e-18)
(-0.0550515 -0.000292638 0)
(-0.0556683 -0.00469779 0)
(-0.054768 -0.00653157 5.43767e-18)
(-0.0532179 -0.00660782 0)
(-0.05204 -0.00572661 1.35858e-18)
(-0.0518406 -0.00421967 -4.07843e-18)
(-0.0526359 -0.00222945 0)
(-0.0539961 -0.000217244 0)
(-0.0554722 0.00124512 -6.81756e-19)
(-0.0570734 0.00219113 0)
(-0.0587809 0.0027101 1.30527e-22)
(-0.0605181 0.00294714 0)
(-0.0622407 0.00306691 6.91039e-19)
(-0.0639563 0.00323247 8.69285e-20)
(-0.0657394 0.00349975 0)
(-0.0676501 0.0038559 1.76425e-19)
(-0.0697044 0.00426172 -3.55767e-19)
(-0.0718849 0.00470934 -3.58942e-19)
(-0.0741603 0.00519998 -7.24787e-19)
(-0.0764922 0.0057376 7.32291e-19)
(-0.0788411 0.00632915 7.39917e-19)
(-0.0811751 0.00697646 0)
(-0.0834533 0.00766053 1.51717e-18)
(-0.0855664 0.00835199 -3.0774e-18)
(-0.0872575 0.00907158 0)
(-0.0881154 0.009998 -1.59253e-18)
(-0.0876699 0.0115253 3.24777e-18)
(-0.0853924 0.014132 0)
(-0.0806308 0.0184005 -1.69871e-18)
(-0.0726831 0.0248177 1.78299e-18)
(-0.0610446 0.033639 -1.84932e-18)
(-0.0453563 0.043961 -1.91723e-18)
(-0.0255792 0.0542303 0)
(-0.00192159 0.0622217 -3.94242e-18)
(0.0256665 0.0654046 -1.8848e-18)
(0.0570952 0.0614912 1.63574e-18)
(0.0905467 0.0496468 1.52987e-18)
(0.124449 0.0288967 2.56586e-18)
(0.156232 0.00205292 0)
(0.186346 -0.0243577 0)
(0.214037 -0.0463771 0)
(0.242252 -0.0646946 -1.31383e-18)
(0.273924 -0.0804128 0)
(0.309977 -0.0940651 3.22568e-18)
(0.349856 -0.105611 0)
(0.392625 -0.114707 -1.99114e-18)
(0.437406 -0.120901 -4.47083e-18)
(0.483406 -0.123785 0)
(0.529959 -0.12313 -2.47774e-18)
(0.576586 -0.118945 2.58134e-18)
(0.62303 -0.111498 0)
(0.669241 -0.101304 0)
(0.715406 -0.0890518 0)
(0.761766 -0.0755715 -5.4092e-18)
(0.809195 -0.0617756 0)
(0.856987 -0.0488435 -1.88482e-18)
(0.910087 -0.0378759 3.36799e-18)
(0.95299 -0.0312478 0)
(1.03534 -0.0303441 3.93187e-19)
(0.970611 0.209117 0)
(0.963917 0.194765 1.52565e-18)
(0.96643 0.198514 0)
(0.977152 0.206407 1.69485e-18)
(0.982034 0.208884 -3.00486e-18)
(0.968293 0.204266 -1.34135e-18)
(0.930748 0.193726 0)
(0.870757 0.177878 0)
(0.79113 0.156581 0)
(0.695411 0.131331 1.35133e-18)
(0.58948 0.10541 1.38311e-18)
(0.48005 0.0807 0)
(0.369265 0.0579965 0)
(0.266647 0.0376065 0)
(0.17965 0.0185394 0)
(0.100392 0.00267243 6.4022e-18)
(0.0300556 -0.00993282 -3.38803e-18)
(-0.0310549 -0.00938027 0)
(-0.0328209 0.00100993 -3.28352e-18)
(-0.0347028 0.00245973 1.6188e-18)
(-0.0346425 0.00136308 3.21175e-18)
(-0.0358985 -0.00129699 0)
(-0.0391067 -0.0039772 0)
(-0.0434888 -0.00523446 -3.12078e-18)
(-0.0472022 -0.0043549 0)
(-0.0494987 -0.00165851 -1.54421e-18)
(-0.0511795 0.00173236 1.54375e-18)
(-0.0536875 0.00424778 0)
(-0.0558297 0.0054209 0)
(-0.0580837 0.00596644 7.67095e-19)
(-0.0600358 0.00603249 0)
(-0.0616686 0.00576085 -7.70156e-19)
(-0.0629325 0.00531766 0)
(-0.0638115 0.00487688 -1.94824e-19)
(-0.0644345 0.00467594 -9.81501e-20)
(-0.0648916 0.00479816 -2.47612e-20)
(-0.0652016 0.00519218 -3.00016e-19)
(-0.0652652 0.00578397 4.04363e-19)
(-0.0649988 0.00646685 4.09366e-19)
(-0.0643308 0.0071758 1.2453e-18)
(-0.0631759 0.00788817 -4.213e-19)
(-0.0614442 0.00859119 4.28597e-19)
(-0.0590725 0.00925813 0)
(-0.0560082 0.00981678 8.92496e-19)
(-0.0521412 0.0100959 9.13986e-19)
(-0.0471724 0.00980175 0)
(-0.0406333 0.00856717 1.93764e-18)
(-0.0326231 0.00633536 1.00119e-18)
(-0.0224238 0.00383659 0)
(-0.00981034 0.00168227 -3.26757e-18)
(0.00667476 0.000444018 -2.2355e-18)
(0.0280782 0.000706372 1.10833e-18)
(0.0543122 0.00228616 2.17049e-18)
(0.0859782 0.00429366 0)
(0.123093 0.00519032 9.81604e-19)
(0.164807 0.00317396 2.68254e-18)
(0.209833 -0.00331177 1.58549e-18)
(0.256077 -0.0147665 -1.38912e-18)
(0.303026 -0.0300418 -6.41826e-19)
(0.348945 -0.0475213 0)
(0.393319 -0.0664136 0)
(0.436133 -0.0854127 0)
(0.478247 -0.103439 1.71542e-18)
(0.520455 -0.119851 6.46989e-19)
(0.562687 -0.134165 0)
(0.604289 -0.14584 -1.56845e-18)
(0.64456 -0.154325 1.74469e-18)
(0.683011 -0.159197 -1.87827e-18)
(0.719396 -0.160251 -2.0258e-18)
(0.753706 -0.157541 1.27173e-19)
(0.786156 -0.151372 -2.42317e-18)
(0.817162 -0.142272 0)
(0.847278 -0.130927 0)
(0.877171 -0.118121 0)
(0.907447 -0.104707 0)
(0.939011 -0.0915584 0)
(0.971529 -0.0797216 3.67687e-18)
(1.00834 -0.0700371 -1.34552e-18)
(1.03858 -0.0644291 0)
(1.0958 -0.0627274 -4.23909e-19)
(0.972988 0.216082 0)
(0.965831 0.201808 1.87148e-18)
(0.959206 0.1956 2.49317e-19)
(0.961489 0.195546 1.90786e-18)
(0.972668 0.197536 0)
(0.985519 0.199235 -1.60802e-18)
(0.992497 0.199295 0)
(0.988452 0.196253 -3.62659e-19)
(0.970218 0.189033 0)
(0.935631 0.177562 -1.60636e-18)
(0.884731 0.162749 -1.24342e-18)
(0.819618 0.145667 -3.15549e-19)
(0.743324 0.126729 3.13237e-19)
(0.658087 0.106111 0)
(0.569157 0.0852834 3.13294e-19)
(0.47934 0.0662429 0)
(0.393492 0.0502678 2.65529e-18)
(0.3141 0.0363411 -3.51448e-19)
(0.247074 0.0242754 0)
(0.192397 0.0147263 -1.90017e-18)
(0.147776 0.0079248 0)
(0.110713 0.00341098 0)
(0.0798805 0.000824086 0)
(0.0539897 -0.000615407 0)
(0.0324752 -0.00158291 -2.21764e-19)
(0.0157015 -0.0020266 0)
(0.00281407 -0.00138693 0)
(-0.00264115 0.000684682 1.15633e-19)
(-0.00512724 0.0021036 0)
(-0.00517626 0.00309043 0)
(-0.00384768 0.00364924 0)
(-0.00159157 0.0039016 -5.87676e-20)
(0.000999167 0.00396858 0)
(0.0044639 0.00377135 -2.68024e-19)
(0.00749851 0.00426224 0)
(0.0111611 0.00512576 3.01259e-20)
(0.015571 0.00568238 1.51405e-19)
(0.0208933 0.00566114 3.03989e-20)
(0.0273066 0.00532209 -6.10004e-20)
(0.0348865 0.00479373 -4.89303e-19)
(0.0438032 0.00405863 -4.89868e-19)
(0.0542763 0.00308401 4.89718e-19)
(0.0665035 0.00184981 -1.22148e-19)
(0.0806749 0.000330081 -9.73339e-19)
(0.0969973 -0.00152558 9.67205e-19)
(0.115452 -0.00377276 -1.19953e-19)
(0.136251 -0.00650068 0)
(0.158869 -0.00977591 -9.4075e-19)
(0.183452 -0.0135516 0)
(0.210077 -0.0176781 9.20425e-19)
(0.23876 -0.0218208 0)
(0.269722 -0.0258619 8.98003e-19)
(0.303288 -0.0297798 0)
(0.339818 -0.0337928 -2.12165e-19)
(0.379533 -0.0384206 -8.05552e-19)
(0.422308 -0.0444029 -7.46968e-19)
(0.467547 -0.0524935 1.73473e-19)
(0.514177 -0.0632244 0)
(0.560781 -0.0768834 5.42862e-19)
(0.605932 -0.0929269 -1.37122e-19)
(0.648765 -0.110352 0)
(0.688874 -0.127792 1.37047e-19)
(0.726136 -0.143986 -5.34555e-19)
(0.760485 -0.158081 -5.90639e-19)
(0.791748 -0.169508 0)
(0.819717 -0.177827 1.48104e-18)
(0.844328 -0.182718 0)
(0.865762 -0.184045 1.83656e-18)
(0.884442 -0.181893 2.01437e-18)
(0.900981 -0.176555 2.17869e-18)
(0.916127 -0.168494 2.71115e-19)
(0.930695 -0.158308 0)
(0.945503 -0.146673 0)
(0.961336 -0.134305 0)
(0.978804 -0.121937 -2.69752e-19)
(0.99865 -0.110292 0)
(1.0205 -0.100171 -1.67487e-18)
(1.04685 -0.0922205 1.64932e-18)
(1.06885 -0.0876625 1.03972e-19)
(1.11246 -0.0864319 4.50827e-20)
(0.974194 0.218514 -1.23279e-18)
(0.970935 0.206364 1.19319e-18)
(0.965119 0.198172 -2.82123e-19)
(0.961139 0.194112 0)
(0.962197 0.191942 0)
(0.96826 0.190544 0)
(0.977772 0.189885 0)
(0.988502 0.189481 1.25283e-18)
(0.997432 0.188308 0)
(1.00093 0.185358 -1.12008e-18)
(0.995773 0.179955 -1.39627e-18)
(0.979839 0.171905 3.2014e-19)
(0.952675 0.161434 9.6718e-19)
(0.914336 0.148646 0)
(0.865647 0.133742 -1.47611e-18)
(0.80825 0.117845 0)
(0.746069 0.102471 -1.18005e-18)
(0.683644 0.0879748 2.95149e-19)
(0.622836 0.0743863 -1.23461e-18)
(0.565748 0.062113 -9.50723e-19)
(0.513196 0.051354 0)
(0.465534 0.0420958 0)
(0.422937 0.0342197 -6.834e-19)
(0.38536 0.0276183 0)
(0.352666 0.0221571 -5.42614e-19)
(0.324647 0.0176579 0)
(0.300898 0.0138537 0)
(0.281195 0.0104783 -9.56279e-20)
(0.265392 0.00756601 0)
(0.253151 0.00512003 0)
(0.244118 0.00307145 0)
(0.238012 0.00134143 5.0548e-20)
(0.234517 -0.000143156 2.04905e-19)
(0.233676 -0.00137181 1.2911e-19)
(0.23526 -0.00280085 0)
(0.239363 -0.00439726 0)
(0.24594 -0.00603811 -2.59747e-20)
(0.254862 -0.00775792 -1.30106e-19)
(0.26608 -0.00965102 5.16913e-20)
(0.27951 -0.0117865 0)
(0.295063 -0.0142093 0)
(0.312658 -0.0169528 -2.04006e-19)
(0.332217 -0.0200444 1.00443e-19)
(0.353655 -0.0235156 -4.00788e-19)
(0.376868 -0.0274069 3.96713e-19)
(0.401705 -0.0317617 9.70995e-20)
(0.427969 -0.036594 0)
(0.455429 -0.0417859 3.85084e-19)
(0.483919 -0.0472093 0)
(0.513302 -0.0527185 0)
(0.543482 -0.0581544 0)
(0.574459 -0.0634236 0)
(0.606315 -0.0685647 0)
(0.639139 -0.0738105 1.78243e-19)
(0.672924 -0.079598 0)
(0.707458 -0.0864912 6.69677e-19)
(0.742245 -0.0950303 -1.52485e-19)
(0.776515 -0.10554 0)
(0.809325 -0.117951 5.79685e-19)
(0.83975 -0.131662 1.2763e-19)
(0.867065 -0.14576 5.66703e-19)
(0.890812 -0.159247 -1.32321e-19)
(0.9108 -0.171244 0)
(0.927063 -0.181106 -6.62767e-19)
(0.93979 -0.188412 0)
(0.949298 -0.192895 0)
(0.95606 -0.194437 -8.54665e-19)
(0.960712 -0.193082 0)
(0.96402 -0.189033 0)
(0.966819 -0.182636 -1.06493e-18)
(0.969945 -0.17434 -2.95932e-19)
(0.974184 -0.164666 0)
(0.980223 -0.154169 0)
(0.988651 -0.143419 0)
(0.999851 -0.132981 3.01398e-19)
(1.0143 -0.123404 -1.03035e-18)
(1.03145 -0.115266 -2.40091e-19)
(1.05338 -0.109039 -1.88497e-19)
(1.07193 -0.105441 -1.17756e-19)
(1.11033 -0.104586 -2.40623e-19)
(0.974501 0.21901 4.35616e-18)
(0.973757 0.208036 -4.18281e-18)
(0.971714 0.200425 0)
(0.969159 0.196211 -2.53775e-18)
(0.967053 0.192937 0)
(0.966166 0.189312 -2.23768e-18)
(0.967419 0.185818 0)
(0.971669 0.183008 2.97988e-18)
(0.978978 0.18073 -3.69994e-18)
(0.988283 0.178484 1.68942e-18)
(0.99769 0.175773 1.57944e-18)
(1.00497 0.172151 0)
(1.00811 0.167266 -4.27237e-18)
(1.00544 0.1607 -2.72122e-18)
(0.995587 0.15211 3.82488e-18)
(0.977795 0.141797 0)
(0.953045 0.130626 1.17158e-18)
(0.923753 0.119347 0)
(0.891693 0.108147 1.16807e-18)
(0.858157 0.0970053 1.16778e-18)
(0.824182 0.086132 0)
(0.790759 0.075805 0)
(0.758769 0.0662289 -6.39537e-19)
(0.728884 0.0575094 0)
(0.701549 0.0496294 6.21107e-19)
(0.676999 0.0425035 0)
(0.655354 0.0360362 0)
(0.636646 0.0301398 0)
(0.620905 0.0247243 0)
(0.608068 0.019706 0)
(0.598055 0.0150074 0)
(0.590797 0.0105605 0)
(0.586215 0.00629589 1.77075e-19)
(0.584186 0.0021511 -8.59294e-20)
(0.584483 -0.00201807 4.40004e-20)
(0.587213 -0.00624497 0)
(0.592283 -0.0105123 0)
(0.599498 -0.0148329 8.62308e-20)
(0.60871 -0.0192537 -3.51976e-19)
(0.619782 -0.0238147 3.5147e-19)
(0.632566 -0.0285411 0)
(0.646902 -0.03345 8.71262e-19)
(0.66262 -0.0385543 -6.98947e-19)
(0.679544 -0.0438643 -3.57745e-19)
(0.697484 -0.049387 -3.38977e-19)
(0.716232 -0.0551177 0)
(0.735564 -0.0610222 0)
(0.755256 -0.0670192 -1.0351e-18)
(0.775119 -0.0730151 0)
(0.795006 -0.078916 0)
(0.814828 -0.0846411 0)
(0.834558 -0.0901663 7.04724e-19)
(0.854221 -0.0955721 1.40706e-18)
(0.873834 -0.101066 0)
(0.893347 -0.106965 0)
(0.912565 -0.11363 -6.48457e-19)
(0.931117 -0.121365 0)
(0.948462 -0.130287 1.29215e-18)
(0.963959 -0.140252 6.85931e-19)
(0.976995 -0.150831 0)
(0.987115 -0.161401 6.99487e-19)
(0.994115 -0.171283 1.33462e-18)
(0.998066 -0.179847 1.40646e-18)
(0.999275 -0.186607 7.14588e-19)
(0.998212 -0.191252 -1.61736e-18)
(0.995455 -0.193627 1.74831e-18)
(0.991655 -0.19371 2.83585e-18)
(0.98752 -0.191595 0)
(0.98377 -0.18749 0)
(0.981097 -0.181687 1.19665e-18)
(0.980117 -0.174546 0)
(0.981355 -0.166468 2.5011e-18)
(0.985226 -0.157881 2.53346e-18)
(0.992061 -0.149223 0)
(1.00202 -0.140936 2.40282e-18)
(1.0154 -0.133447 -1.04117e-18)
(1.03155 -0.127193 0)
(1.05238 -0.122517 0)
(1.07003 -0.119863 0)
(1.10691 -0.119425 -1.93029e-19)
(0.974733 0.218938 -3.35568e-18)
(0.975458 0.208201 3.21235e-18)
(0.976056 0.201058 -6.2388e-18)
(0.975936 0.197366 2.8702e-18)
(0.974875 0.19446 0)
(0.9732 0.190786 2.53074e-18)
(0.971487 0.186584 -4.84453e-18)
(0.970473 0.182339 -4.49159e-18)
(0.970994 0.17813 -7.92479e-20)
(0.973704 0.17395 0)
(0.978806 0.169868 0)
(0.985964 0.165856 3.59768e-18)
(0.994363 0.161685 3.29283e-18)
(1.00284 0.15694 -3.27859e-18)
(1.00995 0.151228 -8.90085e-18)
(1.01427 0.144451 0)
(1.01489 0.136908 0)
(1.01186 0.128902 0)
(1.00564 0.120422 0)
(0.996716 0.11145 0)
(0.985583 0.102194 0)
(0.972869 0.0929297 0)
(0.959259 0.0838689 1.24053e-18)
(0.945384 0.0751261 -2.58741e-18)
(0.931767 0.0667353 0)
(0.918816 0.0586964 0)
(0.906849 0.0510014 0)
(0.896108 0.0436209 0)
(0.886758 0.0364957 0)
(0.878898 0.0295834 -6.62456e-19)
(0.872592 0.0228572 0)
(0.867877 0.0162889 0)
(0.864757 0.00984366 1.26026e-20)
(0.863177 0.00345816 0)
(0.863044 -0.00273659 -4.10464e-20)
(0.864309 -0.00880179 0)
(0.866886 -0.0148241 1.70763e-19)
(0.870646 -0.0208352 0)
(0.875474 -0.0268508 6.72463e-19)
(0.881256 -0.0328854 -3.3054e-19)
(0.887871 -0.0389482 -6.88708e-19)
(0.895188 -0.0450422 -6.64861e-19)
(0.903067 -0.0511655 6.67419e-19)
(0.911369 -0.0573131 6.70499e-19)
(0.919948 -0.063476 1.4023e-18)
(0.928655 -0.0696361 1.41159e-18)
(0.937344 -0.0757593 0)
(0.94588 -0.0817904 -7.44572e-19)
(0.954164 -0.0876645 0)
(0.96214 -0.0933239 0)
(0.969797 -0.0987347 -1.48109e-18)
(0.977166 -0.103912 -7.23525e-19)
(0.984304 -0.108948 4.7874e-20)
(0.991249 -0.114015 0)
(0.997975 -0.119348 0)
(1.00435 -0.125199 0)
(1.01013 -0.131764 1.49172e-18)
(1.01495 -0.139112 -1.39775e-18)
(1.0184 -0.147129 -1.38758e-18)
(1.02014 -0.155513 0)
(1.01996 -0.163817 -1.42739e-18)
(1.01786 -0.171537 9.48806e-20)
(1.01406 -0.178207 -1.57658e-18)
(1.00894 -0.183469 1.75817e-18)
(1.00299 -0.187095 -4.72126e-20)
(0.996747 -0.18898 -1.981e-18)
(0.990756 -0.189111 -2.14508e-18)
(0.985553 -0.187557 0)
(0.981631 -0.184462 0)
(0.979426 -0.180034 0)
(0.979301 -0.174534 0)
(0.981547 -0.16827 -2.83836e-18)
(0.986389 -0.161584 -2.87327e-18)
(0.994014 -0.154837 0)
(1.0045 -0.148407 -2.72292e-18)
(1.01808 -0.142656 4.90777e-18)
(1.03416 -0.137939 0)
(1.0546 -0.134498 0)
(1.07188 -0.13265 0)
(1.10774 -0.132423 9.13224e-19)
(0.975035 0.218502 8.34272e-18)
(0.977127 0.207476 0)
(0.979623 0.200809 1.42796e-17)
(0.980942 0.19772 0)
(0.980747 0.195178 6.21562e-18)
(0.979838 0.19182 0)
(0.978655 0.187904 5.4746e-18)
(0.977181 0.183662 0)
(0.975604 0.178993 -5.03811e-18)
(0.974439 0.173897 0)
(0.97427 0.168549 8.88358e-18)
(0.975577 0.163112 -4.11236e-18)
(0.978659 0.157621 0)
(0.983537 0.151978 7.30982e-18)
(0.989866 0.146033 -1.87029e-19)
(0.996991 0.139703 -6.68392e-18)
(1.00405 0.133126 6.47802e-18)
(1.01036 0.12639 0)
(1.01554 0.119354 0)
(1.01936 0.111922 6.08823e-18)
(1.02166 0.104163 0)
(1.02251 0.0962155 -2.96185e-18)
(1.02211 0.0881974 0)
(1.02073 0.080184 2.80536e-18)
(1.01865 0.0722193 0)
(1.01612 0.0643312 2.89726e-18)
(1.01338 0.0565359 0)
(1.01063 0.0488325 0)
(1.008 0.0412108 1.44767e-18)
(1.00562 0.0336717 6.95814e-19)
(1.00357 0.0262231 0)
(1.00193 0.0188686 0)
(1.00072 0.0116096 -1.08769e-18)
(0.999972 0.0044465 0)
(0.999642 -0.00252932 0)
(0.999703 -0.00937477 0)
(1.00014 -0.0161533 -1.78044e-19)
(1.00091 -0.022877 0)
(1.00196 -0.0295394 -1.10541e-18)
(1.00323 -0.0361378 -7.50453e-19)
(1.00466 -0.0426703 7.24498e-19)
(1.0062 -0.0491318 0)
(1.00777 -0.0555149 0)
(1.00932 -0.0618103 1.54369e-18)
(1.01079 -0.0680068 -1.49843e-18)
(1.01211 -0.0740887 -1.51526e-18)
(1.01325 -0.0800312 0)
(1.01416 -0.0858004 -5.79797e-20)
(1.01484 -0.0913593 1.63533e-18)
(1.01532 -0.0966823 0)
(1.01566 -0.101769 1.62772e-18)
(1.01592 -0.106658 1.70259e-18)
(1.0162 -0.111441 -1.66856e-18)
(1.01654 -0.116263 0)
(1.01696 -0.121306 0)
(1.01736 -0.126755 0)
(1.01758 -0.132746 -1.67911e-18)
(1.01739 -0.139319 0)
(1.01652 -0.146384 0)
(1.01478 -0.153714 0)
(1.01205 -0.16098 3.65977e-18)
(1.0084 -0.167808 -1.80346e-18)
(1.00399 -0.173846 0)
(0.999153 -0.17881 -2.00527e-18)
(0.994234 -0.1825 -2.22766e-18)
(0.98962 -0.184798 4.62372e-18)
(0.985678 -0.185657 -4.89942e-18)
(0.982748 -0.185095 -5.18097e-18)
(0.98113 -0.183193 0)
(0.981082 -0.180097 -5.70283e-18)
(0.982825 -0.176012 0)
(0.986545 -0.171198 0)
(0.992406 -0.16596 0)
(1.00058 -0.160633 5.99065e-18)
(1.01116 -0.155568 -5.73629e-18)
(1.02446 -0.151098 -7.99749e-18)
(1.03995 -0.147524 0)
(1.05951 -0.145013 3.60637e-18)
(1.07605 -0.143774 0)
(1.11036 -0.143618 -1.50349e-18)
(0.975434 0.21769 -9.4632e-18)
(0.979143 0.20609 -9.21159e-18)
(0.983423 0.200245 -1.64462e-17)
(0.98558 0.197996 0)
(0.985486 0.195678 -1.41328e-17)
(0.984786 0.192413 -6.7327e-18)
(0.9842 0.188726 0)
(0.983452 0.184719 1.19994e-17)
(0.982353 0.180193 1.12015e-17)
(0.981033 0.175095 0)
(0.979702 0.169516 -1.00468e-17)
(0.978603 0.163553 0)
(0.97805 0.15727 0)
(0.978376 0.150691 8.71139e-18)
(0.979804 0.14382 8.07411e-18)
(0.982396 0.13669 -1.82318e-19)
(0.986006 0.129512 1.84344e-19)
(0.990362 0.12244 0)
(0.995174 0.115376 0)
(1.0001 0.108199 -6.97623e-18)
(1.00479 0.100887 -7.06703e-18)
(1.00904 0.0934788 1.03576e-17)
(1.01274 0.0860184 3.4522e-18)
(1.01588 0.0785365 3.42395e-18)
(1.01848 0.0710505 0)
(1.02058 0.0635701 -3.27278e-18)
(1.02225 0.0560999 0)
(1.02353 0.0486406 0)
(1.02448 0.041193 -3.30657e-18)
(1.02514 0.0337646 0)
(1.02555 0.0263687 0)
(1.02573 0.0190198 0)
(1.02572 0.0117339 8.20469e-19)
(1.02555 0.00454264 -4.27799e-19)
(1.02528 -0.00253739 2.13757e-19)
(1.02489 -0.00950882 0)
(1.02443 -0.0163875 0)
(1.02389 -0.023177 0)
(1.02328 -0.0298717 8.34015e-19)
(1.02259 -0.0364674 8.38866e-19)
(1.02179 -0.0429611 -1.75027e-18)
(1.0209 -0.0493486 0)
(1.0199 -0.0556241 0)
(1.01879 -0.0617813 -3.53192e-18)
(1.01756 -0.0678127 -1.81509e-18)
(1.01623 -0.0737083 0)
(1.0148 -0.0794537 0)
(1.01329 -0.0850305 1.82623e-18)
(1.01173 -0.0904212 5.63305e-20)
(1.01019 -0.0956193 0)
(1.00873 -0.100639 0)
(1.00744 -0.105523 -1.93658e-18)
(1.00638 -0.110354 0)
(1.0056 -0.115249 0)
(1.0051 -0.120347 0)
(1.00481 -0.125785 0)
(1.0046 -0.131663 0)
(1.0043 -0.138006 -4.16145e-18)
(1.00373 -0.144744 0)
(1.00272 -0.151704 0)
(1.00119 -0.158634 1.67068e-19)
(0.99917 -0.165237 0)
(0.996776 -0.171219 0)
(0.994204 -0.176323 0)
(0.99169 -0.180348 9.99427e-18)
(0.989483 -0.183158 -5.23802e-18)
(0.987818 -0.184675 5.54259e-18)
(0.986911 -0.184883 1.4633e-20)
(0.986959 -0.183831 0)
(0.988141 -0.181634 6.43339e-18)
(0.99063 -0.178473 -6.55139e-18)
(0.994604 -0.174592 0)
(1.00025 -0.170289 0)
(1.00779 -0.165895 -1.45731e-19)
(1.0174 -0.161756 6.48529e-18)
(1.02946 -0.158194 5.97602e-18)
(1.0436 -0.155462 0)
(1.06173 -0.153685 -4.09363e-18)
(1.07713 -0.15289 0)
(1.10961 -0.152812 1.13321e-18)
(0.975986 0.216474 0)
(0.981692 0.204215 2.12198e-17)
(0.987769 0.199647 1.88265e-17)
(0.990441 0.198411 0)
(0.990122 0.196236 8.03164e-18)
(0.989271 0.192974 -7.77215e-18)
(0.988772 0.189389 0)
(0.988281 0.185463 -1.35682e-17)
(0.987611 0.180999 0)
(0.986852 0.175995 0)
(0.98604 0.170512 0)
(0.985145 0.164577 0)
(0.984206 0.1582 0)
(0.983343 0.151386 1.82805e-19)
(0.982702 0.144142 -9.53099e-18)
(0.982426 0.13652 -1.82177e-19)
(0.98266 0.128776 1.83589e-19)
(0.9835 0.121146 0)
(0.984945 0.113609 0)
(0.986875 0.106092 0)
(0.989103 0.0985723 -2.02549e-19)
(0.991463 0.0910736 2.06468e-19)
(0.993842 0.0836207 -3.95325e-18)
(0.996166 0.0762238 -3.92207e-18)
(0.998381 0.0688797 0)
(1.00044 0.0615793 -3.98652e-18)
(1.00231 0.0543132 3.97398e-18)
(1.00397 0.0470732 0)
(1.00538 0.0398541 1.92566e-18)
(1.00654 0.0326569 1.98382e-18)
(1.00744 0.0254902 0)
(1.00807 0.0183681 0)
(1.00845 0.0113045 1.00247e-18)
(1.00859 0.00433664 -1.48557e-20)
(1.00855 -0.00256923 -4.94913e-19)
(1.00835 -0.00938504 0)
(1.008 -0.0161046 0)
(1.00754 -0.0227348 -1.01145e-18)
(1.00698 -0.0292769 0)
(1.00631 -0.0357284 -1.02145e-18)
(1.00555 -0.0420863 -5.90189e-20)
(1.00471 -0.0483475 0)
(1.0038 -0.0545078 2.08887e-18)
(1.00285 -0.0605625 4.15814e-18)
(1.00186 -0.0665061 2.07162e-18)
(1.00085 -0.0723317 0)
(0.999838 -0.0780297 -4.35685e-18)
(0.998858 -0.0835892 0)
(0.997943 -0.0890014 -2.17851e-18)
(0.99714 -0.0942667 0)
(0.996507 -0.0994023 0)
(0.996098 -0.104449 0)
(0.995963 -0.109476 0)
(0.996126 -0.114577 0)
(0.996574 -0.119863 -4.77576e-18)
(0.997247 -0.125441 4.80769e-18)
(0.998038 -0.131386 0)
(0.998807 -0.137717 4.72242e-18)
(0.999401 -0.144374 -4.91479e-18)
(0.99969 -0.151217 0)
(0.999594 -0.158035 -4.91237e-18)
(0.999103 -0.164574 0)
(0.998273 -0.17057 0)
(0.997216 -0.175782 0)
(0.996074 -0.180007 -5.68818e-18)
(0.994997 -0.183097 6.03018e-18)
(0.994136 -0.184957 -6.29982e-18)
(0.993639 -0.185552 1.31578e-17)
(0.993658 -0.184915 -6.84881e-18)
(0.994362 -0.183152 0)
(0.995943 -0.180444 7.39786e-18)
(0.998632 -0.177042 -7.44921e-18)
(1.00269 -0.173252 0)
(1.00844 -0.16942 -1.16921e-19)
(1.01615 -0.165893 -7.10624e-18)
(1.02631 -0.162994 0)
(1.03866 -0.160926 0)
(1.05517 -0.159815 -4.56852e-18)
(1.06938 -0.159373 0)
(1.10047 -0.15956 -1.28542e-18)
(0.976761 0.214804 0)
(0.984936 0.20201 -1.22253e-17)
(0.992771 0.199204 -1.07063e-17)
(0.995649 0.198991 0)
(0.994983 0.196871 1.84311e-17)
(0.993957 0.193635 1.74048e-17)
(0.993389 0.19014 0)
(0.992829 0.186205 1.56691e-17)
(0.992161 0.181685 -1.48795e-17)
(0.99156 0.176662 0)
(0.991075 0.171202 0)
(0.990636 0.165313 0)
(0.990183 0.158988 0)
(0.989696 0.15221 -1.1325e-17)
(0.989165 0.144966 -1.11292e-17)
(0.988598 0.137281 1.02298e-17)
(0.988069 0.12939 -3.02821e-17)
(0.9877 0.12154 0)
(0.987572 0.113753 0)
(0.98769 0.10599 9.70416e-18)
(0.988003 0.0982519 1.89793e-17)
(0.988459 0.0905695 -9.29282e-18)
(0.989025 0.0829722 0)
(0.989683 0.0754708 0)
(0.990409 0.0680613 -4.66002e-18)
(0.991176 0.0607332 9.18056e-18)
(0.991955 0.0534748 -9.15781e-18)
(0.992715 0.0462752 0)
(0.993429 0.0391255 0)
(0.99407 0.032022 -2.26079e-18)
(0.994618 0.0249685 0)
(0.99506 0.0179724 2.33114e-18)
(0.995387 0.0110471 -1.14237e-18)
(0.995623 0.00419011 -1.44934e-20)
(0.995776 -0.00260964 -7.26823e-21)
(0.995849 -0.0093284 0)
(0.995857 -0.0159592 0)
(0.995815 -0.0225095 -2.90124e-20)
(0.995728 -0.0289823 1.1836e-18)
(0.995602 -0.0353751 3.54011e-18)
(0.995444 -0.0416847 4.7299e-18)
(0.995264 -0.0479085 2.41069e-18)
(0.99507 -0.0540433 -2.37186e-18)
(0.994874 -0.0600854 -2.39311e-18)
(0.994685 -0.0660302 2.4739e-18)
(0.994517 -0.071872 0)
(0.994384 -0.077604 4.93957e-18)
(0.994306 -0.0832187 -5.11077e-18)
(0.994311 -0.0887113 0)
(0.99443 -0.0940852 0)
(0.994704 -0.0993579 0)
(0.995168 -0.104566 0)
(0.995853 -0.109769 0)
(0.996767 -0.115046 0)
(0.997891 -0.120487 5.39282e-18)
(0.999167 -0.126177 -1.09808e-17)
(1.0005 -0.132176 -5.59425e-18)
(1.00177 -0.138494 5.63834e-18)
(1.00283 -0.145078 5.54181e-18)
(1.00356 -0.151801 -5.76816e-18)
(1.00387 -0.158477 5.86895e-18)
(1.0037 -0.164874 0)
(1.00305 -0.170747 6.16873e-18)
(1.00196 -0.17586 -6.37063e-18)
(1.00049 -0.180011 0)
(0.998724 -0.183041 -1.36672e-17)
(0.996774 -0.184851 7.11203e-18)
(0.994775 -0.185405 -1.4874e-17)
(0.992905 -0.184742 7.75434e-18)
(0.99139 -0.182985 0)
(0.990515 -0.180333 8.23564e-18)
(0.99062 -0.177062 8.48788e-18)
(0.992085 -0.1735 -8.46084e-18)
(0.995339 -0.170007 -8.46083e-18)
(1.00075 -0.166934 8.1488e-18)
(1.00891 -0.164605 0)
(1.01958 -0.163163 0)
(1.03489 -0.162786 5.25846e-18)
(1.04829 -0.16271 0)
(1.07928 -0.163526 1.48322e-18)
(0.977833 0.212617 1.62104e-17)
(0.988995 0.19965 0)
(0.998472 0.199058 -2.41023e-17)
(1.00125 0.199733 2.18361e-17)
(1.00018 0.19759 -2.08232e-17)
(0.99903 0.194434 1.9972e-17)
(0.998399 0.191033 0)
(0.997724 0.187058 1.60212e-19)
(0.996946 0.182455 1.67989e-17)
(0.996278 0.177367 0)
(0.995792 0.171857 0)
(0.995442 0.165931 0)
(0.995188 0.159586 2.7716e-17)
(0.995003 0.152813 0)
(0.994848 0.145595 2.46983e-17)
(0.994672 0.13794 0)
(0.994464 0.130056 4.61953e-17)
(0.994268 0.122182 0)
(0.994123 0.114345 0)
(0.994032 0.10652 -2.20883e-17)
(0.993975 0.0987124 -1.0818e-17)
(0.993935 0.0909552 0)
(0.993916 0.0832784 0)
(0.993935 0.0756966 0)
(0.994002 0.0682105 5.26183e-18)
(0.994119 0.0608141 -5.2447e-18)
(0.994284 0.0534992 -1.07977e-19)
(0.994486 0.0462569 0)
(0.994715 0.0390786 5.34056e-18)
(0.994956 0.0319604 0)
(0.995199 0.0249038 0)
(0.995434 0.0179126 -2.63493e-18)
(0.995656 0.0109939 1.35036e-18)
(0.99586 0.00413994 -1.44086e-20)
(0.996049 -0.00264858 3.29973e-19)
(0.996219 -0.00935897 0)
(0.996376 -0.0159865 0)
(0.996526 -0.0225361 1.32874e-18)
(0.996675 -0.0290105 -1.33432e-18)
(0.996822 -0.0354085 -2.68235e-18)
(0.996972 -0.0417277 -2.69857e-18)
(0.997128 -0.0479663 -2.71722e-18)
(0.997295 -0.0541221 0)
(0.997479 -0.0601921 0)
(0.997685 -0.0661723 -2.78741e-18)
(0.997922 -0.0720579 -5.74501e-18)
(0.998198 -0.0778433 0)
(0.998525 -0.083523 1.16237e-17)
(0.99892 -0.0890941 0)
(0.999401 -0.094561 0)
(0.999993 -0.09994 -6.07282e-18)
(1.00071 -0.105264 6.14105e-18)
(1.00157 -0.110582 6.20647e-18)
(1.00255 -0.115962 0)
(1.00363 -0.121477 6.32471e-18)
(1.00473 -0.127196 1.26287e-17)
(1.00575 -0.133162 -1.35793e-19)
(1.00657 -0.139377 -6.34756e-18)
(1.00703 -0.145785 0)
(1.00699 -0.152265 6.49927e-18)
(1.00633 -0.158638 1.5019e-19)
(1.00494 -0.164686 0)
(1.00276 -0.170171 -1.40669e-17)
(0.999796 -0.174865 -1.13875e-19)
(0.996066 -0.178569 0)
(0.991654 -0.181137 7.79293e-18)
(0.986702 -0.182481 0)
(0.981417 -0.182592 8.48463e-18)
(0.976082 -0.18154 -8.82622e-18)
(0.971055 -0.17948 -9.14065e-18)
(0.966761 -0.176649 -9.47239e-18)
(0.963677 -0.173348 9.62042e-18)
(0.962299 -0.169923 9.78144e-18)
(0.963145 -0.166743 0)
(0.966636 -0.164146 0)
(0.973394 -0.162453 0)
(0.98317 -0.16173 0)
(0.998277 -0.162267 0)
(1.01172 -0.16267 0)
(1.04452 -0.164594 0)
(0.979275 0.209853 1.9884e-17)
(0.993932 0.197332 0)
(1.00486 0.199293 2.72538e-17)
(1.00729 0.200615 -2.19075e-20)
(1.00581 0.198412 0)
(1.00459 0.195393 -4.51649e-17)
(1.00391 0.192068 0)
(1.00315 0.188034 -2.01167e-17)
(1.00229 0.183353 1.93067e-17)
(1.00156 0.178202 -1.83753e-17)
(1.001 0.17263 3.49536e-17)
(1.0006 0.166637 -3.32445e-17)
(1.00031 0.16023 -3.12516e-17)
(1.00015 0.153407 0)
(1.00008 0.146158 2.8646e-17)
(1.00007 0.138485 0)
(1.0001 0.130587 -5.28777e-17)
(1.00016 0.122697 2.6208e-17)
(1.00027 0.114844 0)
(1.0004 0.107005 1.25564e-17)
(1.00052 0.0991854 0)
(1.00062 0.0914107 0)
(1.00069 0.0837084 -1.24209e-17)
(1.00076 0.0760928 0)
(1.00082 0.0685663 0)
(1.0009 0.0611256 0)
(1.001 0.0537646 6.0146e-18)
(1.00112 0.0464768 0)
(1.00126 0.0392546 1.11112e-19)
(1.00141 0.0320953 6.13393e-18)
(1.00157 0.025001 0)
(1.00174 0.0179745 0)
(1.00191 0.0110147 -1.51433e-18)
(1.00208 0.00412964 7.56475e-19)
(1.00224 -0.00268381 0)
(1.00241 -0.00942175 3.86024e-19)
(1.00258 -0.0160803 7.73857e-19)
(1.00276 -0.0226617 0)
(1.00295 -0.0291683 0)
(1.00314 -0.0355999 3.13437e-18)
(1.00335 -0.0419545 0)
(1.00357 -0.0482302 -3.17396e-18)
(1.00379 -0.0544246 3.19768e-18)
(1.00402 -0.0605345 0)
(1.00426 -0.0665555 0)
(1.0045 -0.0724825 -1.14779e-19)
(1.00475 -0.0783095 0)
(1.00499 -0.0840306 -6.59305e-18)
(1.00523 -0.0896424 6.78175e-18)
(1.00548 -0.0951478 0)
(1.00572 -0.100559 6.82739e-18)
(1.00595 -0.105904 1.12473e-19)
(1.00617 -0.111223 -6.98304e-18)
(1.00633 -0.11657 0)
(1.00638 -0.122005 -7.12448e-18)
(1.00623 -0.127579 -7.1906e-18)
(1.00577 -0.133323 1.465e-17)
(1.00484 -0.139225 0)
(1.00329 -0.145224 7.56675e-18)
(1.00093 -0.151198 7.68136e-18)
(0.997633 -0.156975 1.45356e-19)
(0.993264 -0.162344 0)
(0.987763 -0.167083 2.45205e-17)
(0.981126 -0.170981 8.36065e-18)
(0.973428 -0.173864 -1.75329e-17)
(0.964825 -0.175617 0)
(0.955569 -0.17619 -1.89212e-17)
(0.946002 -0.175616 -1.96883e-17)
(0.936561 -0.174011 1.02404e-17)
(0.927756 -0.171569 1.06381e-17)
(0.920145 -0.168555 -2.18977e-17)
(0.914312 -0.165289 1.11568e-17)
(0.910819 -0.162118 0)
(0.910212 -0.159399 0)
(0.912896 -0.157443 2.18312e-17)
(0.919482 -0.156561 0)
(0.929616 -0.15673 0)
(0.945853 -0.15841 0)
(0.960395 -0.159463 0)
(0.997104 -0.162973 0)
(0.981152 0.206468 -4.34366e-17)
(0.999746 0.195256 -3.77016e-17)
(1.01186 0.199924 -2.99938e-17)
(1.01376 0.201604 -5.62871e-21)
(1.01195 0.199368 0)
(1.01072 0.196531 2.54698e-17)
(1.01001 0.193247 0)
(1.0092 0.189139 0)
(1.00831 0.184389 -2.17122e-17)
(1.00756 0.179184 2.06681e-17)
(1.00697 0.173552 -7.90143e-17)
(1.00653 0.167494 3.74057e-17)
(1.0062 0.161021 3.5969e-17)
(1.00599 0.154136 3.42499e-17)
(1.00589 0.146829 3.77495e-19)
(1.00587 0.139105 0)
(1.00591 0.131158 6.03333e-17)
(1.00603 0.123221 -2.9505e-17)
(1.00621 0.115327 0)
(1.00644 0.107456 -2.91216e-17)
(1.00668 0.0996111 0)
(1.0069 0.0918145 -1.42859e-17)
(1.0071 0.0840891 1.39775e-17)
(1.00728 0.0764471 1.41111e-17)
(1.00745 0.0688909 1.40542e-17)
(1.00762 0.0614169 1.40149e-17)
(1.00779 0.0540205 0)
(1.00795 0.0466961 0)
(1.00812 0.0394364 -6.8854e-18)
(1.00828 0.03224 -6.89615e-18)
(1.00843 0.0251094 0)
(1.00858 0.0180466 0)
(1.00871 0.0110525 -1.75617e-18)
(1.00884 0.00413429 0)
(1.00896 -0.00271151 -4.39015e-19)
(1.00907 -0.0094831 -4.32464e-19)
(1.00916 -0.0161761 1.44675e-20)
(1.00924 -0.0227905 0)
(1.00929 -0.0293278 -3.55432e-18)
(1.00932 -0.0357869 5.80084e-20)
(1.00931 -0.042165 3.5946e-18)
(1.00926 -0.0484584 3.56135e-18)
(1.00913 -0.0546631 -3.58918e-18)
(1.00894 -0.0607737 0)
(1.00864 -0.0667837 0)
(1.00824 -0.0726856 7.38192e-18)
(1.0077 -0.0784708 0)
(1.00701 -0.084131 0)
(1.00616 -0.0896603 -1.53885e-17)
(1.00512 -0.0950581 0)
(1.00389 -0.100333 0)
(1.00243 -0.105506 -7.92903e-18)
(1.00073 -0.110609 0)
(0.998743 -0.115688 -8.24086e-18)
(0.996394 -0.120788 0)
(0.99359 -0.125948 0)
(0.990206 -0.131187 -1.6963e-17)
(0.986086 -0.136483 -1.73219e-17)
(0.981063 -0.141771 8.92983e-18)
(0.974969 -0.146931 -8.80487e-18)
(0.967662 -0.1518 -8.99213e-18)
(0.959046 -0.156187 0)
(0.949101 -0.159896 -3.82317e-17)
(0.937893 -0.162749 0)
(0.925592 -0.164614 4.09778e-17)
(0.912478 -0.165419 -2.13766e-17)
(0.898936 -0.165166 2.21681e-17)
(0.885453 -0.163932 2.31401e-17)
(0.872594 -0.161872 0)
(0.86098 -0.159209 -2.50497e-17)
(0.851249 -0.156222 2.59232e-17)
(0.844023 -0.153228 -2.65634e-17)
(0.839865 -0.150556 0)
(0.839291 -0.148536 0)
(0.842642 -0.14744 1.17028e-20)
(0.850481 -0.147566 0)
(0.862295 -0.148795 0)
(0.880943 -0.15181 0)
(0.897527 -0.153693 0)
(0.939962 -0.159168 0)
(0.983507 0.202468 0)
(1.00638 0.193566 1.98096e-19)
(1.01938 0.200873 3.37069e-17)
(1.02068 0.202652 -6.21892e-17)
(1.01864 0.200472 0)
(1.01744 0.197843 0)
(1.01675 0.194564 0)
(1.01591 0.190375 2.59234e-17)
(1.01503 0.185566 0)
(1.01427 0.180309 0)
(1.01368 0.174617 4.45326e-17)
(1.01321 0.168495 -4.2778e-17)
(1.01284 0.161957 3.79898e-19)
(1.01258 0.155007 -3.84555e-17)
(1.01241 0.147637 -3.66367e-17)
(1.01232 0.13985 0)
(1.0123 0.131839 3.80896e-19)
(1.01235 0.123838 0)
(1.01247 0.115884 0)
(1.01263 0.107961 -4.03132e-19)
(1.01281 0.100071 0)
(1.01297 0.0922339 1.60557e-17)
(1.01312 0.0844701 0)
(1.01324 0.0767906 -1.58589e-17)
(1.01334 0.0691966 2.14611e-19)
(1.01342 0.0616851 -1.57497e-17)
(1.01349 0.0542522 -7.97117e-18)
(1.01352 0.0468929 0)
(1.01352 0.0395994 0)
(1.01348 0.0323718 7.98849e-18)
(1.01341 0.0252127 0)
(1.0133 0.0181235 0)
(1.01313 0.011107 3.95868e-18)
(1.0129 0.00416916 0)
(1.01259 -0.00269039 9.90666e-19)
(1.0122 -0.00946884 0)
(1.0117 -0.0161606 -9.88655e-19)
(1.01108 -0.0227632 -2.01426e-18)
(1.01033 -0.0292752 3.9911e-18)
(1.00943 -0.0356933 -4.01502e-18)
(1.00834 -0.0420119 -4.04276e-18)
(1.00706 -0.0482244 0)
(1.00554 -0.0543234 0)
(1.00377 -0.0603006 0)
(1.00173 -0.0661465 8.49809e-18)
(0.99938 -0.0718509 0)
(0.996708 -0.0774032 0)
(0.993695 -0.0827933 0)
(0.990325 -0.0880139 -1.09831e-19)
(0.98659 -0.0930634 0)
(0.982481 -0.0979487 -9.16774e-18)
(0.977985 -0.102687 -9.29966e-18)
(0.973086 -0.107309 -9.43469e-18)
(0.967745 -0.111849 9.46127e-18)
(0.961904 -0.116348 0)
(0.955472 -0.120836 0)
(0.948328 -0.125321 9.88414e-18)
(0.940325 -0.129779 2.00854e-17)
(0.931306 -0.134143 -2.04428e-17)
(0.921124 -0.138303 0)
(0.909668 -0.142115 0)
(0.896894 -0.145412 0)
(0.882848 -0.148034 2.26292e-17)
(0.867684 -0.149847 -2.36188e-17)
(0.851669 -0.150763 -2.43506e-17)
(0.835191 -0.150757 2.53715e-17)
(0.818741 -0.149873 -2.65589e-17)
(0.802897 -0.148224 0)
(0.788298 -0.145989 2.8836e-17)
(0.775612 -0.143402 2.99512e-17)
(0.765492 -0.140736 3.09184e-17)
(0.75855 -0.13829 0)
(0.755311 -0.136367 0)
(0.756231 -0.13526 3.1783e-17)
(0.761571 -0.135198 5.77611e-20)
(0.77184 -0.136471 2.85726e-17)
(0.786345 -0.138857 0)
(0.808361 -0.143317 0)
(0.82759 -0.146166 0)
(0.876907 -0.153829 0)
(0.98634 0.197925 -6.18247e-17)
(1.01372 0.19242 5.31524e-19)
(1.02734 0.202081 -3.6512e-17)
(1.02804 0.203755 3.47616e-17)
(1.02583 0.201734 0)
(1.02461 0.199292 0)
(1.02378 0.195957 0)
(1.02275 0.19166 -2.89555e-17)
(1.02163 0.186764 0)
(1.02061 0.181421 0)
(1.01973 0.175635 5.06128e-17)
(1.01894 0.169417 -3.78602e-19)
(1.01825 0.162786 -4.5642e-17)
(1.01766 0.155746 0)
(1.01715 0.148292 0)
(1.0167 0.140423 0)
(1.01631 0.132333 -7.77462e-17)
(1.01598 0.124256 0)
(1.01571 0.116233 0)
(1.01547 0.108249 3.72072e-17)
(1.01522 0.100306 0)
(1.01493 0.0924227 0)
(1.0146 0.084618 0)
(1.0142 0.076902 -1.82807e-17)
(1.01374 0.0692761 -3.62213e-17)
(1.0132 0.0617379 1.81759e-17)
(1.01259 0.0542842 -9.18621e-18)
(1.01189 0.0469129 0)
(1.01108 0.0396101 9.08881e-18)
(1.01017 0.0323866 -8.9832e-18)
(1.00914 0.025244 0)
(1.00795 0.0181826 0)
(1.00658 0.0112079 -6.7756e-18)
(1.00501 0.00432729 -2.27044e-18)
(1.00322 -0.00245566 -1.13077e-18)
(1.0012 -0.00913593 0)
(0.998909 -0.015706 0)
(0.996342 -0.0221604 2.27782e-18)
(0.993473 -0.0284945 4.64111e-18)
(0.99028 -0.0347025 -4.67558e-18)
(0.986741 -0.0407764 4.71485e-18)
(0.982836 -0.0467074 0)
(0.978545 -0.0524865 0)
(0.973855 -0.0581042 0)
(0.968751 -0.0635507 -9.73447e-18)
(0.963225 -0.0688161 9.96963e-18)
(0.957276 -0.0738909 0)
(0.950905 -0.078767 0)
(0.944121 -0.0834397 -1.02049e-19)
(0.936938 -0.0879099 0)
(0.929371 -0.0921863 1.06509e-17)
(0.92143 -0.0962876 -9.91077e-20)
(0.913115 -0.100241 2.21295e-17)
(0.904402 -0.104082 0)
(0.895242 -0.107841 0)
(0.88555 -0.111545 0)
(0.875207 -0.115196 2.38039e-17)
(0.864074 -0.118768 0)
(0.852001 -0.122199 -2.4734e-17)
(0.838862 -0.125391 0)
(0.824574 -0.12822 -2.59104e-17)
(0.809137 -0.130552 0)
(0.792649 -0.13226 0)
(0.775325 -0.133252 2.82818e-17)
(0.757501 -0.133478 0)
(0.739624 -0.13295 0)
(0.72224 -0.131743 3.19404e-17)
(0.70597 -0.129991 0)
(0.69148 -0.127882 -6.94139e-17)
(0.679441 -0.125649 3.60026e-17)
(0.670499 -0.123551 -3.7114e-17)
(0.665233 -0.121862 3.79083e-17)
(0.664121 -0.120851 -3.82166e-17)
(0.667566 -0.120779 4.99943e-20)
(0.675745 -0.121829 9.47558e-20)
(0.689153 -0.124295 -3.30769e-17)
(0.706911 -0.127856 -2.86232e-17)
(0.732761 -0.133757 0)
(0.754772 -0.137627 1.40902e-17)
(0.811362 -0.147538 -6.92643e-18)
(0.989625 0.192955 6.52296e-17)
(1.02178 0.191897 8.5968e-19)
(1.03581 0.203482 6.20228e-19)
(1.03562 0.204915 -3.87407e-17)
(1.0326 0.203033 0)
(1.03029 0.200568 3.59479e-17)
(1.02802 0.196945 0)
(1.02539 0.192332 0)
(1.02262 0.18715 0)
(1.01995 0.181534 0)
(1.01745 0.175495 3.68103e-19)
(1.01514 0.169052 5.40249e-17)
(1.01301 0.162227 0)
(1.01105 0.155025 0)
(1.00923 0.147438 0)
(1.00751 0.139465 -4.52655e-17)
(1.0059 0.131293 -3.69075e-19)
(1.00439 0.123157 0)
(1.00295 0.115094 0)
(1.00154 0.10709 0)
(1.00009 0.0991447 -4.24657e-17)
(0.998567 0.0912747 -2.10894e-17)
(0.996931 0.0834967 0)
(0.995168 0.07582 2.06951e-17)
(0.993264 0.0682466 4.14843e-17)
(0.991207 0.0607744 -2.06107e-17)
(0.988982 0.0534028 -2.06965e-19)
(0.986568 0.0461205 0)
(0.983953 0.0389368 -2.07467e-17)
(0.981107 0.0318629 1.04181e-17)
(0.977992 0.0248909 0)
(0.974584 0.0180237 0)
(0.970864 0.0112702 5.16701e-18)
(0.966817 0.00463949 -2.60713e-20)
(0.962427 -0.00186252 6.50678e-19)
(0.95768 -0.00822929 0)
(0.952565 -0.0144524 -2.6598e-18)
(0.947071 -0.020525 0)
(0.94119 -0.0264416 5.07299e-20)
(0.934914 -0.032196 5.40711e-18)
(0.928238 -0.0377807 -5.46533e-18)
(0.92116 -0.0431878 -1.11579e-17)
(0.91368 -0.04841 0)
(0.905804 -0.0534401 -1.14494e-17)
(0.897542 -0.0582712 1.16134e-17)
(0.888908 -0.0628971 -1.16962e-17)
(0.879924 -0.0673125 0)
(0.870615 -0.0715144 -1.21782e-17)
(0.861013 -0.0755027 1.23008e-17)
(0.851152 -0.0792828 0)
(0.841064 -0.0828669 0)
(0.830772 -0.0862751 1.29943e-17)
(0.820284 -0.0895343 -1.32386e-17)
(0.809581 -0.0926749 0)
(0.798608 -0.0957253 0)
(0.787275 -0.0987036 0)
(0.775456 -0.101609 -5.72486e-17)
(0.763003 -0.104415 0)
(0.749768 -0.107063 2.97261e-17)
(0.735626 -0.109469 0)
(0.720509 -0.11153 3.12085e-17)
(0.704435 -0.113136 3.22736e-17)
(0.687531 -0.114193 0)
(0.670041 -0.11464 3.44545e-17)
(0.652332 -0.114459 3.57502e-17)
(0.634883 -0.11369 0)
(0.618267 -0.112426 -3.86831e-17)
(0.603124 -0.110814 0)
(0.590128 -0.109047 -2.57112e-20)
(0.579949 -0.107348 1.70626e-20)
(0.573213 -0.105958 0)
(0.570469 -0.105125 2.52301e-20)
(0.572152 -0.105084 4.52444e-17)
(0.578612 -0.106065 -4.43061e-17)
(0.589975 -0.108212 -4.17858e-17)
(0.606731 -0.111825 0)
(0.627778 -0.116482 3.24869e-17)
(0.657424 -0.123713 0)
(0.681902 -0.128565 -1.58265e-17)
(0.745398 -0.140614 7.72652e-18)
(0.993547 0.187731 0)
(1.03075 0.19195 4.79223e-17)
(1.04375 0.204766 4.09192e-17)
(1.03991 0.205563 -1.02122e-19)
(1.03195 0.203214 0)
(1.02391 0.199924 -7.97426e-17)
(1.01577 0.195283 0)
(1.00753 0.189741 7.30826e-17)
(0.999638 0.183769 0)
(0.992407 0.177496 0)
(0.98591 0.170933 3.43021e-19)
(0.980097 0.164095 0)
(0.974888 0.156993 -5.90768e-17)
(0.970194 0.149617 5.65296e-17)
(0.965904 0.141948 5.40834e-17)
(0.961897 0.133971 1.03154e-16)
(0.958154 0.12586 5.04282e-17)
(0.954668 0.117836 0)
(0.951353 0.109928 0)
(0.948106 0.102114 4.93446e-17)
(0.944828 0.09439 4.86616e-17)
(0.941445 0.0867659 2.42027e-17)
(0.937909 0.0792557 0)
(0.934191 0.0718675 0)
(0.930274 0.0646028 -2.40238e-17)
(0.926143 0.0574592 0)
(0.921782 0.050434 2.40543e-17)
(0.917173 0.043521 0)
(0.912285 0.0367569 2.41981e-17)
(0.907094 0.0301235 -1.20596e-17)
(0.901584 0.0236127 1.2172e-17)
(0.895741 0.0172338 0)
(0.889557 0.0109966 0)
(0.883027 0.00490947 3.05836e-18)
(0.876149 -0.001022 0)
(0.86892 -0.00679209 -7.80966e-19)
(0.861343 -0.0123938 3.12897e-18)
(0.853422 -0.0178217 0)
(0.845164 -0.023072 -6.38754e-18)
(0.836577 -0.0281405 0)
(0.82767 -0.0330226 6.58663e-18)
(0.818458 -0.0377136 1.32692e-17)
(0.808957 -0.0422097 0)
(0.799188 -0.0465075 2.74183e-17)
(0.789176 -0.0506046 -1.38912e-17)
(0.778949 -0.0544991 0)
(0.76854 -0.0581908 0)
(0.757987 -0.0616809 1.46383e-17)
(0.747331 -0.0649741 0)
(0.736611 -0.0680791 0)
(0.725864 -0.0710101 -1.55606e-17)
(0.715112 -0.0737871 3.17219e-17)
(0.704357 -0.0764346 0)
(0.693572 -0.0789783 0)
(0.68269 -0.0814403 -3.35836e-17)
(0.671606 -0.0838321 0)
(0.660179 -0.0861478 -1.39283e-19)
(0.648248 -0.0883591 -3.55792e-17)
(0.635652 -0.0904129 -3.63273e-17)
(0.622261 -0.0922345 0)
(0.608008 -0.0937371 -3.80806e-17)
(0.592916 -0.0948348 -3.90134e-17)
(0.577123 -0.095459 0)
(0.56089 -0.0955742 -8.32654e-17)
(0.544608 -0.0951898 -4.30958e-17)
(0.52878 -0.0943657 4.47917e-17)
(0.514 -0.0932126 4.64453e-17)
(0.500923 -0.0918857 -4.82122e-17)
(0.490225 -0.0905744 9.96925e-17)
(0.482562 -0.0894897 -5.12913e-17)
(0.47853 -0.0888513 -5.24295e-17)
(0.478639 -0.0888775 -5.29719e-17)
(0.483273 -0.0897696 0)
(0.492749 -0.0917286 0)
(0.507128 -0.0948609 0)
(0.526918 -0.0994688 0)
(0.550764 -0.105045 0)
(0.583646 -0.113371 -2.94085e-17)
(0.609781 -0.119051 0)
(0.678976 -0.132935 0)
(0.9988 0.182496 0)
(1.03779 0.192018 0)
(1.04101 0.204231 4.14503e-17)
(1.0221 0.20259 4.40791e-17)
(0.998563 0.197925 0)
(0.976562 0.192299 4.42675e-17)
(0.956638 0.185617 0)
(0.938828 0.178518 -8.24684e-17)
(0.92333 0.171424 0)
(0.910107 0.164392 0)
(0.898869 0.157374 -1.47684e-16)
(0.889256 0.150329 -7.10671e-17)
(0.880944 0.143222 6.79124e-17)
(0.873653 0.136005 -6.51095e-17)
(0.867126 0.128633 -6.23871e-17)
(0.861127 0.121067 -1.1979e-16)
(0.855588 0.113457 0)
(0.850476 0.105991 5.85837e-17)
(0.845652 0.0986825 0)
(0.840959 0.0915018 -1.15397e-16)
(0.836261 0.0844369 5.7578e-17)
(0.831457 0.0774925 0)
(0.826493 0.0706783 -2.86414e-17)
(0.821339 0.0640003 0)
(0.815983 0.0574593 0)
(0.810412 0.0510537 0)
(0.80462 0.0447732 0)
(0.798592 0.0386431 0)
(0.792313 0.0326683 -1.436e-17)
(0.785771 0.0268228 0)
(0.778955 0.0211126 -2.89824e-17)
(0.77186 0.0155485 -7.29946e-18)
(0.764485 0.0101371 0)
(0.756831 0.00488357 0)
(0.748903 -0.000208373 -9.32101e-19)
(0.740708 -0.00513522 9.36471e-19)
(0.732256 -0.00989261 0)
(0.72356 -0.0144774 -3.84356e-18)
(0.714636 -0.0188882 0)
(0.705498 -0.0231235 0)
(0.696164 -0.0271815 -1.59468e-17)
(0.686654 -0.0310606 0)
(0.676992 -0.0347601 1.64593e-17)
(0.667202 -0.0382799 -1.66645e-17)
(0.657314 -0.0416208 0)
(0.647359 -0.0447843 0)
(0.637373 -0.047773 0)
(0.627394 -0.0505915 0)
(0.61746 -0.0532464 -1.82611e-17)
(0.60761 -0.0557479 0)
(0.597874 -0.05811 1.89071e-17)
(0.588268 -0.0603507 -3.85313e-17)
(0.578784 -0.0624903 3.93532e-17)
(0.569382 -0.0645483 4.00798e-17)
(0.559983 -0.0665395 4.07108e-17)
(0.550465 -0.0684682 0)
(0.540673 -0.0703231 4.22028e-17)
(0.530432 -0.0720736 8.60881e-17)
(0.51957 -0.0736697 8.77863e-17)
(0.507952 -0.0750459 -4.48771e-17)
(0.495509 -0.0761301 9.17556e-17)
(0.482273 -0.0768568 4.71092e-17)
(0.468396 -0.0771812 0)
(0.454166 -0.0770931 9.98266e-17)
(0.439999 -0.0766253 0)
(0.426421 -0.0758568 -1.06628e-16)
(0.41404 -0.0749095 5.51358e-17)
(0.403507 -0.0739397 -2.94898e-20)
(0.39547 -0.0731266 -5.84947e-17)
(0.390544 -0.0726608 0)
(0.389267 -0.0727337 6.07027e-17)
(0.392091 -0.0735324 6.09715e-17)
(0.399349 -0.0752221 0)
(0.411322 -0.0779766 -5.7168e-17)
(0.428004 -0.0818677 5.33407e-17)
(0.449957 -0.0872007 0)
(0.475534 -0.0933971 0)
(0.510481 -0.102435 3.24075e-17)
(0.536876 -0.108632 0)
(0.609568 -0.123815 0)
(1.00402 0.17724 7.55416e-17)
(1.02676 0.189398 0)
(0.997028 0.196785 -8.70846e-17)
(0.944548 0.189388 0)
(0.895545 0.180292 -4.97633e-17)
(0.856782 0.171509 0)
(0.826286 0.162873 0)
(0.801789 0.154748 0)
(0.782028 0.147246 0)
(0.766051 0.14022 -8.91542e-17)
(0.752991 0.133503 8.58062e-17)
(0.742134 0.126974 -2.05674e-19)
(0.732946 0.120546 0)
(0.725015 0.114139 0)
(0.717996 0.107685 0)
(0.7116 0.101134 1.40478e-16)
(0.705729 0.0946001 0)
(0.70034 0.0882342 -6.88751e-17)
(0.695279 0.0820365 0)
(0.69037 0.0759735 -1.99206e-19)
(0.685466 0.0700298 2.00973e-19)
(0.680464 0.0642058 6.83416e-17)
(0.675313 0.0585078 3.40684e-17)
(0.669994 0.0529401 0)
(0.664505 0.0475035 -3.4275e-17)
(0.658843 0.0421965 0)
(0.653007 0.0370205 0)
(0.647003 0.0319786 0)
(0.640812 0.0270618 1.73642e-17)
(0.634425 0.0222702 -1.74423e-17)
(0.627835 0.0176113 1.74891e-17)
(0.621039 0.0130894 8.80151e-18)
(0.614038 0.00870676 0)
(0.606837 0.00446626 0)
(0.599444 0.000369929 1.12826e-18)
(0.59187 -0.00358039 0)
(0.584127 -0.00738231 0)
(0.576231 -0.0110345 9.34171e-18)
(0.568199 -0.0145371 9.47126e-18)
(0.560049 -0.0178904 -9.59819e-18)
(0.551799 -0.0210944 -2.09561e-20)
(0.543468 -0.0241492 0)
(0.53508 -0.0270561 4.01809e-20)
(0.52666 -0.0298166 0)
(0.518234 -0.0324331 0)
(0.509833 -0.0349087 -2.10623e-17)
(0.501487 -0.0372475 0)
(0.493231 -0.0394549 0)
(0.4851 -0.0415382 2.21519e-17)
(0.477124 -0.043507 0)
(0.469328 -0.0453737 0)
(0.461718 -0.0471528 4.67601e-17)
(0.454279 -0.0488591 6.61604e-20)
(0.446958 -0.0505057 -4.82914e-17)
(0.439665 -0.0520996 -4.91504e-17)
(0.432269 -0.0536378 -4.99448e-17)
(0.424604 -0.0551039 -5.07535e-17)
(0.416489 -0.0564658 -5.15284e-17)
(0.407751 -0.0576768 -1.04933e-16)
(0.39826 -0.0586813 1.06924e-16)
(0.387961 -0.0594231 -5.45478e-17)
(0.376908 -0.0598579 -5.58108e-17)
(0.365281 -0.059965 5.72784e-17)
(0.353396 -0.0597579 4.18027e-20)
(0.341686 -0.059289 -6.05226e-17)
(0.330681 -0.0586491 6.22468e-17)
(0.320964 -0.0579609 2.50847e-20)
(0.313136 -0.0573696 6.56418e-17)
(0.307775 -0.0570331 0)
(0.305413 -0.0571129 0)
(0.306508 -0.0577672 0)
(0.311445 -0.05915 -6.80682e-17)
(0.320498 -0.0613932 0)
(0.333917 -0.064644 -1.05181e-19)
(0.351641 -0.068946 -5.84919e-17)
(0.374308 -0.0745988 0)
(0.399944 -0.0809798 4.50063e-17)
(0.435112 -0.0901755 0)
(0.459784 -0.0963951 0)
(0.53266 -0.112092 1.16096e-17)
(0.997056 0.17083 2.35236e-18)
(0.9601 0.177926 0)
(0.870029 0.174911 4.72849e-17)
(0.779133 0.160013 0)
(0.713814 0.147319 5.62642e-17)
(0.670848 0.137269 0)
(0.640589 0.128658 0)
(0.617604 0.121183 0)
(0.599629 0.114609 1.06308e-16)
(0.58543 0.108658 2.06104e-16)
(0.574033 0.103107 9.9716e-17)
(0.564684 0.0978119 1.92295e-16)
(0.55685 0.092671 0)
(0.550141 0.0876021 8.90667e-17)
(0.544236 0.0825379 8.55154e-17)
(0.538871 0.0774291 -1.63929e-16)
(0.533956 0.0723599 0)
(0.52946 0.0674407 0)
(0.52525 0.062667 0)
(0.521167 0.0580088 1.62031e-16)
(0.517076 0.0534514 -8.09911e-17)
(0.512887 0.0489931 -8.10875e-17)
(0.508565 0.0446382 -4.06849e-17)
(0.504107 0.0403901 4.08002e-17)
(0.499522 0.03625 4.0889e-17)
(0.494815 0.0322207 0)
(0.489987 0.0283041 -4.13314e-17)
(0.485053 0.0244683 0)
(0.47999 0.0207348 -2.08331e-17)
(0.474787 0.0171117 2.09573e-17)
(0.469438 0.0135985 -2.1128e-17)
(0.463943 0.0101946 0)
(0.458304 0.00690092 1.07329e-17)
(0.452527 0.00371969 0)
(0.446621 0.00065202 0)
(0.440597 -0.00230132 0)
(0.434467 -0.00513922 0)
(0.428248 -0.00786141 -5.65097e-18)
(0.421954 -0.0104687 -1.14452e-17)
(0.415601 -0.0129621 1.15968e-17)
(0.409205 -0.0153423 -1.21873e-20)
(0.402782 -0.0176105 0)
(0.396354 -0.0197682 -2.4201e-17)
(0.38994 -0.0218178 -2.45903e-17)
(0.383564 -0.023762 0)
(0.377251 -0.0256041 2.5341e-17)
(0.371027 -0.0273485 0)
(0.364921 -0.0290002 0)
(0.35896 -0.0305658 2.65992e-17)
(0.35317 -0.0320536 5.40448e-17)
(0.347566 -0.0334731 0)
(0.342149 -0.0348346 -5.5692e-17)
(0.336893 -0.0361474 -5.65199e-17)
(0.331741 -0.037418 0)
(0.326597 -0.0386463 5.81305e-17)
(0.321326 -0.0398237 5.89223e-17)
(0.315768 -0.0409302 5.97229e-17)
(0.30975 -0.0419346 6.05966e-17)
(0.303117 -0.0427969 1.22934e-16)
(0.295764 -0.043474 3.86289e-20)
(0.287666 -0.0439278 -6.35643e-17)
(0.278908 -0.0441357 0)
(0.269696 -0.044099 -6.6135e-17)
(0.260351 -0.0438485 -1.35276e-16)
(0.251291 -0.0434463 1.38411e-16)
(0.242997 -0.0429817 -7.07956e-17)
(0.235975 -0.0425643 -7.22862e-17)
(0.230726 -0.0423158 0)
(0.227719 -0.0423631 -7.46462e-17)
(0.227378 -0.0428337 0)
(0.230068 -0.0438508 0)
(0.236099 -0.0455347 -7.38655e-17)
(0.24569 -0.0479893 0)
(0.259065 -0.0513333 6.78483e-17)
(0.276115 -0.0555891 -6.3071e-17)
(0.297542 -0.0610328 0)
(0.321108 -0.0670432 -4.80335e-17)
(0.354001 -0.075682 0)
(0.37469 -0.0812925 0)
(0.443264 -0.0964667 -1.22989e-17)
(0.943676 0.159905 -7.91489e-17)
(0.792328 0.149734 0)
(0.646348 0.134632 5.2757e-17)
(0.546505 0.116142 0)
(0.491769 0.104368 6.36477e-17)
(0.460751 0.0963062 0)
(0.439189 0.0897584 0)
(0.422464 0.084182 0)
(0.409408 0.0793644 4.79353e-20)
(0.399248 0.0750766 4.90022e-20)
(0.391193 0.0711302 -1.13037e-16)
(0.384626 0.0673999 -1.0928e-16)
(0.379146 0.0638024 0)
(0.37447 0.0602739 -2.03046e-16)
(0.370364 0.0567627 -9.75663e-17)
(0.366635 0.0532308 1.87367e-16)
(0.363219 0.0497343 0)
(0.360104 0.0463482 9.35229e-17)
(0.357195 0.0430678 9.38566e-17)
(0.354367 0.0398709 -9.41303e-17)
(0.35151 0.0367454 0)
(0.348559 0.0336896 -9.49057e-17)
(0.345498 0.0307067 4.76389e-17)
(0.34234 0.0277998 -4.78764e-17)
(0.339101 0.0249715 4.8166e-17)
(0.335788 0.0222187 0)
(0.332402 0.019535 -2.68132e-20)
(0.328952 0.0169141 0)
(0.325419 0.0143629 0)
(0.321789 0.0118881 0)
(0.318059 0.00949004 -1.32556e-20)
(0.31423 0.00716868 0)
(0.310305 0.00492481 -1.27495e-17)
(0.306289 0.00275958 6.43957e-18)
(0.302192 0.000673345 0)
(0.298022 -0.00133389 0)
(0.29379 -0.00326175 -6.64966e-18)
(0.289509 -0.00511042 0)
(0.285192 -0.00688084 0)
(0.280849 -0.00857404 1.37916e-17)
(0.276492 -0.0101909 -5.69749e-21)
(0.272135 -0.0117327 -2.83124e-17)
(0.267792 -0.0132008 -2.86967e-17)
(0.263478 -0.0145975 2.9082e-17)
(0.259213 -0.0159252 0)
(0.255015 -0.0171867 0)
(0.250904 -0.0183856 0)
(0.246902 -0.0195263 0)
(0.24303 -0.0206138 -3.11805e-17)
(0.239306 -0.0216541 2.03356e-20)
(0.235738 -0.0226535 0)
(0.23232 -0.0236183 0)
(0.229024 -0.0245527 6.5674e-17)
(0.225791 -0.0254577 0)
(0.222531 -0.0263287 0)
(0.219126 -0.0271541 -6.78891e-17)
(0.215435 -0.0279143 0)
(0.211318 -0.0285833 -6.93205e-17)
(0.206658 -0.0291313 -1.40237e-16)
(0.201385 -0.02953 -7.09708e-17)
(0.195512 -0.0297596 7.19317e-17)
(0.189142 -0.0298152 0)
(0.182474 -0.0297118 7.4184e-17)
(0.175796 -0.0294863 1.50841e-16)
(0.169455 -0.0291966 -7.66851e-17)
(0.16383 -0.0289163 7.79119e-17)
(0.159307 -0.0287302 7.90181e-17)
(0.156253 -0.0287285 0)
(0.155007 -0.0290031 -1.97064e-20)
(0.155873 -0.0296443 0)
(0.159119 -0.030741 0)
(0.164977 -0.0323802 7.79392e-17)
(0.17361 -0.0346381 0)
(0.185209 -0.0376039 0)
(0.199636 -0.0412848 6.60839e-17)
(0.217588 -0.0459101 -5.9434e-17)
(0.236802 -0.0509264 0)
(0.264407 -0.0581723 -4.01439e-17)
(0.27928 -0.0625483 0)
(0.337777 -0.075855 0)
(0.781195 0.136258 0)
(0.508927 0.100281 5.55816e-17)
(0.371088 0.0813082 -5.97065e-17)
(0.305395 0.0671983 6.73909e-17)
(0.276706 0.0601191 -1.202e-20)
(0.260869 0.0554748 6.89157e-17)
(0.248797 0.0516087 0)
(0.239088 0.0482972 1.33349e-16)
(0.231606 0.0454642 -1.30531e-16)
(0.225889 0.04297 -1.27294e-16)
(0.221388 0.0406902 0)
(0.217719 0.0385429 0)
(0.214661 0.0364778 0)
(0.212059 0.0344574 1.11941e-16)
(0.209775 0.0324502 0)
(0.207697 0.0304335 -1.03688e-16)
(0.205795 0.0284382 0)
(0.204068 0.026508 1.18497e-20)
(0.20246 0.0246402 -1.05446e-16)
(0.200887 0.0228212 0)
(0.199276 0.0210408 0)
(0.197593 0.019299 1.07864e-16)
(0.195838 0.0175983 0)
(0.194028 0.0159411 5.47562e-17)
(0.192179 0.0143289 -5.51745e-17)
(0.190295 0.0127559 0)
(0.188373 0.0112238 5.60634e-17)
(0.18642 0.00973685 0)
(0.184419 0.0082867 0)
(0.182358 0.00687866 0)
(0.180238 0.00551438 2.89968e-17)
(0.17806 0.00419396 0)
(0.175827 0.0029177 0)
(0.173543 0.00168434 -7.46198e-18)
(0.171216 0.000495944 0)
(0.16885 -0.000647348 0)
(0.166454 -0.0017455 -8.9582e-22)
(0.164036 -0.00279881 0)
(0.161603 -0.003808 0)
(0.159163 -0.00477379 1.75218e-21)
(0.156721 -0.00569687 1.61383e-17)
(0.154287 -0.00657808 3.26663e-17)
(0.151868 -0.0074186 3.30639e-17)
(0.149476 -0.00821986 3.34718e-17)
(0.147122 -0.00898355 0)
(0.144818 -0.00971165 3.42935e-17)
(0.142578 -0.0104066 0)
(0.140415 -0.0110711 0)
(0.138343 -0.0117084 3.5521e-17)
(0.136372 -0.0123221 8.31366e-21)
(0.134503 -0.0129155 0)
(0.13273 -0.0134911 -7.33159e-17)
(0.131027 -0.0140499 -1.47988e-16)
(0.129347 -0.0145901 0)
(0.127623 -0.015106 7.52356e-17)
(0.125769 -0.0155876 7.57877e-17)
(0.12369 -0.0160206 0)
(0.121292 -0.0163878 0)
(0.118507 -0.0166719 7.74569e-17)
(0.115305 -0.0168588 0)
(0.111715 -0.0169418 0)
(0.107827 -0.0169253 0)
(0.103794 -0.0168262 -8.03459e-17)
(0.0998172 -0.0166745 -8.11949e-17)
(0.0961286 -0.0165107 0)
(0.0929703 -0.0163829 -8.27854e-17)
(0.0905791 -0.0163438 -8.33749e-17)
(0.0891769 -0.0164491 8.37287e-17)
(0.0889657 -0.0167569 1.67423e-16)
(0.0901309 -0.0173161 0)
(0.092836 -0.0181813 0)
(0.0972294 -0.0194066 0)
(0.103415 -0.0210392 0)
(0.111527 -0.0231351 -7.3097e-17)
(0.12144 -0.0256931 6.76675e-17)
(0.133714 -0.0288697 6.05316e-17)
(0.146513 -0.0322637 -5.16051e-17)
(0.16557 -0.0372174 -2.43603e-19)
(0.173951 -0.0399181 0)
(0.215337 -0.0495497 1.41193e-17)
(0.40858 0.0780678 8.08377e-17)
(0.16385 0.0347336 -9.42106e-17)
(0.114652 0.0266903 0)
(0.0943069 0.0215935 5.62376e-21)
(0.0870869 0.0193594 -5.33567e-17)
(0.0827438 0.0178883 -5.30875e-17)
(0.0789236 0.0166255 0)
(0.0758038 0.0155392 -1.04227e-16)
(0.0734669 0.014616 0)
(0.0717165 0.0138084 0)
(0.0703399 0.0130732 0)
(0.0692136 0.0123817 0)
(0.0682759 0.0117174 0)
(0.0674807 0.0110685 9.25476e-17)
(0.0667825 0.0104245 0)
(0.0661453 0.00977772 8.72453e-17)
(0.0655623 0.00913789 8.81585e-17)
(0.0650376 0.00851936 -1.8003e-16)
(0.0645501 0.00792147 0)
(0.0640672 0.00733958 9.33268e-17)
(0.0635631 0.00676895 -9.48337e-17)
(0.0630282 0.00621032 0)
(0.0624683 0.00566444 -4.88315e-17)
(0.0618929 0.00513217 -4.95049e-17)
(0.0613081 0.00461379 0)
(0.0607147 0.00410904 -5.08009e-17)
(0.0601107 0.00361835 5.14273e-17)
(0.0594982 0.00314225 0)
(0.0588687 0.00267906 0)
(0.0582173 0.00222958 2.66218e-17)
(0.0575461 0.00179369 -2.69199e-17)
(0.056856 0.00137154 0)
(0.0561478 0.000963298 0)
(0.0554237 0.000567659 -6.95298e-18)
(0.0546866 0.000186504 3.51373e-18)
(0.0539386 -0.000180221 0)
(0.0531823 -0.000532566 7.17644e-18)
(0.052421 -0.00087068 0)
(0.0516573 -0.00119481 0)
(0.0508931 -0.00150522 1.58446e-22)
(0.0501304 -0.00180216 2.98869e-17)
(0.0493721 -0.00208598 0)
(0.0486215 -0.00235712 0)
(0.0478824 -0.00261611 -3.07378e-17)
(0.047159 -0.00286356 3.10094e-17)
(0.046456 -0.0031002 -3.12709e-17)
(0.0457784 -0.0033269 0)
(0.0451314 -0.00354461 3.17589e-17)
(0.0445196 -0.00375442 -3.19779e-17)
(0.043946 -0.00395738 1.71908e-21)
(0.0434106 -0.00415438 0)
(0.0429081 -0.00434591 -2.24863e-21)
(0.0424267 -0.00453167 1.30493e-16)
(0.0419461 -0.00471034 0)
(0.0414383 -0.00487926 3.08249e-21)
(0.0408686 -0.00503436 0)
(0.0402004 -0.00517044 0)
(0.0394007 -0.00528169 0)
(0.0384474 -0.00536288 6.55944e-17)
(0.0373363 -0.00541049 0)
(0.0360858 -0.00542406 6.5556e-17)
(0.0347383 -0.00540705 0)
(0.0333571 -0.00536715 0)
(0.0320207 -0.00531596 0)
(0.0308147 -0.00526805 0)
(0.0298256 -0.00523993 -1.13686e-21)
(0.0291349 -0.00524929 0)
(0.0288181 -0.00531489 -1.29696e-16)
(0.0289437 -0.0054571 -6.41969e-17)
(0.0295759 -0.00568989 6.32295e-17)
(0.0307722 -0.00603216 0)
(0.0325872 -0.0065024 0)
(0.0350585 -0.0071165 0)
(0.0382407 -0.00789315 5.3964e-17)
(0.042073 -0.0088319 3.89171e-20)
(0.0468076 -0.00998451 0)
(0.0516122 -0.0112149 3.74382e-17)
(0.0590774 -0.0129886 2.95558e-17)
(0.0615446 -0.0139343 0)
(0.0782935 -0.0175802 -1.01136e-17)
)
;

boundaryField
{
    inlet
    {
        type            fixedValue;
        value           uniform (0.97437 0.22495 0);
    }
    outlet
    {
        type            zeroGradient;
    }
    fixedWalls
    {
        type            noSlip;
    }
    frontAndBack
    {
        type            empty;
    }
}


// ************************************************************************* //
