1	-3.66721e-18
2	1.70075e-16
3	-3.25625e-17
4	8.05348e-17
5	2.12462e-16
6	-1.23633e-16
7	7.47725e-17
8	-3.85677e-17
9	3.92627e-17
10	-7.63797e-17
11	-5.95196e-17
12	2.91755e-17
13	-1.19877e-16
14	1.01175e-16
15	-2.14478e-17
16	-1.45705e-17
17	2.39426e-17
18	-5.15523e-17
19	1.05494e-17
20	-1.37938e-17
21	-2.57737e-17
22	-1.83643e-17
23	-6.2726e-17
24	-2.89942e-17
25	4.06957e-17
26	-1.42534e-17
27	-4.02041e-17
28	6.7777e-18
29	-2.22282e-17
30	2.19492e-18
31	-5.84363e-17
32	-3.47758e-17
33	-9.24791e-18
34	1.35726e-17
35	1.18705e-17
36	4.93033e-17
37	1.87072e-17
38	-1.10815e-17
39	-2.77708e-17
40	-2.15928e-17
41	2.10594e-17
42	-2.27124e-17
43	-8.29923e-18
44	-6.88708e-18
45	-2.90821e-17
46	2.72902e-17
47	-2.31867e-17
48	1.4793e-17
49	2.92498e-17
50	-4.20303e-18
51	-2.73935e-18
52	1.05856e-17
53	4.17231e-19
54	9.46174e-18
55	4.17654e-20
56	-5.50573e-18
57	1.04756e-17
58	3.50572e-17
59	-5.74538e-18
60	4.79416e-18
61	8.67654e-19
62	2.64091e-17
63	1.16726e-17
64	-1.09045e-17
65	-1.91091e-17
66	-2.24481e-17
67	-8.24385e-18
68	8.66538e-18
69	2.11995e-18
70	4.63316e-19
71	-1.90783e-17
72	2.26644e-17
73	9.31673e-18
74	-1.06182e-18
75	-1.70088e-18
76	2.48004e-18
77	1.38872e-18
78	8.43065e-19
79	-4.65529e-18
80	9.65223e-18
81	3.03553e-18
82	5.36882e-17
83	5.01292e-18
84	-3.124e-18
85	-9.06724e-18
86	1.24137e-17
87	-8.84973e-18
88	-6.76417e-18
89	9.59201e-18
90	-1.40507e-17
91	3.82869e-17
92	1.12451e-18
93	-9.6338e-18
94	1.45017e-17
95	-1.29624e-17
96	-2.19738e-17
97	8.39194e-18
98	4.96508e-19
99	-9.74932e-18
100	1.52981e-17
101	2.08677e-17
102	-2.74776e-17
103	-9.15818e-18
104	8.71452e-18
105	-3.03553e-19
106	6.28734e-18
107	8.52651e-18
108	-3.20008e-17
109	-2.70567e-17
110	1.38958e-17
111	-2.17384e-17
112	-2.86415e-17
113	7.69266e-18
114	-1.3795e-17
115	-1.0982e-17
116	3.47425e-18
117	-2.37017e-17
118	2.91263e-19
119	9.6043e-18
120	-5.85353e-18
121	3.56004e-17
122	1.67261e-17
123	3.3231e-18
124	-1.88031e-18
125	2.03565e-17
126	-6.35125e-18
127	-6.52823e-18
128	-8.87307e-18
129	-1.19332e-18
130	-1.29827e-17
131	-1.16014e-18
132	-4.69585e-18
133	1.70186e-17
134	-2.00885e-17
135	1.35542e-17
136	1.68982e-17
137	-1.74893e-17
138	-1.56073e-19
139	6.67324e-19
140	-6.28489e-18
141	-1.524e-19
142	-1.95884e-17
143	-4.69093e-18
144	1.85253e-17
145	1.90366e-17
146	-7.97963e-18
147	2.23744e-17
148	-1.60895e-17
149	2.45779e-17
150	-2.92013e-17
151	3.2807e-17
152	1.599e-17
153	-2.81062e-18
154	-3.49356e-17
155	3.39217e-17
156	-3.30712e-17
157	4.75484e-18
158	9.082e-19
159	-9.84395e-19
160	-1.34632e-17
161	-1.74192e-17
162	-1.00283e-17
163	-3.89702e-18
164	-7.18817e-18
165	-4.3714e-18
166	6.40656e-18
167	4.37773e-17
168	-3.04241e-17
169	9.80217e-18
170	-5.94201e-18
171	-1.03423e-17
172	2.80866e-17
173	2.06084e-17
174	-7.36883e-18
175	-5.88118e-18
176	1.61221e-17
177	-4.96099e-18
178	5.75152e-18
179	-2.5448e-17
180	-2.471e-17
181	7.70864e-18
182	-7.24348e-18
183	6.45203e-19
184	-2.48864e-18
185	-1.08087e-17
186	-3.67753e-17
187	5.74292e-18
188	1.10115e-17
189	-1.26226e-17
190	-3.28132e-19
191	-1.31388e-17
192	2.82722e-18
193	1.78998e-17
194	7.84444e-18
195	-2.12548e-18
196	-2.69314e-17
197	-1.93118e-17
198	2.12929e-17
199	2.4283e-17
200	-9.20489e-18
201	1.0102e-18
202	1.79674e-17
203	2.27296e-17
204	1.51629e-17
205	-2.07399e-17
206	7.62445e-18
207	1.57565e-17
208	-2.45134e-17
209	2.29883e-17
210	-8.78889e-18
211	1.80515e-17
212	2.88006e-17
213	5.77487e-18
214	-2.16346e-17
215	1.33833e-17
216	6.49258e-18
217	2.15437e-18
218	2.05568e-17
219	-3.24635e-17
220	5.96598e-18
221	2.82046e-18
222	1.43321e-17
223	1.92172e-17
224	-3.88657e-18
225	-2.83312e-17
226	-3.172e-17
227	2.44194e-17
228	1.65301e-17
229	3.4377e-17
230	-2.84436e-17
231	9.96193e-18
232	-7.89237e-18
233	1.55181e-17
234	3.20721e-17
235	3.60281e-17
236	-9.02301e-18
237	-8.089e-18
238	-2.8643e-17
239	-1.89997e-17
240	-2.11024e-17
241	2.98667e-18
242	3.92277e-17
243	4.88695e-18
244	-2.64221e-19
245	5.65506e-18
246	-1.7403e-17
247	-7.23917e-18
248	1.6198e-17
249	2.82046e-18
250	-1.8565e-18
251	4.07676e-18
252	-8.07763e-18
253	-1.5915e-17
254	-6.89445e-18
255	-3.05669e-17
256	-2.41893e-17
257	5.38591e-18
258	-1.61162e-17
259	-2.80316e-17
260	-4.03301e-17
261	2.08029e-17
262	-1.8713e-17
263	9.2307e-18
264	-3.17913e-17
265	-4.02176e-18
266	-1.12244e-17
267	-3.35131e-17
268	6.75313e-18
269	-2.44913e-17
270	-1.4691e-17
271	-6.86803e-18
272	-1.92799e-17
273	-1.6312e-17
274	-2.82107e-18
275	-2.28525e-18
276	7.92125e-18
277	4.48299e-17
278	-4.98588e-18
279	1.97758e-17
280	-1.98151e-17
281	2.50431e-17
282	-4.22076e-17
283	4.43407e-18
284	3.00818e-18
285	1.71114e-17
286	6.366e-18
287	-2.02293e-17
288	-2.13685e-17
289	2.31652e-17
290	9.99081e-18
291	1.51051e-17
292	-1.05703e-17
293	5.54948e-17
294	-4.97272e-19
295	3.83576e-17
296	-2.95835e-17
297	1.94473e-17
298	-4.78507e-17
299	2.71597e-17
300	2.82063e-17
301	7.50156e-18
302	1.86812e-17
303	-8.20324e-19
304	1.45441e-17
305	1.10698e-18
306	1.06764e-18
307	-1.05647e-17
308	-2.18487e-17
309	2.4457e-17
310	-1.7077e-17
311	2.4785e-18
312	2.27154e-17
313	-3.73234e-18
314	-1.75047e-17
315	-8.42451e-18
316	-1.26368e-17
317	-1.55488e-17
318	-6.47784e-18
319	7.23608e-18
320	-3.20524e-17
321	1.78322e-17
322	-5.05593e-17
323	-3.01408e-17
324	2.37899e-17
325	-4.46757e-17
326	4.11609e-18
327	-1.2865e-17
328	7.43765e-18
329	-3.42209e-17
330	6.52638e-18
331	7.67485e-18
332	-1.45155e-17
333	4.1336e-17
334	1.19774e-17
335	5.56349e-18
336	-2.12656e-17
337	1.32482e-18
338	-3.73604e-18
339	-1.53104e-17
340	-4.71889e-18
341	1.65276e-17
342	3.4122e-17
343	1.14914e-17
344	2.83545e-17
345	1.07681e-17
346	4.5115e-18
347	3.33687e-17
348	-5.99731e-18
349	7.60848e-18
350	-2.21458e-17
351	-2.91675e-17
352	-4.86299e-18
353	-9.76283e-18
354	3.51174e-18
355	3.27775e-17
356	2.77677e-17
357	-1.94912e-18
358	-3.8593e-17
359	7.09113e-19
360	4.74992e-17
361	-2.08597e-17
362	-1.34036e-17
363	2.31314e-17
364	3.34338e-17
365	-1.59998e-17
366	1.78936e-17
367	-3.11418e-17
368	6.26891e-18
369	1.61632e-17
370	8.3692e-18
371	4.09243e-18
372	-1.47843e-18
373	2.22909e-17
374	-3.50377e-18
375	1.09009e-17
376	9.06848e-18
377	-2.03884e-17
378	2.48907e-17
379	-3.40409e-17
380	-1.74512e-18
381	6.80965e-18
382	2.65624e-17
383	3.50855e-17
384	-1.9012e-17
385	2.78734e-17
386	-2.22103e-17
387	-3.26411e-18
388	-1.42836e-17
389	-3.75385e-17
390	7.38727e-18
391	-1.33428e-17
392	-4.38738e-18
393	-3.14699e-17
394	-1.72294e-17
395	1.67427e-17
396	2.84484e-19
397	5.69991e-18
398	-2.84134e-18
399	1.7018e-17
400	-1.19055e-17
401	-1.88928e-17
402	4.1465e-17
403	-6.65603e-18
404	1.0373e-17
405	-5.11216e-17
406	-1.06191e-17
407	5.97888e-18
408	-2.79834e-18
409	-3.70789e-17
410	-1.20395e-17
411	1.90673e-17
412	-1.40243e-17
413	-5.77327e-17
414	1.161e-17
415	-2.42086e-17
416	-2.15e-17
417	2.80854e-17
418	1.05033e-17
419	8.8227e-18
420	3.69892e-17
421	-2.8046e-17
422	-2.92074e-17
423	-5.1481e-18
424	-1.12628e-17
425	-4.01851e-17
426	-3.17686e-18
427	-8.75939e-18
428	-1.08222e-17
429	-9.67097e-18
430	2.15166e-17
431	3.08223e-18
432	-1.81299e-17
433	-8.48841e-18
434	-3.27025e-18
435	1.91932e-17
436	1.24457e-17
437	-1.54151e-17
438	-8.70685e-18
439	-2.44833e-17
440	2.38968e-17
441	1.61768e-17
442	-5.72202e-18
443	1.45324e-17
444	-6.54429e-17
445	-1.18275e-17
446	-1.22466e-18
447	-6.34759e-19
448	2.70764e-17
449	-1.47266e-17
450	-1.54302e-17
451	-1.80042e-18
452	-5.93279e-18
453	-1.93991e-18
454	6.66956e-18
455	-6.4935e-18
456	6.23604e-18
457	-3.3993e-18
458	2.67836e-17
459	-3.84504e-17
460	4.38332e-17
461	-8.10185e-19
462	-1.57915e-17
463	1.03994e-17
464	9.79294e-18
465	8.00144e-18
466	2.38627e-17
467	3.36267e-17
468	-8.97323e-18
469	2.07595e-17
470	1.62648e-17
471	-1.22114e-17
472	-1.12056e-17
473	1.92107e-17
474	-7.13351e-17
475	1.55881e-17
476	9.34008e-19
477	-2.84439e-17
478	1.2171e-17
479	1.15679e-17
480	-9.92997e-18
481	-6.79706e-18
482	-4.28291e-18
483	-2.56072e-17
484	7.44441e-18
485	4.34683e-18
486	-2.46053e-17
487	3.25324e-17
488	1.87391e-17
489	-3.51943e-18
490	-1.33772e-17
491	-7.89728e-18
492	-1.52194e-17
493	2.16496e-17
494	1.45112e-17
495	3.41497e-19
496	-1.82288e-17
497	-1.2787e-17
498	-1.33434e-17
499	-2.35309e-17
500	-1.01999e-17
501	3.77444e-17
502	2.18048e-18
503	-4.22881e-17
504	7.91971e-18
505	3.62198e-17
506	-2.52074e-17
507	-2.32242e-18
508	3.35944e-17
509	-1.96278e-17
510	-1.10761e-17
511	2.23194e-18
512	9.23408e-18
513	2.16704e-18
514	-6.55779e-18
515	-2.1682e-17
516	-5.18443e-18
517	8.37158e-18
518	8.43372e-19
519	4.24052e-18
520	-4.56435e-18
521	-8.16304e-18
522	-1.53666e-17
523	-9.94626e-18
524	2.60094e-17
525	-3.14456e-17
526	2.83066e-17
527	2.20475e-17
528	-9.36835e-18
529	-1.25824e-17
530	-7.02196e-18
531	-1.86709e-17
532	1.66644e-17
533	2.61836e-17
534	1.3815e-17
535	7.47851e-18
536	1.10565e-17
537	5.41171e-18
538	-8.6531e-18
539	-1.41085e-18
540	-6.95552e-18
541	-4.45646e-19
542	2.42753e-17
543	-1.73114e-17
544	5.96935e-18
545	8.04891e-18
546	6.16322e-19
547	-1.27643e-17
548	-1.76703e-17
549	-4.52256e-19
550	-2.16731e-17
551	1.13946e-17
552	3.35075e-18
553	1.72229e-17
554	5.97878e-19
555	3.82525e-17
556	6.16076e-18
557	-1.51401e-17
558	8.13201e-18
559	-4.3689e-19
560	1.5005e-17
561	1.67178e-17
562	-1.66047e-17
563	-3.79994e-17
564	-2.35121e-17
565	4.35315e-17
566	-7.49019e-18
567	-1.58738e-17
568	4.28231e-18
569	3.59422e-20
570	3.03009e-17
571	-4.58401e-19
572	-2.37213e-17
573	3.86354e-18
574	-4.51334e-18
575	5.89285e-18
576	5.1862e-17
577	-3.81437e-18
578	-4.1995e-17
579	-1.46221e-17
580	3.83478e-17
581	-3.66906e-18
582	5.59299e-18
583	-1.61946e-17
584	-1.68035e-17
585	1.72239e-18
586	5.78901e-18
587	4.56619e-17
588	2.30491e-18
589	-1.99478e-17
590	-1.40424e-17
591	-1.89462e-17
592	-5.52202e-18
593	1.84239e-17
594	3.19534e-19
595	1.95189e-17
596	-1.18339e-17
597	1.84525e-17
598	5.29559e-18
599	-3.07669e-17
600	2.07977e-17
601	1.23246e-17
602	2.80866e-17
603	-1.303e-17
604	-3.82565e-17
605	8.75755e-18
606	-1.12376e-17
607	-3.00363e-17
608	-2.50369e-17
609	-7.1894e-18
610	1.09469e-17
611	-4.98367e-17
612	1.74911e-17
613	9.81323e-18
614	-1.39607e-17
615	-2.05402e-17
616	2.34092e-17
617	1.56606e-17
618	5.18744e-18
619	-5.29607e-17
620	-2.41466e-17
621	1.10213e-17
622	3.4852e-17
623	2.84516e-17
624	-2.05974e-18
625	-1.39917e-18
626	-1.09555e-17
627	-2.39524e-18
628	4.51894e-17
629	-1.76294e-17
630	-1.91017e-17
631	5.84493e-18
632	3.59838e-18
633	-4.30255e-21
634	-3.73775e-17
635	2.22331e-17
636	-2.35327e-17
637	8.56645e-18
638	7.42843e-18
639	3.2222e-17
640	-2.85241e-18
641	7.37129e-18
642	4.07307e-18
643	-5.86704e-18
644	-6.13619e-18
645	1.15307e-17
646	-3.74831e-18
647	-1.07245e-17
648	1.47291e-18
649	1.31542e-17
650	2.70647e-17
651	1.23e-17
652	-1.07786e-17
653	2.45988e-17
654	8.17933e-18
655	-5.18559e-17
656	-2.47251e-17
657	5.31033e-18
658	7.38757e-18
659	-7.52783e-18
660	-1.04133e-17
661	-1.61319e-17
662	-2.12862e-17
663	-1.89372e-17
664	-4.77082e-18
665	-2.67331e-17
666	3.8236e-18
667	2.43329e-19
668	2.72988e-17
669	-8.92228e-19
670	-1.90501e-17
671	-3.19499e-18
672	5.71342e-18
673	3.20832e-17
674	2.41699e-17
675	1.09933e-17
676	-2.27007e-17
677	-1.49426e-17
678	1.12689e-17
679	-3.17563e-18
680	-4.59538e-17
681	-4.68663e-17
682	3.87834e-17
683	-2.5103e-17
684	-2.98551e-17
685	-5.47931e-18
686	-3.08723e-17
687	9.33301e-18
688	-8.53326e-18
689	-2.4059e-17
690	-2.34556e-17
691	-1.66269e-17
692	2.84289e-18
693	2.20623e-17
694	9.63443e-18
695	7.95566e-18
696	-1.8333e-17
697	3.33315e-17
698	1.66048e-17
699	-4.61194e-17
700	-1.42129e-18
701	-9.26633e-18
702	2.66327e-17
703	-3.17593e-17
704	-1.73842e-17
705	-1.44507e-17
706	-2.2265e-17
707	-1.04935e-17
708	1.52686e-17
709	1.46959e-17
710	3.61793e-17
711	1.93407e-18
712	2.37275e-17
713	-2.52729e-17
714	1.59912e-17
715	2.64686e-18
716	1.99303e-17
717	2.29305e-17
718	3.06637e-17
719	1.01045e-17
720	4.45006e-18
721	-1.19855e-18
722	2.83646e-17
723	-3.91976e-18
724	2.66281e-17
725	-1.24945e-17
726	-2.91223e-17
727	-9.77789e-18
728	-1.52188e-17
729	-1.6892e-18
730	5.02426e-17
731	1.06842e-18
732	-1.12148e-17
733	1.84963e-19
734	-6.55586e-18
735	3.63162e-19
736	1.53202e-17
737	2.53522e-17
738	-1.24819e-17
739	3.84725e-18
740	3.15412e-17
741	7.61324e-18
742	-1.54262e-17
743	-2.16432e-17
744	-2.28853e-17
745	2.49476e-19
746	-2.0279e-17
747	-1.22718e-17
748	-1.70579e-17
749	7.29202e-18
750	-3.26724e-17
751	-1.95447e-17
752	1.25188e-17
753	2.04259e-17
754	2.45435e-17
755	8.75632e-19
756	1.36654e-17
757	1.15854e-17
758	9.64885e-18
759	1.0754e-17
760	-3.75533e-17
761	1.58566e-18
762	7.12673e-18
763	1.69964e-18
764	3.46658e-17
765	-2.97961e-17
766	-2.87699e-18
767	9.02055e-19
768	-1.28273e-18
769	1.03752e-17
770	3.99144e-17
771	3.01802e-18
772	-1.46252e-17
773	-2.66192e-17
774	1.32672e-17
775	1.51782e-17
776	3.54644e-18
777	2.18533e-17
778	-2.04382e-17
779	3.40489e-17
780	-1.97733e-17
781	1.80479e-17
782	-3.26531e-17
783	-6.30946e-18
784	2.03245e-17
785	-4.32286e-18
786	-9.98374e-18
787	2.01666e-17
788	1.83336e-17
789	-4.86791e-18
790	-3.92007e-18
791	-2.50809e-17
792	8.18425e-18
793	-7.09412e-19
794	1.5412e-17
795	-3.50327e-17
796	2.95994e-18
797	-2.57285e-17
798	-2.7925e-17
799	-1.6084e-17
800	-1.87004e-17
801	-1.94006e-17
802	1.14723e-17
803	1.53018e-17
804	5.45667e-19
805	-2.61645e-18
806	1.24284e-17
807	-2.07408e-17
808	1.0416e-17
809	-5.01937e-18
810	3.81683e-18
811	-2.90501e-17
812	6.82071e-18
813	-4.24086e-17
814	2.78758e-18
815	1.61946e-17
816	-1.89628e-17
817	2.44501e-18
818	1.64404e-17
819	2.25016e-17
820	-5.76289e-18
821	-2.09295e-17
822	-3.46606e-17
823	3.96919e-17
824	1.36159e-17
825	-1.57347e-17
826	-2.57245e-17
827	7.72523e-18
828	2.37547e-17
829	-1.2336e-17
830	1.7654e-17
831	1.54004e-17
832	-8.03401e-18
833	2.44231e-17
834	8.14615e-18
835	-2.49657e-17
836	2.23695e-17
837	-1.23056e-17
838	-1.31732e-17
839	1.50584e-17
840	6.1282e-18
841	-1.9479e-18
842	1.27861e-17
843	8.66354e-18
844	-2.09242e-17
845	-1.41268e-18
846	-4.01912e-17
847	-2.43825e-18
848	2.69028e-17
849	-2.66069e-18
850	-2.47672e-17
851	1.42034e-17
852	-3.70254e-18
853	-2.82231e-18
854	1.16548e-17
855	8.82622e-18
856	-4.63655e-18
857	-7.83814e-18
858	-4.10536e-17
859	8.5892e-18
860	-9.49647e-18
861	-2.08636e-17
862	-3.08451e-17
863	1.76036e-17
864	-1.44439e-17
865	1.71876e-17
866	-2.41428e-18
867	2.2941e-17
868	-2.14456e-17
869	-6.2255e-17
870	-2.4514e-17
871	-1.29913e-17
872	2.70497e-17
873	2.41428e-18
874	3.56871e-17
875	6.33405e-18
876	-1.59089e-17
877	-1.81474e-17
878	2.24764e-17
879	-9.16925e-18
880	8.4583e-18
881	-2.77834e-17
882	3.04475e-18
883	2.63704e-18
884	-2.68893e-17
885	3.12148e-17
886	3.92723e-17
887	2.10708e-17
888	1.14219e-17
889	1.48477e-17
890	8.45585e-18
891	7.17158e-18
892	-2.7689e-17
893	-6.06244e-18
894	3.33963e-17
895	1.71157e-17
896	-3.97998e-18
897	-5.40354e-17
898	2.53128e-17
899	-1.62056e-17
900	3.98428e-17
901	-1.86802e-19
902	4.59015e-18
903	3.88658e-18
904	3.3011e-17
905	3.97168e-17
906	-6.66341e-18
907	-1.95367e-17
908	5.69868e-18
909	1.13986e-17
910	1.54547e-17
911	-2.27105e-17
912	-3.55168e-19
913	2.02354e-17
914	-3.95675e-17
915	3.80332e-17
916	-4.10238e-17
917	9.10719e-18
918	-3.39911e-17
919	-7.19186e-18
920	2.11448e-17
921	6.43319e-17
922	2.15691e-17
923	2.69827e-17
924	1.67341e-17
925	-1.53574e-17
926	-1.08406e-17
927	8.54402e-18
928	2.54505e-17
929	1.23603e-17
930	-3.0137e-18
931	3.33231e-18
932	3.13424e-17
933	4.57562e-17
934	1.38464e-17
935	3.27038e-17
936	-9.5665e-18
937	1.2422e-17
938	-1.03954e-17
939	-1.01328e-17
940	-1.74011e-17
941	5.46364e-18
942	-2.08287e-17
943	-1.83708e-17
944	-1.98735e-17
945	-1.73292e-17
946	-9.26419e-18
947	1.14634e-17
948	-2.31591e-17
949	-9.35883e-18
950	-9.91431e-18
951	-1.33339e-17
952	-2.29754e-17
953	-2.81014e-17
954	-1.94089e-17
955	-4.30163e-17
956	2.52502e-17
957	-1.22146e-17
958	2.01358e-17
959	-2.85352e-17
960	-1.19731e-17
961	3.24002e-17
962	6.09809e-18
963	-9.59078e-18
964	-8.59841e-18
965	6.57921e-18
966	-2.05543e-18
967	-7.84628e-18
968	-1.67839e-17
969	-7.34117e-18
970	5.04303e-18
971	-4.09182e-18
972	-3.42572e-17
973	3.43002e-18
974	-2.71882e-17
975	1.1299e-17
976	-6.87602e-18
977	7.71971e-18
978	9.3198e-18
979	-2.04025e-17
980	-4.85936e-17
981	-2.10066e-17
982	-1.63405e-17
983	3.11676e-17
984	2.42916e-17
985	-2.67851e-17
986	-4.66205e-18
987	-1.19897e-17
988	9.63195e-18
989	1.00182e-17
990	-1.60502e-17
991	-9.04881e-18
992	8.48196e-18
993	-1.78002e-17
994	1.76512e-17
995	-1.285e-17
996	-1.99521e-18
997	-5.11866e-19
998	-3.10926e-18
999	-1.0102e-17
1000	-1.5637e-17
