1	0.00168586
2	0.000306246
3	3.42108e-05
4	7.45759e-05
5	6.76716e-05
6	6.90505e-05
7	7.14403e-05
8	5.55115e-05
9	5.71108e-05
10	5.07624e-05
11	4.01628e-05
12	6.01024e-05
13	7.38125e-05
14	5.70583e-05
15	5.42859e-05
16	4.65426e-05
17	3.79013e-05
18	3.00252e-05
19	2.88128e-05
20	3.05638e-05
21	2.92217e-05
22	2.88406e-05
23	2.73514e-05
24	2.56135e-05
25	2.41889e-05
26	2.14289e-05
27	2.04138e-05
28	2.01589e-05
29	1.93378e-05
30	1.91473e-05
31	1.8957e-05
32	1.87137e-05
33	1.81036e-05
34	1.76293e-05
35	1.71215e-05
36	1.6627e-05
37	1.62643e-05
38	1.61072e-05
39	1.59087e-05
40	1.57484e-05
41	1.55373e-05
42	1.53277e-05
43	1.51488e-05
44	1.48432e-05
45	1.51029e-05
46	1.4783e-05
47	1.4684e-05
48	1.46752e-05
49	1.45112e-05
50	1.4361e-05
51	1.43165e-05
52	1.42096e-05
53	1.41574e-05
54	1.40184e-05
55	1.39129e-05
56	1.382e-05
57	1.37021e-05
58	1.35509e-05
59	1.34163e-05
60	1.32974e-05
61	1.32087e-05
62	1.29777e-05
63	1.28966e-05
64	1.28974e-05
65	1.2783e-05
66	1.26611e-05
67	1.25984e-05
68	1.25032e-05
69	1.23604e-05
70	1.22974e-05
71	1.22077e-05
72	1.21323e-05
73	1.20791e-05
74	1.20159e-05
75	1.19382e-05
76	1.17787e-05
77	1.1668e-05
78	1.15486e-05
79	1.14619e-05
80	1.12557e-05
81	1.1174e-05
82	1.10823e-05
83	1.09186e-05
84	1.07521e-05
85	1.06481e-05
86	1.05527e-05
87	1.0441e-05
88	1.02958e-05
89	1.0274e-05
90	1.01518e-05
91	1.00125e-05
92	9.91878e-06
93	9.78592e-06
94	9.72445e-06
95	9.60024e-06
96	9.57925e-06
97	9.51561e-06
98	9.45595e-06
99	9.38825e-06
100	9.31924e-06
101	9.26535e-06
102	9.18992e-06
103	9.14432e-06
104	9.13113e-06
105	9.07789e-06
106	9.0502e-06
107	8.96638e-06
108	8.90251e-06
109	8.84059e-06
110	8.77972e-06
111	8.74363e-06
112	8.70092e-06
113	8.6639e-06
114	8.58823e-06
115	8.55282e-06
116	8.48025e-06
117	8.46217e-06
118	8.40994e-06
119	8.39208e-06
120	8.31271e-06
121	8.26379e-06
122	8.21251e-06
123	8.20962e-06
124	8.11107e-06
125	8.10325e-06
126	8.05005e-06
127	8.01329e-06
128	7.96483e-06
129	7.92329e-06
130	7.85841e-06
131	7.80301e-06
132	7.75004e-06
133	7.77686e-06
134	7.73161e-06
135	7.66752e-06
136	7.61233e-06
137	7.50738e-06
138	7.50848e-06
139	7.46654e-06
140	7.45349e-06
141	7.39662e-06
142	7.29405e-06
143	7.28697e-06
144	7.25494e-06
145	7.22166e-06
146	7.20235e-06
147	7.16021e-06
148	7.13858e-06
149	7.11198e-06
150	7.08327e-06
151	7.04979e-06
152	6.98905e-06
153	6.94967e-06
154	6.94543e-06
155	6.93702e-06
156	6.92559e-06
157	6.93871e-06
158	6.91002e-06
159	6.82898e-06
160	6.77779e-06
161	6.75638e-06
162	6.79933e-06
163	6.81027e-06
164	6.76767e-06
165	6.74329e-06
166	6.67772e-06
167	6.67524e-06
168	6.62046e-06
169	6.6403e-06
170	6.65152e-06
171	6.61517e-06
172	6.58885e-06
173	6.52371e-06
174	6.50573e-06
175	6.50328e-06
176	6.4655e-06
177	6.43511e-06
178	6.45955e-06
179	6.43747e-06
180	6.37206e-06
181	6.34568e-06
182	6.36503e-06
183	6.37243e-06
184	6.36972e-06
185	6.36067e-06
186	6.29896e-06
187	6.28358e-06
188	6.22887e-06
189	6.19291e-06
190	6.20687e-06
191	6.25116e-06
192	6.2711e-06
193	6.2329e-06
194	6.1959e-06
195	6.1565e-06
196	6.08454e-06
197	6.06679e-06
198	6.1234e-06
199	6.1678e-06
200	6.14308e-06
201	6.12259e-06
202	6.09707e-06
203	6.04813e-06
204	6.00312e-06
205	5.99114e-06
206	6.00601e-06
207	6.01082e-06
208	6.0259e-06
209	6.01297e-06
210	5.95777e-06
211	5.91723e-06
212	5.89915e-06
213	5.84367e-06
214	5.82411e-06
215	5.83229e-06
216	5.86957e-06
217	5.86004e-06
218	5.82403e-06
219	5.76345e-06
220	5.75894e-06
221	5.69426e-06
222	5.66146e-06
223	5.68857e-06
224	5.71701e-06
225	5.72036e-06
226	5.69719e-06
227	5.64294e-06
228	5.62588e-06
229	5.58123e-06
230	5.56003e-06
231	5.57077e-06
232	5.58954e-06
233	5.60109e-06
234	5.60343e-06
235	5.568e-06
236	5.54116e-06
237	5.48715e-06
238	5.44686e-06
239	5.44248e-06
240	5.48411e-06
241	5.47888e-06
242	5.50179e-06
243	5.46306e-06
244	5.42568e-06
245	5.41242e-06
246	5.3602e-06
247	5.32433e-06
248	5.37182e-06
249	5.37967e-06
250	5.40862e-06
251	5.33698e-06
252	5.30532e-06
253	5.31556e-06
254	5.25892e-06
255	5.22275e-06
256	5.23494e-06
257	5.26428e-06
258	5.23848e-06
259	5.21647e-06
260	5.20693e-06
261	5.21336e-06
262	5.16541e-06
263	5.13289e-06
264	5.10744e-06
265	5.11696e-06
266	5.05613e-06
267	5.03916e-06
268	5.03349e-06
269	5.05137e-06
270	5.01549e-06
271	4.97516e-06
272	4.96353e-06
273	4.91161e-06
274	4.85499e-06
275	4.85118e-06
276	4.82858e-06
277	4.84016e-06
278	4.80674e-06
279	4.79045e-06
280	4.78696e-06
281	4.76138e-06
282	4.69271e-06
283	4.68048e-06
284	4.66157e-06
285	4.64915e-06
286	4.60296e-06
287	4.57122e-06
288	4.56703e-06
289	4.56164e-06
290	4.55625e-06
291	4.54572e-06
292	4.52038e-06
293	4.49651e-06
294	4.43369e-06
295	4.40482e-06
296	4.38392e-06
297	4.37468e-06
298	4.37722e-06
299	4.38446e-06
300	4.38704e-06
301	4.37366e-06
302	4.3425e-06
303	4.31089e-06
304	4.28987e-06
305	4.27174e-06
306	4.24064e-06
307	4.23737e-06
308	4.21873e-06
309	4.21004e-06
310	4.18435e-06
311	4.15771e-06
312	4.14515e-06
313	4.14846e-06
314	4.13755e-06
315	4.11928e-06
316	4.08542e-06
317	4.06275e-06
318	4.03957e-06
319	4.01917e-06
320	4.00215e-06
321	3.97759e-06
322	3.97799e-06
323	3.97229e-06
324	3.96184e-06
325	3.94477e-06
326	3.93504e-06
327	3.90873e-06
328	3.88367e-06
329	3.85802e-06
330	3.84084e-06
331	3.83443e-06
332	3.8128e-06
333	3.80148e-06
334	3.79927e-06
335	3.77449e-06
336	3.77227e-06
337	3.76276e-06
338	3.76506e-06
339	3.73334e-06
340	3.71436e-06
341	3.70761e-06
342	3.68147e-06
343	3.66131e-06
344	3.65347e-06
345	3.64534e-06
346	3.64746e-06
347	3.6358e-06
348	3.62444e-06
349	3.61265e-06
350	3.59057e-06
351	3.56616e-06
352	3.55972e-06
353	3.54198e-06
354	3.53653e-06
355	3.53107e-06
356	3.52155e-06
357	3.49616e-06
358	3.48187e-06
359	3.45967e-06
360	3.45204e-06
361	3.42748e-06
362	3.43654e-06
363	3.42672e-06
364	3.40358e-06
365	3.39563e-06
366	3.39084e-06
367	3.38047e-06
368	3.37593e-06
369	3.36472e-06
370	3.34911e-06
371	3.34157e-06
372	3.3344e-06
373	3.29947e-06
374	3.28991e-06
375	3.27546e-06
376	3.272e-06
377	3.27439e-06
378	3.27497e-06
379	3.26657e-06
380	3.25766e-06
381	3.25018e-06
382	3.2323e-06
383	3.20289e-06
384	3.19498e-06
385	3.17649e-06
386	3.17538e-06
387	3.16048e-06
388	3.14838e-06
389	3.14502e-06
390	3.14895e-06
391	3.13691e-06
392	3.12711e-06
393	3.11419e-06
394	3.10347e-06
395	3.09472e-06
396	3.09283e-06
397	3.07284e-06
398	3.04953e-06
399	3.03543e-06
400	3.03067e-06
401	3.0211e-06
402	3.01925e-06
403	3.01697e-06
404	3.01041e-06
405	3.00281e-06
406	2.99104e-06
407	2.98113e-06
408	2.97137e-06
409	2.93142e-06
410	2.91978e-06
411	2.91343e-06
412	2.91152e-06
413	2.90989e-06
414	2.90498e-06
415	2.89478e-06
416	2.88774e-06
417	2.87436e-06
418	2.86865e-06
419	2.85973e-06
420	2.8353e-06
421	2.82633e-06
422	2.82518e-06
423	2.81513e-06
424	2.79888e-06
425	2.78957e-06
426	2.77956e-06
427	2.76717e-06
428	2.76117e-06
429	2.75958e-06
430	2.75439e-06
431	2.73927e-06
432	2.72445e-06
433	2.71181e-06
434	2.706e-06
435	2.69597e-06
436	2.68015e-06
437	2.67285e-06
438	2.66955e-06
439	2.66923e-06
440	2.66295e-06
441	2.66137e-06
442	2.65015e-06
443	2.63289e-06
444	2.6149e-06
445	2.59367e-06
446	2.58071e-06
447	2.56805e-06
448	2.57309e-06
449	2.57723e-06
450	2.57806e-06
451	2.57944e-06
452	2.5669e-06
453	2.55264e-06
454	2.53746e-06
455	2.52334e-06
456	2.51767e-06
457	2.50739e-06
458	2.48157e-06
459	2.48332e-06
460	2.47511e-06
461	2.47288e-06
462	2.47113e-06
463	2.46805e-06
464	2.4528e-06
465	2.43845e-06
466	2.42692e-06
467	2.41869e-06
468	2.41106e-06
469	2.40035e-06
470	2.38864e-06
471	2.38406e-06
472	2.36763e-06
473	2.35839e-06
474	2.36131e-06
475	2.35809e-06
476	2.3476e-06
477	2.33986e-06
478	2.33641e-06
479	2.3265e-06
480	2.31471e-06
481	2.3072e-06
482	2.29113e-06
483	2.27293e-06
484	2.26014e-06
485	2.2563e-06
486	2.26051e-06
487	2.25393e-06
488	2.24905e-06
489	2.24513e-06
490	2.24349e-06
491	2.22932e-06
492	2.22565e-06
493	2.22016e-06
494	2.20943e-06
495	2.19572e-06
496	2.18108e-06
497	2.17763e-06
498	2.18314e-06
499	2.18479e-06
500	2.18522e-06
501	2.18175e-06
502	2.17899e-06
503	2.17598e-06
504	2.17137e-06
505	2.15568e-06
506	2.15033e-06
507	2.13749e-06
508	2.13004e-06
509	2.12676e-06
510	2.12916e-06
511	2.13601e-06
512	2.13783e-06
513	2.14227e-06
514	2.1448e-06
515	2.14344e-06
516	2.12546e-06
517	2.11541e-06
518	2.104e-06
519	2.10247e-06
520	2.09146e-06
521	2.09063e-06
522	2.08774e-06
523	2.09138e-06
524	2.09388e-06
525	2.09371e-06
526	2.09548e-06
527	2.09515e-06
528	2.08694e-06
529	2.07632e-06
530	2.06351e-06
531	2.06251e-06
532	2.05371e-06
533	2.05067e-06
534	2.05023e-06
535	2.05038e-06
536	2.0521e-06
537	2.06009e-06
538	2.06695e-06
539	2.06454e-06
540	2.062e-06
541	2.05518e-06
542	2.04613e-06
543	2.04059e-06
544	2.03235e-06
545	2.02254e-06
546	2.02006e-06
547	2.01781e-06
548	2.02395e-06
549	2.02569e-06
550	2.02746e-06
551	2.03115e-06
552	2.02954e-06
553	2.02248e-06
554	2.00759e-06
555	2e-06
556	1.99492e-06
557	1.98628e-06
558	1.99067e-06
559	1.98918e-06
560	1.99313e-06
561	1.9946e-06
562	1.99792e-06
563	1.9925e-06
564	1.9942e-06
565	1.98952e-06
566	1.98189e-06
567	1.977e-06
568	1.97405e-06
569	1.96625e-06
570	1.96062e-06
571	1.95668e-06
572	1.95883e-06
573	1.96317e-06
574	1.96613e-06
575	1.96258e-06
576	1.96002e-06
577	1.9591e-06
578	1.95797e-06
579	1.95734e-06
580	1.95539e-06
581	1.952e-06
582	1.94888e-06
583	1.94693e-06
584	1.94766e-06
585	1.95081e-06
586	1.94961e-06
587	1.94595e-06
588	1.94398e-06
589	1.93997e-06
590	1.93934e-06
591	1.93802e-06
592	1.93947e-06
593	1.93815e-06
594	1.93634e-06
595	1.92695e-06
596	1.92407e-06
597	1.92023e-06
598	1.91984e-06
599	1.91864e-06
600	1.91744e-06
601	1.91652e-06
602	1.91532e-06
603	1.91422e-06
604	1.91475e-06
605	1.91389e-06
606	1.91297e-06
607	1.9165e-06
608	1.91503e-06
609	1.9182e-06
610	1.91477e-06
611	1.90872e-06
612	1.90414e-06
613	1.90272e-06
614	1.90499e-06
615	1.90785e-06
616	1.90369e-06
617	1.89982e-06
618	1.9011e-06
619	1.8982e-06
620	1.90078e-06
621	1.90765e-06
622	1.90538e-06
623	1.90051e-06
624	1.89903e-06
625	1.89747e-06
626	1.89494e-06
627	1.89695e-06
628	1.89696e-06
629	1.89093e-06
630	1.8907e-06
631	1.88105e-06
632	1.87661e-06
633	1.87778e-06
634	1.87708e-06
635	1.87896e-06
636	1.87929e-06
637	1.87721e-06
638	1.87085e-06
639	1.86943e-06
640	1.86975e-06
641	1.86251e-06
642	1.85715e-06
643	1.85207e-06
644	1.85253e-06
645	1.85324e-06
646	1.84934e-06
647	1.84333e-06
648	1.83942e-06
649	1.83504e-06
650	1.83619e-06
651	1.83635e-06
652	1.83553e-06
653	1.83285e-06
654	1.82368e-06
655	1.81944e-06
656	1.81885e-06
657	1.8221e-06
658	1.81752e-06
659	1.81256e-06
660	1.80872e-06
661	1.80763e-06
662	1.80966e-06
663	1.8178e-06
664	1.81884e-06
665	1.82059e-06
666	1.81838e-06
667	1.81287e-06
668	1.80943e-06
669	1.81215e-06
670	1.80669e-06
671	1.80202e-06
672	1.79699e-06
673	1.79685e-06
674	1.79961e-06
675	1.80701e-06
676	1.80648e-06
677	1.80822e-06
678	1.81063e-06
679	1.81163e-06
680	1.80964e-06
681	1.81329e-06
682	1.80559e-06
683	1.79835e-06
684	1.79584e-06
685	1.79381e-06
686	1.79521e-06
687	1.79859e-06
688	1.79543e-06
689	1.7946e-06
690	1.79334e-06
691	1.78997e-06
692	1.78838e-06
693	1.78402e-06
694	1.7814e-06
695	1.77931e-06
696	1.77859e-06
697	1.7777e-06
698	1.77717e-06
699	1.77313e-06
700	1.77343e-06
701	1.77472e-06
702	1.77449e-06
703	1.77068e-06
704	1.77181e-06
705	1.77065e-06
706	1.76131e-06
707	1.75315e-06
708	1.75111e-06
709	1.74696e-06
710	1.74675e-06
711	1.7425e-06
712	1.7429e-06
713	1.74417e-06
714	1.74506e-06
715	1.74367e-06
716	1.74444e-06
717	1.7416e-06
718	1.738e-06
719	1.73297e-06
720	1.72452e-06
721	1.72563e-06
722	1.72169e-06
723	1.71934e-06
724	1.71462e-06
725	1.71353e-06
726	1.71227e-06
727	1.71756e-06
728	1.71783e-06
729	1.71829e-06
730	1.71269e-06
731	1.70892e-06
732	1.70609e-06
733	1.70269e-06
734	1.69865e-06
735	1.6935e-06
736	1.68881e-06
737	1.68919e-06
738	1.68278e-06
739	1.68173e-06
740	1.68579e-06
741	1.6853e-06
742	1.68296e-06
743	1.67709e-06
744	1.67663e-06
745	1.67708e-06
746	1.67579e-06
747	1.66922e-06
748	1.66524e-06
749	1.66054e-06
750	1.6525e-06
751	1.65044e-06
752	1.65001e-06
753	1.64882e-06
754	1.64967e-06
755	1.64766e-06
756	1.6449e-06
757	1.64189e-06
758	1.64223e-06
759	1.6414e-06
760	1.63766e-06
761	1.63203e-06
762	1.62932e-06
763	1.62984e-06
764	1.62507e-06
765	1.61878e-06
766	1.61888e-06
767	1.62356e-06
768	1.62093e-06
769	1.61713e-06
770	1.61397e-06
771	1.60627e-06
772	1.59677e-06
773	1.58894e-06
774	1.58035e-06
775	1.57855e-06
776	1.57502e-06
777	1.56741e-06
778	1.56342e-06
779	1.56325e-06
780	1.56075e-06
781	1.56798e-06
782	1.56928e-06
783	1.56662e-06
784	1.55795e-06
785	1.55066e-06
786	1.54249e-06
787	1.53637e-06
788	1.53318e-06
789	1.52724e-06
790	1.52528e-06
791	1.51878e-06
792	1.51763e-06
793	1.51732e-06
794	1.51376e-06
795	1.51165e-06
796	1.5076e-06
797	1.50175e-06
798	1.49207e-06
799	1.48714e-06
800	1.48508e-06
801	1.48569e-06
802	1.48385e-06
803	1.48147e-06
804	1.48389e-06
805	1.478e-06
806	1.47303e-06
807	1.46714e-06
808	1.46741e-06
809	1.46234e-06
810	1.45518e-06
811	1.44874e-06
812	1.4448e-06
813	1.43663e-06
814	1.42939e-06
815	1.4293e-06
816	1.42895e-06
817	1.42922e-06
818	1.42763e-06
819	1.43142e-06
820	1.42704e-06
821	1.4222e-06
822	1.41762e-06
823	1.41135e-06
824	1.41095e-06
825	1.40564e-06
826	1.40166e-06
827	1.39549e-06
828	1.39409e-06
829	1.38901e-06
830	1.38644e-06
831	1.38292e-06
832	1.38406e-06
833	1.37867e-06
834	1.37712e-06
835	1.3741e-06
836	1.37494e-06
837	1.37649e-06
838	1.37257e-06
839	1.36911e-06
840	1.36787e-06
841	1.36325e-06
842	1.36025e-06
843	1.36124e-06
844	1.35918e-06
845	1.36048e-06
846	1.35684e-06
847	1.35163e-06
848	1.35338e-06
849	1.35172e-06
850	1.35394e-06
851	1.34749e-06
852	1.34592e-06
853	1.34643e-06
854	1.34341e-06
855	1.3423e-06
856	1.3398e-06
857	1.33613e-06
858	1.33201e-06
859	1.3299e-06
860	1.32886e-06
861	1.32615e-06
862	1.32592e-06
863	1.32698e-06
864	1.32641e-06
865	1.32609e-06
866	1.32471e-06
867	1.32696e-06
868	1.32896e-06
869	1.33012e-06
870	1.32616e-06
871	1.32448e-06
872	1.32359e-06
873	1.32543e-06
874	1.3241e-06
875	1.32323e-06
876	1.3272e-06
877	1.32463e-06
878	1.32367e-06
879	1.32529e-06
880	1.32611e-06
881	1.32264e-06
882	1.31708e-06
883	1.31319e-06
884	1.31418e-06
885	1.31401e-06
886	1.31713e-06
887	1.31907e-06
888	1.32234e-06
889	1.32212e-06
890	1.31759e-06
891	1.31676e-06
892	1.32066e-06
893	1.31907e-06
894	1.31431e-06
895	1.3109e-06
896	1.30795e-06
897	1.30649e-06
898	1.30382e-06
899	1.30593e-06
900	1.30925e-06
901	1.31157e-06
902	1.31267e-06
903	1.315e-06
904	1.31567e-06
905	1.3165e-06
906	1.30878e-06
907	1.30754e-06
908	1.30847e-06
909	1.30876e-06
910	1.30752e-06
911	1.30991e-06
912	1.31322e-06
913	1.31842e-06
914	1.32236e-06
915	1.32933e-06
916	1.33345e-06
917	1.33592e-06
918	1.33371e-06
919	1.32653e-06
920	1.32336e-06
921	1.32012e-06
922	1.31662e-06
923	1.31246e-06
924	1.31625e-06
925	1.32103e-06
926	1.32801e-06
927	1.34051e-06
928	1.34991e-06
929	1.34791e-06
930	1.33958e-06
931	1.33175e-06
932	1.33156e-06
933	1.33106e-06
934	1.32785e-06
935	1.32444e-06
936	1.32574e-06
937	1.32722e-06
938	1.33177e-06
939	1.33839e-06
940	1.34506e-06
941	1.35435e-06
942	1.35032e-06
943	1.34739e-06
944	1.33912e-06
945	1.33236e-06
946	1.32692e-06
947	1.32714e-06
948	1.32569e-06
949	1.33394e-06
950	1.33669e-06
951	1.34424e-06
952	1.35301e-06
953	1.35213e-06
954	1.36228e-06
955	1.34961e-06
956	1.35168e-06
957	1.34803e-06
958	1.35127e-06
959	1.34778e-06
960	1.35171e-06
961	1.34976e-06
962	1.35712e-06
963	1.35306e-06
964	1.36547e-06
965	1.36452e-06
966	1.376e-06
967	1.37932e-06
968	1.37884e-06
969	1.3801e-06
970	1.38321e-06
971	1.38329e-06
972	1.37824e-06
973	1.37855e-06
974	1.38075e-06
975	1.38519e-06
976	1.38848e-06
977	1.39099e-06
978	1.40051e-06
979	1.40995e-06
980	1.41738e-06
981	1.41732e-06
982	1.42415e-06
983	1.42454e-06
984	1.42464e-06
985	1.41882e-06
986	1.41455e-06
987	1.41793e-06
988	1.41739e-06
989	1.42759e-06
990	1.42189e-06
991	1.43666e-06
992	1.44188e-06
993	1.45059e-06
994	1.45036e-06
995	1.45737e-06
996	1.454e-06
997	1.44744e-06
998	1.44386e-06
999	1.43934e-06
1000	1.43795e-06
