1	1
2	0.359616
3	0.0914323
4	0.152389
5	0.135764
6	0.0905833
7	0.242359
8	0.29325
9	0.13516
10	0.0581431
11	0.0537386
12	0.069803
13	0.0484504
14	0.046124
15	0.0501834
16	0.0566297
17	0.0468871
18	0.0441443
19	0.0401829
20	0.0294632
21	0.0199048
22	0.0143075
23	0.0150981
24	0.0219946
25	0.0257147
26	0.0283661
27	0.0296217
28	0.0283746
29	0.0251698
30	0.0209742
31	0.0169772
32	0.0156634
33	0.015662
34	0.0176055
35	0.0191134
36	0.0199096
37	0.0201081
38	0.0190362
39	0.0170832
40	0.0155559
41	0.0166416
42	0.0187206
43	0.0215252
44	0.0230174
45	0.0240564
46	0.0245702
47	0.0244384
48	0.0236605
49	0.0225988
50	0.0202145
51	0.0191433
52	0.0179087
53	0.0174745
54	0.0173519
55	0.0173456
56	0.0172934
57	0.0172542
58	0.0173256
59	0.0174254
60	0.0175467
61	0.017737
62	0.0180381
63	0.0183732
64	0.0188589
65	0.0191114
66	0.0190957
67	0.0189389
68	0.0187067
69	0.018422
70	0.0180606
71	0.0178348
72	0.0176998
73	0.0175402
74	0.0173667
75	0.0171969
76	0.0170165
77	0.0168588
78	0.0167084
79	0.0165744
80	0.0164791
81	0.0164654
82	0.016472
83	0.0165246
84	0.0165406
85	0.0165248
86	0.0164866
87	0.016412
88	0.0162795
89	0.0161392
90	0.0159599
91	0.0157467
92	0.0155399
93	0.015324
94	0.0151192
95	0.0149101
96	0.0146901
97	0.0144732
98	0.0142565
99	0.0140042
100	0.0137451
101	0.0135131
102	0.0132611
103	0.0130052
104	0.012781
105	0.0125799
106	0.0123557
107	0.0121385
108	0.0119304
109	0.0117365
110	0.0115544
111	0.011364
112	0.0111918
113	0.0110387
114	0.0108819
115	0.0107447
116	0.0106042
117	0.0104731
118	0.0103291
119	0.0102133
120	0.0100941
121	0.00998217
122	0.00986897
123	0.00977579
124	0.00967083
125	0.00958436
126	0.0094841
127	0.00939364
128	0.00928971
129	0.0092209
130	0.00913242
131	0.00904619
132	0.00892831
133	0.0088196
134	0.00871153
135	0.00861157
136	0.00850312
137	0.00841288
138	0.0083114
139	0.00822531
140	0.0081323
141	0.00805563
142	0.00796652
143	0.00789341
144	0.00781263
145	0.00774523
146	0.00766755
147	0.00760725
148	0.00753245
149	0.00746591
150	0.007401
151	0.00734386
152	0.00728138
153	0.00722499
154	0.00717215
155	0.0071202
156	0.00707282
157	0.00702723
158	0.00697871
159	0.00693369
160	0.00690108
161	0.00685514
162	0.00681376
163	0.0067812
164	0.00674861
165	0.00671362
166	0.00668762
167	0.00665847
168	0.00663401
169	0.00661084
170	0.00658911
171	0.00657221
172	0.00655423
173	0.00653873
174	0.00651934
175	0.00650855
176	0.00649414
177	0.00648265
178	0.00648269
179	0.00646413
180	0.00645301
181	0.00644754
182	0.0064436
183	0.00643521
184	0.00642737
185	0.00642038
186	0.00641385
187	0.00640729
188	0.00640188
189	0.00638503
190	0.00637851
191	0.00637113
192	0.00635872
193	0.00634961
194	0.00633058
195	0.00631542
196	0.00630355
197	0.00628813
198	0.00626153
199	0.00624311
200	0.00622405
201	0.00619926
202	0.00617388
203	0.00614616
204	0.00612011
205	0.00608872
206	0.00606626
207	0.00603076
208	0.00600361
209	0.00596835
210	0.00593147
211	0.00589991
212	0.00586455
213	0.00582445
214	0.00579025
215	0.00575391
216	0.00571811
217	0.00568161
218	0.00564241
219	0.00560446
220	0.00556924
221	0.00553048
222	0.00549241
223	0.00545375
224	0.00541366
225	0.0053781
226	0.00534131
227	0.00530445
228	0.00526272
229	0.00522541
230	0.00518886
231	0.0051494
232	0.00511124
233	0.00507463
234	0.00503917
235	0.00500327
236	0.00496833
237	0.00493351
238	0.00489738
239	0.00486316
240	0.0048297
241	0.00479392
242	0.0047618
243	0.004727
244	0.00469207
245	0.00465701
246	0.004625
247	0.00459104
248	0.00455655
249	0.00452529
250	0.00449401
251	0.0044597
252	0.00442763
253	0.0043945
254	0.0043633
255	0.00433075
256	0.00429801
257	0.00426828
258	0.00423695
259	0.00420648
260	0.00417421
261	0.00414538
262	0.00411389
263	0.0040841
264	0.00405144
265	0.0040238
266	0.00399405
267	0.00396405
268	0.00393414
269	0.00390325
270	0.00387538
271	0.00384715
272	0.00382023
273	0.00379071
274	0.00376266
275	0.00373353
276	0.00370497
277	0.00367654
278	0.00364763
279	0.0036202
280	0.00359217
281	0.00356572
282	0.00353829
283	0.00351169
284	0.00348375
285	0.00345734
286	0.00342839
287	0.00340105
288	0.00337604
289	0.00334761
290	0.00332123
291	0.00329476
292	0.00326799
293	0.00323886
294	0.00321495
295	0.0031872
296	0.00316041
297	0.00313445
298	0.0031067
299	0.00307905
300	0.00305293
301	0.00302724
302	0.0030008
303	0.00297478
304	0.00294856
305	0.00292313
306	0.00289918
307	0.00287298
308	0.00284967
309	0.00282598
310	0.00280094
311	0.00277769
312	0.00275437
313	0.00273077
314	0.00270732
315	0.00268432
316	0.00266039
317	0.00263711
318	0.00261608
319	0.00259211
320	0.00257018
321	0.00254729
322	0.00252646
323	0.00250435
324	0.00248246
325	0.00245999
326	0.0024383
327	0.00241707
328	0.00239549
329	0.00237426
330	0.00235343
331	0.00233186
332	0.00231088
333	0.00228944
334	0.00226972
335	0.00224872
336	0.00222901
337	0.00220736
338	0.00218777
339	0.00216724
340	0.00214717
341	0.00212653
342	0.00210796
343	0.00208817
344	0.0020682
345	0.00204875
346	0.00203029
347	0.00201084
348	0.00199116
349	0.00197187
350	0.00195226
351	0.00193305
352	0.00191488
353	0.00189557
354	0.00187732
355	0.00185811
356	0.00183997
357	0.0018217
358	0.00180415
359	0.0017863
360	0.00176981
361	0.00175198
362	0.00173483
363	0.00171717
364	0.0017004
365	0.00168318
366	0.00166661
367	0.00164946
368	0.00163353
369	0.00161646
370	0.00160078
371	0.00158454
372	0.00156831
373	0.00155191
374	0.00153659
375	0.00152016
376	0.00150483
377	0.00148909
378	0.00147249
379	0.00145724
380	0.0014425
381	0.00142709
382	0.00141234
383	0.00139749
384	0.00138309
385	0.00136856
386	0.00135392
387	0.00133992
388	0.00132519
389	0.0013108
390	0.00129692
391	0.00128293
392	0.00126877
393	0.00125523
394	0.00124187
395	0.00122803
396	0.00121477
397	0.00120154
398	0.00118769
399	0.00117466
400	0.00116123
401	0.00114803
402	0.0011356
403	0.00112205
404	0.0011095
405	0.00109658
406	0.00108424
407	0.00107183
408	0.00105993
409	0.00104708
410	0.00103527
411	0.00102341
412	0.00101141
413	0.000999766
414	0.000988445
415	0.000977343
416	0.000965665
417	0.00095442
418	0.000943601
419	0.00093213
420	0.000921764
421	0.000910932
422	0.000900326
423	0.000889466
424	0.000879343
425	0.000868966
426	0.000858779
427	0.000848876
428	0.000838599
429	0.000829536
430	0.000818741
431	0.00081013
432	0.000800134
433	0.000791082
434	0.000781412
435	0.000772921
436	0.000763048
437	0.000754901
438	0.000745926
439	0.000737572
440	0.000729175
441	0.00072082
442	0.000711752
443	0.000704486
444	0.00069719
445	0.000688083
446	0.000680729
447	0.000673684
448	0.000665656
449	0.000658125
450	0.000650905
451	0.00064375
452	0.000636722
453	0.000630319
454	0.000622324
455	0.000616501
456	0.000610104
457	0.000603009
458	0.000596784
459	0.000591349
460	0.000584049
461	0.000577563
462	0.000572488
463	0.000566717
464	0.000561271
465	0.000555936
466	0.000549675
467	0.000545985
468	0.000540579
469	0.000535125
470	0.00053078
471	0.000526934
472	0.000521294
473	0.000517565
474	0.00051321
475	0.000508307
476	0.000504491
477	0.000501823
478	0.000497169
479	0.000494402
480	0.000490689
481	0.000487747
482	0.000485188
483	0.000482468
484	0.000479108
485	0.000477782
486	0.000475515
487	0.000472159
488	0.000470815
489	0.00046879
490	0.000466436
491	0.000466071
492	0.000464174
493	0.000462541
494	0.000461982
495	0.000460448
496	0.000458957
497	0.000458039
498	0.00045666
499	0.000456528
500	0.000455463
501	0.000455088
502	0.000454808
503	0.000455091
504	0.000454829
505	0.00045467
506	0.000455055
507	0.000455485
508	0.000456545
509	0.0004572
510	0.000457606
511	0.000458899
512	0.000459968
513	0.000460982
514	0.00046273
515	0.000464105
516	0.000465398
517	0.000467108
518	0.00047
519	0.000471942
520	0.000474118
521	0.000476317
522	0.000478929
523	0.000481275
524	0.000483968
525	0.000486432
526	0.000489565
527	0.000492166
528	0.000495377
529	0.000498142
530	0.000501056
531	0.000504722
532	0.000508175
533	0.000510964
534	0.000514143
535	0.000517753
536	0.000521353
537	0.000524336
538	0.000528013
539	0.000531642
540	0.000535928
541	0.000539325
542	0.000543278
543	0.000546382
544	0.000550616
545	0.000554263
546	0.000558253
547	0.000561451
548	0.000565814
549	0.000568569
550	0.000572378
551	0.000575392
552	0.000579721
553	0.000582955
554	0.00058618
555	0.00058905
556	0.000592688
557	0.00059609
558	0.000599674
559	0.000602707
560	0.000606342
561	0.000609825
562	0.000613076
563	0.00061611
564	0.000619556
565	0.000622816
566	0.000626719
567	0.000629203
568	0.000632419
569	0.000635016
570	0.000638722
571	0.000641572
572	0.000645087
573	0.000647817
574	0.000650887
575	0.000653642
576	0.000656594
577	0.000659514
578	0.000662597
579	0.000665604
580	0.000668044
581	0.00067094
582	0.000673541
583	0.000676576
584	0.000679126
585	0.000682205
586	0.000685089
587	0.000687939
588	0.000690547
589	0.000693015
590	0.000695846
591	0.000698393
592	0.000701438
593	0.00070381
594	0.000706094
595	0.000708642
596	0.000711732
597	0.000714202
598	0.000716641
599	0.000719148
600	0.000722103
601	0.000723943
602	0.000725808
603	0.000728196
604	0.000730428
605	0.000732728
606	0.000735165
607	0.000737283
608	0.000739269
609	0.000741406
610	0.000743581
611	0.00074587
612	0.000747641
613	0.000749259
614	0.000751854
615	0.000753107
616	0.000756051
617	0.000757128
618	0.000759805
619	0.000760892
620	0.000763272
621	0.000764469
622	0.000767129
623	0.000768663
624	0.00077067
625	0.000771883
626	0.000773628
627	0.00077547
628	0.000776938
629	0.00077818
630	0.000779335
631	0.000780677
632	0.000782272
633	0.000783404
634	0.00078518
635	0.000786237
636	0.000787681
637	0.000789078
638	0.000790217
639	0.000791508
640	0.000792545
641	0.000793603
642	0.000794754
643	0.000796244
644	0.000796971
645	0.000798718
646	0.000798947
647	0.000800565
648	0.000801182
649	0.000802626
650	0.000802667
651	0.000804129
652	0.000804506
653	0.000805895
654	0.000806336
655	0.00080737
656	0.000807722
657	0.000808336
658	0.000809453
659	0.000809644
660	0.0008103
661	0.000810146
662	0.000811423
663	0.000811244
664	0.000811986
665	0.000812167
666	0.000813311
667	0.000812808
668	0.000812862
669	0.000813462
670	0.000814035
671	0.000814044
672	0.000814321
673	0.000814466
674	0.000814515
675	0.000814899
676	0.000814216
677	0.00081459
678	0.000814553
679	0.000814698
680	0.000813849
681	0.000814303
682	0.000813941
683	0.00081387
684	0.000813576
685	0.000814114
686	0.000813839
687	0.000813626
688	0.000813132
689	0.000812852
690	0.000812721
691	0.000811887
692	0.000812311
693	0.000811551
694	0.000811263
695	0.000811044
696	0.000810471
697	0.000810347
698	0.000810071
699	0.000809562
700	0.000809168
701	0.000809356
702	0.000808974
703	0.000808302
704	0.000808293
705	0.000807258
706	0.000807345
707	0.000806641
708	0.000806918
709	0.000805854
710	0.000805838
711	0.000805017
712	0.000804693
713	0.000804582
714	0.000803572
715	0.000802329
716	0.000802418
717	0.000801844
718	0.000801119
719	0.000800106
720	0.00079982
721	0.000799085
722	0.000798563
723	0.00079746
724	0.000796982
725	0.000795867
726	0.000795352
727	0.000794295
728	0.000794455
729	0.000793429
730	0.00079289
731	0.000792224
732	0.000791135
733	0.000790659
734	0.000789716
735	0.000789051
736	0.000787694
737	0.000787297
738	0.000786212
739	0.000785082
740	0.000784445
741	0.000783777
742	0.00078277
743	0.000781349
744	0.000780594
745	0.000779781
746	0.000778964
747	0.00077821
748	0.000777153
749	0.000776471
750	0.000775206
751	0.000774545
752	0.000772967
753	0.000772211
754	0.000771151
755	0.000770324
756	0.000769572
757	0.000768981
758	0.000767589
759	0.000767169
760	0.000765386
761	0.00076489
762	0.00076361
763	0.000762976
764	0.000761688
765	0.000761187
766	0.000759589
767	0.000758117
768	0.000757054
769	0.000755835
770	0.000755103
771	0.000753387
772	0.000752126
773	0.000750974
774	0.000749684
775	0.000748361
776	0.000746915
777	0.000745544
778	0.000744838
779	0.000742627
780	0.000741054
781	0.000739823
782	0.000738715
783	0.000736867
784	0.000735589
785	0.00073397
786	0.000733179
787	0.000731527
788	0.000730192
789	0.000728345
790	0.000727466
791	0.0007255
792	0.000724203
793	0.000722523
794	0.000721239
795	0.000719581
796	0.000717927
797	0.000716481
798	0.000715081
799	0.000714137
800	0.000711608
801	0.000709841
802	0.000708279
803	0.000707333
804	0.000705018
805	0.000702967
806	0.00070147
807	0.000700197
808	0.000698141
809	0.00069629
810	0.000694936
811	0.000692953
812	0.0006914
813	0.000690067
814	0.000687853
815	0.000686109
816	0.000684405
817	0.000682915
818	0.000681141
819	0.000679113
820	0.000677564
821	0.00067592
822	0.000674123
823	0.000672665
824	0.000670514
825	0.000668803
826	0.00066659
827	0.000665134
828	0.000663703
829	0.00066195
830	0.00065994
831	0.000658286
832	0.000656411
833	0.00065449
834	0.000652599
835	0.00065101
836	0.000649341
837	0.000647159
838	0.000645206
839	0.000643307
840	0.000641676
841	0.000639747
842	0.000637995
843	0.000635874
844	0.000634312
845	0.000632414
846	0.000630713
847	0.000628663
848	0.000626517
849	0.000624822
850	0.000622584
851	0.000620771
852	0.000618989
853	0.000616682
854	0.000614998
855	0.000612888
856	0.000610726
857	0.000608695
858	0.000607186
859	0.000604775
860	0.000602397
861	0.00060044
862	0.000598333
863	0.000596498
864	0.000594466
865	0.000592591
866	0.000590795
867	0.00058893
868	0.000587173
869	0.000585232
870	0.000583461
871	0.000581446
872	0.000579368
873	0.000577462
874	0.000575294
875	0.000573161
876	0.000571141
877	0.000569262
878	0.000567532
879	0.000565245
880	0.000562967
881	0.000561037
882	0.000559037
883	0.000557096
884	0.000554916
885	0.000552964
886	0.000550995
887	0.000548816
888	0.000546721
889	0.000544928
890	0.000542728
891	0.000541042
892	0.000538746
893	0.000536934
894	0.000534648
895	0.000533071
896	0.000530645
897	0.000528969
898	0.000526915
899	0.000525102
900	0.000522863
901	0.000521234
902	0.000519424
903	0.000517412
904	0.00051547
905	0.000513786
906	0.000511727
907	0.000509863
908	0.000508236
909	0.000506015
910	0.00050438
911	0.000502002
912	0.000500643
913	0.000498719
914	0.000497121
915	0.000495258
916	0.0004936
917	0.000491664
918	0.000489895
919	0.000488149
920	0.000486158
921	0.000484381
922	0.000482589
923	0.000481187
924	0.000479226
925	0.000477361
926	0.000475598
927	0.000474007
928	0.000472099
929	0.000470374
930	0.00046843
931	0.000466647
932	0.000465072
933	0.000463393
934	0.000461399
935	0.000459696
936	0.000458059
937	0.000456509
938	0.000454844
939	0.000453383
940	0.000451913
941	0.000450078
942	0.000448236
943	0.000447317
944	0.000445194
945	0.000443531
946	0.000441879
947	0.000440191
948	0.000438402
949	0.00043739
950	0.000435714
951	0.000434504
952	0.000432604
953	0.000431532
954	0.000429771
955	0.000427954
956	0.000426492
957	0.000425324
958	0.000423892
959	0.000422388
960	0.000420618
961	0.000419567
962	0.000417751
963	0.000416458
964	0.000414775
965	0.000413369
966	0.00041197
967	0.000410758
968	0.000409435
969	0.000407844
970	0.000406362
971	0.000405055
972	0.000403599
973	0.000402395
974	0.000401146
975	0.000400289
976	0.000398995
977	0.00039782
978	0.000396085
979	0.000395439
980	0.000393638
981	0.000392675
982	0.000391244
983	0.000390228
984	0.000388808
985	0.000387918
986	0.00038671
987	0.000385787
988	0.000384264
989	0.000383312
990	0.000382151
991	0.00038109
992	0.000380212
993	0.000379041
994	0.000378081
995	0.00037689
996	0.000375901
997	0.000374657
998	0.000373975
999	0.000372792
1000	0.000371727
