1	0.00110636
2	2.69501e-05
3	0.000200478
4	6.94938e-05
5	6.90625e-05
6	8.52521e-05
7	5.90722e-05
8	3.17375e-05
9	1.86716e-05
10	1.52789e-05
11	2.30463e-05
12	2.33882e-05
13	2.2451e-05
14	2.02819e-05
15	1.47347e-05
16	1.11852e-05
17	1.04264e-05
18	1.42859e-05
19	1.53531e-05
20	1.35852e-05
21	9.96528e-06
22	7.90338e-06
23	6.01296e-06
24	5.74514e-06
25	5.49857e-06
26	5.62218e-06
27	6.33362e-06
28	6.97993e-06
29	6.06756e-06
30	4.51747e-06
31	3.75199e-06
32	3.69377e-06
33	4.05352e-06
34	3.86744e-06
35	3.92832e-06
36	4.59048e-06
37	4.10582e-06
38	3.12224e-06
39	2.78225e-06
40	2.71712e-06
41	2.76148e-06
42	3.61242e-06
43	3.10737e-06
44	3.62018e-06
45	3.21917e-06
46	3.32082e-06
47	3.35512e-06
48	3.41151e-06
49	3.52913e-06
50	3.5892e-06
51	3.40141e-06
52	3.83342e-06
53	3.49458e-06
54	3.48675e-06
55	3.36443e-06
56	3.459e-06
57	3.42797e-06
58	3.44891e-06
59	3.44881e-06
60	3.44301e-06
61	3.44459e-06
62	3.41248e-06
63	3.48839e-06
64	3.29806e-06
65	3.29437e-06
66	3.21657e-06
67	3.31102e-06
68	3.36053e-06
69	3.33907e-06
70	3.33821e-06
71	3.28358e-06
72	3.45693e-06
73	3.26165e-06
74	3.41799e-06
75	3.36497e-06
76	3.53394e-06
77	3.44483e-06
78	3.76753e-06
79	3.61909e-06
80	3.84e-06
81	3.73774e-06
82	3.83971e-06
83	3.84285e-06
84	3.75863e-06
85	3.57346e-06
86	3.65408e-06
87	3.47856e-06
88	3.49102e-06
89	3.34188e-06
90	3.32271e-06
91	3.17913e-06
92	3.1569e-06
93	3.09648e-06
94	3.10153e-06
95	3.03609e-06
96	3.02432e-06
97	2.97161e-06
98	2.94063e-06
99	2.87699e-06
100	2.95009e-06
101	2.94344e-06
102	3.07492e-06
103	3.07443e-06
104	3.21518e-06
105	3.18071e-06
106	3.29459e-06
107	3.23552e-06
108	3.31767e-06
109	3.258e-06
110	3.35336e-06
111	3.33973e-06
112	3.45486e-06
113	3.37224e-06
114	3.50334e-06
115	3.3346e-06
116	3.45534e-06
117	3.37775e-06
118	3.51839e-06
119	3.465e-06
120	3.51379e-06
121	3.48498e-06
122	3.61278e-06
123	3.57491e-06
124	3.6452e-06
125	3.68819e-06
126	3.76363e-06
127	3.6923e-06
128	3.80791e-06
129	3.95842e-06
130	4.16547e-06
131	4.25215e-06
132	4.37264e-06
133	4.34993e-06
134	4.57633e-06
135	4.58909e-06
136	4.55457e-06
137	4.37766e-06
138	4.17501e-06
139	3.94027e-06
140	3.98828e-06
141	3.88375e-06
142	3.67249e-06
143	3.39551e-06
144	3.42136e-06
145	3.4915e-06
146	3.58532e-06
147	3.3701e-06
148	3.27819e-06
149	3.29396e-06
150	3.42939e-06
151	3.38508e-06
152	3.28799e-06
153	3.32705e-06
154	3.40388e-06
155	3.2981e-06
156	3.18108e-06
157	3.28993e-06
158	3.443e-06
159	3.46061e-06
160	3.34254e-06
161	3.28685e-06
162	3.56294e-06
163	3.48482e-06
164	3.27377e-06
165	3.32784e-06
166	3.36841e-06
167	3.30003e-06
168	3.29819e-06
169	3.32425e-06
170	3.37992e-06
171	3.38047e-06
172	3.583e-06
173	3.40135e-06
174	3.40771e-06
175	3.33849e-06
176	3.50511e-06
177	3.36377e-06
178	3.42844e-06
179	3.37744e-06
180	3.4217e-06
181	3.30907e-06
182	3.31974e-06
183	3.35443e-06
184	3.51866e-06
185	3.35932e-06
186	3.26242e-06
187	3.29075e-06
188	3.46492e-06
189	3.29382e-06
190	3.21463e-06
191	3.26139e-06
192	3.32951e-06
193	3.18065e-06
194	3.12099e-06
195	3.22396e-06
196	3.33501e-06
197	3.16357e-06
198	3.14395e-06
199	3.2209e-06
200	3.28052e-06
201	3.14973e-06
202	3.15192e-06
203	3.19937e-06
204	3.26157e-06
205	3.15522e-06
206	3.16839e-06
207	3.19084e-06
208	3.20739e-06
209	3.16929e-06
210	3.22015e-06
211	3.19459e-06
212	3.21716e-06
213	3.15446e-06
214	3.19958e-06
215	3.20925e-06
216	3.26182e-06
217	3.24376e-06
218	3.28585e-06
219	3.31141e-06
220	3.39999e-06
221	3.44005e-06
222	3.56079e-06
223	3.69611e-06
224	3.80263e-06
225	3.8246e-06
226	3.82538e-06
227	3.71989e-06
228	3.6002e-06
229	3.46777e-06
230	3.4003e-06
231	3.31125e-06
232	3.19132e-06
233	3.09495e-06
234	3.07111e-06
235	3.00132e-06
236	2.91542e-06
237	2.86933e-06
238	2.86817e-06
239	2.85892e-06
240	2.7832e-06
241	2.76251e-06
242	2.75709e-06
243	2.80001e-06
244	2.74793e-06
245	2.6976e-06
246	2.68187e-06
247	2.72999e-06
248	2.6811e-06
249	2.65116e-06
250	2.63942e-06
251	2.66949e-06
252	2.63854e-06
253	2.61975e-06
254	2.60023e-06
255	2.60006e-06
256	2.58038e-06
257	2.55666e-06
258	2.56232e-06
259	2.53753e-06
260	2.51368e-06
261	2.46688e-06
262	2.49502e-06
263	2.47393e-06
264	2.46705e-06
265	2.42059e-06
266	2.4615e-06
267	2.4509e-06
268	2.44136e-06
269	2.37242e-06
270	2.39472e-06
271	2.36543e-06
272	2.36039e-06
273	2.30364e-06
274	2.33197e-06
275	2.31874e-06
276	2.33257e-06
277	2.27369e-06
278	2.28499e-06
279	2.26013e-06
280	2.2915e-06
281	2.23767e-06
282	2.24623e-06
283	2.20189e-06
284	2.21511e-06
285	2.15843e-06
286	2.16991e-06
287	2.20295e-06
288	2.16454e-06
289	2.10683e-06
290	2.15442e-06
291	2.09306e-06
292	2.10552e-06
293	2.10475e-06
294	2.05315e-06
295	2.02731e-06
296	2.09127e-06
297	2.01035e-06
298	2.01717e-06
299	2.04002e-06
300	2.02213e-06
301	1.98227e-06
302	2.03189e-06
303	1.94404e-06
304	1.97018e-06
305	1.98854e-06
306	1.95815e-06
307	1.932e-06
308	1.99605e-06
309	1.95392e-06
310	1.93921e-06
311	1.95373e-06
312	1.89386e-06
313	1.89356e-06
314	1.93451e-06
315	1.87191e-06
316	1.85923e-06
317	1.91317e-06
318	1.86325e-06
319	1.81855e-06
320	1.85646e-06
321	1.79589e-06
322	1.8555e-06
323	1.78112e-06
324	1.82664e-06
325	1.76971e-06
326	1.81147e-06
327	1.71865e-06
328	1.786e-06
329	1.73061e-06
330	1.78225e-06
331	1.6876e-06
332	1.74524e-06
333	1.68515e-06
334	1.73385e-06
335	1.6419e-06
336	1.71078e-06
337	1.64205e-06
338	1.70722e-06
339	1.62046e-06
340	1.67442e-06
341	1.5992e-06
342	1.66449e-06
343	1.60004e-06
344	1.62813e-06
345	1.58263e-06
346	1.64707e-06
347	1.58084e-06
348	1.60336e-06
349	1.54307e-06
350	1.61356e-06
351	1.54784e-06
352	1.58097e-06
353	1.52718e-06
354	1.59131e-06
355	1.51023e-06
356	1.55e-06
357	1.48734e-06
358	1.55684e-06
359	1.4689e-06
360	1.52877e-06
361	1.44211e-06
362	1.51401e-06
363	1.42838e-06
364	1.49409e-06
365	1.4265e-06
366	1.49317e-06
367	1.41783e-06
368	1.46456e-06
369	1.41444e-06
370	1.45995e-06
371	1.37813e-06
372	1.42493e-06
373	1.37382e-06
374	1.433e-06
375	1.35763e-06
376	1.40735e-06
377	1.35845e-06
378	1.40424e-06
379	1.3359e-06
380	1.38769e-06
381	1.34464e-06
382	1.38484e-06
383	1.31405e-06
384	1.35253e-06
385	1.31144e-06
386	1.35467e-06
387	1.30347e-06
388	1.32792e-06
389	1.29467e-06
390	1.33475e-06
391	1.27996e-06
392	1.30121e-06
393	1.27584e-06
394	1.30636e-06
395	1.24259e-06
396	1.27252e-06
397	1.23132e-06
398	1.25869e-06
399	1.22788e-06
400	1.26942e-06
401	1.22418e-06
402	1.2605e-06
403	1.23831e-06
404	1.26862e-06
405	1.21543e-06
406	1.25179e-06
407	1.2092e-06
408	1.25168e-06
409	1.19425e-06
410	1.22282e-06
411	1.19688e-06
412	1.23329e-06
413	1.17416e-06
414	1.20254e-06
415	1.18986e-06
416	1.21842e-06
417	1.175e-06
418	1.18517e-06
419	1.179e-06
420	1.19754e-06
421	1.14946e-06
422	1.15334e-06
423	1.16016e-06
424	1.1813e-06
425	1.13572e-06
426	1.13152e-06
427	1.14251e-06
428	1.14581e-06
429	1.13e-06
430	1.08391e-06
431	1.15241e-06
432	1.09058e-06
433	1.1176e-06
434	1.103e-06
435	1.1218e-06
436	1.09209e-06
437	1.13355e-06
438	1.05456e-06
439	1.13068e-06
440	1.13141e-06
441	1.10982e-06
442	1.05503e-06
443	1.13741e-06
444	1.07937e-06
445	1.12353e-06
446	1.07859e-06
447	1.10985e-06
448	1.08142e-06
449	1.13863e-06
450	1.04833e-06
451	1.11579e-06
452	1.12302e-06
453	1.10985e-06
454	1.06346e-06
455	1.12019e-06
456	1.07248e-06
457	1.11644e-06
458	1.06407e-06
459	1.07884e-06
460	1.0663e-06
461	1.11946e-06
462	1.03871e-06
463	1.07834e-06
464	1.09044e-06
465	1.05864e-06
466	1.03227e-06
467	1.07302e-06
468	1.02657e-06
469	1.05008e-06
470	1.02238e-06
471	9.85127e-07
472	9.90067e-07
473	1.00836e-06
474	9.7541e-07
475	1.00874e-06
476	1.02494e-06
477	1.02576e-06
478	9.94908e-07
479	1.00508e-06
480	9.57204e-07
481	9.88154e-07
482	1.00916e-06
483	9.63019e-07
484	9.59509e-07
485	9.86416e-07
486	9.69233e-07
487	9.87175e-07
488	9.95752e-07
489	9.87706e-07
490	9.67423e-07
491	1.00612e-06
492	9.44786e-07
493	9.61037e-07
494	9.33791e-07
495	9.44246e-07
496	9.21096e-07
497	9.51844e-07
498	9.26475e-07
499	9.20932e-07
500	9.18132e-07
501	9.52273e-07
502	9.25526e-07
503	9.23391e-07
504	8.96961e-07
505	9.14265e-07
506	9.08487e-07
507	9.12715e-07
508	9.61287e-07
509	9.45616e-07
510	9.97704e-07
511	9.30339e-07
512	1.00839e-06
513	9.73376e-07
514	1.0314e-06
515	9.30883e-07
516	9.48501e-07
517	9.27984e-07
518	1.03913e-06
519	9.41007e-07
520	9.22849e-07
521	9.11485e-07
522	9.60874e-07
523	9.37264e-07
524	9.86381e-07
525	9.37419e-07
526	9.76351e-07
527	9.49781e-07
528	9.76002e-07
529	9.4906e-07
530	9.77262e-07
531	9.37753e-07
532	9.65069e-07
533	9.3315e-07
534	9.56716e-07
535	9.23876e-07
536	9.26792e-07
537	9.10265e-07
538	9.29546e-07
539	9.24403e-07
540	9.32457e-07
541	9.26807e-07
542	9.20757e-07
543	9.35729e-07
544	9.06839e-07
545	9.20574e-07
546	9.06599e-07
547	9.16904e-07
548	8.93515e-07
549	9.05167e-07
550	9.13446e-07
551	9.09173e-07
552	9.04433e-07
553	9.01168e-07
554	9.10589e-07
555	8.85997e-07
556	8.92472e-07
557	8.72444e-07
558	8.96828e-07
559	8.66835e-07
560	8.91793e-07
561	8.68421e-07
562	8.87573e-07
563	8.7168e-07
564	8.77733e-07
565	8.68585e-07
566	8.78458e-07
567	8.59067e-07
568	8.68912e-07
569	8.5962e-07
570	8.75943e-07
571	8.55567e-07
572	8.64572e-07
573	8.52534e-07
574	8.64988e-07
575	8.54485e-07
576	8.64653e-07
577	8.42324e-07
578	8.29871e-07
579	8.35062e-07
580	8.76353e-07
581	8.48628e-07
582	8.12966e-07
583	8.07664e-07
584	7.93587e-07
585	8.24008e-07
586	8.30771e-07
587	8.26005e-07
588	8.32844e-07
589	8.2883e-07
590	8.33597e-07
591	8.05535e-07
592	8.39882e-07
593	8.03493e-07
594	8.05365e-07
595	7.67253e-07
596	7.85075e-07
597	7.66431e-07
598	8.04206e-07
599	7.80993e-07
600	7.92891e-07
601	7.6447e-07
602	7.8728e-07
603	7.775e-07
604	7.8949e-07
605	7.62364e-07
606	7.80296e-07
607	7.69009e-07
608	7.8147e-07
609	7.70528e-07
610	7.88001e-07
611	7.82517e-07
612	7.66253e-07
613	8.02583e-07
614	7.94004e-07
615	8.05727e-07
616	7.4671e-07
617	7.80961e-07
618	7.64174e-07
619	7.88998e-07
620	7.57064e-07
621	8.13749e-07
622	7.72138e-07
623	8.06191e-07
624	7.65836e-07
625	7.84453e-07
626	7.88924e-07
627	8.25389e-07
628	7.62854e-07
629	8.03815e-07
630	7.7564e-07
631	7.68479e-07
632	7.23901e-07
633	7.57209e-07
634	7.41837e-07
635	7.75891e-07
636	7.37732e-07
637	7.56015e-07
638	7.17843e-07
639	7.61714e-07
640	7.50645e-07
641	7.5875e-07
642	7.21006e-07
643	7.59239e-07
644	7.42794e-07
645	7.5454e-07
646	7.31088e-07
647	7.54302e-07
648	7.37402e-07
649	7.47188e-07
650	7.25787e-07
651	7.31579e-07
652	7.28563e-07
653	7.26704e-07
654	7.28275e-07
655	7.23704e-07
656	7.29865e-07
657	7.35285e-07
658	7.36966e-07
659	7.31018e-07
660	7.29807e-07
661	7.30071e-07
662	7.38291e-07
663	7.41149e-07
664	7.28244e-07
665	7.26345e-07
666	7.32355e-07
667	7.14413e-07
668	7.42042e-07
669	7.45026e-07
670	7.3165e-07
671	7.02938e-07
672	7.27907e-07
673	7.02853e-07
674	7.23698e-07
675	7.11084e-07
676	7.42671e-07
677	7.24052e-07
678	7.40971e-07
679	7.29168e-07
680	7.28018e-07
681	7.0931e-07
682	7.33679e-07
683	7.33989e-07
684	7.28608e-07
685	7.04374e-07
686	7.25737e-07
687	7.36842e-07
688	7.3253e-07
689	7.07839e-07
690	7.15709e-07
691	7.3833e-07
692	7.29674e-07
693	7.19924e-07
694	7.11342e-07
695	7.31102e-07
696	7.15064e-07
697	7.10857e-07
698	6.91356e-07
699	6.9427e-07
700	6.96806e-07
701	7.03724e-07
702	7.15738e-07
703	7.15439e-07
704	7.3318e-07
705	7.06412e-07
706	7.31588e-07
707	7.06551e-07
708	7.23868e-07
709	7.03044e-07
710	7.11381e-07
711	6.91961e-07
712	7.13907e-07
713	6.95851e-07
714	7.1428e-07
715	6.96554e-07
716	7.2545e-07
717	6.96252e-07
718	7.0319e-07
719	6.70352e-07
720	6.95166e-07
721	6.68764e-07
722	6.91556e-07
723	6.54593e-07
724	6.76802e-07
725	6.53375e-07
726	6.59208e-07
727	6.39096e-07
728	6.4483e-07
729	6.39455e-07
730	6.39247e-07
731	6.36638e-07
732	6.37227e-07
733	6.08351e-07
734	6.10758e-07
735	6.04143e-07
736	5.94976e-07
737	6.00556e-07
738	5.92437e-07
739	5.99302e-07
740	5.87431e-07
741	5.99189e-07
742	5.90579e-07
743	5.95989e-07
744	5.84804e-07
745	5.97103e-07
746	5.83738e-07
747	5.96271e-07
748	5.80363e-07
749	5.98578e-07
750	5.83552e-07
751	5.85497e-07
752	5.6668e-07
753	5.79239e-07
754	5.6894e-07
755	5.81781e-07
756	5.71036e-07
757	5.83247e-07
758	5.71194e-07
759	5.75324e-07
760	5.70717e-07
761	5.83542e-07
762	5.81061e-07
763	5.82131e-07
764	5.7487e-07
765	5.8836e-07
766	5.78483e-07
767	5.86693e-07
768	5.77772e-07
769	5.90903e-07
770	5.84614e-07
771	5.94606e-07
772	5.81617e-07
773	5.94214e-07
774	5.80152e-07
775	5.94026e-07
776	5.75809e-07
777	5.90686e-07
778	5.81121e-07
779	5.86348e-07
780	5.7212e-07
781	5.8421e-07
782	5.7342e-07
783	5.81215e-07
784	5.59499e-07
785	5.78047e-07
786	5.68174e-07
787	5.84463e-07
788	5.63446e-07
789	5.84947e-07
790	5.72034e-07
791	5.84226e-07
792	5.64682e-07
793	5.89096e-07
794	5.70454e-07
795	5.8558e-07
796	5.65225e-07
797	5.91425e-07
798	5.84751e-07
799	6.04048e-07
800	5.87782e-07
801	6.05685e-07
802	5.89041e-07
803	6.04048e-07
804	5.90241e-07
805	6.04428e-07
806	6.01153e-07
807	6.06723e-07
808	5.97225e-07
809	6.05847e-07
810	6.07709e-07
811	6.21582e-07
812	6.34243e-07
813	6.40082e-07
814	6.30434e-07
815	6.17014e-07
816	6.27262e-07
817	6.42777e-07
818	6.37455e-07
819	6.19071e-07
820	6.28245e-07
821	6.30563e-07
822	6.33933e-07
823	6.14234e-07
824	6.26658e-07
825	6.17075e-07
826	6.12137e-07
827	6.08098e-07
828	6.19301e-07
829	6.21785e-07
830	6.13061e-07
831	6.2337e-07
832	6.15212e-07
833	6.10985e-07
834	6.08302e-07
835	6.15612e-07
836	6.09463e-07
837	6.26527e-07
838	5.98385e-07
839	6.14053e-07
840	6.13663e-07
841	6.28469e-07
842	6.05953e-07
843	6.18813e-07
844	6.06341e-07
845	6.18505e-07
846	5.95208e-07
847	5.93471e-07
848	5.83656e-07
849	5.98581e-07
850	5.76772e-07
851	5.91433e-07
852	5.79201e-07
853	5.88306e-07
854	5.71265e-07
855	5.85603e-07
856	5.68967e-07
857	5.7237e-07
858	5.5664e-07
859	5.69264e-07
860	5.57886e-07
861	5.66843e-07
862	5.53851e-07
863	5.63628e-07
864	5.53617e-07
865	5.67068e-07
866	5.5243e-07
867	5.62936e-07
868	5.50279e-07
869	5.55701e-07
870	5.4276e-07
871	5.49627e-07
872	5.36593e-07
873	5.43754e-07
874	5.39136e-07
875	5.52153e-07
876	5.40003e-07
877	5.47011e-07
878	5.3593e-07
879	5.44765e-07
880	5.3669e-07
881	5.42466e-07
882	5.30925e-07
883	5.35563e-07
884	5.22969e-07
885	5.40338e-07
886	5.26106e-07
887	5.42198e-07
888	5.36267e-07
889	5.54597e-07
890	5.35436e-07
891	5.50275e-07
892	5.38674e-07
893	5.51715e-07
894	5.34624e-07
895	5.57482e-07
896	5.38068e-07
897	5.50137e-07
898	5.30988e-07
899	5.44344e-07
900	5.32485e-07
901	5.478e-07
902	5.33355e-07
903	5.47497e-07
904	5.32873e-07
905	5.44254e-07
906	5.29224e-07
907	5.38358e-07
908	5.27217e-07
909	5.39515e-07
910	5.25228e-07
911	5.28696e-07
912	5.24756e-07
913	5.34877e-07
914	5.23316e-07
915	5.28284e-07
916	5.18203e-07
917	5.23779e-07
918	5.1769e-07
919	5.25521e-07
920	5.171e-07
921	5.23172e-07
922	5.17212e-07
923	5.20722e-07
924	5.16267e-07
925	5.18509e-07
926	5.19541e-07
927	5.22122e-07
928	5.19906e-07
929	5.24962e-07
930	5.21431e-07
931	5.21259e-07
932	5.21776e-07
933	5.27723e-07
934	5.24139e-07
935	5.231e-07
936	5.24226e-07
937	5.24959e-07
938	5.27142e-07
939	5.24679e-07
940	5.28835e-07
941	5.25589e-07
942	5.25312e-07
943	5.27902e-07
944	5.27153e-07
945	5.29537e-07
946	5.28129e-07
947	5.33338e-07
948	5.30603e-07
949	5.32835e-07
950	5.25991e-07
951	5.37254e-07
952	5.30369e-07
953	5.35774e-07
954	5.32753e-07
955	5.39136e-07
956	5.35899e-07
957	5.44173e-07
958	5.40336e-07
959	5.48149e-07
960	5.43228e-07
961	5.48941e-07
962	5.41398e-07
963	5.61765e-07
964	5.48677e-07
965	5.55775e-07
966	5.51241e-07
967	5.60048e-07
968	5.50531e-07
969	5.61549e-07
970	5.57664e-07
971	5.63856e-07
972	5.63834e-07
973	5.64426e-07
974	5.6081e-07
975	5.63272e-07
976	5.61932e-07
977	5.6822e-07
978	5.62634e-07
979	5.52398e-07
980	5.48549e-07
981	5.60451e-07
982	5.70551e-07
983	5.59489e-07
984	5.53161e-07
985	5.52918e-07
986	5.68851e-07
987	5.57257e-07
988	5.55787e-07
989	5.56322e-07
990	5.79082e-07
991	5.67489e-07
992	5.58038e-07
993	5.82213e-07
994	5.89949e-07
995	5.87131e-07
996	5.59908e-07
997	5.8074e-07
998	5.87854e-07
999	5.99738e-07
1000	5.77708e-07
