/*--------------------------------*- C++ -*----------------------------------*\
| =========                 |                                                 |
| \\      /  F ield         | OpenFOAM: The Open Source CFD Toolbox           |
|  \\    /   O peration     | Version:  v1912                                 |
|   \\  /    A nd           | Website:  www.openfoam.com                      |
|    \\/     M anipulation  |                                                 |
\*---------------------------------------------------------------------------*/
FoamFile
{
    version     2.0;
    format      ascii;
    class       volVectorField;
    location    "150";
    object      U;
}
// * * * * * * * * * * * * * * * * * * * * * * * * * * * * * * * * * * * * * //

dimensions      [0 1 -1 0 0 0 0];


internalField   nonuniform List<vector> 
2000
(
(0.843124 0.195894 0)
(0.511695 0.132651 0)
(0.222182 0.0718663 0)
(0.0611344 0.0151933 7.35475e-20)
(-0.00471329 -0.0308227 1.61723e-17)
(-0.0578133 -0.0466084 1.46351e-17)
(-0.0676987 -0.0369179 0)
(-0.0630897 -0.00521224 0)
(-0.0520242 0.0273077 0)
(-0.049556 0.0241985 3.23521e-17)
(-0.0423511 0.0126871 -2.00541e-17)
(-0.0372533 0.00777362 -1.86779e-17)
(-0.042955 0.00607435 0)
(-0.0475674 0.00566589 0)
(-0.0487079 0.00595911 -1.44548e-17)
(-0.0493043 0.00732877 0)
(-0.0514058 0.0082409 1.28256e-17)
(-0.0544901 0.00868771 -1.39987e-21)
(-0.0579371 0.00896673 1.22273e-17)
(-0.0616909 0.00938323 -5.98427e-18)
(-0.0659476 0.0100262 1.17408e-17)
(-0.0709262 0.0109113 0)
(-0.0768195 0.0120319 0)
(-0.0837968 0.01335 6.19758e-21)
(-0.0919822 0.0147781 0)
(-0.101418 0.0161772 -5.36092e-18)
(-0.112039 0.0173771 0)
(-0.123659 0.0182079 5.15544e-18)
(-0.135978 0.0185281 0)
(-0.148612 0.0182384 0)
(-0.161143 0.0172984 0)
(-0.173168 0.0157273 1.20258e-18)
(-0.184331 0.013594 0)
(-0.194343 0.0110001 -5.91197e-19)
(-0.202996 0.00806244 1.96859e-14)
(-0.210165 0.00489964 1.95674e-14)
(-0.215792 0.00162258 6.04396e-19)
(-0.219844 -0.00167381 -6.08272e-19)
(-0.222276 -0.00489487 0)
(-0.223124 -0.00789483 2.56171e-18)
(-0.222805 -0.0105858 0)
(-0.221559 -0.0130087 -2.73841e-18)
(-0.219321 -0.0152727 0)
(-0.2161 -0.017426 -5.90669e-18)
(-0.211872 -0.0194821 3.09968e-18)
(-0.206606 -0.0214376 0)
(-0.200265 -0.02328 0)
(-0.192811 -0.0249917 -3.62026e-18)
(-0.184209 -0.0265519 0)
(-0.174425 -0.0279378 4.0494e-18)
(-0.163432 -0.0291255 0)
(-0.151208 -0.0300897 9.29133e-18)
(-0.137737 -0.0308034 -9.95493e-18)
(-0.123003 -0.0312408 1.06916e-17)
(-0.10699 -0.0313825 -5.70876e-18)
(-0.0896967 -0.0312182 0)
(-0.0711198 -0.0307301 6.65422e-18)
(-0.0512689 -0.0299 -7.20656e-18)
(-0.0301893 -0.0287047 -1.57956e-17)
(-0.00797773 -0.0270954 1.69181e-17)
(0.015411 -0.0249816 -1.76483e-17)
(0.0401271 -0.022353 1.77962e-17)
(0.0660032 -0.0192278 -1.78901e-17)
(0.0930669 -0.015616 1.81911e-17)
(0.121329 -0.0115205 -2.90537e-19)
(0.150785 -0.00693943 1.78099e-17)
(0.181436 -0.00186898 0)
(0.213301 0.00369603 0)
(0.24642 0.0097617 4.19308e-19)
(0.280854 0.0163352 0)
(0.316692 0.0234247 1.66329e-17)
(0.354062 0.0310392 0)
(0.393133 0.0391852 1.5295e-17)
(0.434187 0.0478691 -6.54019e-19)
(0.477466 0.0570576 1.3314e-17)
(0.523995 0.0667483 2.32166e-17)
(0.572941 0.0765852 8.24695e-19)
(0.632238 0.0865864 -8.36427e-18)
(0.681081 0.0948666 -5.62177e-18)
(0.800738 0.0971778 0)
(1.01525 0.211454 0)
(0.942826 0.196056 0)
(0.799524 0.180991 -4.45866e-18)
(0.646028 0.151794 9.4122e-18)
(0.497054 0.108986 0)
(0.345484 0.0652152 -1.03447e-17)
(0.198248 0.024246 0)
(0.0581922 -0.00898835 0)
(-0.0260763 -0.014083 0)
(-0.034303 -0.0241144 -2.39077e-17)
(-0.051148 -0.0183267 2.2149e-17)
(-0.048864 0.00638765 2.06088e-17)
(-0.0441059 0.0221988 0)
(-0.0455081 0.0182782 8.61558e-18)
(-0.047058 0.011178 0)
(-0.0498263 0.0104646 0)
(-0.053814 0.0118991 0)
(-0.0578581 0.0130913 6.80468e-18)
(-0.0617181 0.0139664 -1.32456e-17)
(-0.0655623 0.014971 -6.45589e-18)
(-0.0696125 0.0163138 0)
(-0.0739436 0.0179974 0)
(-0.0785507 0.0199807 0)
(-0.0834105 0.0222083 -8.85641e-18)
(-0.0884851 0.0245568 0)
(-0.0936972 0.0268192 5.66192e-18)
(-0.0989098 0.0287375 2.77779e-18)
(-0.103929 0.0300585 0)
(-0.108533 0.0305827 0)
(-0.112515 0.0301944 0)
(-0.115711 0.0288734 0)
(-0.118014 0.026687 -6.38162e-19)
(-0.119379 0.0237682 0)
(-0.119826 0.0202886 3.14259e-19)
(-0.119421 0.0164305 1.55979e-19)
(-0.118276 0.0123647 0)
(-0.116563 0.00824591 0)
(-0.11448 0.00421645 6.38321e-19)
(-0.112085 0.000345969 0)
(-0.109575 -0.00335186 -1.32449e-18)
(-0.106709 -0.00684187 0)
(-0.103156 -0.0101646 -1.38713e-18)
(-0.0989316 -0.0134144 0)
(-0.0939678 -0.0166374 1.50835e-18)
(-0.0881918 -0.0198469 1.54367e-18)
(-0.0815441 -0.0230341 0)
(-0.0739759 -0.026177 0)
(-0.0654458 -0.0292457 -3.53556e-18)
(-0.0559186 -0.032205 0)
(-0.0453643 -0.0350172 -3.83815e-20)
(-0.0337576 -0.037643 0)
(-0.021078 -0.0400431 0)
(-0.00731109 -0.0421777 0)
(0.00755667 -0.0440007 0)
(0.0235223 -0.0454718 1.01122e-17)
(0.0405768 -0.0465566 0)
(0.0587219 -0.0472186 -1.06956e-17)
(0.0779548 -0.0474235 5.52862e-18)
(0.0982728 -0.0471413 -5.57924e-18)
(0.119676 -0.0463477 -1.15985e-17)
(0.142151 -0.0450146 1.18439e-17)
(0.165656 -0.0431257 -1.20672e-17)
(0.190153 -0.0406535 1.22657e-17)
(0.215656 -0.0375899 0)
(0.242182 -0.0339339 -1.8689e-17)
(0.269749 -0.0296877 -1.26572e-17)
(0.298379 -0.024856 0)
(0.328114 -0.0194462 6.12686e-18)
(0.359009 -0.013468 1.26056e-17)
(0.391145 -0.0069338 0)
(0.424627 0.000140369 0)
(0.459595 0.00773233 0)
(0.496232 0.0158062 0)
(0.534781 0.0243043 -1.079e-17)
(0.575543 0.0330981 4.60151e-18)
(0.619001 0.0420108 -9.01613e-18)
(0.665332 0.050392 7.75374e-18)
(0.716734 0.0579174 -2.63576e-18)
(0.764968 0.0611362 0)
(0.845538 0.0555211 0)
(0.978937 0.202903 0)
(0.979956 0.196497 -3.67937e-18)
(0.969217 0.2097 4.39879e-18)
(0.935918 0.213204 -3.9407e-18)
(0.869979 0.198594 3.82812e-18)
(0.771589 0.171827 3.87949e-18)
(0.649173 0.139781 0)
(0.51436 0.105378 0)
(0.376434 0.0711 0)
(0.254367 0.0380941 9.90763e-18)
(0.139044 0.008982 0)
(0.0397444 -0.00750197 0)
(0.000261588 -0.000708067 0)
(-0.00403143 -0.00102475 -9.9518e-18)
(-0.0143533 0.00157032 0)
(-0.0186598 0.0104803 -8.48998e-18)
(-0.0221179 0.0161676 0)
(-0.0260533 0.0170685 7.82355e-18)
(-0.0298234 0.0164969 3.79836e-18)
(-0.0330287 0.0166164 0)
(-0.0355903 0.017621 -3.60658e-18)
(-0.0375729 0.0191116 0)
(-0.0389593 0.0208783 0)
(-0.039723 0.0228343 6.73451e-18)
(-0.0398768 0.0248598 0)
(-0.0394648 0.0267447 1.61894e-18)
(-0.0385447 0.0282211 -4.75707e-18)
(-0.0371798 0.0290264 0)
(-0.0354417 0.0289611 0)
(-0.0334121 0.0279277 -7.51744e-19)
(-0.0311732 0.0259379 0)
(-0.0287959 0.0230968 1.69661e-21)
(-0.0263307 0.0195742 0)
(-0.0238023 0.0155734 7.16043e-19)
(-0.0212106 0.0113055 8.938e-20)
(-0.0185163 0.00695873 0)
(-0.0156164 0.0026742 1.8039e-19)
(-0.0124507 -0.00145722 -3.64352e-19)
(-0.00892521 -0.00530365 -3.69047e-19)
(-0.00501605 -0.00891843 -7.50997e-19)
(-0.000533831 -0.0124653 7.66386e-19)
(0.00463835 -0.0160758 7.82466e-19)
(0.0105117 -0.0197821 0)
(0.0171003 -0.0235827 1.63055e-18)
(0.0244254 -0.02746 -3.33712e-18)
(0.0325095 -0.0313862 0)
(0.0413743 -0.0353264 -1.75697e-18)
(0.0510407 -0.0392408 3.62531e-18)
(0.0615274 -0.0430862 0)
(0.0728506 -0.0468169 -1.93219e-18)
(0.085024 -0.0503859 1.97933e-18)
(0.0980575 -0.0537454 -2.04197e-18)
(0.111957 -0.0568483 -2.1066e-18)
(0.126727 -0.0596465 0)
(0.142367 -0.0620941 -4.50538e-18)
(0.158872 -0.0641443 -2.30676e-18)
(0.176238 -0.0657542 2.40802e-18)
(0.19446 -0.0668859 2.43852e-18)
(0.213534 -0.0675083 5.04897e-18)
(0.233454 -0.0675996 0)
(0.254212 -0.0671488 0)
(0.275798 -0.0661442 0)
(0.298209 -0.0645667 -2.71174e-18)
(0.32146 -0.0624082 0)
(0.345576 -0.0596722 5.64763e-18)
(0.37059 -0.0563698 0)
(0.396547 -0.0525174 -2.79831e-18)
(0.423508 -0.0481366 -5.70647e-18)
(0.45155 -0.043254 0)
(0.480775 -0.0379014 -2.71767e-18)
(0.511305 -0.0321177 2.65007e-18)
(0.543291 -0.0259519 0)
(0.576918 -0.0194711 0)
(0.612404 -0.0127741 0)
(0.64999 -0.00602009 -4.36177e-18)
(0.690001 0.000529917 0)
(0.732429 0.0063971 -1.52215e-18)
(0.778544 0.0109109 2.51603e-18)
(0.821755 0.0125815 0)
(0.888794 0.00863952 3.77999e-19)
(0.970709 0.210797 0)
(0.964256 0.199167 2.07363e-18)
(0.96663 0.2048 0)
(0.976259 0.213721 2.18404e-18)
(0.978815 0.216545 -3.96716e-18)
(0.96144 0.211958 -1.84341e-18)
(0.919058 0.201096 0)
(0.853309 0.18386 0)
(0.765667 0.159619 0)
(0.661615 0.131204 1.90391e-18)
(0.547843 0.102392 1.97678e-18)
(0.430149 0.074396 0)
(0.317288 0.0489894 0)
(0.221216 0.0271059 0)
(0.142583 0.0125057 0)
(0.0871584 0.0066032 8.66893e-18)
(0.0598179 0.00718734 -4.30937e-18)
(0.0485855 0.00981043 0)
(0.041915 0.0124586 -4.17999e-18)
(0.0367602 0.0149256 2.05898e-18)
(0.0329597 0.0168476 4.037e-18)
(0.0305902 0.0180891 0)
(0.0296777 0.0189875 0)
(0.0301446 0.0199026 -3.79642e-18)
(0.0318805 0.0209439 0)
(0.0347464 0.0219949 -1.81037e-18)
(0.0385623 0.0228268 1.76496e-18)
(0.0431101 0.0231962 0)
(0.0481526 0.0229101 0)
(0.053462 0.0218607 8.16753e-19)
(0.0588457 0.0200321 0)
(0.0641666 0.0174848 -7.80756e-19)
(0.0693483 0.0143336 0)
(0.074376 0.0107181 -1.87906e-19)
(0.0792801 0.00678527 -9.36306e-20)
(0.0841498 0.00266429 -2.3422e-20)
(0.0890742 -0.00153778 -2.79347e-19)
(0.0942109 -0.00577611 3.71755e-19)
(0.0997355 -0.0100353 3.73089e-19)
(0.105708 -0.0142829 1.12946e-18)
(0.112209 -0.0185414 -3.78716e-19)
(0.119295 -0.022861 3.84318e-19)
(0.126983 -0.0272703 0)
(0.135273 -0.0317746 8.03413e-19)
(0.144167 -0.0363619 8.16109e-19)
(0.153666 -0.0410081 0)
(0.163772 -0.0456799 1.72262e-18)
(0.174487 -0.0503376 8.88073e-19)
(0.185814 -0.0549363 0)
(0.197753 -0.0594278 -2.82339e-18)
(0.210306 -0.0637615 -1.94106e-18)
(0.223471 -0.0678854 1.00093e-18)
(0.237246 -0.0717472 2.07009e-18)
(0.251625 -0.0752945 0)
(0.266603 -0.0784768 1.10324e-18)
(0.282176 -0.0812465 3.41612e-18)
(0.298336 -0.0835601 2.34932e-18)
(0.31508 -0.0853793 -2.41963e-18)
(0.332406 -0.086673 -1.23928e-18)
(0.350314 -0.0874186 0)
(0.368808 -0.0876013 0)
(0.387896 -0.0872115 0)
(0.407596 -0.0862434 4.08098e-18)
(0.427938 -0.0847004 1.37325e-18)
(0.448964 -0.0825959 0)
(0.47073 -0.0799514 -2.79959e-18)
(0.493304 -0.0767947 2.84724e-18)
(0.516772 -0.07316 -2.8012e-18)
(0.541237 -0.0690868 -2.77702e-18)
(0.566819 -0.0646206 5.2495e-20)
(0.593662 -0.0598136 -2.72106e-18)
(0.621929 -0.0547283 0)
(0.651807 -0.0494424 0)
(0.683501 -0.0440608 0)
(0.717211 -0.0387313 0)
(0.753185 -0.0336812 0)
(0.79129 -0.0292361 3.08493e-18)
(0.832607 -0.0259238 -1.15087e-18)
(0.870885 -0.0243213 0)
(0.93032 -0.025934 -3.91538e-19)
(0.972919 0.21779 0)
(0.965116 0.206378 2.41432e-18)
(0.95735 0.202154 3.1382e-19)
(0.958488 0.203285 2.44652e-18)
(0.968834 0.206088 0)
(0.98094 0.208565 -2.14143e-18)
(0.986616 0.209209 0)
(0.980287 0.206193 -4.88672e-19)
(0.958002 0.198053 0)
(0.917104 0.184729 -2.22337e-18)
(0.858148 0.167615 -1.74418e-18)
(0.783661 0.147326 -4.44292e-19)
(0.695899 0.124181 4.45872e-19)
(0.600611 0.099927 0)
(0.503372 0.0768011 4.55548e-19)
(0.409465 0.0562053 0)
(0.327553 0.0393641 3.76442e-18)
(0.263511 0.027228 -4.90254e-19)
(0.217519 0.0197941 0)
(0.186981 0.0161647 -2.48962e-18)
(0.167874 0.0149544 0)
(0.156269 0.0149704 0)
(0.149378 0.0154819 0)
(0.145628 0.0161042 0)
(0.144266 0.0166331 -2.36431e-19)
(0.144917 0.0169553 0)
(0.1473 0.0169921 0)
(0.151112 0.0166626 1.11194e-19)
(0.156022 0.0158795 0)
(0.161706 0.0145689 0)
(0.167877 0.0126929 0)
(0.174314 0.010255 -5.10861e-20)
(0.180856 0.00730192 0)
(0.187409 0.00388888 -2.21244e-19)
(0.193955 8.29161e-05 0)
(0.200548 -0.00401177 2.40814e-20)
(0.207277 -0.00832235 1.19907e-19)
(0.214218 -0.0127755 2.41367e-20)
(0.221462 -0.0173482 -4.83772e-20)
(0.229073 -0.022017 -3.85436e-19)
(0.237102 -0.0267728 -3.89222e-19)
(0.245584 -0.031621 3.94347e-19)
(0.254528 -0.036565 -1.01146e-19)
(0.263931 -0.0415986 -8.16894e-19)
(0.273782 -0.0467054 8.34746e-19)
(0.284068 -0.0518597 -1.07812e-19)
(0.294779 -0.0570281 0)
(0.3059 -0.0621705 -9.02775e-19)
(0.31742 -0.0672417 0)
(0.329327 -0.0721927 9.59487e-19)
(0.341608 -0.0769718 0)
(0.354252 -0.0815257 1.02418e-18)
(0.367246 -0.0858009 0)
(0.38058 -0.0897447 -2.74855e-19)
(0.394243 -0.0933066 -1.13265e-18)
(0.408228 -0.0964399 -1.17074e-18)
(0.422531 -0.0991031 3.02541e-19)
(0.43715 -0.101261 0)
(0.45209 -0.102887 1.28547e-18)
(0.467364 -0.103962 -3.29732e-19)
(0.482988 -0.104476 0)
(0.49899 -0.104428 3.45871e-19)
(0.515409 -0.103824 -1.41991e-18)
(0.532296 -0.102678 -1.4458e-18)
(0.549717 -0.101016 0)
(0.56775 -0.0988679 2.96456e-18)
(0.586491 -0.0962729 0)
(0.606049 -0.093275 2.98196e-18)
(0.626551 -0.0899235 2.96324e-18)
(0.648139 -0.0862723 2.92202e-18)
(0.670975 -0.0823807 3.51448e-19)
(0.695236 -0.0783149 0)
(0.721114 -0.0741512 0)
(0.74881 -0.0699836 0)
(0.778507 -0.0659276 -2.73111e-19)
(0.810432 -0.0621521 0)
(0.844372 -0.0588332 -1.4293e-18)
(0.881488 -0.0563476 1.39144e-18)
(0.915445 -0.0547531 9.36424e-20)
(0.969695 -0.0546324 4.89843e-20)
(0.974031 0.220517 -1.50356e-18)
(0.969589 0.211788 1.45867e-18)
(0.961606 0.205775 -3.5555e-19)
(0.955325 0.20258 0)
(0.954925 0.200715 0)
(0.960637 0.199767 0)
(0.970523 0.199755 0)
(0.981803 0.199939 1.67888e-18)
(0.990817 0.19899 0)
(0.993056 0.195658 -1.51361e-18)
(0.98468 0.189354 -1.90346e-18)
(0.963651 0.179962 4.43775e-19)
(0.928994 0.167446 1.33308e-18)
(0.880757 0.15182 0)
(0.820334 0.133882 -2.09079e-18)
(0.750169 0.114696 0)
(0.67566 0.0955726 -1.69021e-18)
(0.603057 0.0778751 4.25797e-19)
(0.536251 0.0623613 -1.77844e-18)
(0.477656 0.0493463 -1.37061e-18)
(0.428695 0.0388993 0)
(0.389779 0.0308991 0)
(0.36035 0.025048 -9.37542e-19)
(0.339144 0.0209202 0)
(0.324603 0.0180427 -7.00859e-19)
(0.315252 0.015969 0)
(0.309874 0.0143163 0)
(0.307539 0.0127736 -1.11119e-19)
(0.307547 0.0111017 0)
(0.309362 0.00913464 0)
(0.312556 0.00677956 0)
(0.316799 0.0040018 5.22548e-20)
(0.321821 0.000784722 2.0907e-19)
(0.327407 -0.00285075 1.28793e-19)
(0.33345 -0.0068411 0)
(0.339879 -0.0111416 0)
(0.346647 -0.015701 -2.48403e-20)
(0.353749 -0.0204633 -1.25697e-19)
(0.361198 -0.02539 4.97973e-20)
(0.369008 -0.030453 0)
(0.377189 -0.0356324 0)
(0.385745 -0.0409157 -2.08577e-19)
(0.394665 -0.0462907 1.04418e-19)
(0.403933 -0.0517408 -4.32271e-19)
(0.413523 -0.0572433 4.41827e-19)
(0.423411 -0.062769 1.11622e-19)
(0.433568 -0.0682829 0)
(0.443968 -0.0737439 4.78255e-19)
(0.454584 -0.0791067 0)
(0.465389 -0.0843222 0)
(0.47636 -0.0893388 0)
(0.487474 -0.094104 0)
(0.49871 -0.0985653 0)
(0.510053 -0.102672 2.88907e-19)
(0.521489 -0.106377 0)
(0.533013 -0.109637 1.24486e-18)
(0.544623 -0.112415 -3.20661e-19)
(0.556328 -0.114683 0)
(0.568145 -0.116421 1.36961e-18)
(0.580099 -0.117618 3.52696e-19)
(0.592229 -0.118273 1.4485e-18)
(0.604583 -0.118394 -3.72281e-19)
(0.617223 -0.117998 0)
(0.630227 -0.117111 -1.54674e-18)
(0.643683 -0.115767 0)
(0.657696 -0.114007 0)
(0.672383 -0.111878 -1.59833e-18)
(0.687876 -0.109431 0)
(0.704322 -0.106722 0)
(0.721879 -0.103809 -1.56829e-18)
(0.740721 -0.100754 -3.87077e-19)
(0.761035 -0.0976226 0)
(0.783016 -0.0944829 0)
(0.806871 -0.0914134 0)
(0.832769 -0.0884943 3.02019e-19)
(0.860953 -0.085838 -1.0465e-18)
(0.891146 -0.0834964 -2.19735e-19)
(0.924711 -0.0817148 -1.67199e-19)
(0.95501 -0.0802632 -1.03407e-19)
(1.00548 -0.0789878 -2.62323e-19)
(0.974215 0.22153 5.21874e-18)
(0.971746 0.214826 -5.03305e-18)
(0.96669 0.209677 0)
(0.960967 0.206 -3.21396e-18)
(0.956635 0.20243 0)
(0.954646 0.198596 -2.93802e-18)
(0.955719 0.195143 0)
(0.960617 0.192507 3.97604e-18)
(0.969282 0.190456 -4.97031e-18)
(0.980177 0.188424 2.28885e-18)
(0.990695 0.185826 2.14814e-18)
(0.998069 0.182144 0)
(0.999798 0.176788 -5.82393e-18)
(0.993571 0.169134 -3.71857e-18)
(0.977731 0.15912 5.278e-18)
(0.951594 0.147067 0)
(0.916479 0.133565 1.64577e-18)
(0.875088 0.119356 0)
(0.829858 0.105026 1.66493e-18)
(0.782981 0.0910815 1.68414e-18)
(0.736495 0.077946 0)
(0.692167 0.0659081 0)
(0.651407 0.0551237 -9.1131e-19)
(0.615235 0.045642 0)
(0.584275 0.0374275 8.85307e-19)
(0.558762 0.0303715 0)
(0.538568 0.0243061 0)
(0.52327 0.0190249 0)
(0.512257 0.0143079 0)
(0.504843 0.00994462 0)
(0.500366 0.005754 0)
(0.498228 0.00158231 0)
(0.497976 -0.00267161 2.20932e-19)
(0.499217 -0.00708017 -1.05179e-19)
(0.501636 -0.0116898 5.32526e-20)
(0.505 -0.016524 0)
(0.509149 -0.0215786 0)
(0.513972 -0.0268296 1.04071e-19)
(0.519385 -0.0322452 -4.2755e-19)
(0.525319 -0.0377939 4.31516e-19)
(0.531718 -0.0434487 0)
(0.538531 -0.049187 1.10477e-18)
(0.545708 -0.0549883 -9.03738e-19)
(0.553201 -0.0608301 -4.70261e-19)
(0.560961 -0.0666857 -4.63734e-19)
(0.56894 -0.0725238 0)
(0.577089 -0.0783078 0)
(0.585362 -0.0839962 -1.53324e-18)
(0.593714 -0.0895441 0)
(0.602106 -0.0949032 0)
(0.610499 -0.100024 0)
(0.618864 -0.104857 1.17482e-18)
(0.627174 -0.109352 2.43471e-18)
(0.635412 -0.113466 0)
(0.643568 -0.117156 0)
(0.651642 -0.120386 -1.34683e-18)
(0.659647 -0.123129 0)
(0.667604 -0.125365 2.90241e-18)
(0.67555 -0.127083 1.50226e-18)
(0.683533 -0.128284 0)
(0.691614 -0.128977 1.59142e-18)
(0.69987 -0.129179 3.27045e-18)
(0.708387 -0.12892 3.3501e-18)
(0.717265 -0.128233 1.71628e-18)
(0.726619 -0.12716 -3.48068e-18)
(0.736572 -0.12575 3.52654e-18)
(0.747258 -0.124055 5.34313e-18)
(0.758823 -0.122131 0)
(0.771423 -0.120035 0)
(0.785223 -0.117827 1.76453e-18)
(0.800401 -0.115568 0)
(0.817144 -0.113318 3.31512e-18)
(0.835646 -0.11114 3.15666e-18)
(0.856111 -0.109095 0)
(0.878702 -0.107233 2.68224e-18)
(0.903694 -0.105619 -1.17108e-18)
(0.930745 -0.10421 0)
(0.961487 -0.103136 0)
(0.988844 -0.102009 0)
(1.03671 -0.100042 -2.23669e-19)
(0.974268 0.222145 -3.99239e-18)
(0.97248 0.216649 3.83833e-18)
(0.969039 0.212052 -7.57915e-18)
(0.965137 0.208415 3.64034e-18)
(0.9617 0.204783 0)
(0.9587 0.200565 3.3307e-18)
(0.956144 0.195945 -6.42146e-18)
(0.954817 0.19129 -6.02503e-18)
(0.955824 0.186783 -8.73017e-20)
(0.959849 0.182515 0)
(0.966869 0.178545 0)
(0.97622 0.174757 4.86456e-18)
(0.986708 0.170756 4.48059e-18)
(0.996618 0.166012 -4.41359e-18)
(1.004 0.16019 -1.21057e-17)
(1.00706 0.153113 0)
(1.00466 0.144809 0)
(0.996599 0.135519 0)
(0.983331 0.125496 0)
(0.965597 0.115008 0)
(0.944308 0.104301 0)
(0.920424 0.0935785 0)
(0.894889 0.0830151 1.76345e-18)
(0.868607 0.0727635 -3.63316e-18)
(0.842424 0.0629443 0)
(0.81711 0.0536322 0)
(0.793333 0.044854 0)
(0.771631 0.0365955 0)
(0.752389 0.0288133 0)
(0.735831 0.0214452 -9.16707e-19)
(0.72202 0.0144167 0)
(0.710901 0.007658 0)
(0.702239 0.00107606 1.22991e-20)
(0.69596 -0.00537051 0)
(0.691806 -0.0117255 -5.51738e-20)
(0.689428 -0.0180051 0)
(0.688497 -0.0242298 2.27175e-19)
(0.688744 -0.0304272 0)
(0.689957 -0.0366232 9.09825e-19)
(0.691969 -0.0428349 -4.54581e-19)
(0.694644 -0.0490687 -9.46747e-19)
(0.69787 -0.0553212 -9.40676e-19)
(0.701548 -0.0615797 9.6101e-19)
(0.705585 -0.0678235 9.84447e-19)
(0.709894 -0.0740249 2.06653e-18)
(0.714395 -0.0801504 2.12519e-18)
(0.719013 -0.0861624 0)
(0.723678 -0.0920199 -1.15117e-18)
(0.728331 -0.0976794 0)
(0.73292 -0.103097 0)
(0.737401 -0.108226 -2.51011e-18)
(0.741742 -0.113026 -1.2855e-18)
(0.745923 -0.117453 3.06752e-20)
(0.749934 -0.121471 0)
(0.75378 -0.125049 0)
(0.75748 -0.128162 0)
(0.761067 -0.130793 3.13946e-18)
(0.76459 -0.132934 -3.24013e-18)
(0.768109 -0.134586 -3.35832e-18)
(0.771703 -0.135761 0)
(0.775458 -0.136478 -3.58848e-18)
(0.779474 -0.136764 -1.00486e-21)
(0.783861 -0.136655 -3.79749e-18)
(0.788737 -0.136192 3.88086e-18)
(0.794228 -0.135421 1.00011e-20)
(0.800466 -0.134395 -4.02763e-18)
(0.807589 -0.133165 -4.06945e-18)
(0.815742 -0.131789 0)
(0.825076 -0.130323 0)
(0.835749 -0.128825 0)
(0.847928 -0.127354 0)
(0.861791 -0.125965 -3.82152e-18)
(0.877518 -0.124712 -3.6411e-18)
(0.89531 -0.123645 0)
(0.915319 -0.12279 -3.0946e-18)
(0.937856 -0.12218 5.43019e-18)
(0.962516 -0.121702 0)
(0.991238 -0.121379 0)
(1.01641 -0.12075 0)
(1.06282 -0.118473 1.02926e-18)
(0.974307 0.222605 9.39446e-18)
(0.972772 0.217909 0)
(0.969909 0.213548 1.73148e-17)
(0.966845 0.20974 0)
(0.964429 0.20606 8.09099e-18)
(0.962483 0.202023 0)
(0.960477 0.197509 7.27672e-18)
(0.958351 0.192577 0)
(0.956546 0.187278 -6.7656e-18)
(0.95567 0.181708 0)
(0.956323 0.176057 1.20157e-17)
(0.959034 0.17049 -5.59326e-18)
(0.964106 0.165016 0)
(0.971403 0.159497 9.95192e-18)
(0.980308 0.153785 -1.95282e-19)
(0.989883 0.147709 -9.0383e-18)
(0.998876 0.14119 8.75028e-18)
(1.00616 0.134254 0)
(1.01109 0.126901 0)
(1.0134 0.119163 8.25349e-18)
(1.01304 0.111102 0)
(1.01015 0.102792 -4.03141e-18)
(1.00497 0.0943136 0)
(0.997822 0.0857417 3.86808e-18)
(0.989029 0.0771369 0)
(0.978944 0.0685402 3.94786e-18)
(0.967917 0.0599769 0)
(0.956285 0.0514639 0)
(0.944369 0.0430147 1.96841e-18)
(0.932471 0.034642 9.56842e-19)
(0.920865 0.0263562 0)
(0.90978 0.0181626 0)
(0.899432 0.0100683 -1.47959e-18)
(0.889815 0.00205712 0)
(0.881121 -0.00587389 0)
(0.873514 -0.0137163 0)
(0.867069 -0.0214491 -2.43806e-19)
(0.861781 -0.0290546 0)
(0.857582 -0.0365242 -1.5232e-18)
(0.854356 -0.0438551 -1.04018e-18)
(0.851962 -0.0510469 1.0281e-18)
(0.850249 -0.0580987 0)
(0.84907 -0.065007 0)
(0.848287 -0.0717642 2.264e-18)
(0.847777 -0.078357 -2.27224e-18)
(0.847435 -0.0847666 -2.34429e-18)
(0.847171 -0.090969 0)
(0.84691 -0.0969357 -4.99878e-20)
(0.846591 -0.102635 2.65266e-18)
(0.846171 -0.108033 0)
(0.845617 -0.113095 2.81494e-18)
(0.844914 -0.11779 2.97012e-18)
(0.844063 -0.122089 -3.05206e-18)
(0.84308 -0.125966 0)
(0.841997 -0.129403 0)
(0.840863 -0.132388 0)
(0.839741 -0.134917 -3.58922e-18)
(0.838707 -0.136995 0)
(0.837851 -0.138633 0)
(0.83727 -0.139852 0)
(0.837071 -0.140678 8.31708e-18)
(0.837364 -0.141144 -4.28341e-18)
(0.838265 -0.141289 0)
(0.83989 -0.141155 -4.51846e-18)
(0.842359 -0.140788 -4.60588e-18)
(0.845793 -0.140238 9.37419e-18)
(0.850314 -0.139557 -9.48218e-18)
(0.856049 -0.138796 -9.53566e-18)
(0.863127 -0.138011 0)
(0.871687 -0.137256 -9.43483e-18)
(0.881874 -0.136585 0)
(0.893844 -0.136051 0)
(0.907761 -0.135703 0)
(0.923817 -0.135582 8.01649e-18)
(0.942146 -0.135702 -7.31143e-18)
(0.963106 -0.13607 -9.63126e-18)
(0.986219 -0.136532 0)
(1.01377 -0.137017 4.08064e-18)
(1.03751 -0.13704 0)
(1.08364 -0.134794 -1.77455e-18)
(0.974319 0.222965 -1.06984e-17)
(0.972879 0.218868 -1.03436e-17)
(0.970246 0.214687 -1.98992e-17)
(0.967477 0.210703 0)
(0.965406 0.206837 -1.84747e-17)
(0.964011 0.202772 -8.86212e-18)
(0.962854 0.198344 0)
(0.96167 0.193539 1.61017e-17)
(0.960421 0.188321 1.5137e-17)
(0.95915 0.182651 0)
(0.957997 0.176574 -1.36477e-17)
(0.957288 0.170201 0)
(0.957484 0.163618 0)
(0.959015 0.15686 1.18156e-17)
(0.962133 0.14996 1.10049e-17)
(0.966909 0.142932 -1.88738e-19)
(0.973042 0.13587 1.92451e-19)
(0.979946 0.128867 0)
(0.987062 0.121873 0)
(0.99393 0.11483 -9.49061e-18)
(1.0002 0.107706 -9.54766e-18)
(1.00564 0.100486 1.40197e-17)
(1.0101 0.0931699 4.65394e-18)
(1.01353 0.0857651 4.60746e-18)
(1.01592 0.0782789 0)
(1.01731 0.0707143 -4.42368e-18)
(1.01778 0.063069 0)
(1.0174 0.0553374 0)
(1.01626 0.0475138 -4.42304e-18)
(1.01446 0.039595 0)
(1.01208 0.0315831 0)
(1.00924 0.0234858 0)
(1.00601 0.0153261 1.09856e-18)
(1.00251 0.00711387 -5.7058e-19)
(0.998652 -0.00111304 2.86017e-19)
(0.994399 -0.00933864 0)
(0.989795 -0.0175377 0)
(0.984909 -0.0256738 0)
(0.979817 -0.0337102 1.14753e-18)
(0.974596 -0.0416152 1.16661e-18)
(0.969311 -0.0493622 -2.44718e-18)
(0.964011 -0.0569286 0)
(0.958725 -0.0642946 0)
(0.953465 -0.0714412 -5.19858e-18)
(0.948224 -0.0783491 -2.70932e-18)
(0.942989 -0.0849977 0)
(0.937739 -0.0913654 0)
(0.932456 -0.0974292 2.93688e-18)
(0.927124 -0.103166 5.41801e-20)
(0.921741 -0.108553 0)
(0.916312 -0.11357 0)
(0.91086 -0.118199 -3.44457e-18)
(0.905421 -0.122425 0)
(0.900047 -0.126238 0)
(0.8948 -0.129635 0)
(0.889756 -0.132616 0)
(0.885 -0.135189 0)
(0.880624 -0.137366 -8.86539e-18)
(0.876722 -0.139167 0)
(0.873393 -0.140615 0)
(0.870734 -0.141738 2.37893e-20)
(0.868842 -0.142568 0)
(0.867813 -0.143142 0)
(0.867741 -0.143498 0)
(0.868719 -0.143678 2.1951e-17)
(0.870842 -0.143728 -1.11725e-17)
(0.874207 -0.143695 1.13175e-17)
(0.878913 -0.143627 2.19354e-21)
(0.885066 -0.143576 0)
(0.892779 -0.143594 1.13085e-17)
(0.902175 -0.143732 -1.1115e-17)
(0.913392 -0.144041 0)
(0.926575 -0.144569 0)
(0.941907 -0.145354 3.34396e-20)
(0.95951 -0.146402 8.8099e-18)
(0.979789 -0.147712 7.75146e-18)
(1.00219 -0.14911 0)
(1.02938 -0.150451 -4.91459e-18)
(1.05239 -0.151243 0)
(1.09933 -0.149398 1.40656e-18)
(0.974304 0.223273 0)
(0.972844 0.21966 2.36525e-17)
(0.970297 0.215615 2.28611e-17)
(0.967692 0.2115 0)
(0.965745 0.207456 1.05569e-17)
(0.964456 0.203256 -1.02631e-17)
(0.963549 0.19874 0)
(0.962874 0.193912 -1.82963e-17)
(0.962379 0.188764 0)
(0.961954 0.183229 0)
(0.961458 0.177271 0)
(0.960842 0.170903 0)
(0.9602 0.164142 0)
(0.959724 0.156994 1.91186e-19)
(0.959637 0.149496 -1.29382e-17)
(0.960196 0.141715 -1.8724e-19)
(0.961596 0.133864 1.89068e-19)
(0.963856 0.126147 0)
(0.966871 0.118587 0)
(0.970472 0.111155 0)
(0.974476 0.103826 -2.02826e-19)
(0.978705 0.0965718 2.05968e-19)
(0.982997 0.0893641 -5.37716e-18)
(0.987214 0.0821789 -5.32296e-18)
(0.991244 0.0749936 0)
(0.995 0.0677855 -5.34637e-18)
(0.998413 0.0605304 5.31582e-18)
(1.00143 0.0532048 0)
(1.00399 0.0457886 2.58004e-18)
(1.00607 0.0382675 2.63721e-18)
(1.00763 0.0306354 0)
(1.00863 0.0228961 0)
(1.00907 0.0150649 1.33346e-18)
(1.00895 0.00716809 -1.70263e-20)
(1.00828 -0.000748209 -6.67319e-19)
(1.00708 -0.00865221 0)
(1.00534 -0.0165254 0)
(1.00306 -0.0243454 -1.38409e-18)
(1.00024 -0.0320867 0)
(0.996895 -0.0397241 -1.42751e-18)
(0.993024 -0.0472337 -6.86298e-20)
(0.988649 -0.0545919 0)
(0.983793 -0.0617753 3.05481e-18)
(0.978487 -0.0687604 6.21537e-18)
(0.972768 -0.0755235 3.17176e-18)
(0.966679 -0.082041 0)
(0.960273 -0.0882899 -6.91426e-18)
(0.953608 -0.0942488 0)
(0.946751 -0.099898 -3.66139e-18)
(0.939774 -0.10522 0)
(0.932754 -0.110202 0)
(0.925774 -0.114831 0)
(0.91892 -0.119102 0)
(0.912278 -0.123011 0)
(0.905938 -0.126558 -9.43554e-18)
(0.899986 -0.129749 9.81896e-18)
(0.894507 -0.13259 0)
(0.889585 -0.135096 1.05536e-17)
(0.885299 -0.137281 -1.10076e-17)
(0.881726 -0.139166 0)
(0.878941 -0.140774 -1.17591e-17)
(0.877019 -0.142133 0)
(0.876034 -0.143274 0)
(0.876059 -0.144233 0)
(0.877173 -0.145047 -1.31353e-17)
(0.879455 -0.145758 1.33986e-17)
(0.882991 -0.146411 -1.35889e-17)
(0.887869 -0.147054 2.74045e-17)
(0.894185 -0.147735 -1.37404e-17)
(0.902046 -0.148504 0)
(0.911564 -0.149414 1.34481e-17)
(0.922869 -0.150514 -1.31239e-17)
(0.936098 -0.151848 0)
(0.951436 -0.153458 5.12976e-20)
(0.968993 -0.155346 -1.09059e-17)
(0.989229 -0.157509 0)
(1.01152 -0.159766 0)
(1.03891 -0.161941 -6.23609e-18)
(1.06165 -0.16348 0)
(1.11026 -0.162433 -1.76001e-18)
(0.974265 0.223567 0)
(0.972691 0.220352 -1.35306e-17)
(0.970126 0.216371 -1.30759e-17)
(0.967637 0.212137 0)
(0.965802 0.20796 2.44346e-17)
(0.964549 0.203639 2.31533e-17)
(0.963661 0.199002 0)
(0.963073 0.194068 2.12328e-17)
(0.962801 0.188859 -2.021e-17)
(0.96279 0.183331 0)
(0.962918 0.177444 0)
(0.963061 0.171188 0)
(0.963142 0.164543 0)
(0.963116 0.157476 -1.5454e-17)
(0.962974 0.149976 -1.50641e-17)
(0.962766 0.142076 1.3956e-17)
(0.962623 0.133984 -4.11742e-17)
(0.962676 0.125941 0)
(0.963007 0.118011 0)
(0.96365 0.110207 1.31805e-17)
(0.964611 0.102533 2.58549e-17)
(0.965871 0.0949837 -1.26923e-17)
(0.96739 0.0875447 0)
(0.969116 0.0801976 0)
(0.970986 0.0729206 -6.29815e-18)
(0.972935 0.0656887 1.24208e-17)
(0.974893 0.0584742 -1.23652e-17)
(0.976788 0.0512497 0)
(0.978542 0.043991 0)
(0.980078 0.0366801 -3.04727e-18)
(0.981319 0.0293064 0)
(0.98219 0.0218687 3.12705e-18)
(0.982632 0.0143754 -1.54304e-18)
(0.982579 0.00684921 -1.61617e-20)
(0.982051 -0.000703814 -8.20031e-21)
(0.981045 -0.00825714 0)
(0.979554 -0.0157857 0)
(0.97758 -0.0232661 -3.34544e-20)
(0.975129 -0.0306733 1.66446e-18)
(0.972215 -0.0379825 5.04915e-18)
(0.968859 -0.0451708 6.85059e-18)
(0.96509 -0.0522167 3.53953e-18)
(0.960938 -0.0591007 -3.56627e-18)
(0.956442 -0.0658045 -3.67017e-18)
(0.951643 -0.0723109 3.84853e-18)
(0.946585 -0.0786034 0)
(0.941319 -0.0846666 8.09954e-18)
(0.935897 -0.0904856 -8.51486e-18)
(0.930375 -0.0960466 0)
(0.924812 -0.101337 0)
(0.919268 -0.106345 0)
(0.913806 -0.11106 0)
(0.908488 -0.115475 0)
(0.903378 -0.119583 0)
(0.898538 -0.123382 1.10599e-17)
(0.894032 -0.12687 -2.30884e-17)
(0.889925 -0.130052 -1.20323e-17)
(0.886281 -0.132934 1.24893e-17)
(0.883169 -0.135527 1.28925e-17)
(0.88066 -0.137849 -1.3408e-17)
(0.878827 -0.139919 1.38603e-17)
(0.877747 -0.141764 0)
(0.8775 -0.143414 1.47206e-17)
(0.878171 -0.144902 -1.51136e-17)
(0.879842 -0.146268 0)
(0.882603 -0.147551 -3.15303e-17)
(0.886541 -0.148796 1.60008e-17)
(0.891751 -0.150049 -3.23678e-17)
(0.898328 -0.151358 1.62475e-17)
(0.906377 -0.152773 0)
(0.916014 -0.154344 1.60608e-17)
(0.927368 -0.156123 1.56748e-17)
(0.94058 -0.158154 -1.51724e-17)
(0.955847 -0.160479 -1.43231e-17)
(0.973285 -0.163105 1.32366e-17)
(0.993416 -0.166032 0)
(1.01557 -0.169074 0)
(1.04319 -0.172073 7.74768e-18)
(1.06574 -0.174272 0)
(1.11637 -0.174376 2.2151e-18)
(0.974202 0.223865 1.63195e-17)
(0.972436 0.220979 0)
(0.969784 0.216985 -3.0272e-17)
(0.967371 0.212637 2.92401e-17)
(0.965642 0.20836 -2.7839e-17)
(0.964439 0.203942 2.67892e-17)
(0.963566 0.199203 0)
(0.96299 0.194172 2.02099e-19)
(0.962734 0.188876 2.30092e-17)
(0.962779 0.183283 0)
(0.96306 0.177364 0)
(0.963508 0.171113 0)
(0.964061 0.164515 3.78481e-17)
(0.964648 0.157534 0)
(0.965186 0.150144 3.37816e-17)
(0.965604 0.142344 0)
(0.965882 0.134317 6.29648e-17)
(0.966043 0.126291 0)
(0.966132 0.118328 0)
(0.966194 0.110448 -3.01091e-17)
(0.966273 0.102666 -1.47873e-17)
(0.966408 0.0949885 0)
(0.966628 0.0874147 0)
(0.966946 0.0799385 0)
(0.967362 0.0725481 7.16921e-18)
(0.967863 0.0652269 -7.13585e-18)
(0.968428 0.0579543 -1.07684e-19)
(0.969019 0.0507083 0)
(0.969593 0.0434689 7.20193e-18)
(0.970097 0.0362196 0)
(0.970475 0.02895 0)
(0.970672 0.0216562 -3.57557e-18)
(0.970637 0.0143417 1.83154e-18)
(0.970326 0.00701752 -1.56604e-20)
(0.969718 -0.000324777 4.56331e-19)
(0.968785 -0.00766184 0)
(0.967508 -0.0149675 0)
(0.965881 -0.0222211 1.87498e-18)
(0.963904 -0.0294037 -1.903e-18)
(0.961582 -0.0364972 -3.87393e-18)
(0.958925 -0.0434843 -3.95395e-18)
(0.95595 -0.0503494 -4.04621e-18)
(0.952675 -0.0570776 0)
(0.949124 -0.0636541 0)
(0.945322 -0.0700642 -4.39764e-18)
(0.941297 -0.0762928 -9.20132e-18)
(0.93708 -0.0823246 0)
(0.932707 -0.088144 1.95651e-17)
(0.928212 -0.0937358 0)
(0.923637 -0.0990851 0)
(0.919023 -0.104178 -1.09803e-17)
(0.914417 -0.109003 1.14056e-17)
(0.909867 -0.113549 1.18518e-17)
(0.905427 -0.117809 0)
(0.901158 -0.121779 1.27999e-17)
(0.897124 -0.125458 2.65146e-17)
(0.893397 -0.128851 -7.47679e-20)
(0.890052 -0.131967 -1.42557e-17)
(0.887171 -0.134818 0)
(0.88484 -0.137424 1.53103e-17)
(0.883142 -0.139806 5.31553e-20)
(0.882163 -0.141991 0)
(0.881986 -0.144008 -3.36925e-17)
(0.882688 -0.145889 -4.07897e-20)
(0.884344 -0.147668 0)
(0.887029 -0.149383 1.80605e-17)
(0.890814 -0.151071 0)
(0.895777 -0.152776 1.85727e-17)
(0.902001 -0.154542 -1.87234e-17)
(0.909584 -0.156417 -1.87136e-17)
(0.918637 -0.158453 -1.85045e-17)
(0.929297 -0.160703 1.8207e-17)
(0.941716 -0.163216 1.75734e-17)
(0.956113 -0.166045 0)
(0.972631 -0.169208 0)
(0.99186 -0.17273 0)
(1.01316 -0.176421 0)
(1.04025 -0.18026 0)
(1.06228 -0.183061 0)
(1.11413 -0.184982 0)
(0.974111 0.22418 1.87412e-17)
(0.972088 0.221553 0)
(0.96931 0.21748 3.45321e-17)
(0.966952 0.213027 2.22907e-19)
(0.96531 0.208674 0)
(0.964149 0.204171 -6.12843e-17)
(0.963304 0.199346 0)
(0.962758 0.194238 -2.77824e-17)
(0.96252 0.188873 2.66489e-17)
(0.962564 0.183218 -2.53446e-17)
(0.962842 0.177246 4.81772e-17)
(0.963313 0.170953 -4.57742e-17)
(0.96395 0.16433 -4.30869e-17)
(0.964717 0.157352 0)
(0.965557 0.149996 3.92586e-17)
(0.966406 0.142254 0)
(0.967202 0.134297 -7.23763e-17)
(0.967901 0.126344 3.57697e-17)
(0.968493 0.118447 0)
(0.968981 0.110617 1.71937e-17)
(0.969381 0.102865 0)
(0.969716 0.0951978 0)
(0.970012 0.0876163 -1.69026e-17)
(0.97029 0.0801181 0)
(0.970566 0.0726965 0)
(0.970847 0.0653403 0)
(0.971131 0.0580351 8.18222e-18)
(0.971407 0.0507646 0)
(0.971654 0.0435132 1.12173e-19)
(0.971842 0.0362682 8.28945e-18)
(0.971936 0.0290208 0)
(0.971901 0.0217673 0)
(0.9717 0.0145087 -2.07645e-18)
(0.971306 0.00724823 1.04782e-18)
(0.970675 -1.00202e-05 0)
(0.969777 -0.00724989 5.36884e-19)
(0.968588 -0.014451 1.0834e-18)
(0.967097 -0.0215966 0)
(0.965297 -0.0286719 0)
(0.963187 -0.0356614 4.52509e-18)
(0.960768 -0.0425502 0)
(0.958048 -0.0493234 -4.71869e-18)
(0.955034 -0.0559667 4.83589e-18)
(0.95174 -0.0624656 0)
(0.948181 -0.0688054 0)
(0.944375 -0.0749713 -1.20204e-19)
(0.940345 -0.0809484 0)
(0.936118 -0.0867219 -1.11448e-17)
(0.931726 -0.0922778 1.16611e-17)
(0.927205 -0.0976028 0)
(0.922601 -0.102685 1.24376e-17)
(0.917965 -0.107516 1.01396e-19)
(0.913356 -0.112087 -1.34276e-17)
(0.908842 -0.116396 0)
(0.904497 -0.120442 -1.45047e-17)
(0.900398 -0.124229 -1.50694e-17)
(0.896628 -0.127764 3.13723e-17)
(0.893266 -0.131057 0)
(0.890389 -0.13412 1.68926e-17)
(0.888066 -0.13697 1.74772e-17)
(0.886359 -0.139623 5.94559e-20)
(0.88532 -0.142097 0)
(0.884993 -0.144413 5.74203e-17)
(0.885421 -0.146594 1.96166e-17)
(0.886644 -0.148664 -4.02631e-17)
(0.888711 -0.150653 0)
(0.891681 -0.152598 -4.17591e-17)
(0.89563 -0.154538 -4.22557e-17)
(0.900652 -0.15652 2.12136e-17)
(0.906868 -0.158598 2.12066e-17)
(0.914423 -0.160829 -4.21774e-17)
(0.923491 -0.163276 2.07773e-17)
(0.934267 -0.166 0)
(0.947017 -0.169067 0)
(0.961931 -0.172506 3.56611e-17)
(0.979663 -0.176385 0)
(0.999613 -0.180487 0)
(1.0257 -0.185034 0)
(1.04704 -0.18822 0)
(1.09897 -0.19202 0)
(0.973989 0.22452 -4.27235e-17)
(0.971655 0.222077 -4.10848e-17)
(0.968734 0.217874 -3.99456e-17)
(0.966423 0.213333 2.29271e-19)
(0.964849 0.20892 0)
(0.963717 0.204335 3.50803e-17)
(0.962894 0.199432 0)
(0.96238 0.19426 0)
(0.962173 0.188841 -3.03872e-17)
(0.962236 0.183138 2.88936e-17)
(0.962521 0.177125 -1.10233e-16)
(0.962987 0.170795 5.21622e-17)
(0.963613 0.16414 4.99421e-17)
(0.964374 0.157139 4.74504e-17)
(0.965237 0.149771 3.90788e-19)
(0.966164 0.142031 0)
(0.967104 0.134089 8.3189e-17)
(0.968015 0.126161 -4.06858e-17)
(0.968874 0.118298 0)
(0.96967 0.110506 -3.99364e-17)
(0.9704 0.10279 0)
(0.971068 0.0951545 -1.95513e-17)
(0.971685 0.087598 1.91831e-17)
(0.972259 0.0801175 1.92576e-17)
(0.972795 0.0727068 1.91505e-17)
(0.973298 0.0653564 1.90683e-17)
(0.973763 0.0580545 0)
(0.974179 0.0507879 0)
(0.974528 0.0435443 -9.37665e-18)
(0.974785 0.0363135 -9.38927e-18)
(0.974921 0.0290891 0)
(0.974906 0.0218684 0)
(0.974709 0.0146515 -2.41548e-18)
(0.974301 0.00744348 0)
(0.973647 0.000254751 -6.10978e-19)
(0.972721 -0.00690457 -6.07069e-19)
(0.971498 -0.0140186 1.56923e-20)
(0.969968 -0.0210724 0)
(0.968121 -0.0280522 -5.09545e-18)
(0.965954 -0.0349439 6.27949e-20)
(0.96347 -0.0417335 5.28571e-18)
(0.96067 -0.0484073 5.34131e-18)
(0.957564 -0.0549521 -5.47498e-18)
(0.954164 -0.0613547 0)
(0.950485 -0.0676022 0)
(0.946547 -0.0736817 1.1941e-17)
(0.942379 -0.0795806 0)
(0.938013 -0.0852869 0)
(0.93349 -0.0907899 -2.65444e-17)
(0.928861 -0.0960801 0)
(0.924182 -0.10115 0)
(0.919515 -0.105994 -1.4762e-17)
(0.914925 -0.110609 0)
(0.910479 -0.114992 -1.60168e-17)
(0.90624 -0.119145 0)
(0.902263 -0.123068 0)
(0.898593 -0.126763 -3.5697e-17)
(0.895262 -0.13023 -3.70734e-17)
(0.892292 -0.133472 1.92612e-17)
(0.889697 -0.136491 -1.97711e-17)
(0.887485 -0.139291 -2.04184e-17)
(0.885668 -0.141882 0)
(0.884268 -0.144275 -8.67516e-17)
(0.883323 -0.14649 0)
(0.882892 -0.148556 9.11379e-17)
(0.883064 -0.150509 -4.65456e-17)
(0.883954 -0.152394 4.71946e-17)
(0.885704 -0.154268 4.77413e-17)
(0.888485 -0.156193 0)
(0.89249 -0.158237 -4.81092e-17)
(0.897933 -0.160476 4.75344e-17)
(0.905051 -0.162985 -4.66047e-17)
(0.91409 -0.165838 0)
(0.925359 -0.169114 0)
(0.939071 -0.172847 2.33876e-19)
(0.955925 -0.177144 0)
(0.975295 -0.181742 0)
(1.0013 -0.18712 0)
(1.02274 -0.190787 0)
(1.07611 -0.196438 0)
(0.973834 0.224891 0)
(0.971147 0.222549 -1.89138e-19)
(0.968083 0.21818 4.56564e-17)
(0.965814 0.213571 -8.83612e-17)
(0.964295 0.209107 0)
(0.96318 0.204445 0)
(0.96237 0.199472 0)
(0.961879 0.194245 3.68976e-17)
(0.961696 0.188778 0)
(0.961782 0.183035 0)
(0.962086 0.17699 6.31077e-17)
(0.962568 0.170635 -6.03598e-17)
(0.963199 0.163959 4.03445e-19)
(0.963954 0.156941 -5.40886e-17)
(0.964803 0.149563 -5.13934e-17)
(0.965712 0.141815 0)
(0.966642 0.133868 3.89365e-19)
(0.967557 0.125941 0)
(0.968445 0.118083 0)
(0.969296 0.110299 -4.03984e-19)
(0.970106 0.102595 0)
(0.970878 0.0949722 2.22263e-17)
(0.971615 0.0874288 0)
(0.972319 0.0799611 -2.1878e-17)
(0.97299 0.0725627 2.1242e-19)
(0.973625 0.065225 -2.16497e-17)
(0.974212 0.0579371 -1.08983e-17)
(0.974738 0.0506876 0)
(0.97518 0.043466 0)
(0.975511 0.0362636 1.08933e-17)
(0.975702 0.0290753 0)
(0.975719 0.0218991 0)
(0.975533 0.0147343 5.50578e-18)
(0.975116 0.00758957 0)
(0.97444 0.000473466 1.3906e-18)
(0.97348 -0.00660573 0)
(0.972216 -0.0136338 -1.40501e-18)
(0.970636 -0.0205966 -2.8749e-18)
(0.968731 -0.0274811 5.77165e-18)
(0.966501 -0.0342747 -5.8722e-18)
(0.963948 -0.0409651 -5.9897e-18)
(0.961079 -0.0475402 0)
(0.957906 -0.0539885 0)
(0.954447 -0.0602993 0)
(0.950728 -0.066462 1.33861e-17)
(0.946778 -0.072467 0)
(0.942635 -0.0783049 0)
(0.93834 -0.0839675 0)
(0.933937 -0.0894471 -1.10582e-19)
(0.929471 -0.0947362 0)
(0.92498 -0.0998278 -1.63405e-17)
(0.920498 -0.104714 -1.69429e-17)
(0.916046 -0.109386 -1.75724e-17)
(0.911633 -0.113833 1.81317e-17)
(0.907254 -0.118044 0)
(0.902894 -0.122006 0)
(0.898535 -0.125706 2.0225e-17)
(0.89416 -0.129133 4.1902e-17)
(0.88976 -0.132279 -4.33667e-17)
(0.885349 -0.135144 0)
(0.880966 -0.137735 0)
(0.876682 -0.140068 0)
(0.872603 -0.142172 4.9059e-17)
(0.868868 -0.144086 -5.04542e-17)
(0.865649 -0.145862 -5.14899e-17)
(0.863139 -0.147558 5.24877e-17)
(0.861552 -0.149243 -5.34007e-17)
(0.861112 -0.150988 0)
(0.862046 -0.15287 5.41662e-17)
(0.864583 -0.154967 5.38647e-17)
(0.86895 -0.157355 5.33885e-17)
(0.875376 -0.160111 0)
(0.884081 -0.163304 0)
(0.895341 -0.167013 4.78249e-17)
(0.909322 -0.171262 2.53145e-19)
(0.926706 -0.176186 3.9815e-17)
(0.946763 -0.181471 0)
(0.973843 -0.187842 0)
(0.996142 -0.1922 0)
(1.05215 -0.19981 0)
(0.973646 0.225292 -5.60769e-17)
(0.970574 0.222963 -2.0501e-19)
(0.967376 0.21841 -5.28217e-17)
(0.965148 0.213755 5.06785e-17)
(0.963669 0.209243 0)
(0.962564 0.204508 0)
(0.961761 0.199474 0)
(0.961284 0.194201 -4.21663e-17)
(0.961116 0.188693 0)
(0.961215 0.182913 0)
(0.961534 0.176838 7.295e-17)
(0.962031 0.170459 -4.13024e-19)
(0.962677 0.163764 -6.54427e-17)
(0.963444 0.156735 0)
(0.964298 0.149352 0)
(0.965206 0.141603 0)
(0.966127 0.133656 -1.09755e-16)
(0.967028 0.12573 0)
(0.967898 0.117875 0)
(0.968732 0.110095 5.21757e-17)
(0.96953 0.102394 0)
(0.970295 0.0947754 0)
(0.97103 0.0872361 0)
(0.971738 0.0797733 -2.53221e-17)
(0.972418 0.0723813 -5.01351e-17)
(0.973063 0.0650526 2.50592e-17)
(0.973662 0.0577777 -1.2598e-17)
(0.974199 0.0505467 0)
(0.974649 0.0433505 1.24624e-17)
(0.974984 0.0361815 -1.23656e-17)
(0.975175 0.0290356 0)
(0.975187 0.0219108 0)
(0.974991 0.0148044 -9.47963e-18)
(0.974562 0.00772807 -3.18364e-18)
(0.973871 0.000687708 -1.59109e-18)
(0.972896 -0.00630966 0)
(0.971619 -0.0132518 0)
(0.970029 -0.020126 3.25794e-18)
(0.968122 -0.0269208 6.67348e-18)
(0.965903 -0.0336251 -6.78832e-18)
(0.963381 -0.0402286 6.92194e-18)
(0.96057 -0.0467213 0)
(0.95749 -0.0530942 0)
(0.954163 -0.059339 0)
(0.950609 -0.0654473 -1.5176e-17)
(0.946848 -0.0714103 1.57509e-17)
(0.942892 -0.0772183 0)
(0.938744 -0.08286 0)
(0.934393 -0.0883216 -1.09884e-19)
(0.929818 -0.0935869 0)
(0.924984 -0.0986367 1.84773e-17)
(0.919849 -0.10345 -1.01522e-19)
(0.914369 -0.108003 3.97993e-17)
(0.908504 -0.112274 0)
(0.902229 -0.116243 0)
(0.895544 -0.119894 0)
(0.888479 -0.12322 4.60007e-17)
(0.881105 -0.12622 0)
(0.873528 -0.128907 -4.9241e-17)
(0.865894 -0.131303 0)
(0.85838 -0.133444 -5.24524e-17)
(0.851188 -0.135373 0)
(0.844533 -0.137143 0)
(0.838635 -0.138812 5.66654e-17)
(0.833714 -0.140444 0)
(0.829978 -0.142104 0)
(0.827624 -0.143859 5.95675e-17)
(0.826835 -0.145775 0)
(0.827784 -0.14792 -1.20256e-16)
(0.83064 -0.150358 5.98368e-17)
(0.835564 -0.153156 -5.88e-17)
(0.84273 -0.15638 5.74999e-17)
(0.852307 -0.16009 -5.5335e-17)
(0.864535 -0.164362 2.36411e-19)
(0.879541 -0.169214 2.66504e-19)
(0.898018 -0.174807 -4.30868e-17)
(0.919141 -0.180794 -3.69496e-17)
(0.947558 -0.18811 0)
(0.970751 -0.193228 1.84795e-17)
(1.02964 -0.202622 -8.92402e-18)
(0.973426 0.225724 6.42401e-17)
(0.96995 0.223313 -2.2761e-19)
(0.966632 0.218579 -2.90744e-19)
(0.964443 0.213896 -5.8561e-17)
(0.962992 0.209339 0)
(0.96189 0.204532 5.35229e-17)
(0.96109 0.199443 0)
(0.96062 0.19413 0)
(0.960458 0.188589 0)
(0.960561 0.182784 0)
(0.960883 0.176689 4.23279e-19)
(0.961387 0.170293 7.92043e-17)
(0.96204 0.163585 0)
(0.962815 0.156546 0)
(0.963678 0.149156 0)
(0.964595 0.141405 -6.49064e-17)
(0.965523 0.13346 -3.93249e-19)
(0.966425 0.125536 0)
(0.967294 0.117685 0)
(0.968124 0.109911 0)
(0.968915 0.102217 -5.95797e-17)
(0.96967 0.0946034 -2.94848e-17)
(0.970395 0.0870694 0)
(0.971091 0.0796114 2.88005e-17)
(0.971757 0.0722245 5.74594e-17)
(0.972388 0.0649018 -2.84845e-17)
(0.972973 0.0576354 -2.17975e-19)
(0.973493 0.0504166 0)
(0.973927 0.043238 -2.84208e-17)
(0.974247 0.0360932 1.42838e-17)
(0.974421 0.0289794 0)
(0.974417 0.0218959 0)
(0.974208 0.0148354 7.18842e-18)
(0.973771 0.00781302 -2.98743e-20)
(0.973082 0.000835724 9.05165e-19)
(0.972123 -0.00608966 0)
(0.970884 -0.0129544 -3.71108e-18)
(0.969359 -0.0197496 0)
(0.967546 -0.0264669 6.03975e-20)
(0.965445 -0.0330977 7.68911e-18)
(0.963053 -0.039633 -7.83859e-18)
(0.960357 -0.0460624 -1.61365e-17)
(0.957339 -0.0523747 0)
(0.953965 -0.0585561 -1.69377e-17)
(0.950193 -0.0645905 1.73998e-17)
(0.945968 -0.070459 -1.77885e-17)
(0.941227 -0.0761399 0)
(0.935906 -0.0816093 -1.90328e-17)
(0.929946 -0.0868421 1.95511e-17)
(0.923301 -0.0918134 0)
(0.91595 -0.0964999 0)
(0.907899 -0.100882 2.16752e-17)
(0.899192 -0.104946 -2.24569e-17)
(0.88991 -0.108685 0)
(0.88017 -0.112101 0)
(0.870123 -0.115203 0)
(0.859944 -0.118011 -1.03566e-16)
(0.849824 -0.120549 0)
(0.83996 -0.122853 5.52381e-17)
(0.830546 -0.12496 0)
(0.82177 -0.126912 5.86563e-17)
(0.813807 -0.128756 6.03801e-17)
(0.80682 -0.130539 0)
(0.800961 -0.132311 6.32086e-17)
(0.796374 -0.134124 6.43651e-17)
(0.793197 -0.136032 0)
(0.791566 -0.138089 -6.59407e-17)
(0.791618 -0.140354 0)
(0.793489 -0.142884 -1.42554e-19)
(0.797322 -0.145741 1.55883e-19)
(0.803264 -0.148987 0)
(0.811476 -0.152685 1.92504e-19)
(0.822119 -0.156896 6.0071e-17)
(0.835431 -0.161696 -5.66965e-17)
(0.851522 -0.167106 -5.23066e-17)
(0.871116 -0.173306 0)
(0.893283 -0.179937 3.97179e-17)
(0.923011 -0.188085 0)
(0.94696 -0.193993 -1.97519e-17)
(1.00877 -0.204977 9.42794e-18)
(0.973175 0.226183 0)
(0.969289 0.223597 7.13136e-17)
(0.965869 0.218696 6.97603e-17)
(0.963715 0.213999 -2.42649e-19)
(0.962279 0.209402 0)
(0.961171 0.204537 -1.22942e-16)
(0.96037 0.199396 0)
(0.959905 0.194033 1.1206e-16)
(0.959747 0.188445 0)
(0.95985 0.182602 0)
(0.960171 0.176481 4.28782e-19)
(0.960672 0.170071 0)
(0.961323 0.163357 -8.69031e-17)
(0.962096 0.156318 8.25354e-17)
(0.962957 0.148933 7.84104e-17)
(0.963875 0.141188 1.48666e-16)
(0.964804 0.133248 7.21537e-17)
(0.965709 0.125329 0)
(0.96658 0.117483 0)
(0.967412 0.109714 6.91305e-17)
(0.968205 0.102025 6.7876e-17)
(0.968961 0.0944184 3.35761e-17)
(0.969684 0.0868929 0)
(0.970377 0.0794457 0)
(0.971038 0.0720721 -3.27998e-17)
(0.971662 0.0647661 0)
(0.972237 0.0575199 3.25106e-17)
(0.972747 0.0503256 0)
(0.973169 0.0431758 3.2519e-17)
(0.973476 0.0360643 -1.62169e-17)
(0.973637 0.0289875 1.63741e-17)
(0.973615 0.0219491 0)
(0.973398 0.0149389 0)
(0.972973 0.00796092 4.10775e-18)
(0.972305 0.00102469 0)
(0.971354 -0.0058575 -1.04552e-18)
(0.970073 -0.0126739 4.1892e-18)
(0.968405 -0.0194117 0)
(0.966288 -0.026057 -8.58887e-18)
(0.963651 -0.032594 0)
(0.960417 -0.0390053 8.94547e-18)
(0.95651 -0.0452721 1.81389e-17)
(0.951861 -0.0513745 0)
(0.94641 -0.0572917 3.81354e-17)
(0.940117 -0.0630026 -1.95185e-17)
(0.932968 -0.0684871 0)
(0.924976 -0.0737264 0)
(0.916185 -0.0787046 2.1329e-17)
(0.90667 -0.0834093 0)
(0.896532 -0.0878326 0)
(0.885892 -0.0919714 -2.36437e-17)
(0.874887 -0.0958273 4.89229e-17)
(0.863661 -0.0994069 0)
(0.852358 -0.102721 0)
(0.84112 -0.105784 -5.42034e-17)
(0.83008 -0.108614 0)
(0.819366 -0.111231 -1.38395e-19)
(0.8091 -0.113658 -5.97942e-17)
(0.7994 -0.115923 -6.16521e-17)
(0.790385 -0.118056 0)
(0.782175 -0.120089 -6.52279e-17)
(0.774893 -0.12206 -6.67776e-17)
(0.768664 -0.124011 0)
(0.763619 -0.125988 -1.39481e-16)
(0.759888 -0.128039 -7.08452e-17)
(0.757605 -0.130215 7.18653e-17)
(0.756901 -0.132572 7.23394e-17)
(0.757912 -0.135165 -7.26922e-17)
(0.760772 -0.138052 1.44829e-16)
(0.76562 -0.141293 -7.16143e-17)
(0.772597 -0.144946 -7.04664e-17)
(0.78186 -0.149076 -6.82791e-17)
(0.793563 -0.153741 0)
(0.807941 -0.159019 0)
(0.825085 -0.164931 0)
(0.845755 -0.171673 0)
(0.868903 -0.178887 0)
(0.899875 -0.187753 -3.45395e-17)
(0.92443 -0.194463 0)
(0.989131 -0.206876 0)
(0.972899 0.226661 0)
(0.968603 0.223818 0)
(0.965098 0.218786 8.08072e-17)
(0.962979 0.214059 7.74307e-17)
(0.961553 0.209401 0)
(0.96043 0.204505 7.07053e-17)
(0.959612 0.199363 0)
(0.959134 0.194 -1.28558e-16)
(0.958968 0.188398 0)
(0.959065 0.182527 0)
(0.959381 0.176372 -2.2122e-16)
(0.959878 0.169927 -1.05241e-16)
(0.960525 0.163184 9.94988e-17)
(0.961291 0.156125 -9.44559e-17)
(0.962144 0.148732 -8.96923e-17)
(0.963052 0.140987 -1.70816e-16)
(0.963972 0.133054 0)
(0.964869 0.125145 8.17345e-17)
(0.965735 0.117309 0)
(0.966567 0.109548 -1.58012e-16)
(0.967363 0.101863 7.81922e-17)
(0.968125 0.0942561 0)
(0.968856 0.0867257 -3.82751e-17)
(0.969555 0.0792705 0)
(0.970213 0.0718878 0)
(0.970818 0.0645735 0)
(0.971346 0.0573226 0)
(0.971765 0.0501296 0)
(0.972035 0.0429895 -1.84159e-17)
(0.972103 0.0358978 0)
(0.97191 0.0288506 -3.69546e-17)
(0.971392 0.0218407 -9.28749e-18)
(0.970464 0.0149108 0)
(0.969025 0.00803698 0)
(0.966977 0.00122792 -1.1659e-18)
(0.964237 -0.00549793 1.16523e-18)
(0.960736 -0.0121239 0)
(0.956427 -0.0186331 -4.77657e-18)
(0.95129 -0.0250079 0)
(0.945328 -0.0312308 0)
(0.938569 -0.0372846 -1.99495e-17)
(0.93106 -0.0431531 0)
(0.922865 -0.0488228 2.0862e-17)
(0.91406 -0.0542821 -2.1267e-17)
(0.904727 -0.0595218 0)
(0.894946 -0.0645353 0)
(0.884799 -0.0693182 0)
(0.874357 -0.0738678 0)
(0.863689 -0.078183 -2.4677e-17)
(0.852857 -0.0822639 0)
(0.841922 -0.0861117 2.62566e-17)
(0.830945 -0.0897289 -5.43073e-17)
(0.819989 -0.0931194 5.63237e-17)
(0.809126 -0.0962896 5.82507e-17)
(0.798434 -0.0992486 6.00972e-17)
(0.788003 -0.102009 0)
(0.777932 -0.104588 6.41711e-17)
(0.768327 -0.107006 1.32558e-16)
(0.759306 -0.10929 1.36612e-16)
(0.750988 -0.111471 -7.03394e-17)
(0.743501 -0.113582 1.44377e-16)
(0.736974 -0.115665 7.40319e-17)
(0.731537 -0.11776 0)
(0.727323 -0.119914 1.54154e-16)
(0.724463 -0.122176 0)
(0.723087 -0.124595 -1.58446e-16)
(0.723326 -0.127225 7.98694e-17)
(0.725308 -0.130119 -1.31552e-19)
(0.729163 -0.133332 -7.96204e-17)
(0.735024 -0.136922 0)
(0.743027 -0.140946 7.7268e-17)
(0.75332 -0.145465 7.52305e-17)
(0.766052 -0.150537 0)
(0.781455 -0.156241 -6.81141e-17)
(0.799601 -0.1626 6.29059e-17)
(0.821285 -0.169818 0)
(0.845335 -0.177551 0)
(0.877468 -0.187026 3.78327e-17)
(0.902476 -0.194523 0)
(0.970024 -0.208251 0)
(0.972602 0.227148 9.64564e-17)
(0.967913 0.223953 0)
(0.96432 0.218904 -1.86293e-16)
(0.962224 0.214166 0)
(0.960821 0.209362 -8.56519e-17)
(0.959708 0.204318 0)
(0.95889 0.199088 0)
(0.958401 0.193691 0)
(0.958214 0.188093 0)
(0.958287 0.182248 -1.34341e-16)
(0.958583 0.176124 1.27101e-16)
(0.959069 0.169703 -4.30954e-19)
(0.959717 0.162971 0)
(0.960496 0.155912 0)
(0.961368 0.148511 0)
(0.962284 0.140757 1.95342e-16)
(0.963177 0.132813 0)
(0.963976 0.124894 -9.26145e-17)
(0.964637 0.117052 0)
(0.965116 0.109287 -4.05793e-19)
(0.965373 0.101598 4.07267e-19)
(0.965372 0.0939847 8.71561e-17)
(0.965085 0.0864447 4.2848e-17)
(0.964484 0.0789767 0)
(0.963543 0.0715795 -4.21984e-17)
(0.962239 0.0642519 0)
(0.960548 0.0569933 0)
(0.958445 0.0498036 0)
(0.955907 0.042684 2.06046e-17)
(0.95291 0.0356363 -2.05595e-17)
(0.949433 0.0286616 2.04451e-17)
(0.945462 0.0217628 1.0227e-17)
(0.940968 0.0149919 0)
(0.935974 0.00832197 0)
(0.930517 0.00176361 1.28275e-18)
(0.924633 -0.0046653 0)
(0.918357 -0.0109526 0)
(0.91172 -0.0170889 1.05452e-17)
(0.904744 -0.0230666 1.07097e-17)
(0.897445 -0.0288798 -1.08777e-17)
(0.889832 -0.0345233 -4.70949e-20)
(0.881903 -0.0399916 0)
(0.873659 -0.0452798 9.01942e-20)
(0.865096 -0.0503828 0)
(0.856215 -0.0552949 0)
(0.847024 -0.0600098 -2.49971e-17)
(0.837537 -0.0645214 0)
(0.827777 -0.0688242 0)
(0.817778 -0.0729135 2.73356e-17)
(0.807586 -0.0767864 0)
(0.797253 -0.0804422 0)
(0.786846 -0.0838828 6.06142e-17)
(0.776438 -0.0871131 1.26615e-19)
(0.766114 -0.0901417 -6.47901e-17)
(0.755964 -0.0929806 -6.71527e-17)
(0.74609 -0.0956456 -6.94344e-17)
(0.736601 -0.0981568 -7.17361e-17)
(0.727611 -0.100538 -7.39332e-17)
(0.71924 -0.102817 -1.52509e-16)
(0.711615 -0.105027 1.56933e-16)
(0.704863 -0.107201 -8.05382e-17)
(0.699115 -0.10938 -8.25283e-17)
(0.694501 -0.111606 8.44442e-17)
(0.69115 -0.113922 9.94517e-20)
(0.689191 -0.116376 -8.73958e-17)
(0.688749 -0.119016 8.83118e-17)
(0.689948 -0.121893 1.20006e-19)
(0.692911 -0.125058 8.91496e-17)
(0.697761 -0.128564 0)
(0.704623 -0.132464 0)
(0.713624 -0.136815 0)
(0.724909 -0.141676 -8.386e-17)
(0.738617 -0.147104 0)
(0.754979 -0.153176 -2.59625e-19)
(0.774047 -0.15992 -7.03472e-17)
(0.796655 -0.167542 0)
(0.821497 -0.175723 5.43708e-17)
(0.854675 -0.185702 0)
(0.879962 -0.193929 0)
(0.950265 -0.208911 1.41209e-17)
(0.972287 0.227672 -2.01071e-19)
(0.967277 0.223873 0)
(0.963601 0.21889 1.07525e-16)
(0.96144 0.214433 0)
(0.959978 0.209767 9.86349e-17)
(0.958842 0.204721 0)
(0.95803 0.199392 0)
(0.957548 0.193844 0)
(0.957318 0.188085 1.62027e-16)
(0.957225 0.182095 3.0635e-16)
(0.957125 0.175844 1.45059e-16)
(0.95686 0.1693 2.73675e-16)
(0.956267 0.162426 0)
(0.955199 0.155182 1.22176e-16)
(0.953537 0.14754 1.15347e-16)
(0.951185 0.139481 -2.17483e-16)
(0.948212 0.131185 0)
(0.944769 0.122901 0)
(0.940972 0.114708 0)
(0.936916 0.106628 1.97772e-16)
(0.932687 0.0986794 -9.71066e-17)
(0.928362 0.0908747 -9.57144e-17)
(0.924005 0.0832224 -4.74307e-17)
(0.919669 0.075726 4.68997e-17)
(0.915387 0.0683847 4.62597e-17)
(0.911179 0.0611947 0)
(0.907047 0.0541497 -4.5716e-17)
(0.902979 0.047242 0)
(0.898947 0.0404638 -2.25389e-17)
(0.894913 0.0338073 2.24769e-17)
(0.890834 0.0272656 -2.25419e-17)
(0.886664 0.020827 0)
(0.882365 0.0145129 1.12752e-17)
(0.877892 0.00830565 0)
(0.873198 0.00220897 0)
(0.868237 -0.00377092 0)
(0.862966 -0.0096306 0)
(0.857351 -0.015364 -5.81602e-18)
(0.851366 -0.0209628 -1.18046e-17)
(0.844994 -0.0264189 1.201e-17)
(0.838225 -0.0317241 -3.99671e-20)
(0.831056 -0.0368687 0)
(0.823489 -0.0418437 -2.56563e-17)
(0.815534 -0.0466416 -2.64132e-17)
(0.807205 -0.0512556 0)
(0.798523 -0.0556795 2.7907e-17)
(0.789516 -0.0599083 0)
(0.780219 -0.0639382 0)
(0.770674 -0.067767 3.08216e-17)
(0.760935 -0.0713945 6.37882e-17)
(0.751061 -0.0748225 0)
(0.741123 -0.0780555 -6.82985e-17)
(0.731203 -0.081101 -7.07607e-17)
(0.721388 -0.0839694 0)
(0.711778 -0.0866747 7.59069e-17)
(0.702479 -0.0892345 7.85548e-17)
(0.693603 -0.0916702 8.12235e-17)
(0.685269 -0.0940069 8.39758e-17)
(0.677601 -0.0962734 1.7312e-16)
(0.670725 -0.0985018 8.56787e-20)
(0.664768 -0.100728 -9.16236e-17)
(0.659858 -0.102989 0)
(0.65612 -0.105327 -9.59781e-17)
(0.65368 -0.107785 -1.95827e-16)
(0.652657 -0.110406 1.99027e-16)
(0.653172 -0.113237 -1.00819e-16)
(0.655338 -0.116327 -1.0154e-16)
(0.659272 -0.119725 0)
(0.665088 -0.123479 -1.01799e-16)
(0.672901 -0.127641 0)
(0.682834 -0.132264 0)
(0.695023 -0.137406 -9.67391e-17)
(0.709598 -0.143121 0)
(0.726791 -0.149488 8.8071e-17)
(0.746632 -0.156535 -8.20562e-17)
(0.769995 -0.164471 0)
(0.795438 -0.173001 -6.335e-17)
(0.829448 -0.183373 0)
(0.854768 -0.192202 0)
(0.927586 -0.208432 -1.66019e-17)
(0.972088 0.228538 -1.26421e-16)
(0.967037 0.223791 0)
(0.963312 0.217993 1.23676e-16)
(0.960498 0.213144 0)
(0.957629 0.208329 1.12473e-16)
(0.954201 0.203178 0)
(0.949983 0.197598 0)
(0.944769 0.191521 0)
(0.938432 0.184929 4.21279e-19)
(0.931053 0.177856 4.04457e-19)
(0.922909 0.170385 -1.59539e-16)
(0.914388 0.162622 -1.50294e-16)
(0.905874 0.154657 0)
(0.897674 0.146553 -2.67115e-16)
(0.88998 0.138338 -1.25678e-16)
(0.882873 0.130018 2.3719e-16)
(0.876503 0.121761 0)
(0.870926 0.113759 1.12471e-16)
(0.866018 0.106023 1.10305e-16)
(0.861631 0.0985164 -1.08137e-16)
(0.85765 0.0912114 0)
(0.85399 0.084084 -1.05422e-16)
(0.850586 0.0771174 5.19649e-17)
(0.847388 0.0702985 -5.1451e-17)
(0.844353 0.0636161 5.11594e-17)
(0.841439 0.0570597 0)
(0.838604 0.0506203 -1.43759e-19)
(0.835804 0.0442899 0)
(0.832993 0.0380627 0)
(0.830117 0.0319348 0)
(0.827127 0.0259091 -7.15868e-20)
(0.823973 0.0199586 0)
(0.82061 0.0140957 -1.25587e-17)
(0.817019 0.00830841 6.32639e-18)
(0.813172 0.00261554 0)
(0.809025 -0.00296638 0)
(0.804533 -0.00843216 -6.50822e-18)
(0.799657 -0.0137756 0)
(0.79437 -0.0189889 0)
(0.788653 -0.0240638 1.36909e-17)
(0.782499 -0.0289939 -3.36286e-20)
(0.775904 -0.0337729 -2.86498e-17)
(0.768877 -0.0383911 -2.93983e-17)
(0.761428 -0.0428407 3.01612e-17)
(0.75358 -0.0471158 0)
(0.745359 -0.0512118 0)
(0.7368 -0.0551249 0)
(0.727947 -0.0588529 0)
(0.71885 -0.0623952 -3.54675e-17)
(0.70957 -0.0657536 1.03666e-19)
(0.700174 -0.0689318 0)
(0.690742 -0.0719365 0)
(0.68136 -0.0747771 8.21006e-17)
(0.672121 -0.0774663 0)
(0.663128 -0.08002 0)
(0.65449 -0.0824572 -9.14703e-17)
(0.646321 -0.0848007 0)
(0.638739 -0.0870763 -9.78507e-17)
(0.631867 -0.089313 -2.02194e-16)
(0.625825 -0.0915427 -1.04201e-16)
(0.620738 -0.0938 1.0724e-16)
(0.616726 -0.0961216 0)
(0.613907 -0.0985463 1.12901e-16)
(0.612398 -0.101115 2.30575e-16)
(0.61231 -0.103868 -1.17349e-16)
(0.613752 -0.106849 1.19067e-16)
(0.616829 -0.110101 1.20444e-16)
(0.621647 -0.113673 0)
(0.628311 -0.117611 -1.55679e-19)
(0.636927 -0.121962 0)
(0.647607 -0.126776 0)
(0.66048 -0.132106 1.16039e-16)
(0.675666 -0.138007 0)
(0.693392 -0.144553 0)
(0.713667 -0.151773 9.94357e-17)
(0.737398 -0.159875 -9.04747e-17)
(0.763009 -0.168583 0)
(0.797339 -0.179177 -6.34234e-17)
(0.822241 -0.188377 0)
(0.896726 -0.205875 0)
(0.978367 0.231657 0)
(0.968378 0.227663 1.36249e-16)
(0.950687 0.21877 -1.34375e-16)
(0.929912 0.209118 1.30291e-16)
(0.908882 0.199535 2.44547e-19)
(0.888551 0.190262 1.19324e-16)
(0.86963 0.181475 0)
(0.852695 0.17318 2.14378e-16)
(0.838099 0.165354 -2.01775e-16)
(0.825931 0.157931 -1.90041e-16)
(0.816012 0.150808 0)
(0.807981 0.143868 0)
(0.801418 0.137 0)
(0.79594 0.130114 1.49983e-16)
(0.791239 0.123139 0)
(0.787088 0.116028 -1.3361e-16)
(0.783426 0.108901 0)
(0.780214 0.101924 2.63798e-19)
(0.777356 0.0951235 -1.25565e-16)
(0.774764 0.0884805 0)
(0.772375 0.0819877 0)
(0.770151 0.0756325 1.21223e-16)
(0.76806 0.0694003 0)
(0.766078 0.0632826 5.98171e-17)
(0.76418 0.0572728 -5.93398e-17)
(0.762337 0.0513645 0)
(0.760518 0.045552 5.88782e-17)
(0.758686 0.0398302 0)
(0.756796 0.0341955 0)
(0.754802 0.0286461 0)
(0.752653 0.0231868 2.94571e-17)
(0.750289 0.0177988 0)
(0.747768 0.0124717 0)
(0.745116 0.00721185 -7.4856e-18)
(0.742224 0.00204452 0)
(0.738976 -0.00301494 0)
(0.735297 -0.0079631 -1.74287e-20)
(0.731148 -0.0127953 0)
(0.726512 -0.0175049 0)
(0.721387 -0.0220814 3.34087e-20)
(0.715779 -0.0265077 1.67565e-17)
(0.709698 -0.0307927 3.43745e-17)
(0.703162 -0.0349317 3.5331e-17)
(0.696195 -0.0389175 3.64451e-17)
(0.688825 -0.0427446 0)
(0.681087 -0.0464094 3.88441e-17)
(0.673025 -0.0499093 0)
(0.664688 -0.053244 0)
(0.656133 -0.0564146 4.31855e-17)
(0.647425 -0.0594245 9.57261e-20)
(0.638638 -0.0622795 0)
(0.629853 -0.0649878 -9.67552e-17)
(0.621159 -0.0675604 -2.01023e-16)
(0.612651 -0.0700113 0)
(0.60443 -0.0723571 1.08557e-16)
(0.596605 -0.0746178 1.1264e-16)
(0.589284 -0.0768161 0)
(0.582581 -0.0789775 0)
(0.57661 -0.0811304 1.25372e-16)
(0.571485 -0.0833055 0)
(0.567317 -0.0855359 0)
(0.564217 -0.0878564 0)
(0.562289 -0.0903038 -1.41252e-16)
(0.561638 -0.0929159 -1.44634e-16)
(0.56236 -0.0957321 0)
(0.56455 -0.0987922 -1.50283e-16)
(0.568303 -0.102119 -1.52087e-16)
(0.573709 -0.105758 1.53501e-16)
(0.580857 -0.10976 3.07676e-16)
(0.58984 -0.114168 0)
(0.600755 -0.119028 0)
(0.613714 -0.124388 0)
(0.62882 -0.130298 0)
(0.646284 -0.136827 -1.37207e-16)
(0.66608 -0.143999 1.28182e-16)
(0.689114 -0.152028 1.15926e-16)
(0.713721 -0.160609 -1.00857e-16)
(0.746802 -0.171141 -6.71285e-19)
(0.770486 -0.180337 0)
(0.843251 -0.198803 2.84626e-17)
(0.919209 0.209239 1.50432e-16)
(0.840506 0.192232 -3.25457e-16)
(0.786829 0.179872 0)
(0.75039 0.170069 1.40431e-19)
(0.72359 0.16153 -1.58517e-16)
(0.703506 0.153965 -1.52489e-16)
(0.688821 0.147308 0)
(0.678485 0.141353 -2.7629e-16)
(0.67137 0.13587 0)
(0.666407 0.130649 0)
(0.662758 0.125526 0)
(0.659866 0.120393 0)
(0.657415 0.115186 0)
(0.655254 0.109864 1.96326e-16)
(0.653318 0.104399 0)
(0.651557 0.0987693 1.75445e-16)
(0.65013 0.093095 1.70797e-16)
(0.64892 0.0874974 -3.35818e-16)
(0.647831 0.0819961 0)
(0.646827 0.0765847 1.63428e-16)
(0.645883 0.0712685 -1.61619e-16)
(0.644982 0.0660453 0)
(0.644114 0.060905 -7.93976e-17)
(0.643265 0.0558415 -7.87841e-17)
(0.642419 0.0508509 0)
(0.641559 0.0459299 -7.81072e-17)
(0.640661 0.0410754 7.78775e-17)
(0.639696 0.0362849 0)
(0.638629 0.0315561 0)
(0.63742 0.0268875 3.8917e-17)
(0.636021 0.022278 -3.90334e-17)
(0.634428 0.0177253 0)
(0.632373 0.013215 0)
(0.62964 0.00876142 -9.95716e-18)
(0.626276 0.00438764 5.03402e-18)
(0.622362 0.000106599 0)
(0.617959 -0.00407497 1.03598e-17)
(0.613105 -0.00815084 0)
(0.60783 -0.012115 0)
(0.602159 -0.0159576 2.0517e-20)
(0.596109 -0.0196555 4.53296e-17)
(0.589708 -0.0232207 0)
(0.582986 -0.0266558 0)
(0.575976 -0.0299588 -4.95648e-17)
(0.568715 -0.0331278 5.13081e-17)
(0.561245 -0.0361617 -5.31267e-17)
(0.553611 -0.0390603 0)
(0.545867 -0.0418249 5.73058e-17)
(0.538069 -0.0444585 -5.95682e-17)
(0.530282 -0.0469657 5.58444e-20)
(0.522573 -0.0493531 0)
(0.515017 -0.0516293 -5.04477e-20)
(0.507694 -0.053805 2.80479e-16)
(0.500685 -0.055893 0)
(0.494078 -0.0579086 4.46324e-20)
(0.48796 -0.059869 0)
(0.482422 -0.0617937 0)
(0.477552 -0.0637042 0)
(0.473439 -0.065624 1.77399e-16)
(0.47017 -0.0675784 0)
(0.467828 -0.0695942 1.89789e-16)
(0.466492 -0.0716997 0)
(0.466238 -0.0739243 0)
(0.467139 -0.0762984 0)
(0.469262 -0.0788529 0)
(0.472673 -0.0816217 -9.13522e-20)
(0.477435 -0.0846084 0)
(0.483607 -0.0878395 -4.38746e-16)
(0.491248 -0.0913534 -2.19974e-16)
(0.500418 -0.0951843 2.19332e-16)
(0.511183 -0.0993641 0)
(0.523623 -0.103927 0)
(0.537805 -0.108905 0)
(0.553927 -0.114352 1.95469e-16)
(0.571891 -0.120275 3.03426e-19)
(0.592774 -0.126871 0)
(0.614395 -0.13382 1.42851e-16)
(0.645151 -0.142493 1.15508e-16)
(0.663242 -0.149446 0)
(0.726996 -0.164559 -4.02854e-17)
)
;

boundaryField
{
    inlet
    {
        type            fixedValue;
        value           uniform (0.97437 0.22495 0);
    }
    outlet
    {
        type            zeroGradient;
    }
    fixedWalls
    {
        type            noSlip;
    }
    frontAndBack
    {
        type            empty;
    }
}


// ************************************************************************* //
