/*--------------------------------*- C++ -*----------------------------------*\
| =========                 |                                                 |
| \\      /  F ield         | OpenFOAM: The Open Source CFD Toolbox           |
|  \\    /   O peration     | Version:  v1912                                 |
|   \\  /    A nd           | Website:  www.openfoam.com                      |
|    \\/     M anipulation  |                                                 |
\*---------------------------------------------------------------------------*/
FoamFile
{
    version     2.0;
    format      ascii;
    class       volVectorField;
    location    "125";
    object      U;
}
// * * * * * * * * * * * * * * * * * * * * * * * * * * * * * * * * * * * * * //

dimensions      [0 1 -1 0 0 0 0];


internalField   nonuniform List<vector> 
2000
(
(0.84616 0.187395 0)
(0.515129 0.124092 0)
(0.223437 0.0684453 0)
(0.0597928 0.0174448 6.20038e-20)
(-0.00455526 -0.0232094 1.19813e-17)
(-0.0642337 -0.0384195 1.03421e-17)
(-0.0776505 -0.0372183 0)
(-0.0716332 -0.0168056 0)
(-0.0590517 0.0112847 0)
(-0.0419323 0.0250188 2.34901e-17)
(-0.0412654 0.0107982 -1.43929e-17)
(-0.0273331 -0.000925358 -1.35127e-17)
(-0.0165809 -0.00322576 0)
(-0.019443 -0.00287942 0)
(-0.0197693 -0.0027654 -1.07491e-17)
(-0.0120432 -0.00274074 0)
(-0.00184227 -0.00290996 9.70417e-18)
(0.00322933 -0.00085254 5.34105e-21)
(0.00622412 -8.71584e-05 9.31927e-18)
(0.00916402 -0.00141658 -4.57075e-18)
(0.0140552 -0.00402564 8.93039e-18)
(0.0218916 -0.00670314 0)
(0.0317376 -0.00893448 0)
(0.0422577 -0.010314 -1.12642e-20)
(0.0519221 -0.0104512 0)
(0.0596626 -0.00919473 -3.99005e-18)
(0.0649073 -0.00645568 0)
(0.0670199 -0.0025546 4.00183e-18)
(0.0653095 0.000927938 0)
(0.0605567 0.00381502 0)
(0.0534975 0.00647147 0)
(0.0449285 0.00873688 1.03622e-18)
(0.0354273 0.0103093 0)
(0.0252831 0.0110088 -5.16614e-19)
(0.0148436 0.0107825 1.69636e-14)
(0.0044205 0.00956219 1.66703e-14)
(-0.00494197 0.0074004 5.03184e-19)
(-0.0123942 0.00423955 -4.87976e-19)
(-0.0173734 0.000399965 0)
(-0.0189828 -0.00360595 2.06434e-18)
(-0.016845 -0.00762653 0)
(-0.0112386 -0.0109941 -2.38408e-18)
(-0.00285176 -0.0131428 0)
(0.00668699 -0.013743 -5.4303e-18)
(0.0158086 -0.012943 2.8783e-18)
(0.023212 -0.0114108 0)
(0.0274828 -0.00911997 0)
(0.0257532 -0.00494014 -3.35646e-18)
(0.0146559 0.00440593 0)
(-0.00823735 0.0198407 3.5578e-18)
(-0.0473219 0.0361389 0)
(-0.10255 0.0466094 5.67553e-18)
(-0.169605 0.0473848 -4.72994e-18)
(-0.24248 0.0377234 3.66878e-18)
(-0.313496 0.0190821 -8.31098e-19)
(-0.37396 -0.00484527 0)
(-0.416587 -0.029148 -5.8957e-20)
(-0.438063 -0.0495889 1.86781e-19)
(-0.439751 -0.0635917 -2.29696e-19)
(-0.430576 -0.072179 2.36714e-19)
(-0.409936 -0.0770657 -1.06254e-18)
(-0.379618 -0.0792317 2.2596e-18)
(-0.340776 -0.0793471 -3.85276e-18)
(-0.294348 -0.0777641 6.01607e-18)
(-0.241587 -0.0741071 -1.1714e-19)
(-0.18389 -0.0688838 1.13394e-17)
(-0.122611 -0.0621621 0)
(-0.0595396 -0.0540445 0)
(0.00357606 -0.0443558 2.55207e-19)
(0.0674779 -0.0331659 0)
(0.131445 -0.0211415 2.17522e-17)
(0.194728 -0.00861039 0)
(0.256988 0.00426321 1.94301e-17)
(0.318497 0.0173363 -5.24123e-19)
(0.379424 0.0304905 1.62274e-17)
(0.441361 0.0436231 2.78933e-17)
(0.502597 0.0566023 6.63879e-19)
(0.573196 0.0692748 -9.33448e-18)
(0.627956 0.0805203 -6.01676e-18)
(0.752226 0.0905819 0)
(1.0153 0.210386 0)
(0.944631 0.194221 0)
(0.804463 0.179997 -3.5073e-18)
(0.654395 0.152327 7.2424e-18)
(0.509186 0.111184 0)
(0.359978 0.0683926 -7.23265e-18)
(0.216437 0.0293547 0)
(0.0820848 -0.00524292 0)
(-0.0282655 -0.0180954 0)
(-0.0564014 -0.0189749 -1.71738e-17)
(-0.0670341 -0.0244488 1.56192e-17)
(-0.0721096 -0.0150941 1.43292e-17)
(-0.0643309 0.00667222 0)
(-0.052796 0.0189907 6.25805e-18)
(-0.0573261 0.0066157 0)
(-0.0530416 -0.00679641 0)
(-0.0453905 -0.00865592 0)
(-0.0430638 -0.00589147 5.12833e-18)
(-0.0469287 -0.00383209 -1.00777e-17)
(-0.0487876 -0.00476725 -4.938e-18)
(-0.0488859 -0.00923043 0)
(-0.0470191 -0.0145917 0)
(-0.0434986 -0.0184964 0)
(-0.0380305 -0.0197028 -6.96726e-18)
(-0.0309254 -0.018148 0)
(-0.0223609 -0.0145102 4.6911e-18)
(-0.0128638 -0.00947736 2.38062e-18)
(-0.00285847 -0.00392003 0)
(0.00630538 0.00142069 0)
(0.0124439 0.00640263 0)
(0.0148736 0.0110895 0)
(0.0132925 0.0155461 -5.90332e-19)
(0.0072167 0.0197911 0)
(-0.00331349 0.0235947 2.88609e-19)
(-0.0177527 0.0264645 1.40287e-19)
(-0.0350808 0.0275493 0)
(-0.0535556 0.0259821 0)
(-0.0709017 0.0211654 5.04504e-19)
(-0.0848554 0.0132608 0)
(-0.0941609 0.00331416 -1.04303e-18)
(-0.0976849 -0.0069427 0)
(-0.0947491 -0.0167504 -1.09124e-18)
(-0.0863822 -0.024082 0)
(-0.0740971 -0.0271432 1.41097e-18)
(-0.0602847 -0.0245343 1.60972e-18)
(-0.0481009 -0.0160525 0)
(-0.0407628 -0.00190953 0)
(-0.0394654 0.0186878 -4.04761e-18)
(-0.0454143 0.0467419 0)
(-0.0613516 0.0807167 2.35598e-19)
(-0.0878305 0.113249 0)
(-0.12248 0.136048 0)
(-0.160529 0.143633 0)
(-0.1942 0.133627 0)
(-0.213018 0.107297 1.38944e-18)
(-0.210963 0.0687062 0)
(-0.192252 0.0245054 8.36918e-19)
(-0.166362 -0.0184262 -2.83104e-19)
(-0.150505 -0.0551748 5.92207e-19)
(-0.125099 -0.082018 -3.7021e-19)
(-0.0968996 -0.102583 1.67336e-18)
(-0.0637352 -0.118604 -3.57918e-18)
(-0.0258229 -0.130613 6.14985e-18)
(0.0181753 -0.138282 0)
(0.0675579 -0.141111 -1.59952e-17)
(0.1196 -0.139099 -1.25711e-17)
(0.17404 -0.132589 0)
(0.229686 -0.122236 7.23208e-18)
(0.285435 -0.108718 1.58084e-17)
(0.340727 -0.0927683 0)
(0.395229 -0.0751879 0)
(0.448723 -0.0566972 0)
(0.50122 -0.0378712 0)
(0.553079 -0.0191637 -1.46993e-17)
(0.604665 -0.000941776 6.27917e-18)
(0.657229 0.0164769 -1.20965e-17)
(0.709858 0.0327043 1.02422e-17)
(0.769406 0.0471785 -3.5168e-18)
(0.816636 0.0585156 0)
(0.913272 0.0649118 0)
(0.978489 0.201541 0)
(0.978854 0.193019 -2.76292e-18)
(0.969151 0.205133 3.46002e-18)
(0.93907 0.20856 -3.03959e-18)
(0.878005 0.194641 2.86429e-18)
(0.785553 0.168756 2.82185e-18)
(0.669273 0.138111 0)
(0.540893 0.106044 0)
(0.408064 0.0750636 0)
(0.285691 0.0459184 6.81772e-18)
(0.173414 0.0180006 0)
(0.0718433 -0.0062871 0)
(-0.0209154 -0.013413 0)
(-0.0457648 -0.00324412 -7.12612e-18)
(-0.0506929 -0.0113875 0)
(-0.0598985 -0.0171658 -5.98264e-18)
(-0.0620137 -0.00953386 0)
(-0.0553229 0.00923333 5.76516e-18)
(-0.0607165 0.0135692 2.7949e-18)
(-0.0695479 0.00718888 0)
(-0.0784449 -0.00191446 -2.62607e-18)
(-0.0870809 -0.0102988 0)
(-0.0946618 -0.0156421 0)
(-0.100841 -0.0186233 4.83927e-18)
(-0.104667 -0.0199827 0)
(-0.104727 -0.0204934 1.18087e-18)
(-0.0999173 -0.0200617 -3.61115e-18)
(-0.0904605 -0.0175963 0)
(-0.078229 -0.0117141 0)
(-0.0664401 -0.00291468 -6.87751e-19)
(-0.0585015 0.00816723 0)
(-0.0560988 0.0205287 3.81807e-20)
(-0.0608925 0.0341618 0)
(-0.0733477 0.0474666 6.11744e-19)
(-0.0923965 0.0582003 7.01937e-20)
(-0.115732 0.0638443 0)
(-0.140109 0.0623006 1.06339e-19)
(-0.161803 0.0526134 -1.8611e-19)
(-0.177362 0.0355916 -1.73484e-19)
(-0.184279 0.0137557 -3.59069e-19)
(-0.182825 -0.00978275 3.93701e-19)
(-0.173712 -0.0309222 6.31629e-19)
(-0.157232 -0.0463153 0)
(-0.135837 -0.0534889 1.44121e-18)
(-0.112157 -0.0509667 -3.4027e-18)
(-0.0883782 -0.0384751 0)
(-0.066139 -0.0162812 -2.37045e-18)
(-0.0470545 0.0152039 4.55485e-18)
(-0.0311536 0.0541331 0)
(-0.0170806 0.097189 -2.02748e-18)
(-0.00436239 0.137627 2.25227e-18)
(0.00943173 0.166597 -1.88208e-18)
(0.0254536 0.176332 -1.3714e-18)
(0.043573 0.162267 0)
(0.0681365 0.12407 -4.97943e-19)
(0.0973243 0.068174 1.86028e-19)
(0.122331 0.0105434 -5.28395e-19)
(0.14012 -0.0324534 -4.52393e-19)
(0.156028 -0.0628273 -6.46371e-19)
(0.177565 -0.088592 0)
(0.20531 -0.112607 0)
(0.238098 -0.134672 0)
(0.275143 -0.153352 -9.94143e-19)
(0.315754 -0.166604 0)
(0.358844 -0.17395 3.87888e-18)
(0.40298 -0.174865 0)
(0.447191 -0.169645 -2.51435e-18)
(0.490775 -0.159195 -5.9596e-18)
(0.533272 -0.144669 0)
(0.574526 -0.127325 -3.12743e-18)
(0.614622 -0.108391 3.20003e-18)
(0.653818 -0.0889075 0)
(0.69249 -0.0696796 0)
(0.73117 -0.0513142 0)
(0.770319 -0.0342827 -6.06995e-18)
(0.81093 -0.0189777 0)
(0.852325 -0.00586088 -2.08349e-18)
(0.899363 0.00451623 3.55048e-18)
(0.937111 0.0110619 0)
(1.01314 0.0125807 4.20756e-19)
(0.970611 0.20912 0)
(0.963917 0.194779 1.51215e-18)
(0.96643 0.198538 0)
(0.977152 0.206443 1.68301e-18)
(0.98203 0.208932 -2.98225e-18)
(0.968276 0.204324 -1.33058e-18)
(0.930705 0.193786 0)
(0.870667 0.177934 0)
(0.790967 0.156635 0)
(0.695159 0.131408 1.34081e-18)
(0.589103 0.105516 1.372e-18)
(0.479596 0.0808017 0)
(0.368773 0.0580999 0)
(0.266431 0.0376695 0)
(0.17923 0.0182864 0)
(0.0996453 0.00201718 6.3472e-18)
(0.0293406 -0.0101953 -3.36018e-18)
(-0.0286878 -0.00690257 0)
(-0.0294396 0.00549538 -3.23891e-18)
(-0.0339023 0.00741663 1.58225e-18)
(-0.0385887 0.00578176 3.09856e-18)
(-0.048155 0.00189487 0)
(-0.0628624 -0.00125297 0)
(-0.0805631 -0.00430622 -2.811e-18)
(-0.0979138 -0.00922802 0)
(-0.112069 -0.0160148 -1.3293e-18)
(-0.11988 -0.0226776 1.32577e-18)
(-0.119664 -0.0259632 0)
(-0.112649 -0.0226212 0)
(-0.102217 -0.0124652 7.43847e-19)
(-0.0927083 0.0033952 0)
(-0.0869725 0.0232634 -7.5535e-19)
(-0.0865306 0.0441323 0)
(-0.0927524 0.0634239 -1.5989e-19)
(-0.104432 0.0777804 -7.63335e-20)
(-0.119145 0.0835694 -1.58011e-20)
(-0.133691 0.0781761 -1.67604e-19)
(-0.144567 0.0610871 2.10782e-19)
(-0.148698 0.0342052 2.01184e-19)
(-0.14537 0.0014258 5.49436e-19)
(-0.134296 -0.032459 -2.98992e-19)
(-0.117448 -0.0613851 3.24232e-19)
(-0.0961147 -0.081941 0)
(-0.0718548 -0.0918618 8.34914e-19)
(-0.0464378 -0.0901163 9.79434e-19)
(-0.019908 -0.077121 0)
(0.00690693 -0.0538706 2.7733e-18)
(0.0345297 -0.0215108 1.59591e-18)
(0.0633421 0.0179124 0)
(0.0953064 0.0596254 -3.95757e-18)
(0.13214 0.0978018 -2.20717e-18)
(0.17373 0.124828 8.11603e-19)
(0.218586 0.133479 1.24652e-18)
(0.26335 0.120067 0)
(0.305263 0.0860955 2.09849e-19)
(0.340694 0.0407917 -1.28005e-19)
(0.367713 -0.00393147 -3.54698e-19)
(0.38996 -0.0433161 3.71439e-19)
(0.412597 -0.0778236 7.13149e-20)
(0.439173 -0.109421 0)
(0.470134 -0.138873 0)
(0.504269 -0.165242 0)
(0.540049 -0.186694 1.25954e-18)
(0.576008 -0.201494 5.84432e-19)
(0.610885 -0.20876 0)
(0.643775 -0.208448 -1.83051e-18)
(0.674293 -0.201342 2.29543e-18)
(0.702515 -0.188787 -2.38924e-18)
(0.728816 -0.172332 -2.60639e-18)
(0.753761 -0.153488 2.47404e-19)
(0.777997 -0.133574 -3.14201e-18)
(0.802177 -0.113645 0)
(0.826908 -0.0944858 0)
(0.852782 -0.0766539 0)
(0.880221 -0.0605539 0)
(0.909957 -0.0464957 0)
(0.941349 -0.0348315 4.20857e-18)
(0.977892 -0.0258914 -1.54875e-18)
(1.00773 -0.0204814 0)
(1.06705 -0.0188987 -4.56792e-19)
(0.972988 0.216084 0)
(0.965832 0.201821 1.85602e-18)
(0.959207 0.195623 2.4747e-19)
(0.961491 0.19558 1.89399e-18)
(0.972673 0.197584 0)
(0.985526 0.199299 -1.5957e-18)
(0.992497 0.199376 0)
(0.988432 0.196351 -3.59833e-19)
(0.970156 0.189153 0)
(0.935507 0.17772 -1.59357e-18)
(0.884527 0.162953 -1.23321e-18)
(0.819315 0.145885 -3.1276e-19)
(0.742853 0.126909 3.10332e-19)
(0.657459 0.106223 0)
(0.568313 0.0853586 3.10319e-19)
(0.478191 0.0662837 0)
(0.391887 0.0501774 2.63527e-18)
(0.3117 0.0363004 -3.48838e-19)
(0.244332 0.0248293 0)
(0.190585 0.0168749 -1.85532e-18)
(0.148292 0.0121615 0)
(0.113362 0.00960877 0)
(0.0828564 0.00839802 0)
(0.0563416 0.00710989 0)
(0.0346676 0.00233652 -1.98009e-19)
(0.0176198 -0.00791396 0)
(0.00414877 -0.0207574 0)
(-0.00688274 -0.0303779 1.10697e-19)
(-0.0137565 -0.0323035 0)
(-0.0144262 -0.0237443 0)
(-0.00830831 -0.00532928 0)
(-0.000588985 0.019259 -6.85675e-20)
(0.00699966 0.0449123 0)
(0.0139035 0.0682632 -2.47459e-19)
(0.0203899 0.0854957 0)
(0.0277724 0.0926833 1.96386e-20)
(0.038081 0.0868426 7.53335e-20)
(0.052572 0.0669558 9.00931e-21)
(0.0704337 0.034841 -1.30821e-20)
(0.0895623 -0.00482995 -1.53736e-19)
(0.110813 -0.0447593 -1.82974e-19)
(0.131103 -0.0788453 2.42822e-19)
(0.147897 -0.103371 -7.83074e-20)
(0.160982 -0.116385 -8.27857e-19)
(0.171001 -0.117496 1.01146e-18)
(0.180415 -0.107214 -1.53317e-19)
(0.191806 -0.0865887 0)
(0.208576 -0.0576966 -1.41435e-18)
(0.231961 -0.0234985 0)
(0.262675 0.0118729 1.32341e-18)
(0.30126 0.0427195 0)
(0.346648 0.0635481 9.15919e-19)
(0.396332 0.0698714 0)
(0.446609 0.0598466 -1.26498e-19)
(0.493521 0.0356724 -2.01313e-19)
(0.533826 0.00279103 -2.93186e-20)
(0.56774 -0.0334541 1.17928e-20)
(0.597851 -0.069966 0)
(0.628095 -0.105507 -6.49633e-20)
(0.660401 -0.139555 -1.93028e-20)
(0.694203 -0.170998 0)
(0.727612 -0.197814 6.82252e-20)
(0.758574 -0.217851 -3.89787e-19)
(0.785579 -0.229704 -5.55493e-19)
(0.807939 -0.2331 0)
(0.825765 -0.228779 1.79493e-18)
(0.839782 -0.218151 0)
(0.851074 -0.202927 2.41491e-18)
(0.860836 -0.184805 2.67086e-18)
(0.870194 -0.165274 2.87732e-18)
(0.880127 -0.14553 3.47835e-19)
(0.89143 -0.126466 0)
(0.904715 -0.108708 0)
(0.920472 -0.092668 0)
(0.938974 -0.0786193 -3.32645e-19)
(0.960703 -0.066751 0)
(0.984917 -0.0572582 -1.95084e-18)
(1.01437 -0.0503282 1.90993e-18)
(1.03872 -0.0463475 1.23337e-19)
(1.08844 -0.045622 5.27857e-20)
(0.974194 0.218516 -1.22363e-18)
(0.970935 0.206376 1.1844e-18)
(0.96512 0.198194 -2.80033e-19)
(0.961141 0.194144 0)
(0.962203 0.191986 0)
(0.968271 0.190605 0)
(0.97779 0.189966 0)
(0.988525 0.18959 1.24306e-18)
(0.997452 0.188453 0)
(1.00094 0.185549 -1.11086e-18)
(0.995757 0.180198 -1.38431e-18)
(0.979778 0.17219 3.17247e-19)
(0.952519 0.161741 9.57967e-19)
(0.914007 0.148953 0)
(0.865056 0.134075 -1.46119e-18)
(0.807254 0.118236 0)
(0.744471 0.102968 -1.16859e-18)
(0.681121 0.0887342 2.92757e-19)
(0.619366 0.0755511 -1.21594e-18)
(0.56171 0.0637164 -9.27529e-19)
(0.509302 0.0533666 0)
(0.462763 0.0446264 0)
(0.422565 0.0373537 -6.35061e-19)
(0.389084 0.0306467 0)
(0.362076 0.0232956 -4.84738e-19)
(0.339819 0.01428 0)
(0.316775 0.00336317 0)
(0.289553 -0.00760101 -9.4657e-20)
(0.258744 -0.0163783 0)
(0.228388 -0.0202922 0)
(0.205564 -0.0155498 0)
(0.195583 -0.000107459 6.1941e-20)
(0.19938 0.0233116 2.38797e-19)
(0.214217 0.0481096 1.30867e-19)
(0.236745 0.0674747 0)
(0.26468 0.0762101 0)
(0.296885 0.0712546 -1.1606e-20)
(0.332509 0.0514797 -3.73606e-20)
(0.36917 0.018288 1.0561e-20)
(0.403093 -0.021872 0)
(0.432997 -0.0603546 0)
(0.457827 -0.0913115 -9.36754e-20)
(0.476158 -0.11117 6.35872e-20)
(0.487387 -0.118854 -3.50608e-19)
(0.491669 -0.115626 4.3618e-19)
(0.489867 -0.104191 1.29002e-19)
(0.484095 -0.0874739 0)
(0.478176 -0.0677065 6.31149e-19)
(0.476948 -0.0463096 0)
(0.484882 -0.0242774 0)
(0.505093 -0.00394263 0)
(0.53661 0.0104218 0)
(0.575924 0.0148602 0)
(0.618971 0.00748679 1.26124e-19)
(0.662025 -0.0111984 0)
(0.702822 -0.0386176 2.54941e-19)
(0.740791 -0.0715022 -1.13266e-20)
(0.77701 -0.106712 0)
(0.812508 -0.142034 1.26111e-19)
(0.846771 -0.175475 1.87346e-20)
(0.877958 -0.204649 2.28045e-19)
(0.903959 -0.227172 -6.75738e-20)
(0.923323 -0.241414 0)
(0.935694 -0.246946 -5.45491e-19)
(0.941761 -0.244471 0)
(0.942925 -0.235436 0)
(0.940909 -0.221597 -9.61247e-19)
(0.937436 -0.204694 0)
(0.934025 -0.186246 0)
(0.931891 -0.167467 -1.33357e-18)
(0.931943 -0.14926 -3.81361e-19)
(0.934819 -0.132255 0)
(0.940938 -0.116859 0)
(0.950588 -0.103321 0)
(0.963851 -0.0917777 3.71393e-19)
(0.981008 -0.0823066 -1.27948e-18)
(1.00121 -0.0749651 -2.8849e-19)
(1.02685 -0.0698169 -2.24261e-19)
(1.04827 -0.0669297 -1.39322e-19)
(1.0932 -0.0666332 -2.87211e-19)
(0.974501 0.219012 4.32497e-18)
(0.973758 0.208048 -4.15293e-18)
(0.971716 0.200446 0)
(0.969163 0.196241 -2.5196e-18)
(0.96706 0.192979 0)
(0.966177 0.189368 -2.22109e-18)
(0.967438 0.185894 0)
(0.971699 0.18311 2.95683e-18)
(0.979023 0.180867 -3.67044e-18)
(0.988348 0.178668 1.67546e-18)
(0.99778 0.176014 1.56579e-18)
(1.00508 0.172453 0)
(1.00822 0.167626 -4.23079e-18)
(1.0055 0.161117 -2.69316e-18)
(0.995505 0.152607 3.78381e-18)
(0.977461 0.142426 0)
(0.95234 0.131517 1.15907e-18)
(0.922589 0.120689 0)
(0.890063 0.109986 1.1487e-18)
(0.856164 0.0991883 1.13857e-18)
(0.822123 0.0884252 0)
(0.789248 0.0779581 0)
(0.758795 0.0678078 -6.0041e-19)
(0.731614 0.0575524 0)
(0.707686 0.0466833 5.58081e-19)
(0.685943 0.0352797 0)
(0.664749 0.0246322 0)
(0.643117 0.0166511 0)
(0.620305 0.0127105 0)
(0.595381 0.0125256 0)
(0.569043 0.0148591 0)
(0.543814 0.0191717 0)
(0.524675 0.0258689 2.0163e-19)
(0.517565 0.0341038 -9.2325e-20)
(0.525209 0.0405095 3.86671e-20)
(0.546056 0.0402019 0)
(0.57668 0.0286885 0)
(0.614253 0.00461124 2.68171e-20)
(0.653499 -0.0282261 -1.05047e-19)
(0.688319 -0.0636431 1.10618e-19)
(0.715513 -0.0954445 0)
(0.734104 -0.119013 4.78207e-19)
(0.744609 -0.131743 -5.23305e-19)
(0.748877 -0.133106 -3.39938e-19)
(0.749469 -0.124286 -4.03989e-19)
(0.748776 -0.107553 0)
(0.74843 -0.0858071 0)
(0.749185 -0.0623424 -1.67443e-18)
(0.751344 -0.0405722 0)
(0.755398 -0.0234826 0)
(0.762758 -0.0129466 0)
(0.775895 -0.00965566 9.24767e-19)
(0.795921 -0.0143153 1.57168e-18)
(0.821891 -0.0274325 0)
(0.85155 -0.0485923 0)
(0.882883 -0.07618 -2.49425e-19)
(0.914267 -0.10798 0)
(0.944423 -0.141554 4.99716e-19)
(0.971923 -0.174352 3.5887e-19)
(0.994978 -0.203651 0)
(1.01185 -0.226906 3.84658e-19)
(1.02151 -0.242356 7.55854e-19)
(1.02393 -0.249424 9.34216e-19)
(1.02004 -0.248678 5.86157e-19)
(1.01145 -0.241472 -1.40611e-18)
(1 -0.2295 1.68609e-18)
(0.987491 -0.21444 3.04245e-18)
(0.975474 -0.197749 0)
(0.965176 -0.180591 0)
(0.95749 -0.163835 1.4937e-18)
(0.953025 -0.148091 0)
(0.952174 -0.133769 3.14715e-18)
(0.955163 -0.12112 3.20987e-18)
(0.962136 -0.110282 0)
(0.973071 -0.101314 3.0449e-18)
(0.988164 -0.0942235 -1.34111e-18)
(1.00654 -0.088973 0)
(1.03045 -0.0855409 0)
(1.05055 -0.0837379 0)
(1.09344 -0.0840343 -2.43566e-19)
(0.974733 0.21894 -3.33207e-18)
(0.975459 0.208213 3.18974e-18)
(0.97606 0.201078 -6.19556e-18)
(0.975942 0.197395 2.84967e-18)
(0.974884 0.1945 0)
(0.973214 0.190839 2.51196e-18)
(0.971507 0.186655 -4.80812e-18)
(0.970502 0.182432 -4.45676e-18)
(0.971038 0.178254 -7.87356e-20)
(0.973774 0.174116 0)
(0.978914 0.170087 0)
(0.986123 0.166138 3.56456e-18)
(0.994577 0.162037 3.26046e-18)
(1.00309 0.157376 -3.24387e-18)
(1.01022 0.151783 -8.80078e-18)
(1.01452 0.145199 0)
(1.01511 0.137967 0)
(1.01209 0.130395 0)
(1.00599 0.122364 0)
(0.99732 0.113699 0)
(0.986617 0.104456 0)
(0.974561 0.09476 0)
(0.961898 0.0846104 1.16041e-18)
(0.949173 0.073863 -2.42234e-18)
(0.93646 0.0625114 0)
(0.923364 0.0511165 0)
(0.909385 0.0408639 0)
(0.894298 0.0329667 0)
(0.878283 0.0282536 0)
(0.862068 0.0273209 -7.49884e-19)
(0.846987 0.0300261 0)
(0.834327 0.0348631 0)
(0.825473 0.0395876 -4.30943e-21)
(0.82254 0.0416837 0)
(0.827676 0.0387709 -3.59201e-20)
(0.841873 0.0287548 0)
(0.864296 0.0101991 9.93695e-20)
(0.890278 -0.0165046 0)
(0.913765 -0.0482198 2.42233e-19)
(0.93051 -0.0796871 -1.06238e-19)
(0.938576 -0.105855 -3.57791e-19)
(0.938157 -0.123422 -3.90444e-19)
(0.930974 -0.131125 5.26504e-19)
(0.919671 -0.129416 6.74855e-19)
(0.907161 -0.119989 1.62308e-18)
(0.896065 -0.10518 1.85349e-18)
(0.888472 -0.0874273 0)
(0.88586 -0.068899 -1.04507e-18)
(0.888955 -0.0514223 0)
(0.897631 -0.0368621 0)
(0.911121 -0.0274798 -2.09948e-18)
(0.928487 -0.0253067 -9.4009e-19)
(0.948877 -0.0313989 1.03794e-19)
(0.971119 -0.0459556 0)
(0.993876 -0.0681549 0)
(1.01575 -0.0962636 0)
(1.03538 -0.12779 8.71104e-19)
(1.05159 -0.159821 -5.24106e-19)
(1.06333 -0.189407 -5.15754e-19)
(1.06986 -0.213967 0)
(1.07093 -0.231659 -6.74466e-19)
(1.06686 -0.24164 8.19221e-20)
(1.0584 -0.244105 -1.03586e-18)
(1.04657 -0.240071 1.25665e-18)
(1.03254 -0.231027 7.52706e-20)
(1.01753 -0.218565 -1.89862e-18)
(1.00272 -0.204127 -2.23591e-18)
(0.98914 -0.18889 0)
(0.977661 -0.173748 0)
(0.968938 -0.159348 0)
(0.963454 -0.146132 0)
(0.961547 -0.134388 -3.56756e-18)
(0.963436 -0.124287 -3.63976e-18)
(0.96928 -0.115908 0)
(0.979086 -0.109266 -3.45465e-18)
(0.993076 -0.104319 6.25635e-18)
(1.01042 -0.100957 0)
(1.03335 -0.0990799 0)
(1.05274 -0.0982853 0)
(1.09457 -0.0991267 1.13716e-18)
(0.975035 0.218504 8.28901e-18)
(0.977129 0.207487 0)
(0.979627 0.200827 1.41814e-17)
(0.98095 0.197747 0)
(0.980759 0.195216 6.17088e-18)
(0.979856 0.191871 0)
(0.978681 0.187972 5.43342e-18)
(0.977217 0.18375 0)
(0.975653 0.179109 -4.99833e-18)
(0.974508 0.174049 0)
(0.974371 0.168747 8.80658e-18)
(0.975724 0.163365 -4.07448e-18)
(0.978867 0.15794 0)
(0.983818 0.152384 7.2324e-18)
(0.990232 0.146565 -1.83723e-19)
(0.997471 0.140432 -6.59792e-18)
(1.00471 0.134145 6.38235e-18)
(1.01131 0.127779 0)
(1.01698 0.121112 0)
(1.02145 0.113908 5.91601e-18)
(1.02454 0.106077 0)
(1.02618 0.0976037 -2.83446e-18)
(1.02644 0.0884589 0)
(1.02535 0.078622 2.62687e-18)
(1.02277 0.0682641 0)
(1.01847 0.0579614 2.79476e-18)
(1.0124 0.0486769 0)
(1.00496 0.0414561 0)
(0.997017 0.0370955 1.53947e-18)
(0.989834 0.0358956 7.82321e-19)
(0.984838 0.0372763 0)
(0.98322 0.0396871 0)
(0.985686 0.0410828 -1.1355e-18)
(0.992537 0.0392379 0)
(1.00369 0.0320829 0)
(1.01841 0.0180565 0)
(1.03433 -0.00310356 -1.0191e-19)
(1.04759 -0.0296494 0)
(1.05472 -0.0580444 -5.4086e-19)
(1.05371 -0.0840561 -4.04396e-19)
(1.04439 -0.104227 3.82013e-19)
(1.02827 -0.116668 0)
(1.00791 -0.12103 0)
(0.986249 -0.11811 1.52045e-18)
(0.966094 -0.109426 -1.77945e-18)
(0.949744 -0.0968175 -2.03451e-18)
(0.938764 -0.0821946 0)
(0.933988 -0.0674213 6.59144e-20)
(0.935645 -0.0542855 2.39172e-18)
(0.943501 -0.0444997 0)
(0.956849 -0.0397101 2.29726e-18)
(0.974278 -0.0412437 2.1591e-18)
(0.993961 -0.0497371 -1.84839e-18)
(1.01405 -0.0651172 0)
(1.03285 -0.086503 0)
(1.04888 -0.112285 0)
(1.06106 -0.140261 -9.62967e-19)
(1.06886 -0.16798 0)
(1.07241 -0.193079 0)
(1.07236 -0.213552 0)
(1.06959 -0.227944 2.07795e-18)
(1.06468 -0.235519 -1.03124e-18)
(1.05781 -0.23638 0)
(1.0489 -0.231416 -1.4227e-18)
(1.03808 -0.22204 -1.53551e-18)
(1.02585 -0.209803 3.82715e-18)
(1.01303 -0.196101 -4.49914e-18)
(1.0006 -0.182041 -5.21148e-18)
(0.989498 -0.168431 0)
(0.980532 -0.15582 -6.57155e-18)
(0.974356 -0.144564 0)
(0.97146 -0.134873 0)
(0.972187 -0.126852 0)
(0.976795 -0.120531 7.76621e-18)
(0.985365 -0.115876 -7.49857e-18)
(0.998179 -0.112801 -1.04356e-17)
(1.01447 -0.11112 0)
(1.03647 -0.110673 4.72405e-18)
(1.05522 -0.110808 0)
(1.09626 -0.112247 -1.9293e-18)
(0.975434 0.217692 -9.40228e-18)
(0.979145 0.2061 -9.15293e-18)
(0.983428 0.200262 -1.63345e-17)
(0.985589 0.198021 0)
(0.9855 0.195714 -1.40313e-17)
(0.984808 0.192461 -6.68383e-18)
(0.984231 0.18879 0)
(0.983496 0.184804 1.19076e-17)
(0.982412 0.180304 1.11125e-17)
(0.981111 0.175239 0)
(0.979809 0.1697 -9.95959e-18)
(0.978747 0.163786 0)
(0.978244 0.157563 0)
(0.978633 0.151063 8.61828e-18)
(0.980145 0.144306 7.9804e-18)
(0.982867 0.137347 -1.78227e-19)
(0.986695 0.130409 1.79048e-19)
(0.991414 0.123631 0)
(0.996782 0.116846 0)
(1.00245 0.109821 -6.77911e-18)
(1.008 0.102399 -6.82871e-18)
(1.01305 0.0945012 9.93617e-18)
(1.01727 0.0860779 3.30017e-18)
(1.02037 0.0771335 3.26922e-18)
(1.022 0.0678447 0)
(1.02191 0.0586895 -3.15533e-18)
(1.02018 0.0504284 0)
(1.01737 0.0438696 0)
(1.01448 0.0395535 -3.48209e-18)
(1.01281 0.0375208 0)
(1.01362 0.0371506 0)
(1.01787 0.0371793 0)
(1.02586 0.0359624 8.40659e-19)
(1.03716 0.0317048 -4.02067e-19)
(1.05058 0.0227811 1.85624e-19)
(1.06417 0.00836832 0)
(1.07537 -0.0110399 0)
(1.08152 -0.0337248 0)
(1.08056 -0.0568412 4.37093e-19)
(1.07187 -0.0773381 4.54001e-19)
(1.05627 -0.0928522 -1.14756e-18)
(1.03569 -0.102169 0)
(1.01255 -0.105218 0)
(0.989327 -0.10278 -3.47343e-18)
(0.968261 -0.096152 -1.99395e-18)
(0.951174 -0.0868468 0)
(0.939354 -0.076386 0)
(0.933533 -0.0661943 2.62877e-18)
(0.933934 -0.0575744 -2.7976e-20)
(0.940325 -0.0517535 0)
(0.951935 -0.0498845 0)
(0.967398 -0.0529811 -2.4402e-18)
(0.984903 -0.0616808 0)
(1.00253 -0.0759741 0)
(1.01857 -0.0952462 0)
(1.03175 -0.118285 0)
(1.04143 -0.143411 0)
(1.04775 -0.168671 -2.94855e-18)
(1.05168 -0.192073 0)
(1.05455 -0.211716 0)
(1.05724 -0.225874 2.1364e-19)
(1.05939 -0.233295 0)
(1.05967 -0.233686 0)
(1.05673 -0.227896 0)
(1.04999 -0.217585 7.11517e-18)
(1.0399 -0.204624 -4.3225e-18)
(1.02761 -0.19063 5.08954e-18)
(1.01455 -0.176798 2.72212e-19)
(1.00209 -0.163907 0)
(0.991383 -0.152425 7.46722e-18)
(0.983321 -0.1426 -7.88402e-18)
(0.978551 -0.134541 0)
(0.977512 -0.128266 0)
(0.980509 -0.123731 -1.19082e-19)
(0.987651 -0.120845 8.54527e-18)
(0.999237 -0.119475 7.89233e-18)
(1.01453 -0.119359 0)
(1.03579 -0.120305 -5.38414e-18)
(1.05409 -0.121317 0)
(1.09488 -0.123525 1.46853e-18)
(0.975986 0.216476 0)
(0.981694 0.204224 2.10863e-17)
(0.987775 0.199663 1.86995e-17)
(0.990451 0.198435 0)
(0.990139 0.196269 7.97406e-18)
(0.989296 0.193019 -7.71643e-18)
(0.988807 0.189449 0)
(0.98833 0.185542 -1.34644e-17)
(0.987678 0.181103 0)
(0.986943 0.176131 0)
(0.98616 0.170686 0)
(0.985304 0.164797 0)
(0.984411 0.158477 0)
(0.983604 0.151736 1.80648e-19)
(0.983037 0.144594 -9.41845e-18)
(0.982874 0.137119 -1.78523e-19)
(0.983296 0.129571 1.79068e-19)
(0.984448 0.122165 0)
(0.986371 0.114828 0)
(0.988943 0.107392 0)
(0.991908 0.0997384 -2.07339e-19)
(0.994956 0.0918053 2.18585e-19)
(0.997763 0.0835622 -3.78062e-18)
(0.999983 0.0750312 -3.74556e-18)
(1.00126 0.0663693 0)
(1.00136 0.0579492 -3.89068e-18)
(1.00033 0.0503284 3.94811e-18)
(0.998627 0.0440649 0)
(0.997132 0.0394892 2.0106e-18)
(0.99694 0.0365491 2.07819e-18)
(0.999127 0.0347209 0)
(1.00444 0.0330106 0)
(1.013 0.0301143 9.93895e-19)
(1.02423 0.0246508 -1.30381e-20)
(1.03673 0.0155007 -4.34904e-19)
(1.04849 0.00222231 0)
(1.05751 -0.0147803 0)
(1.06175 -0.0340612 -6.89359e-19)
(1.05992 -0.0533252 0)
(1.05181 -0.0701907 -6.65552e-19)
(1.03825 -0.0828407 -1.00037e-19)
(1.02068 -0.0903795 0)
(1.00089 -0.0928578 1.77068e-18)
(0.980768 -0.0910212 4.01036e-18)
(0.962126 -0.0860073 2.27668e-18)
(0.94654 -0.0790827 0)
(0.935232 -0.0714772 -5.50313e-18)
(0.928978 -0.0643325 0)
(0.928102 -0.0587228 -3.04452e-18)
(0.932474 -0.0556541 0)
(0.9415 -0.0560264 0)
(0.954111 -0.0606009 0)
(0.968843 -0.0698509 0)
(0.984088 -0.0837824 0)
(0.998417 -0.101942 -4.72939e-18)
(1.01081 -0.123447 4.35469e-18)
(1.02087 -0.147046 0)
(1.02912 -0.171268 3.34142e-18)
(1.03699 -0.19448 -3.48226e-18)
(1.04594 -0.214655 0)
(1.05595 -0.229357 -2.87024e-18)
(1.06507 -0.236515 0)
(1.07044 -0.235513 0)
(1.06999 -0.227534 0)
(1.06328 -0.214883 -3.90389e-18)
(1.05143 -0.2 4.36684e-18)
(1.03636 -0.184812 -5.21159e-18)
(1.02013 -0.170577 1.25808e-17)
(1.00456 -0.157987 -7.12789e-18)
(0.991035 -0.14736 0)
(0.980566 -0.138782 9.04815e-18)
(0.973818 -0.132225 -9.4846e-18)
(0.971203 -0.127591 0)
(0.972978 -0.124751 -7.33229e-20)
(0.9792 -0.123553 -9.68644e-18)
(0.990144 -0.123829 0)
(1.00504 -0.12524 0)
(1.02626 -0.127633 -6.23147e-18)
(1.04468 -0.129508 0)
(1.08637 -0.132756 -1.72428e-18)
(0.976761 0.214806 0)
(0.984938 0.202019 -1.21493e-17)
(0.992777 0.199219 -1.06342e-17)
(0.99566 0.199013 0)
(0.995001 0.196902 1.83001e-17)
(0.993984 0.193678 1.72791e-17)
(0.993428 0.190197 0)
(0.992883 0.186279 1.55502e-17)
(0.992235 0.181783 -1.47627e-17)
(0.99166 0.176789 0)
(0.991208 0.171366 0)
(0.990811 0.165521 0)
(0.990408 0.159251 0)
(0.989982 0.152543 -1.1203e-17)
(0.989529 0.145395 -1.09964e-17)
(0.989072 0.137841 1.00938e-17)
(0.988716 0.130115 -2.98165e-17)
(0.988617 0.122443 0)
(0.988888 0.114797 0)
(0.989529 0.107064 9.45242e-18)
(0.990435 0.0991718 1.83912e-17)
(0.991436 0.0910938 -8.95547e-18)
(0.992326 0.0828346 0)
(0.99286 0.0744436 0)
(0.992779 0.0660712 -4.51199e-18)
(0.991904 0.0580152 8.9667e-18)
(0.990274 0.0506866 -9.09017e-18)
(0.988254 0.0444731 0)
(0.986529 0.0395738 0)
(0.98598 0.0358826 -2.36603e-18)
(0.987484 0.0329297 0)
(0.991669 0.0298953 2.37632e-18)
(0.998688 0.0257472 -1.13694e-18)
(1.00808 0.0194499 -1.3886e-20)
(1.01872 0.0102026 -9.36206e-21)
(1.02909 -0.00231924 0)
(1.03752 -0.0177065 0)
(1.04235 -0.0346558 -5.9939e-20)
(1.04251 -0.0512489 8.10225e-19)
(1.03767 -0.0655326 2.37814e-18)
(1.02815 -0.0760375 3.30444e-18)
(1.01483 -0.0820989 1.84041e-18)
(0.998923 -0.083888 -2.01285e-18)
(0.981923 -0.0821885 -2.28783e-18)
(0.965441 -0.0780965 2.58132e-18)
(0.951015 -0.0727656 0)
(0.939917 -0.0672599 6.23444e-18)
(0.933038 -0.0625212 -6.61269e-18)
(0.930831 -0.0593906 0)
(0.933303 -0.0586208 0)
(0.940026 -0.0608771 0)
(0.950156 -0.0667083 0)
(0.962529 -0.0764697 0)
(0.975848 -0.0902117 0)
(0.988911 -0.107653 5.34739e-18)
(1.00083 -0.128193 -1.01909e-17)
(1.0114 -0.151024 -4.90912e-18)
(1.0216 -0.175214 4.56854e-18)
(1.03315 -0.199305 3.88808e-18)
(1.04679 -0.22064 -3.90553e-18)
(1.06086 -0.235625 3.59344e-18)
(1.07181 -0.241399 0)
(1.07618 -0.237487 3.2901e-18)
(1.0723 -0.225901 -3.4753e-18)
(1.06073 -0.209879 0)
(1.04359 -0.192477 -9.73863e-18)
(1.02358 -0.175845 6.00865e-18)
(1.00321 -0.16118 -1.3998e-17)
(0.984449 -0.148977 8.27942e-18)
(0.968672 -0.139329 0)
(0.956761 -0.132119 1.01578e-17)
(0.94923 -0.127154 1.10438e-17)
(0.946339 -0.124221 -1.14083e-17)
(0.948211 -0.123115 -1.15495e-17)
(0.954793 -0.123613 1.11718e-17)
(0.966316 -0.125535 0)
(0.981951 -0.128475 0)
(1.00426 -0.132395 7.07903e-18)
(1.02368 -0.135177 0)
(1.06797 -0.13978 1.92333e-18)
(0.977833 0.212619 1.61211e-17)
(0.988997 0.199658 0)
(0.998478 0.199072 -2.39385e-17)
(1.00126 0.199754 2.1681e-17)
(1.0002 0.197619 -2.06752e-17)
(0.999059 0.194474 1.98293e-17)
(0.998441 0.191086 0)
(0.997781 0.187128 1.59627e-19)
(0.997024 0.182547 1.6667e-17)
(0.996384 0.177486 0)
(0.995933 0.172011 0)
(0.995628 0.166127 0)
(0.99543 0.159835 2.74413e-17)
(0.995313 0.15313 0)
(0.995244 0.146002 2.44035e-17)
(0.995188 0.138466 0)
(0.995159 0.130727 4.54807e-17)
(0.995223 0.122998 0)
(0.99544 0.115263 0)
(0.995807 0.107436 -2.15245e-17)
(0.996249 0.0994643 -1.04915e-17)
(0.996648 0.0913435 0)
(0.996863 0.0831014 0)
(0.996722 0.0748086 0)
(0.996048 0.0666135 5.09351e-18)
(0.994726 0.0587677 -5.12657e-18)
(0.992813 0.0515899 -1.07904e-19)
(0.99062 0.0453573 0)
(0.988712 0.0401766 5.44962e-18)
(0.987817 0.035894 0)
(0.988667 0.0320662 0)
(0.991812 0.0279908 -2.69045e-18)
(0.99743 0.0228312 1.33628e-18)
(1.00522 0.01578 -1.48679e-20)
(1.0144 0.0062413 3.00198e-19)
(1.02377 -0.00596723 0)
(1.03191 -0.0203854 0)
(1.03741 -0.0358271 9.52087e-19)
(1.03925 -0.0506148 -9.13503e-19)
(1.03691 -0.0630435 -1.82743e-18)
(1.03034 -0.0718635 -1.91167e-18)
(1.01991 -0.0765939 -2.07747e-18)
(1.00644 -0.0775605 0)
(0.991204 -0.0756616 0)
(0.975739 -0.0720307 -2.9168e-18)
(0.961631 -0.0677638 -6.44985e-18)
(0.950248 -0.063789 0)
(0.942578 -0.0608638 1.49328e-17)
(0.939159 -0.0596291 0)
(0.940074 -0.0606449 0)
(0.944983 -0.0644089 -7.92696e-18)
(0.95318 -0.0713254 7.75548e-18)
(0.963685 -0.0816692 7.45956e-18)
(0.975377 -0.0955062 0)
(0.987148 -0.112642 6.67189e-18)
(0.998222 -0.13272 1.21764e-17)
(1.00875 -0.155414 -3.6557e-19)
(1.01991 -0.180188 -5.09239e-18)
(1.03271 -0.205272 0)
(1.04609 -0.226916 4.34264e-18)
(1.05686 -0.240482 1.79143e-19)
(1.06133 -0.242962 0)
(1.05723 -0.234654 -7.40513e-18)
(1.04443 -0.218673 1.8781e-19)
(1.02476 -0.19913 0)
(1.00114 -0.17949 5.54603e-18)
(0.976542 -0.161901 0)
(0.953409 -0.147345 8.12965e-18)
(0.933443 -0.136022 -9.33e-18)
(0.917675 -0.127753 -1.07099e-17)
(0.90665 -0.122208 -1.20152e-17)
(0.900566 -0.119037 1.2718e-17)
(0.899483 -0.117932 1.32527e-17)
(0.903382 -0.118627 0)
(0.912112 -0.120865 0)
(0.92585 -0.124465 0)
(0.943684 -0.12896 0)
(0.968485 -0.134494 0)
(0.989968 -0.138274 0)
(1.03879 -0.144563 0)
(0.979275 0.209854 1.97824e-17)
(0.993934 0.19734 0)
(1.00486 0.199306 2.70686e-17)
(1.0073 0.200634 -2.21312e-20)
(1.00583 0.198439 0)
(1.00462 0.19543 -4.48427e-17)
(1.00396 0.192117 0)
(1.00321 0.1881 -1.99645e-17)
(1.00237 0.183439 1.91563e-17)
(1.00167 0.178314 -1.82258e-17)
(1.00115 0.172774 3.4653e-17)
(1.00079 0.166821 -3.29392e-17)
(1.00057 0.160465 -3.09412e-17)
(1.00047 0.153707 0)
(1.0005 0.146542 2.83024e-17)
(1.00062 0.138978 0)
(1.00083 0.131208 -5.20568e-17)
(1.00115 0.123439 2.57344e-17)
(1.0016 0.11566 0)
(1.00216 0.107798 1.22405e-17)
(1.00273 0.0998118 0)
(1.00321 0.0917049 0)
(1.00346 0.0835175 -1.20149e-17)
(1.00333 0.0753307 0)
(1.00269 0.0672883 0)
(1.00145 0.0596075 0)
(0.99969 0.0525417 5.96043e-18)
(0.997688 0.0462868 0)
(0.995942 0.0408799 8.92951e-20)
(0.995083 0.0361312 6.26941e-18)
(0.995748 0.0316167 0)
(0.998422 0.0267177 0)
(1.00328 0.0207341 -1.50742e-18)
(1.01011 0.0130106 7.30614e-19)
(1.01831 0.00311415 0)
(1.02688 -0.00900896 3.35298e-19)
(1.03465 -0.0228577 6.26577e-19)
(1.04045 -0.0373117 0)
(1.04331 -0.0508188 0)
(1.04256 -0.0618103 2.23719e-18)
(1.03778 -0.0691806 0)
(1.02897 -0.0726165 -2.43587e-18)
(1.01668 -0.0726321 2.6631e-18)
(1.00208 -0.0702909 0)
(0.986741 -0.0668096 0)
(0.972361 -0.0632592 5.6042e-23)
(0.960399 -0.0604582 0)
(0.951908 -0.0590076 -8.43221e-18)
(0.947471 -0.0593716 8.83028e-18)
(0.947178 -0.0619409 0)
(0.950717 -0.06703 8.91909e-18)
(0.957447 -0.0749403 1.68602e-19)
(0.966465 -0.0858693 -8.37911e-18)
(0.976679 -0.0998496 0)
(0.987003 -0.116762 -7.48172e-18)
(0.996791 -0.136535 -7.00732e-18)
(1.0062 -0.159201 1.3445e-17)
(1.01551 -0.184144 0)
(1.02372 -0.208793 5.99492e-18)
(1.0281 -0.228466 5.48543e-18)
(1.0258 -0.238329 1.8003e-19)
(1.0154 -0.23606 0)
(0.997275 -0.222999 1.26555e-17)
(0.973112 -0.203142 4.50379e-18)
(0.94547 -0.181072 -9.90828e-18)
(0.917223 -0.160323 0)
(0.89091 -0.142829 -1.51844e-17)
(0.868328 -0.129251 -1.86622e-17)
(0.850528 -0.11946 1.12814e-17)
(0.837892 -0.113005 1.27652e-17)
(0.83059 -0.109417 -2.77765e-17)
(0.828624 -0.108246 1.46774e-17)
(0.831802 -0.109101 0)
(0.839921 -0.111666 0)
(0.852705 -0.115669 2.94603e-17)
(0.870313 -0.12095 0)
(0.891757 -0.126994 0)
(0.920346 -0.134195 0)
(0.944799 -0.139048 0)
(0.99988 -0.1473 0)
(0.981152 0.20647 -4.32063e-17)
(0.999748 0.195263 -3.7477e-17)
(1.01186 0.199936 -2.97845e-17)
(1.01377 0.201622 -5.85368e-21)
(1.01197 0.199393 0)
(1.01075 0.196565 2.52883e-17)
(1.01006 0.193293 0)
(1.00926 0.1892 0)
(1.00839 0.18447 -2.15429e-17)
(1.00767 0.179289 2.04997e-17)
(1.00713 0.173688 -7.83352e-17)
(1.00673 0.167668 3.70617e-17)
(1.00646 0.161243 3.56126e-17)
(1.00632 0.154418 3.38787e-17)
(1.00632 0.147191 3.73178e-19)
(1.00643 0.139567 0)
(1.00666 0.131732 5.93958e-17)
(1.00703 0.123896 -2.8972e-17)
(1.00755 0.116055 0)
(1.00818 0.108146 -2.84189e-17)
(1.00883 0.100136 0)
(1.0094 0.0920363 -1.38583e-17)
(1.00974 0.0838945 1.35222e-17)
(1.00972 0.075796 1.368e-17)
(1.00922 0.0678775 1.36746e-17)
(1.00817 0.0603272 1.37311e-17)
(1.00664 0.0533468 0)
(1.00489 0.0470693 0)
(1.00337 0.0414777 -6.97964e-18)
(1.00264 0.0363553 -7.04042e-18)
(1.00327 0.0312935 0)
(1.00571 0.0257356 0)
(1.0101 0.0190848 -1.7541e-18)
(1.01627 0.0107996 0)
(1.02374 0.000573996 -4.09457e-19)
(1.03169 -0.01156 -3.74366e-19)
(1.03913 -0.0250648 2.44942e-20)
(1.04501 -0.0388418 0)
(1.04831 -0.0513823 -2.62196e-18)
(1.04808 -0.061173 7.62884e-20)
(1.04366 -0.0672061 2.62921e-18)
(1.03489 -0.0693417 2.7418e-18)
(1.02233 -0.0683175 -3.006e-18)
(1.00725 -0.0653968 0)
(0.991377 -0.0618991 0)
(0.976474 -0.0588811 8.2609e-18)
(0.964037 -0.0570506 0)
(0.955092 -0.0568471 0)
(0.950132 -0.0585691 -1.98884e-17)
(0.949182 -0.0624468 0)
(0.951863 -0.0686579 0)
(0.957523 -0.0773941 -1.00067e-17)
(0.965233 -0.0887713 0)
(0.973828 -0.102778 -9.47873e-18)
(0.98217 -0.119373 0)
(0.98943 -0.138652 0)
(0.994836 -0.160587 -1.58546e-17)
(0.996698 -0.184005 -1.52784e-17)
(0.99207 -0.205655 7.48442e-18)
(0.978394 -0.220838 -6.31023e-18)
(0.955579 -0.225544 -5.76707e-18)
(0.92602 -0.218509 0)
(0.89289 -0.201805 -2.00436e-17)
(0.858933 -0.179718 0)
(0.82644 -0.15682 2.39394e-17)
(0.797416 -0.13644 -1.45801e-17)
(0.773367 -0.120181 1.88271e-17)
(0.755009 -0.108364 2.28978e-17)
(0.74255 -0.100583 0)
(0.736094 -0.0963002 -2.95543e-17)
(0.735336 -0.094904 3.23559e-17)
(0.739854 -0.0958417 -3.41986e-17)
(0.749235 -0.0986689 0)
(0.763179 -0.103064 0)
(0.781361 -0.108756 1.74087e-19)
(0.803987 -0.115635 0)
(0.829996 -0.123145 0)
(0.863247 -0.131983 0)
(0.891211 -0.137942 0)
(0.953734 -0.148348 0)
(0.983507 0.20247 0)
(1.00638 0.193572 1.9826e-19)
(1.01939 0.200884 3.34716e-17)
(1.02069 0.202669 -6.17458e-17)
(1.01866 0.200496 0)
(1.01748 0.197875 0)
(1.01679 0.194607 0)
(1.01598 0.190433 2.57296e-17)
(1.01511 0.185642 0)
(1.01439 0.180408 0)
(1.01383 0.174745 4.415e-17)
(1.01341 0.168659 -4.23863e-17)
(1.01311 0.162167 3.77114e-19)
(1.01292 0.155275 -3.80377e-17)
(1.01285 0.14798 -3.6195e-17)
(1.0129 0.140284 0)
(1.01306 0.132373 3.76171e-19)
(1.01336 0.124457 0)
(1.0138 0.116539 0)
(1.01434 0.108565 -4.06538e-19)
(1.01491 0.100513 0)
(1.01539 0.0923986 1.55775e-17)
(1.01567 0.0842763 0)
(1.01559 0.0762343 -1.53736e-17)
(1.01506 0.068402 2.22628e-19)
(1.01401 0.0609442 -1.54208e-17)
(1.01252 0.0540214 -7.8742e-18)
(1.01081 0.0477173 0)
(1.00931 0.0419718 0)
(1.00852 0.0365465 8.08879e-18)
(1.00897 0.0310442 0)
(1.01106 0.0249607 0)
(1.01489 0.0177722 3.97728e-18)
(1.02035 0.00903599 0)
(1.02697 -0.00147109 9.24084e-19)
(1.03397 -0.0136397 0)
(1.04033 -0.0268845 -8.08542e-19)
(1.04486 -0.0400754 -1.57573e-18)
(1.04636 -0.0516927 2.93825e-18)
(1.04382 -0.0602603 -2.90256e-18)
(1.03677 -0.0648984 -2.96854e-18)
(1.02544 -0.0656835 0)
(1.01081 -0.0635974 0)
(0.994396 -0.0600928 0)
(0.977953 -0.0565659 8.54404e-18)
(0.963116 -0.0540236 0)
(0.951137 -0.0530536 0)
(0.9428 -0.0539503 0)
(0.938403 -0.0568418 -7.82311e-20)
(0.937802 -0.0618069 0)
(0.940472 -0.0689234 -1.18363e-17)
(0.945598 -0.0782568 -1.17101e-17)
(0.952117 -0.0898361 -1.13914e-17)
(0.958713 -0.1036 1.07246e-17)
(0.964009 -0.119495 0)
(0.966465 -0.137505 0)
(0.963748 -0.157185 9.24123e-18)
(0.95233 -0.176833 1.75943e-17)
(0.928843 -0.193239 -1.66733e-17)
(0.892864 -0.202659 0)
(0.848204 -0.202399 0)
(0.800894 -0.19202 0)
(0.755986 -0.173686 1.22887e-17)
(0.716258 -0.151387 -1.2565e-17)
(0.682993 -0.129352 -1.47695e-17)
(0.656957 -0.11058 1.83759e-17)
(0.638233 -0.0963397 -2.25837e-17)
(0.626706 -0.08675 0)
(0.622126 -0.0813272 3.10299e-17)
(0.623821 -0.0793635 3.48886e-17)
(0.631038 -0.0801344 3.77151e-17)
(0.643115 -0.0830603 0)
(0.659537 -0.0876997 0)
(0.679971 -0.0937486 4.08332e-17)
(0.704091 -0.100953 1.87958e-19)
(0.732184 -0.109263 3.6422e-17)
(0.763109 -0.118087 0)
(0.801349 -0.128454 0)
(0.832902 -0.135494 0)
(0.903329 -0.148132 0)
(0.98634 0.197926 -6.15331e-17)
(1.01372 0.192426 5.31692e-19)
(1.02735 0.202091 -3.62484e-17)
(1.02805 0.203771 3.45136e-17)
(1.02585 0.201756 0)
(1.02465 0.199322 0)
(1.02383 0.195998 0)
(1.02281 0.191715 -2.87389e-17)
(1.02172 0.186837 0)
(1.02074 0.181515 0)
(1.01989 0.175757 5.01802e-17)
(1.01916 0.169574 -3.7641e-19)
(1.01854 0.162987 -4.51888e-17)
(1.01802 0.156003 0)
(1.01762 0.14862 0)
(1.01732 0.140838 0)
(1.01713 0.132839 -7.65378e-17)
(1.01707 0.124835 0)
(1.01713 0.116834 0)
(1.01727 0.108792 3.63295e-17)
(1.01741 0.100689 0)
(1.01742 0.092551 0)
(1.01719 0.0844352 0)
(1.01659 0.0764323 -1.77539e-17)
(1.01551 0.0686662 -3.52623e-17)
(1.01393 0.0612831 1.77925e-17)
(1.01193 0.0544118 -9.05447e-18)
(1.00975 0.048097 0)
(1.00779 0.0422447 9.11453e-18)
(1.00653 0.0365986 -9.09555e-18)
(1.00643 0.0307745 0)
(1.00777 0.0243095 0)
(1.01062 0.0167191 -6.84119e-18)
(1.01471 0.00770639 -2.22785e-18)
(1.01939 -0.00291645 -1.05722e-18)
(1.02364 -0.0149514 0)
(1.02618 -0.0277279 0)
(1.02566 -0.0400724 1.77925e-18)
(1.02099 -0.0504902 3.51069e-18)
(1.01177 -0.0576283 -3.45397e-18)
(0.998464 -0.0608133 3.50487e-18)
(0.982242 -0.0603547 0)
(0.964667 -0.0574248 0)
(0.947344 -0.0535725 0)
(0.931634 -0.0501808 -9.8983e-18)
(0.918622 -0.0481812 1.07956e-17)
(0.909133 -0.0480493 0)
(0.903505 -0.0499257 0)
(0.901619 -0.0537978 -8.18467e-20)
(0.903022 -0.0596187 0)
(0.906966 -0.0673675 1.34838e-17)
(0.912408 -0.0769718 -1.69701e-19)
(0.918072 -0.0883749 2.62716e-17)
(0.922451 -0.10144 0)
(0.923745 -0.115981 0)
(0.919472 -0.131656 0)
(0.905971 -0.147574 2.28134e-17)
(0.879029 -0.161937 0)
(0.836378 -0.172294 -2.12147e-17)
(0.780438 -0.176327 0)
(0.718311 -0.172545 -1.83947e-17)
(0.658362 -0.160801 0)
(0.606435 -0.142792 0)
(0.564836 -0.121885 1.58526e-17)
(0.533789 -0.101859 0)
(0.512795 -0.0853242 0)
(0.500979 -0.0735291 2.77046e-17)
(0.49756 -0.0664219 0)
(0.501511 -0.0633529 -7.37586e-17)
(0.511626 -0.0635336 4.09403e-17)
(0.526853 -0.0662285 -4.43842e-17)
(0.546402 -0.070872 4.65917e-17)
(0.569707 -0.0770502 -4.76592e-17)
(0.596443 -0.0844932 1.14729e-19)
(0.626298 -0.0929675 1.87325e-19)
(0.659658 -0.102488 -4.16814e-17)
(0.695268 -0.112418 -3.6373e-17)
(0.738296 -0.124135 0)
(0.77307 -0.132169 1.7934e-17)
(0.851148 -0.146987 -8.89391e-18)
(0.989625 0.192956 6.49223e-17)
(1.02178 0.191902 8.5985e-19)
(1.03581 0.203491 6.20423e-19)
(1.03564 0.20493 -3.84666e-17)
(1.03262 0.203054 0)
(1.03032 0.200597 3.56941e-17)
(1.02808 0.196984 0)
(1.02546 0.192385 0)
(1.02272 0.18722 0)
(1.02009 0.181626 0)
(1.01765 0.175614 3.66413e-19)
(1.01541 0.169206 5.3529e-17)
(1.01336 0.162426 0)
(1.01151 0.15528 0)
(1.00984 0.147764 0)
(1.00833 0.139876 -4.4646e-17)
(1.00697 0.131791 -3.65469e-19)
(1.0058 0.123721 0)
(1.00475 0.115676 0)
(1.00376 0.10761 0)
(1.00271 0.0995111 -4.13799e-17)
(1.00146 0.0914045 -2.05068e-17)
(0.999872 0.083352 0)
(0.997847 0.0754453 2.00939e-17)
(0.995322 0.0678033 4.03881e-17)
(0.992323 0.0605578 -2.01588e-17)
(0.989007 0.0538126 -1.93547e-19)
(0.985672 0.0475826 0)
(0.982721 0.0417478 -2.07681e-17)
(0.980572 0.0360428 1.05176e-17)
(0.979543 0.0300978 0)
(0.979737 0.023483 0)
(0.980939 0.0157968 5.21213e-18)
(0.98247 0.00682892 -3.30905e-20)
(0.983298 -0.00352195 6.07121e-19)
(0.98208 -0.0149613 0)
(0.977346 -0.026756 -2.2426e-18)
(0.967913 -0.0377575 0)
(0.953425 -0.0466126 6.98242e-20)
(0.934708 -0.0522013 4.04134e-18)
(0.913603 -0.054093 -4.12786e-18)
(0.892353 -0.0527677 -8.76457e-18)
(0.872937 -0.0494549 0)
(0.856624 -0.0456492 -1.0586e-17)
(0.844026 -0.0426521 1.15909e-17)
(0.83563 -0.0413235 -1.25163e-17)
(0.83146 -0.0420108 0)
(0.831144 -0.0447274 -1.42574e-17)
(0.834038 -0.0493473 1.48555e-17)
(0.839314 -0.0557252 0)
(0.845965 -0.0637406 0)
(0.852768 -0.0732264 1.57704e-17)
(0.858282 -0.0840313 -1.53618e-17)
(0.86079 -0.0959087 0)
(0.858032 -0.108449 0)
(0.846798 -0.120963 0)
(0.822948 -0.132347 -5.4702e-17)
(0.782835 -0.141169 0)
(0.725942 -0.146085 2.58553e-17)
(0.656835 -0.146122 0)
(0.584197 -0.140552 2.27992e-17)
(0.517211 -0.12906 2.11094e-17)
(0.462024 -0.112643 0)
(0.420768 -0.0939935 2.00571e-17)
(0.393057 -0.0764758 2.29354e-17)
(0.377632 -0.0624931 0)
(0.372891 -0.0532773 -3.28969e-17)
(0.377215 -0.0485241 0)
(0.389043 -0.0475443 1.74374e-19)
(0.406741 -0.0495483 -1.37421e-19)
(0.429087 -0.0538227 0)
(0.455216 -0.0598455 -2.81514e-20)
(0.484543 -0.0672411 5.51537e-17)
(0.51676 -0.0757759 -5.44621e-17)
(0.551572 -0.0852365 -5.20156e-17)
(0.589467 -0.0956995 0)
(0.629035 -0.10648 4.11408e-17)
(0.67618 -0.119292 0)
(0.713396 -0.128166 -2.00726e-17)
(0.798226 -0.144979 9.88331e-18)
(0.993547 0.187733 0)
(1.03076 0.191955 4.76279e-17)
(1.04375 0.204775 4.06213e-17)
(1.03992 0.205577 -1.01912e-19)
(1.03197 0.203233 0)
(1.02396 0.199952 -7.91798e-17)
(1.01584 0.195322 0)
(1.00763 0.189795 7.25402e-17)
(0.999784 0.18384 0)
(0.992613 0.17759 0)
(0.986195 0.171057 3.41542e-19)
(0.980485 0.164256 0)
(0.975412 0.157201 -5.8487e-17)
(0.970893 0.149885 5.59085e-17)
(0.966834 0.14229 5.34209e-17)
(0.963132 0.134401 1.01726e-16)
(0.959778 0.12638 4.96305e-17)
(0.956754 0.118424 0)
(0.953945 0.110534 0)
(0.951189 0.102662 4.82065e-17)
(0.948307 0.0947906 4.74038e-17)
(0.945124 0.0869459 2.35275e-17)
(0.941511 0.0791881 0)
(0.937401 0.0716073 0)
(0.93282 0.064316 -2.338e-17)
(0.927917 0.057433 0)
(0.922974 0.0510415 2.36436e-17)
(0.918374 0.0451335 0)
(0.914518 0.0395744 2.41845e-17)
(0.911703 0.0341007 -1.21657e-17)
(0.910011 0.0283644 1.23342e-17)
(0.909199 0.021984 0)
(0.908584 0.0146774 0)
(0.907052 0.00625315 2.97581e-18)
(0.903185 -0.0032548 0)
(0.895406 -0.0134858 -6.97692e-19)
(0.882324 -0.0237235 2.64217e-18)
(0.863299 -0.0329486 0)
(0.839029 -0.0400553 -4.95759e-18)
(0.8117 -0.044207 0)
(0.784437 -0.0451778 5.06562e-18)
(0.760297 -0.043501 1.06406e-17)
(0.741357 -0.040308 0)
(0.728388 -0.036939 2.5554e-17)
(0.721477 -0.034602 -1.37686e-17)
(0.720086 -0.0340276 0)
(0.723328 -0.0354496 0)
(0.730119 -0.03879 1.67606e-17)
(0.739314 -0.0438521 0)
(0.749733 -0.0504253 0)
(0.760132 -0.0583048 -1.86352e-17)
(0.769164 -0.0672886 3.76773e-17)
(0.775304 -0.0771217 0)
(0.776602 -0.0874062 0)
(0.770451 -0.0975015 -3.47823e-17)
(0.753507 -0.106522 0)
(0.722218 -0.113465 -3.19849e-19)
(0.674318 -0.117534 -3.32813e-17)
(0.610735 -0.118417 -3.26601e-17)
(0.536585 -0.116055 0)
(0.460155 -0.110012 -2.90952e-17)
(0.39035 -0.099624 -2.61978e-17)
(0.333841 -0.0852869 0)
(0.293446 -0.0691669 -5.00878e-17)
(0.268888 -0.0542606 -2.8423e-17)
(0.258469 -0.0429819 3.38451e-17)
(0.259779 -0.0361324 3.9223e-17)
(0.270667 -0.0334232 -4.51368e-17)
(0.28897 -0.0341837 1.02202e-16)
(0.312806 -0.037628 -5.62664e-17)
(0.340839 -0.0431034 -6.00518e-17)
(0.372163 -0.0501396 -6.25355e-17)
(0.40618 -0.0584012 0)
(0.44261 -0.0676901 0)
(0.481156 -0.0778112 0)
(0.522413 -0.0888959 0)
(0.564764 -0.100215 0)
(0.614892 -0.113777 -3.72557e-17)
(0.653334 -0.123245 0)
(0.743325 -0.141709 0)
(0.9988 0.182497 0)
(1.03779 0.192023 0)
(1.04102 0.204239 4.11399e-17)
(1.02212 0.202603 4.37694e-17)
(0.998603 0.197946 0)
(0.976629 0.192329 4.39581e-17)
(0.956741 0.185659 0)
(0.938982 0.178575 -8.18549e-17)
(0.923552 0.171502 0)
(0.910417 0.164496 0)
(0.899295 0.157509 -1.46413e-16)
(0.889832 0.150505 -7.04105e-17)
(0.881716 0.143448 6.7228e-17)
(0.87468 0.136295 -6.4386e-17)
(0.868486 0.129001 -6.16127e-17)
(0.862921 0.121528 -1.1811e-16)
(0.857918 0.114011 0)
(0.853414 0.106616 5.75144e-17)
(0.849211 0.0993306 0)
(0.845061 0.092098 -1.12702e-16)
(0.840718 0.0848973 5.61024e-17)
(0.835982 0.0777486 0)
(0.830743 0.0707081 -2.7823e-17)
(0.825009 0.0638592 0)
(0.818923 0.057304 0)
(0.812778 0.051146 0)
(0.806991 0.0454495 0)
(0.802022 0.0401935 0)
(0.798242 0.035244 -1.43272e-17)
(0.795784 0.030356 0)
(0.79443 0.0252223 -2.92403e-17)
(0.793542 0.0195328 -7.36588e-18)
(0.792037 0.0130754 0)
(0.788447 0.00572817 0)
(0.781082 -0.00239276 -8.72422e-19)
(0.768308 -0.0109214 8.36718e-19)
(0.748993 -0.0192255 0)
(0.72314 -0.0264919 -3.15318e-18)
(0.692391 -0.0319045 0)
(0.659964 -0.0348932 0)
(0.629836 -0.0353582 -1.24978e-17)
(0.605513 -0.0337731 0)
(0.589073 -0.0310839 1.42978e-17)
(0.58104 -0.0284483 -1.54794e-17)
(0.580792 -0.0269004 0)
(0.58695 -0.027031 0)
(0.597889 -0.028997 0)
(0.611953 -0.0326783 0)
(0.627576 -0.0378463 -2.09008e-17)
(0.643278 -0.0442542 0)
(0.657608 -0.0516593 2.19876e-17)
(0.669079 -0.059806 -4.45613e-17)
(0.676029 -0.0683314 4.37691e-17)
(0.676325 -0.0766936 4.27041e-17)
(0.667458 -0.0841434 4.15752e-17)
(0.646831 -0.0898418 0)
(0.612333 -0.0931271 4.08422e-17)
(0.563178 -0.093823 8.1655e-17)
(0.500742 -0.0922811 8.04218e-17)
(0.428961 -0.0888283 -3.86748e-17)
(0.354174 -0.0830195 7.16091e-17)
(0.284428 -0.0739391 3.2806e-17)
(0.227385 -0.0616586 0)
(0.18743 -0.0479956 6.12277e-17)
(0.164997 -0.0356145 0)
(0.158171 -0.0268577 -7.95785e-17)
(0.163987 -0.0220852 4.5676e-17)
(0.179684 -0.0210736 1.33543e-19)
(0.202629 -0.023165 -5.90436e-17)
(0.230777 -0.0276383 0)
(0.262705 -0.0339103 6.86826e-17)
(0.297475 -0.0415626 7.1023e-17)
(0.33448 -0.0502983 0)
(0.37345 -0.059951 -7.01023e-17)
(0.414073 -0.0703409 6.64634e-17)
(0.457045 -0.0816418 0)
(0.500481 -0.0930891 0)
(0.5519 -0.106926 4.10649e-17)
(0.589775 -0.116592 0)
(0.682466 -0.136156 0)
(1.00402 0.177241 7.52316e-17)
(1.02677 0.189402 0)
(0.997042 0.196793 -8.64286e-17)
(0.94458 0.189403 0)
(0.895605 0.180314 -4.94226e-17)
(0.856881 0.171541 0)
(0.826433 0.162919 0)
(0.802001 0.15481 0)
(0.782325 0.147328 0)
(0.766458 0.140329 -8.84324e-17)
(0.75354 0.133644 8.50667e-17)
(0.742869 0.127156 -2.04765e-19)
(0.73392 0.120779 0)
(0.7263 0.114435 0)
(0.719687 0.10806 0)
(0.713814 0.1016 1.38498e-16)
(0.708578 0.0951585 0)
(0.703887 0.088865 -6.76064e-17)
(0.699503 0.0826939 0)
(0.695133 0.0765891 -2.01904e-19)
(0.6905 0.0705263 2.05735e-19)
(0.685401 0.06452 6.64558e-17)
(0.679762 0.0586176 3.30869e-17)
(0.673663 0.0528918 0)
(0.667351 0.047429 -3.33549e-17)
(0.661234 0.0423146 0)
(0.655826 0.0376003 0)
(0.651636 0.033263 0)
(0.648998 0.0291852 1.72853e-17)
(0.647901 0.0251599 -1.74647e-17)
(0.647885 0.0209347 1.75676e-17)
(0.64801 0.0162701 8.83302e-18)
(0.646919 0.0110028 0)
(0.642926 0.00508205 0)
(0.634223 -0.00133551 1.05531e-18)
(0.619264 -0.00793085 0)
(0.597253 -0.0142053 0)
(0.568714 -0.019576 7.75733e-18)
(0.535842 -0.0235014 7.62957e-18)
(0.502305 -0.0256217 -7.6019e-18)
(0.472381 -0.0258916 -1.94094e-20)
(0.449748 -0.0246687 0)
(0.436562 -0.0226878 1.51656e-20)
(0.433243 -0.0208834 0)
(0.438724 -0.020084 0)
(0.451147 -0.0207647 -2.14956e-17)
(0.468388 -0.0230388 0)
(0.488354 -0.0267726 0)
(0.509133 -0.0317283 2.49049e-17)
(0.528981 -0.0376427 0)
(0.546238 -0.0442426 0)
(0.559228 -0.0512118 5.3083e-17)
(0.566168 -0.0581075 1.46619e-19)
(0.56514 -0.0643492 -5.08901e-17)
(0.554425 -0.0692708 -5.02635e-17)
(0.532829 -0.0722803 -4.98873e-17)
(0.499845 -0.0730986 -4.98609e-17)
(0.455632 -0.0719428 -4.96772e-17)
(0.400957 -0.0693899 -9.7855e-17)
(0.337471 -0.0657507 9.35519e-17)
(0.268789 -0.0604716 -4.31587e-17)
(0.201736 -0.0525953 -3.90898e-17)
(0.144997 -0.0421467 3.6432e-17)
(0.104947 -0.0307021 3.00702e-19)
(0.0832759 -0.0206646 -3.98874e-17)
(0.078188 -0.0140608 4.53885e-17)
(0.0864673 -0.0110159 -6.30754e-20)
(0.10477 -0.0112747 5.95163e-17)
(0.130138 -0.0142471 0)
(0.160393 -0.0192991 0)
(0.194031 -0.0259138 0)
(0.230075 -0.0337217 -7.93023e-17)
(0.267894 -0.0424603 0)
(0.307222 -0.0519895 -5.513e-20)
(0.347706 -0.0621427 -7.32203e-17)
(0.390145 -0.0731209 0)
(0.43234 -0.0841461 5.70906e-17)
(0.482678 -0.0976082 0)
(0.517552 -0.106886 0)
(0.609401 -0.126753 1.48222e-17)
(0.997056 0.170831 2.3523e-18)
(0.960106 0.17793 0)
(0.87005 0.174919 4.69265e-17)
(0.779177 0.160027 0)
(0.713889 0.147341 5.58779e-17)
(0.670963 0.1373 0)
(0.640758 0.128702 0)
(0.61784 0.121242 0)
(0.599953 0.114687 1.05492e-16)
(0.585868 0.10876 2.04442e-16)
(0.574618 0.103239 9.88621e-17)
(0.56546 0.0979814 1.90524e-16)
(0.557873 0.0928867 0)
(0.551484 0.0878751 8.80831e-17)
(0.545996 0.082881 8.4461e-17)
(0.541168 0.0778541 -1.61644e-16)
(0.536899 0.0728689 0)
(0.5331 0.0680174 0)
(0.52954 0.0632728 0)
(0.525933 0.0585856 1.58255e-16)
(0.522003 0.0539322 -7.89081e-17)
(0.517566 0.0493213 -7.88497e-17)
(0.51258 0.0447899 -3.95254e-17)
(0.507174 0.040396 3.96473e-17)
(0.501652 0.0362073 3.98011e-17)
(0.496479 0.0322832 0)
(0.492215 0.0286745 -4.05759e-17)
(0.489388 0.0253689 0)
(0.488311 0.0222752 -2.0734e-17)
(0.488896 0.0192333 2.09614e-17)
(0.490555 0.0160516 -2.11734e-17)
(0.492192 0.0125563 0)
(0.492318 0.00864483 1.06498e-17)
(0.489194 0.00426239 0)
(0.481086 -0.000392863 0)
(0.466686 -0.00508094 0)
(0.445524 -0.00945819 0)
(0.418369 -0.0131542 -4.75057e-18)
(0.387424 -0.0158464 -9.33624e-18)
(0.356134 -0.017321 9.29549e-18)
(0.328536 -0.0175473 -1.35627e-20)
(0.308287 -0.0167632 0)
(0.297734 -0.0154988 -2.124e-17)
(0.297463 -0.014454 -2.26247e-17)
(0.306403 -0.0142583 0)
(0.322521 -0.0152881 2.57935e-17)
(0.343385 -0.0176178 0)
(0.366597 -0.0211101 0)
(0.389982 -0.0255307 2.96698e-17)
(0.411593 -0.0306111 6.08578e-17)
(0.42963 -0.0360563 0)
(0.442375 -0.0415268 -6.25329e-17)
(0.448246 -0.0465998 -6.16209e-17)
(0.446017 -0.0507944 0)
(0.435108 -0.0536581 5.9963e-17)
(0.415695 -0.0548861 5.96434e-17)
(0.388431 -0.0544675 5.9592e-17)
(0.353776 -0.0527489 5.93716e-17)
(0.311414 -0.0502239 1.16142e-16)
(0.260588 -0.0470042 8.11055e-20)
(0.202165 -0.042439 -5.07384e-17)
(0.141297 -0.035694 0)
(0.0869568 -0.0269035 -4.13843e-17)
(0.0471772 -0.0174756 -8.12385e-17)
(0.0252746 -0.0095042 8.78961e-17)
(0.0200703 -0.00461523 -4.98564e-17)
(0.0284365 -0.00288494 -5.71452e-17)
(0.0467377 -0.00392489 0)
(0.0718456 -0.00726261 -7.29437e-17)
(0.101484 -0.0123627 0)
(0.134083 -0.0187717 0)
(0.16863 -0.0261656 -8.64148e-17)
(0.20447 -0.0343147 0)
(0.241337 -0.0431008 8.42167e-17)
(0.27884 -0.0523735 -7.94237e-17)
(0.317855 -0.0623421 0)
(0.35592 -0.0722571 -6.13627e-17)
(0.402108 -0.084524 0)
(0.431199 -0.0926767 0)
(0.517339 -0.111776 -1.58229e-17)
(0.943677 0.159906 -7.88338e-17)
(0.792337 0.149737 0)
(0.646372 0.134639 5.23517e-17)
(0.546551 0.116155 0)
(0.491842 0.104387 6.32098e-17)
(0.46086 0.0963329 0)
(0.439343 0.089795 0)
(0.422679 0.0842308 0)
(0.409699 0.0794287 4.77037e-20)
(0.39964 0.0751603 4.87201e-20)
(0.391713 0.071238 -1.12081e-16)
(0.385312 0.0675373 -1.08289e-16)
(0.380047 0.0639766 0)
(0.375652 0.0604936 -2.00852e-16)
(0.37191 0.057038 -9.63927e-17)
(0.36865 0.0535714 1.84826e-16)
(0.365798 0.0501431 0)
(0.363285 0.0468137 9.18651e-17)
(0.360922 0.0435617 9.19578e-17)
(0.358458 0.0403489 -9.19804e-17)
(0.355655 0.0371552 0)
(0.352357 0.0339851 -9.2323e-17)
(0.348548 0.0308661 4.62926e-17)
(0.344371 0.0278271 -4.65382e-17)
(0.340123 0.0249229 4.69182e-17)
(0.336253 0.022197 0)
(0.333302 0.0196861 -2.98982e-20)
(0.331775 0.017398 0)
(0.331973 0.0152745 0)
(0.333804 0.013206 0)
(0.336687 0.0110617 -1.39654e-20)
(0.339551 0.00872825 0)
(0.340971 0.00615269 -1.26462e-17)
(0.339383 0.00325923 6.25266e-18)
(0.333332 0.000238506 0)
(0.32183 -0.00274941 0)
(0.304614 -0.00550019 -5.85064e-18)
(0.282356 -0.00780774 0)
(0.256742 -0.00949845 0)
(0.230423 -0.0104517 1.1121e-17)
(0.20674 -0.0106423 -7.33802e-21)
(0.189088 -0.010215 -2.33928e-17)
(0.180012 -0.00952508 -2.49599e-17)
(0.180492 -0.0090633 2.66282e-17)
(0.189814 -0.0092635 0)
(0.206063 -0.0103887 0)
(0.226766 -0.0124767 0)
(0.249439 -0.0153968 0)
(0.271851 -0.0189368 -3.49862e-17)
(0.292058 -0.0228495 1.94434e-20)
(0.308361 -0.0268646 0)
(0.319302 -0.0306881 0)
(0.323799 -0.034006 7.24752e-17)
(0.321385 -0.036508 0)
(0.312363 -0.0379644 0)
(0.297752 -0.0382863 -7.02248e-17)
(0.278774 -0.0375899 0)
(0.255899 -0.0361695 -6.88946e-17)
(0.227993 -0.034303 -1.33673e-16)
(0.19264 -0.0318981 -6.28809e-17)
(0.148516 -0.0282976 5.71055e-17)
(0.0986499 -0.0228362 0)
(0.050905 -0.0157555 4.55593e-17)
(0.0137572 -0.00828727 8.66714e-17)
(-0.00792726 -0.00218063 -4.54455e-17)
(-0.0143983 0.0013434 5.1551e-17)
(-0.00828726 0.00218463 5.99109e-17)
(0.00714864 0.000871146 0)
(0.0288449 -0.00226168 1.36194e-19)
(0.0545547 -0.00678557 0)
(0.0827255 -0.0123237 0)
(0.112363 -0.0186094 9.17198e-17)
(0.14282 -0.0254501 0)
(0.173843 -0.0327502 0)
(0.205038 -0.0403835 8.40101e-17)
(0.237282 -0.0485401 -7.62213e-17)
(0.268077 -0.0565663 0)
(0.306434 -0.0666639 -5.17976e-17)
(0.327435 -0.0729352 0)
(0.401257 -0.0897469 0)
(0.781196 0.136259 0)
(0.508935 0.100283 5.51716e-17)
(0.371108 0.0813137 -5.92476e-17)
(0.30543 0.0672071 6.69172e-17)
(0.27676 0.0601319 -1.20893e-20)
(0.260948 0.0554927 6.84363e-17)
(0.248908 0.051633 0)
(0.239241 0.0483294 1.32377e-16)
(0.231813 0.0455066 -1.29548e-16)
(0.226166 0.043025 -1.26293e-16)
(0.221755 0.0407609 0)
(0.218202 0.038633 0)
(0.215294 0.0365917 0)
(0.212888 0.0346007 1.10769e-16)
(0.21086 0.0326296 0)
(0.209112 0.0306555 -1.02337e-16)
(0.207607 0.0287057 0)
(0.206302 0.0268152 1.06331e-20)
(0.205068 0.0249705 -1.03397e-16)
(0.203726 0.0231461 0)
(0.2021 0.0213253 0)
(0.200084 0.0195104 1.04982e-16)
(0.19767 0.0177169 0)
(0.194967 0.0159565 5.32442e-17)
(0.192199 0.0142678 -5.37694e-17)
(0.189707 0.0126833 0)
(0.187919 0.0112205 5.52376e-17)
(0.187252 0.00988807 0)
(0.187976 0.00866433 0)
(0.190055 0.00749122 0)
(0.193066 0.00629499 2.92406e-17)
(0.196191 0.00501125 0)
(0.198342 0.00361417 0)
(0.198363 0.00206564 -7.28552e-18)
(0.195242 0.000444204 0)
(0.188311 -0.00114137 0)
(0.177381 -0.00258508 -4.01371e-22)
(0.162788 -0.0037911 0)
(0.145425 -0.00467881 0)
(0.126829 -0.00518756 1.7476e-21)
(0.109229 -0.00530001 1.28824e-17)
(0.0952763 -0.00508983 2.6599e-17)
(0.0873454 -0.00475354 2.82148e-17)
(0.086716 -0.00462588 3.02743e-17)
(0.0932273 -0.00495704 0)
(0.105489 -0.00585614 3.50637e-17)
(0.121461 -0.00734653 0)
(0.139025 -0.00933076 0)
(0.156296 -0.0116539 4.05561e-17)
(0.171692 -0.0141385 3.50613e-21)
(0.183923 -0.0165963 0)
(0.191991 -0.0188363 -8.43312e-17)
(0.195315 -0.0206576 -1.67395e-16)
(0.193873 -0.0219136 0)
(0.188279 -0.0225386 8.15607e-17)
(0.179713 -0.0225513 8.04548e-17)
(0.169458 -0.0220896 0)
(0.158006 -0.0213178 0)
(0.144161 -0.0203252 7.44098e-17)
(0.125144 -0.0189349 0)
(0.0985051 -0.016711 0)
(0.0650866 -0.013129 0)
(0.030182 -0.00831121 -4.74575e-17)
(0.000849965 -0.00316449 -4.38802e-17)
(-0.0178023 0.000980383 0)
(-0.025079 0.00335689 -5.04711e-17)
(-0.0224401 0.00383719 -5.91899e-17)
(-0.012394 0.00279104 6.92478e-17)
(0.00264934 0.000517762 1.57316e-16)
(0.0208291 -0.00267132 0)
(0.0408031 -0.00652932 0)
(0.061729 -0.0108817 0)
(0.0830665 -0.0155858 0)
(0.104603 -0.0205701 -9.199e-17)
(0.126017 -0.0257429 8.67126e-17)
(0.148025 -0.0312303 7.84556e-17)
(0.168573 -0.0365727 -6.72117e-17)
(0.194987 -0.0434303 -2.89241e-19)
(0.206962 -0.0473138 0)
(0.259709 -0.0596503 1.86132e-17)
(0.408581 0.0780681 8.05359e-17)
(0.163854 0.0347346 -9.35127e-17)
(0.114661 0.0266923 0)
(0.0943219 0.0215966 5.60326e-21)
(0.0871093 0.019364 -5.29899e-17)
(0.082776 0.0178947 -5.2719e-17)
(0.0789685 0.0166342 0)
(0.0758651 0.0155507 -1.03474e-16)
(0.0735495 0.0146311 0)
(0.0718267 0.0138279 0)
(0.0704854 0.0130981 0)
(0.0694047 0.0124133 0)
(0.0685256 0.0117573 0)
(0.0678069 0.0111184 9.16129e-17)
(0.0672088 0.0104868 0)
(0.0667015 0.00985479 8.6163e-17)
(0.0662764 0.00923107 8.69206e-17)
(0.0659204 0.00862724 -1.77142e-16)
(0.0655824 0.00803906 0)
(0.0651879 0.00745714 9.13645e-17)
(0.0646645 0.00687409 -9.25878e-17)
(0.063966 0.00629033 0)
(0.063085 0.0057095 -4.74919e-17)
(0.0620586 0.00513802 -4.8147e-17)
(0.0609737 0.00458676 0)
(0.0599731 0.00406653 -4.97529e-17)
(0.0592524 0.00358502 5.0734e-17)
(0.0590197 0.00314204 0)
(0.0594324 0.00273714 0)
(0.0605207 0.00235538 2.69673e-17)
(0.0621381 0.001976 -2.73748e-17)
(0.0639543 0.0015799 0)
(0.0655023 0.0011589 0)
(0.0662826 0.000709424 -6.85927e-18)
(0.0658635 0.000233954 3.37339e-18)
(0.0639481 -0.000223862 0)
(0.0604033 -0.000633061 6.39343e-18)
(0.0552453 -0.000969562 0)
(0.048642 -0.00121423 0)
(0.0409997 -0.00135547 -7.06069e-23)
(0.0331079 -0.00139489 2.3343e-17)
(0.0261541 -0.00135885 0)
(0.0214384 -0.00130193 0)
(0.0198895 -0.00134524 -2.70484e-17)
(0.0217407 -0.00156328 2.93494e-17)
(0.0265029 -0.00195521 -3.17795e-17)
(0.0332297 -0.00253046 0)
(0.0408768 -0.0032519 3.59402e-17)
(0.0485115 -0.00406341 -3.73676e-17)
(0.0553791 -0.0049025 -6.04561e-22)
(0.060899 -0.0057045 0)
(0.064654 -0.00640985 -6.81014e-21)
(0.0664339 -0.00695064 1.53192e-16)
(0.0662902 -0.00729674 0)
(0.0645754 -0.00745767 1.18958e-20)
(0.061942 -0.00746128 0)
(0.0591539 -0.00736634 0)
(0.0566147 -0.00719063 0)
(0.0537902 -0.00689681 6.38819e-17)
(0.0490944 -0.00634996 0)
(0.0407319 -0.00544562 5.13213e-17)
(0.0282625 -0.00403215 0)
(0.0135434 -0.00219406 0)
(-0.000126523 -0.000322584 0)
(-0.00985959 0.00110659 0)
(-0.014629 0.00187262 1.29729e-20)
(-0.0147587 0.00195622 0)
(-0.0113364 0.00146155 -1.02539e-16)
(-0.0055283 0.000534874 -5.81783e-17)
(0.0017504 -0.000687903 6.38382e-17)
(0.00983007 -0.00212551 0)
(0.018281 -0.00372617 0)
(0.0268349 -0.00543959 0)
(0.0353852 -0.00724091 6.82173e-17)
(0.0437832 -0.00910001 3.20873e-20)
(0.0523563 -0.0110549 0)
(0.0601575 -0.0129553 4.9334e-17)
(0.0705466 -0.0153875 3.90643e-17)
(0.0741421 -0.0167128 0)
(0.0957573 -0.0213843 -1.35466e-17)
)
;

boundaryField
{
    inlet
    {
        type            fixedValue;
        value           uniform (0.97437 0.22495 0);
    }
    outlet
    {
        type            zeroGradient;
    }
    fixedWalls
    {
        type            noSlip;
    }
    frontAndBack
    {
        type            empty;
    }
}


// ************************************************************************* //
