/*--------------------------------*- C++ -*----------------------------------*\
| =========                 |                                                 |
| \\      /  F ield         | OpenFOAM: The Open Source CFD Toolbox           |
|  \\    /   O peration     | Version:  v1912                                 |
|   \\  /    A nd           | Website:  www.openfoam.com                      |
|    \\/     M anipulation  |                                                 |
\*---------------------------------------------------------------------------*/
FoamFile
{
    version     2.0;
    format      ascii;
    class       surfaceScalarField;
    location    "200";
    object      phi;
}
// * * * * * * * * * * * * * * * * * * * * * * * * * * * * * * * * * * * * * //

dimensions      [0 3 -1 0 0 0 0];
oriented        oriented;


internalField   nonuniform List<scalar> 
3895
(
0.00081296
0.000383217
0.000495759
0.000317201
0.000248398
0.000247361
6.44895e-05
0.000183909
-5.65669e-05
0.000121056
-0.00011332
5.6753e-05
-0.000118891
5.57123e-06
-9.83824e-05
-2.05087e-05
-9.66243e-05
-1.75807e-06
-8.92046e-05
-7.41975e-06
-7.74231e-05
-1.17815e-05
-8.20183e-05
4.59521e-06
-9.81079e-05
1.60897e-05
-0.000108491
1.03831e-05
-0.000113352
4.8605e-06
-0.000120073
6.72135e-06
-0.000130307
1.02345e-05
-0.000142292
1.19848e-05
-0.000155215
1.29229e-05
-0.000169314
1.40991e-05
-0.000185189
1.58748e-05
-0.000203453
1.82635e-05
-0.000224671
2.12182e-05
-0.000249339
2.4668e-05
-0.000277782
2.84432e-05
-0.000310038
3.22556e-05
-0.00034578
3.57421e-05
-0.000384319
3.8539e-05
-0.0004246
4.02818e-05
-0.000465331
4.07311e-05
-0.000505145
3.98134e-05
-0.000542736
3.75913e-05
-0.000576971
3.42349e-05
-0.000606953
2.99815e-05
-0.000632042
2.50898e-05
-0.000651849
1.98065e-05
-0.000666201
1.43524e-05
-0.000675068
8.86627e-06
-0.000678287
3.21914e-06
-0.000676567
-1.72009e-06
-0.000671249
-5.31792e-06
-0.000662407
-8.84176e-06
-0.000650171
-1.22363e-05
-0.00063461
-1.55611e-05
-0.000615754
-1.88559e-05
-0.000593621
-2.21327e-05
-0.000568234
-2.53865e-05
-0.000539633
-2.8601e-05
-0.00050788
-3.17537e-05
-0.000473062
-3.48182e-05
-0.000435295
-3.7767e-05
-0.000394724
-4.0571e-05
-0.000351525
-4.31983e-05
-0.000305878
-4.5647e-05
-0.000257983
-4.78949e-05
-0.000208085
-4.98983e-05
-0.00015645
-5.16354e-05
-0.000103364
-5.30857e-05
-4.91365e-05
-5.42275e-05
5.89814e-06
-5.50347e-05
6.15223e-05
-5.56241e-05
0.000117594
-5.60717e-05
0.00017376
-5.61664e-05
0.000229704
-5.59434e-05
0.000285136
-5.54321e-05
0.000339793
-5.46573e-05
0.000393436
-5.36432e-05
0.000445853
-5.24163e-05
0.000496859
-5.10062e-05
0.000546305
-4.94463e-05
0.000594081
-4.77754e-05
0.000640121
-4.60407e-05
0.000684428
-4.43062e-05
0.000727089
-4.26616e-05
0.000768357
-4.12683e-05
0.000808725
-4.03677e-05
0.000849293
-4.05681e-05
0.000892193
-4.28994e-05
0.000940938
-4.87454e-05
-7.36899e-05
0.00108704
0.000351985
0.00104376
0.000360481
0.000925069
0.000366053
0.000762331
0.000346647
0.000579122
0.000304266
0.000384379
0.000251496
0.000193948
0.000196002
3.7543e-05
0.000135896
-4.68061e-05
8.2591e-05
-8.29468e-05
2.8721e-05
-9.24273e-05
-2.30101e-06
-8.19007e-05
-5.93141e-06
-8.55999e-05
1.97889e-05
-9.29662e-05
1.77494e-05
-9.83688e-05
1.02631e-05
-0.000109299
1.76516e-05
-0.000121764
2.26994e-05
-0.000134259
2.44793e-05
-0.000146429
2.50929e-05
-0.000158947
2.66174e-05
-0.000172206
2.91337e-05
-0.000186263
3.23204e-05
-0.000201051
3.60065e-05
-0.000216467
4.0084e-05
-0.000232349
4.43256e-05
-0.000248413
4.8319e-05
-0.000264212
5.15412e-05
-0.000279158
5.34848e-05
-0.00029264
5.37637e-05
-0.000304102
5.21937e-05
-0.00031311
4.8821e-05
-0.000319395
4.38764e-05
-0.00032287
3.771e-05
-0.000323618
3.07293e-05
-0.00032187
2.33424e-05
-0.000317971
1.59068e-05
-0.000312349
8.73073e-06
-0.000305774
2.2908e-06
-0.000298358
-4.19682e-06
-0.000290013
-1.00643e-05
-0.000279945
-1.53865e-05
-0.00026814
-2.06467e-05
-0.000254418
-2.59578e-05
-0.000238642
-3.13371e-05
-0.000220725
-3.67732e-05
-0.000200621
-4.22373e-05
-0.000178317
-4.76899e-05
-0.000153833
-5.30856e-05
-0.000127211
-5.83756e-05
-9.8519e-05
-6.35098e-05
-6.78479e-05
-6.84381e-05
-3.53072e-05
-7.31118e-05
-1.01947e-06
-7.7486e-05
3.4845e-05
-8.15115e-05
7.20987e-05
-8.51486e-05
0.000110559
-8.8359e-05
0.000150032
-9.1108e-05
0.000190314
-9.33681e-05
0.000231207
-9.51202e-05
0.000272535
-9.63622e-05
0.000314027
-9.71164e-05
0.00035534
-9.73847e-05
0.000396319
-9.71452e-05
0.000436786
-9.64109e-05
0.000476566
-9.52113e-05
0.00051549
-9.35817e-05
0.000553409
-9.15627e-05
0.000590193
-8.92003e-05
0.000625734
-8.65466e-05
0.000659947
-8.36599e-05
0.000692779
-8.06072e-05
0.000724207
-7.74681e-05
0.000754245
-7.43445e-05
0.000782959
-7.13751e-05
0.000810465
-6.87751e-05
0.000836967
-6.68692e-05
0.000862679
-6.62805e-05
0.000887645
-6.78648e-05
0.000911755
-7.28555e-05
-8.92995e-05
0.00097612
0.000307778
0.00102675
0.000309849
0.00105929
0.000333519
0.0010521
0.000353834
0.000998533
0.000357832
0.000903271
0.000346758
0.000775384
0.000323889
0.000621714
0.000289567
0.000458936
0.000245369
0.000292206
0.000195451
0.000143739
0.000146165
3.96361e-05
9.81719e-05
-3.77756e-06
6.32026e-05
-2.02544e-05
3.42262e-05
-3.02402e-05
2.02488e-05
-3.7216e-05
2.46275e-05
-4.61551e-05
3.16385e-05
-5.57767e-05
3.4101e-05
-6.45186e-05
3.38348e-05
-7.19463e-05
3.40451e-05
-7.82261e-05
3.54134e-05
-8.33974e-05
3.74917e-05
-8.72164e-05
3.98255e-05
-8.95531e-05
4.24207e-05
-9.0408e-05
4.51806e-05
-8.98621e-05
4.77731e-05
-8.80373e-05
4.97164e-05
-8.50854e-05
5.05329e-05
-8.11915e-05
4.98698e-05
-7.65625e-05
4.75646e-05
-7.13946e-05
4.36532e-05
-6.58483e-05
3.83301e-05
-6.00302e-05
3.18918e-05
-5.39786e-05
2.46777e-05
-4.76704e-05
1.70342e-05
-4.10263e-05
9.26265e-06
-3.37458e-05
1.45029e-06
-2.56123e-05
-5.84267e-06
-1.67862e-05
-1.3023e-05
-6.87169e-06
-1.99787e-05
4.50146e-06
-2.67597e-05
1.73564e-05
-3.35016e-05
3.16779e-05
-4.02793e-05
4.74506e-05
-4.71097e-05
6.46544e-05
-5.3977e-05
8.32624e-05
-6.08452e-05
0.000103238
-6.76658e-05
0.000124535
-7.43827e-05
0.000147095
-8.09354e-05
0.000170846
-8.72611e-05
0.000195705
-9.32967e-05
0.000221573
-9.89803e-05
0.00024834
-0.000104252
0.000275883
-0.000109055
0.00030407
-0.000113336
0.000332761
-0.000117049
0.000361809
-0.000120156
0.000391069
-0.000122628
0.000420394
-0.000124445
0.000449635
-0.000125603
0.000478626
-0.000126107
0.000507209
-0.000125968
0.000535263
-0.000125199
0.000562675
-0.000123823
0.000589343
-0.00012188
0.000615178
-0.000119416
0.000640104
-0.000116489
0.000664062
-0.000113158
0.000687007
-0.000109492
0.000708912
-0.000105565
0.000729764
-0.000101459
0.000749563
-9.72673e-05
0.000768322
-9.31032e-05
0.000786059
-8.91121e-05
0.000802777
-8.54933e-05
0.000818451
-8.25436e-05
0.000832857
-8.06859e-05
0.000845617
-8.06249e-05
0.00085555
-8.27891e-05
-9.1522e-05
0.000857367
0.000272969
0.000897592
0.000269624
0.000949746
0.000281365
0.00100253
0.000301053
0.00104093
0.000319427
0.00105506
0.000332635
0.00103974
0.000339207
0.000991885
0.000337419
0.000912113
0.000325141
0.00080483
0.000302735
0.000678027
0.000272968
0.00053888
0.000237319
0.000404003
0.00019808
0.000281811
0.000156418
0.000184133
0.000117927
0.00012204
8.67211e-05
9.16648e-05
6.20133e-05
7.78576e-05
4.79082e-05
6.95892e-05
4.21032e-05
6.3273e-05
4.03612e-05
5.87162e-05
3.99703e-05
5.64947e-05
3.97132e-05
5.68404e-05
3.94798e-05
5.97518e-05
3.95093e-05
6.50843e-05
3.98481e-05
7.25825e-05
4.02749e-05
8.18807e-05
4.04181e-05
9.25245e-05
3.98891e-05
0.000104021
3.83734e-05
0.000115903
3.56824e-05
0.000127787
3.17698e-05
0.000139404
2.67122e-05
0.000150617
2.06792e-05
0.000161411
1.38834e-05
0.000171887
6.55909e-06
0.000182256
-1.10699e-06
0.000192584
-8.87746e-06
0.00020341
-1.66687e-05
0.000214818
-2.44311e-05
0.000226972
-3.21325e-05
0.000239989
-3.97767e-05
0.000253888
-4.74008e-05
0.000268639
-5.50299e-05
0.000284192
-6.26627e-05
0.000300491
-7.02764e-05
0.000317478
-7.78323e-05
0.000335092
-8.52794e-05
0.000353268
-9.25588e-05
0.000371939
-9.96061e-05
0.000391031
-0.000106354
0.000410468
-0.000112733
0.000430165
-0.000118677
0.000450034
-0.000124121
0.000469981
-0.000129003
0.000489913
-0.000133267
0.000509731
-0.000136867
0.00052934
-0.000139766
0.000548647
-0.000141935
0.000567562
-0.00014336
0.000586
-0.00014404
0.000603877
-0.000143985
0.000621124
-0.000143215
0.000637685
-0.000141759
0.000653517
-0.000139655
0.000668592
-0.000136955
0.000682891
-0.000133716
0.000696407
-0.000130005
0.000709143
-0.000125894
0.000721109
-0.000121459
0.000732326
-0.000116782
0.000742816
-0.000111948
0.0007526
-0.000107052
0.000761696
-0.000102199
0.000770101
-9.75172e-05
0.000777772
-9.31636e-05
0.000784591
-8.93633e-05
0.00079027
-8.63645e-05
0.000794324
-8.46786e-05
0.000795815
-8.42805e-05
-8.72634e-05
0.00075912
0.000239883
0.000789428
0.000239316
0.000826161
0.000244632
0.000871846
0.000255367
0.000923028
0.000268244
0.000973748
0.000281916
0.0010172
0.000295752
0.00104668
0.000307941
0.00105608
0.000315747
0.00104155
0.000317256
0.00100235
0.000312169
0.000938991
0.000300681
0.000854838
0.000282233
0.000754491
0.000256766
0.000645739
0.000226678
0.000537987
0.000194473
0.000444471
0.000155529
0.000371585
0.000120794
0.000320107
9.35818e-05
0.000286937
7.35316e-05
0.000267276
5.96309e-05
0.000256555
5.04337e-05
0.00025162
4.44149e-05
0.000250812
4.03176e-05
0.000253388
3.72717e-05
0.000258944
3.47197e-05
0.000267076
3.22857e-05
0.00027729
2.96749e-05
0.000289027
2.66367e-05
0.000301733
2.29768e-05
0.000314919
1.85829e-05
0.000328209
1.34223e-05
0.000341335
7.55312e-06
0.000354163
1.05536e-06
0.0003667
-5.97713e-06
0.000379019
-1.34259e-05
0.000391279
-2.11381e-05
0.000403617
-2.90067e-05
0.000416137
-3.69507e-05
0.000428923
-4.49187e-05
0.000442027
-5.28808e-05
0.000455452
-6.08253e-05
0.000469163
-6.87415e-05
0.000483109
-7.66083e-05
0.000497226
-8.43934e-05
0.000511447
-9.20535e-05
0.000525704
-9.95365e-05
0.000539929
-0.000106783
0.000554052
-0.000113729
0.000568005
-0.000120307
0.00058172
-0.000126448
0.000595128
-0.000132086
0.000608162
-0.000137155
0.000620757
-0.000141597
0.000632851
-0.000145361
0.000644385
-0.000148402
0.00065531
-0.000150691
0.000665581
-0.000152206
0.000675163
-0.000152942
0.000684029
-0.000152906
0.000692161
-0.000152118
0.000699555
-0.000150609
0.000706217
-0.000148421
0.000712167
-0.000145605
0.000717434
-0.000142221
0.000722055
-0.000138337
0.000726075
-0.000134025
0.000729543
-0.000129362
0.00073251
-0.000124426
0.000735028
-0.000119299
0.000737143
-0.000114063
0.000738892
-0.000108802
0.000740299
-0.000103606
0.000741356
-9.85748e-05
0.00074201
-9.38174e-05
0.00074213
-8.94834e-05
0.000741444
-8.56787e-05
0.000739496
-8.27305e-05
0.000735667
-8.04509e-05
-7.919e-05
0.000671951
0.000208768
0.000700419
0.000210848
0.000729695
0.000215356
0.000762602
0.00022246
0.000800451
0.000230395
0.000843572
0.000238795
0.000890936
0.000248387
0.000939726
0.000259151
0.000985503
0.00026997
0.00102329
0.000279469
0.00104887
0.000286592
0.0010591
0.00029045
0.00105151
0.000289822
0.00102467
0.000283599
0.000979479
0.000271874
0.000918575
0.000255378
0.000849082
0.000225022
0.000777584
0.000192292
0.000709337
0.000161829
0.000648415
0.000134454
0.000597454
0.000110592
0.000557534
9.03541e-05
0.000528324
7.36243e-05
0.000508542
6.01e-05
0.000496498
4.9315e-05
0.000490538
4.06802e-05
0.000489262
3.35615e-05
0.000491571
2.73662e-05
0.000496603
2.16041e-05
0.000503666
1.59143e-05
0.000512182
1.00664e-05
0.000521701
3.90376e-06
0.000531837
-2.58327e-06
0.000542281
-9.38853e-06
0.000552907
-1.66031e-05
0.000563591
-2.41097e-05
0.000574286
-3.18327e-05
0.000584976
-3.96971e-05
0.000595664
-4.76386e-05
0.000606351
-5.56055e-05
0.000617026
-6.35567e-05
0.000627662
-7.14607e-05
0.000638209
-7.92886e-05
0.000648608
-8.70073e-05
0.000658792
-9.45776e-05
0.000668692
-0.000101954
0.000678238
-0.000109082
0.000687361
-0.000115907
0.000695996
-0.000122364
0.000704079
-0.00012839
0.000711553
-0.000133922
0.000718363
-0.000138896
0.000724462
-0.000143254
0.000729811
-0.000146946
0.000734377
-0.000149927
0.00073814
-0.000152165
0.000741086
-0.000153638
0.000743218
-0.000154338
0.000744547
-0.000154271
0.000745096
-0.000153455
0.000744899
-0.000151921
0.000744003
-0.000149713
0.000742462
-0.000146881
0.000740342
-0.000143485
0.000737712
-0.000139591
0.000734647
-0.000135272
0.000731223
-0.0001306
0.000727513
-0.000125652
0.000723588
-0.000120502
0.000719514
-0.000115225
0.000715346
-0.000109895
0.000711127
-0.000104582
0.000706878
-9.93565e-05
0.000702593
-9.42899e-05
0.000698219
-8.9444e-05
0.000693638
-8.4902e-05
0.000688619
-8.06602e-05
0.000682759
-7.68698e-05
0.000675661
-7.33528e-05
-6.89596e-05
0.00059375
0.000180655
0.000620765
0.000183833
0.000647712
0.000188409
0.000675586
0.000194586
0.000704954
0.000201027
0.000736704
0.000207046
0.000771998
0.000213094
0.000811469
0.000219679
0.000854623
0.000226816
0.000899814
0.000234279
0.00094462
0.000241785
0.000986223
0.000248848
0.00102147
0.00025457
0.00104725
0.000257824
0.00106121
0.00025791
0.00106206
0.000254536
0.00105001
0.00023707
0.00102717
0.000215132
0.000996183
0.000192813
0.000959881
0.000170756
0.000921014
0.000149459
0.000882089
0.000129278
0.000845245
0.000110469
0.000812147
9.31984e-05
0.000783918
7.75431e-05
0.000761116
6.34822e-05
0.00074377
5.09077e-05
0.000731495
3.96419e-05
0.000723639
2.94598e-05
0.000719439
2.01141e-05
0.000718144
1.13611e-05
0.000719076
2.97229e-06
0.000721674
-5.18117e-06
0.000725498
-1.32125e-05
0.000730139
-2.12445e-05
0.00073534
-2.93107e-05
0.00074091
-3.74022e-05
0.000746703
-4.54902e-05
0.000752604
-5.35401e-05
0.000758518
-6.15187e-05
0.000764357
-6.93961e-05
0.000770041
-7.71447e-05
0.000775489
-8.47363e-05
0.00078062
-9.21383e-05
0.000785354
-9.9312e-05
0.000789614
-0.000106213
0.000793324
-0.000112793
0.000796415
-0.000118997
0.000798822
-0.000124771
0.000800489
-0.000130057
0.000801367
-0.0001348
0.000801419
-0.000138948
0.000800619
-0.000142454
0.000798953
-0.000145279
0.000796418
-0.000147392
0.000793027
-0.000148774
0.000788807
-0.000149418
0.000783798
-0.000149328
0.000778051
-0.000148524
0.000771632
-0.000147035
0.000764613
-0.000144902
0.000757075
-0.000142175
0.000749106
-0.000138912
0.000740796
-0.000135174
0.000732234
-0.00013103
0.000723511
-0.000126548
0.000714709
-0.000121798
0.000705907
-0.00011685
0.000697176
-0.00011177
0.000688574
-0.000106623
0.00068015
-0.000101471
0.000671938
-9.63701e-05
0.000663952
-9.13712e-05
0.000656183
-8.65206e-05
0.000648582
-8.18424e-05
0.000641043
-7.73637e-05
0.000633386
-7.30034e-05
0.000625253
-6.87364e-05
0.000616403
-6.45025e-05
-5.78014e-05
0.000524267
0.00015565
0.000548877
0.000159222
0.000573654
0.000163632
0.000599101
0.00016914
0.000625167
0.00017496
0.000651837
0.000180376
0.00067958
0.00018535
0.000709171
0.000190088
0.000741326
0.000194661
0.000776476
0.000199129
0.000814611
0.000203651
0.000855143
0.000208316
0.000896815
0.000212898
0.000937775
0.000216864
0.000975947
0.000219738
0.00100936
0.00022112
0.00103522
0.000211216
0.00105283
0.000197523
0.0010625
0.000183138
0.00106494
0.000168317
0.00106108
0.00015332
0.00105199
0.000138367
0.00103882
0.000123642
0.00102273
0.000109288
0.00100487
9.54028e-05
0.000986314
8.20373e-05
0.000968019
6.9203e-05
0.000950773
5.68871e-05
0.000935169
4.50646e-05
0.000921578
3.3705e-05
0.000910168
2.27711e-05
0.000900912
1.22281e-05
0.000893705
2.02605e-06
0.000888426
-7.93388e-06
0.000884752
-1.75699e-05
0.000882298
-2.68572e-05
0.000880717
-3.58208e-05
0.000879718
-4.44912e-05
0.000879071
-5.28931e-05
0.000878593
-6.10406e-05
0.000878134
-6.89371e-05
0.000877565
-7.65756e-05
0.000876769
-8.39404e-05
0.000875638
-9.10079e-05
0.000874074
-9.77478e-05
0.000871985
-0.000104125
0.000869291
-0.000110099
0.000865921
-0.000115628
0.000861819
-0.000120668
0.00085694
-0.000125178
0.000851253
-0.000129114
0.000844745
-0.00013244
0.000837416
-0.000135125
0.000829282
-0.000137145
0.000820376
-0.000138485
0.000810743
-0.000139142
0.000800447
-0.000139121
0.00078956
-0.000138441
0.000778166
-0.00013713
0.000766356
-0.000135225
0.000754225
-0.000132772
0.000741871
-0.000129821
0.000729391
-0.000126431
0.000716875
-0.000122659
0.000704413
-0.000118567
0.000692082
-0.000114217
0.000679954
-0.00010967
0.000668089
-0.000104985
0.000656539
-0.00010022
0.000645344
-9.5428e-05
0.000634532
-9.06589e-05
0.000624119
-8.59574e-05
0.000614107
-8.13592e-05
0.000604478
-7.68911e-05
0.000595185
-7.25503e-05
0.000586141
-6.83193e-05
0.00057721
-6.4072e-05
0.000568075
-5.96019e-05
0.000558616
-5.50431e-05
-4.66423e-05
0.000462816
0.000133509
0.000484788
0.00013725
0.000507026
0.000141393
0.000529984
0.000146182
0.000553646
0.000151298
0.000577784
0.000156238
0.000602319
0.000160815
0.000627371
0.000165036
0.000653198
0.000168834
0.000680192
0.000172135
0.000708834
0.000175009
0.000739551
0.000177599
0.00077251
0.000179938
0.000807472
0.000181902
0.000843833
0.000183377
0.000880701
0.000184252
0.000915439
0.000176478
0.00094677
0.000166192
0.000974146
0.000155762
0.000997275
0.000145187
0.00101608
0.000134511
0.00103067
0.000123784
0.00104125
0.000113064
0.00104813
0.000102403
0.00105169
9.18415e-05
0.00105233
8.13947e-05
0.00105048
7.10569e-05
0.00104656
6.08104e-05
0.00104098
5.06361e-05
0.00103417
4.05211e-05
0.00102648
3.04631e-05
0.00101823
2.04704e-05
0.00100967
1.05872e-05
0.00100094
8.01378e-07
0.000992328
-8.96013e-06
0.000984021
-1.85498e-05
0.000976116
-2.79163e-05
0.00096862
-3.69951e-05
0.000961465
-4.5738e-05
0.000954536
-5.41117e-05
0.000947694
-6.20951e-05
0.000940794
-6.96753e-05
0.000933697
-7.68432e-05
0.000926278
-8.35896e-05
0.000918433
-8.99027e-05
0.000910075
-9.5766e-05
0.000901135
-0.000101159
0.000891565
-0.000106058
0.000881333
-0.000110436
0.000870423
-0.000114268
0.000858839
-0.000117529
0.000846598
-0.000120199
0.000833735
-0.000122262
0.000820301
-0.000123711
0.00080636
-0.000124544
0.000791988
-0.00012477
0.000777271
-0.000124405
0.000762302
-0.000123472
0.000747175
-0.000122003
0.000731986
-0.000120036
0.000716828
-0.000117613
0.000701786
-0.00011478
0.00068694
-0.000111585
0.00067236
-0.00010808
0.000658108
-0.000104315
0.000644233
-0.000100342
0.000630776
-9.62131e-05
0.000617768
-9.19774e-05
0.000605231
-8.76832e-05
0.000593179
-8.33759e-05
0.000581616
-7.90969e-05
0.000570541
-7.48823e-05
0.000559941
-7.07585e-05
0.00054979
-6.67399e-05
0.000540047
-6.28081e-05
0.00053064
-5.89117e-05
0.000521477
-5.49091e-05
0.000512288
-5.04126e-05
0.000503047
-4.58023e-05
-3.61615e-05
0.000408523
0.00011395
0.000428003
0.000117771
0.000447764
0.000121632
0.000468177
0.00012577
0.000489297
0.000130178
0.000511009
0.000134525
0.000533214
0.000138611
0.000555827
0.000142423
0.000578766
0.000145895
0.000602009
0.000148892
0.000625667
0.000151351
0.000649975
0.00015329
0.000675217
0.000154697
0.000701616
0.000155503
0.000729307
0.000155687
0.00075828
0.000155279
0.000787035
0.000147723
0.000814847
0.00013838
0.000841345
0.000129263
0.000866195
0.000120337
0.000889128
0.000111577
0.000909953
0.00010296
0.000928554
9.44634e-05
0.000944883
8.60741e-05
0.00095895
7.7775e-05
0.000970804
6.95407e-05
0.000980523
6.13375e-05
0.000988205
5.31282e-05
0.000993961
4.48803e-05
0.000997911
3.65712e-05
0.00100018
2.81921e-05
0.0010009
1.97504e-05
0.00100021
1.12782e-05
0.000998163
2.8491e-06
0.000994738
-5.53511e-06
0.000989987
-1.3799e-05
0.000984003
-2.19314e-05
0.000976901
-2.98934e-05
0.000968802
-3.76394e-05
0.000959819
-4.51289e-05
0.00095005
-5.23257e-05
0.000939572
-5.91977e-05
0.000928445
-6.57155e-05
0.000916707
-7.18519e-05
0.000904386
-7.75814e-05
0.000891499
-8.28791e-05
0.000878062
-8.77218e-05
0.000864091
-9.20875e-05
0.000849612
-9.59565e-05
0.000834656
-9.9312e-05
0.000819267
-0.000102141
0.000803501
-0.000104433
0.000787422
-0.000106184
0.000771107
-0.000107395
0.000754635
-0.000108073
0.000738093
-0.000108227
0.000721564
-0.000107876
0.000705134
-0.000107041
0.000688879
-0.000105749
0.000672872
-0.000104029
0.000657176
-0.000101916
0.000641843
-9.9447e-05
0.000626919
-9.66606e-05
0.000612438
-9.35985e-05
0.000598426
-9.03033e-05
0.000584903
-8.68186e-05
0.000571878
-8.31884e-05
0.000559357
-7.94563e-05
0.000547338
-7.56647e-05
0.000535816
-7.1854e-05
0.00052478
-6.8061e-05
0.000514215
-6.43173e-05
0.000504101
-6.06447e-05
0.000494412
-5.70508e-05
0.000485116
-5.35113e-05
0.000476155
-4.99506e-05
0.000467479
-4.62333e-05
0.000458874
-4.18082e-05
0.00045038
-3.73084e-05
-2.68355e-05
0.000360569
9.67009e-05
0.000377775
0.000100564
0.000395283
0.000104124
0.00041336
0.000107692
0.000432047
0.000111491
0.000451305
0.000115268
0.000471105
0.00011881
0.000491405
0.000122124
0.000512109
0.000125191
0.000533096
0.000127904
0.00055427
0.000130177
0.00057559
0.000131971
0.000597063
0.000133223
0.000618736
0.00013383
0.000640693
0.000133729
0.000663044
0.000132928
0.000684882
0.000125885
0.000705958
0.000117304
0.000726249
0.000108972
0.000745688
0.000100898
0.000764182
9.30834e-05
0.000781631
8.5511e-05
0.000797939
7.81554e-05
0.000813025
7.0988e-05
0.000826824
6.39757e-05
0.000839286
5.70784e-05
0.000850373
5.02508e-05
0.000860054
4.34472e-05
0.000868307
3.66272e-05
0.000875117
2.9761e-05
0.000880477
2.28321e-05
0.000884388
1.58402e-05
0.000886863
8.8029e-06
0.000887949
1.76274e-06
0.000887663
-5.24882e-06
0.000886056
-1.21919e-05
0.000883154
-1.90297e-05
0.000878988
-2.57274e-05
0.000873596
-3.22474e-05
0.000867022
-3.85551e-05
0.000859318
-4.46209e-05
0.000850538
-5.04186e-05
0.000840748
-5.59252e-05
0.000830016
-6.11193e-05
0.000818415
-6.5981e-05
0.000806027
-7.0491e-05
0.000792936
-7.46307e-05
0.000779231
-7.83823e-05
0.000765003
-8.17292e-05
0.000750348
-8.46563e-05
0.000735358
-8.71509e-05
0.000720128
-8.92028e-05
0.000704749
-9.08049e-05
0.000689307
-9.19539e-05
0.000673885
-9.26502e-05
0.000658556
-9.28987e-05
0.000643388
-9.27084e-05
0.00062844
-9.20931e-05
0.000613761
-9.10708e-05
0.000599396
-8.96639e-05
0.000585379
-8.78988e-05
0.000571738
-8.58058e-05
0.000558495
-8.3418e-05
0.000545668
-8.07711e-05
0.000533267
-7.79029e-05
0.000521301
-7.48522e-05
0.000509771
-7.16585e-05
0.000498676
-6.83613e-05
0.00048801
-6.4999e-05
0.000477765
-6.16083e-05
0.000467926
-5.82227e-05
0.00045848
-5.48708e-05
0.000449407
-5.1572e-05
0.000440687
-4.83305e-05
0.000432297
-4.51212e-05
0.000424201
-4.1855e-05
0.000416376
-3.84082e-05
0.000408689
-3.4121e-05
0.000401154
-2.97731e-05
-1.89885e-05
0.000318219
8.15151e-05
0.000333377
8.54054e-05
0.000348866
8.86356e-05
0.000364863
9.16955e-05
0.000381373
9.4981e-05
0.000398383
9.82576e-05
0.000415891
0.000101302
0.00043388
0.000104135
0.000452306
0.000106765
0.000471096
0.000109114
0.000490161
0.000111112
0.000509406
0.000112726
0.000528734
0.000113896
0.000548044
0.00011452
0.000567258
0.000114515
0.000586337
0.000113849
0.000604465
0.000107757
0.000621487
0.000100281
0.00063749
9.2969e-05
0.000652537
8.58515e-05
0.000666669
7.89515e-05
0.000679907
7.22729e-05
0.000692256
6.58066e-05
0.000703708
5.95352e-05
0.00071425
5.34337e-05
0.00072386
4.74688e-05
0.00073251
4.16012e-05
0.000740166
3.57902e-05
0.000746794
2.99993e-05
0.000752355
2.42002e-05
0.000756812
1.83755e-05
0.000760131
1.2521e-05
0.000762288
6.64641e-06
0.000763292
7.58152e-07
0.000763155
-5.11142e-06
0.000761913
-1.09501e-05
0.000759589
-1.6706e-05
0.000756212
-2.23503e-05
0.000751819
-2.78543e-05
0.000746455
-3.31908e-05
0.000740169
-3.83353e-05
0.000733017
-4.32667e-05
0.000725058
-4.79656e-05
0.000716352
-5.24139e-05
0.000706965
-5.65942e-05
0.000696964
-6.04891e-05
0.000686414
-6.40814e-05
0.000675386
-6.7354e-05
0.000663947
-7.02904e-05
0.000652166
-7.28749e-05
0.000640108
-7.50932e-05
0.000627838
-7.69329e-05
0.000615417
-7.83841e-05
0.000602903
-7.94401e-05
0.000590351
-8.00979e-05
0.000577811
-8.03585e-05
0.00056533
-8.02277e-05
0.000552953
-7.97158e-05
0.00054072
-7.88378e-05
0.000528669
-7.7613e-05
0.000516835
-7.60646e-05
0.000505248
-7.42195e-05
0.000493937
-7.21065e-05
0.000482923
-6.97572e-05
0.000472224
-6.7204e-05
0.000461853
-6.44808e-05
0.000451816
-6.16218e-05
0.000442116
-5.86616e-05
0.000432752
-5.56346e-05
0.000423717
-5.25739e-05
0.000415005
-4.95106e-05
0.000406606
-4.64715e-05
0.000398509
-4.34751e-05
0.000390704
-4.05255e-05
0.000383181
-3.75986e-05
0.000375932
-3.46056e-05
0.000368946
-3.14224e-05
0.000362205
-2.73801e-05
0.000355572
-2.31402e-05
-1.27234e-05
0.000280821
6.81677e-05
0.000294152
7.20742e-05
0.000307841
7.49462e-05
0.000321986
7.75509e-05
0.000336569
8.03982e-05
0.000351593
8.32331e-05
0.000367055
8.58402e-05
0.000382937
8.82528e-05
0.000399212
9.049e-05
0.000415841
9.24853e-05
0.000432773
9.41809e-05
0.000449945
9.55537e-05
0.000467277
9.65629e-05
0.000484667
9.713e-05
0.000502001
9.71822e-05
0.000519171
9.66788e-05
0.000535368
9.15596e-05
0.000550407
8.52428e-05
0.000564338
7.90374e-05
0.00057722
7.29698e-05
0.000589108
6.70634e-05
0.000600053
6.13278e-05
0.000610098
5.57614e-05
0.000619279
5.0355e-05
0.00062762
4.50923e-05
0.00063514
3.99493e-05
0.000641845
3.4896e-05
0.000647735
2.99004e-05
0.000652801
2.49332e-05
0.00065703
1.99712e-05
0.000660406
1.49995e-05
0.000662914
1.00129e-05
0.000664544
5.01601e-06
0.000665296
6.5999e-09
0.000665169
-4.98443e-06
0.000664173
-9.95406e-06
0.000662323
-1.48564e-05
0.00065964
-1.9667e-05
0.000656148
-2.43631e-05
0.00065188
-2.89223e-05
0.000646869
-3.33243e-05
0.000641153
-3.75508e-05
0.000634773
-4.1585e-05
0.000627769
-4.54107e-05
0.000620187
-4.9012e-05
0.000612071
-5.23729e-05
0.000603467
-5.5477e-05
0.000594421
-5.83082e-05
0.000584981
-6.08503e-05
0.000575194
-6.3088e-05
0.000565108
-6.50074e-05
0.000554772
-6.65963e-05
0.000544233
-6.78451e-05
0.00053354
-6.87477e-05
0.000522743
-6.93011e-05
0.000511892
-6.95069e-05
0.000501034
-6.93702e-05
0.000490219
-6.89002e-05
0.000479491
-6.81097e-05
0.000468892
-6.70145e-05
0.00045846
-6.56329e-05
0.000448227
-6.39857e-05
0.000438215
-6.20952e-05
0.000428444
-5.99861e-05
0.000418925
-5.76846e-05
0.000409663
-5.52188e-05
0.00040066
-5.26191e-05
0.000391916
-4.99172e-05
0.000383427
-4.71462e-05
0.000375193
-4.43393e-05
0.00036721
-4.1528e-05
0.00035948
-3.87407e-05
0.000352002
-3.59973e-05
0.000344782
-3.33052e-05
0.000337825
-3.06418e-05
0.000331153
-2.79338e-05
0.000324767
-2.50368e-05
0.000318778
-2.13906e-05
0.000312888
-1.72504e-05
-7.7396e-06
0.000247797
5.64572e-05
0.00025951
6.0361e-05
0.000271604
6.28517e-05
0.0002841
6.50555e-05
0.000296973
6.75248e-05
0.000310243
6.99635e-05
0.000323901
7.21822e-05
0.000337924
7.423e-05
0.000352287
7.61264e-05
0.000366961
7.78117e-05
0.000381906
7.92352e-05
0.000397082
8.03784e-05
0.000412433
8.12114e-05
0.000427889
8.16748e-05
0.000443359
8.17115e-05
0.000458751
8.12875e-05
0.000473321
7.69888e-05
0.000486879
7.16856e-05
0.000499442
6.64739e-05
0.000511039
6.13724e-05
0.000521704
5.63987e-05
0.000531472
5.15598e-05
0.000540379
4.68542e-05
0.00054846
4.22746e-05
0.000555744
3.78083e-05
0.000562257
3.34362e-05
0.000568018
2.91344e-05
0.000573041
2.48777e-05
0.000577332
2.06426e-05
0.000580892
1.64105e-05
0.000583722
1.21696e-05
0.000585819
7.91593e-06
0.000587185
3.64986e-06
0.000587814
-6.22069e-07
0.000587707
-4.87769e-06
0.000586864
-9.11082e-06
0.000585297
-1.32895e-05
0.000583021
-1.73908e-05
0.000580054
-2.13957e-05
0.000576417
-2.52855e-05
0.000572135
-2.90428e-05
0.000567236
-3.26515e-05
0.000561748
-3.60969e-05
0.000555702
-3.93647e-05
0.00054913
-4.24407e-05
0.000542068
-4.53105e-05
0.000534551
-4.79598e-05
0.000526617
-5.03742e-05
0.000518307
-5.254e-05
0.000509663
-5.44442e-05
0.000500731
-5.60751e-05
0.000491558
-5.74232e-05
0.000482193
-5.84809e-05
0.000472689
-5.92431e-05
0.000463095
-5.97072e-05
0.000453461
-5.98732e-05
0.000443834
-5.97431e-05
0.000434255
-5.93211e-05
0.000424759
-5.86137e-05
0.000415373
-5.7629e-05
0.000406119
-5.63782e-05
0.000397008
-5.48747e-05
0.000388048
-5.31356e-05
0.000379244
-5.11817e-05
0.000370597
-4.90377e-05
0.00036211
-4.67324e-05
0.000353789
-4.4298e-05
0.000345642
-4.17695e-05
0.000337679
-3.91832e-05
0.000329915
-3.65754e-05
0.000322367
-3.39799e-05
0.000315053
-3.14266e-05
0.000307991
-2.89358e-05
0.000301203
-2.65172e-05
0.000294707
-2.41459e-05
0.000288545
-2.17715e-05
0.000282719
-1.92114e-05
0.00027742
-1.60916e-05
0.000272259
-1.20894e-05
-3.68014e-06
0.000218637
4.62027e-05
0.000228927
5.00713e-05
0.000239611
5.21677e-05
0.00025064
5.40264e-05
0.000261999
5.61657e-05
0.000273715
5.82472e-05
0.000285776
6.0121e-05
0.000298158
6.18486e-05
0.000310838
6.34461e-05
0.00032379
6.486e-05
0.000336978
6.60468e-05
0.000350365
6.69912e-05
0.000363907
6.76696e-05
0.000377547
6.80348e-05
0.000391218
6.80404e-05
0.000404847
6.76593e-05
0.000417782
6.40532e-05
0.000429855
5.96131e-05
0.000441078
5.52509e-05
0.000451468
5.09819e-05
0.000461047
4.68198e-05
0.000469837
4.27696e-05
0.000477863
3.88288e-05
0.000485147
3.49905e-05
0.000491712
3.12433e-05
0.000497577
2.75709e-05
0.000502758
2.39532e-05
0.000507267
2.03692e-05
0.00051111
1.67995e-05
0.000514292
1.32288e-05
0.000516814
9.64764e-06
0.000518677
6.05299e-06
0.000519883
2.44318e-06
0.000520431
-1.1702e-06
0.000520324
-4.77051e-06
0.000519563
-8.3497e-06
0.000518158
-1.18847e-05
0.000516122
-1.5355e-05
0.000513471
-1.87444e-05
0.000510223
-2.20372e-05
0.000506399
-2.52186e-05
0.000502022
-2.82747e-05
0.000497118
-3.11927e-05
0.000491713
-3.39605e-05
0.000485839
-3.65663e-05
0.000479527
-3.89981e-05
0.000472811
-4.12446e-05
0.000465731
-4.32942e-05
0.000458327
-4.5136e-05
0.000450643
-4.67597e-05
0.000442723
-4.81552e-05
0.000434613
-4.93132e-05
0.000426357
-5.02251e-05
0.000417997
-5.08826e-05
0.000409568
-5.12784e-05
0.0004011
-5.14058e-05
0.000392617
-5.126e-05
0.000384134
-5.0838e-05
0.000375661
-5.01404e-05
0.000367203
-4.91713e-05
0.000358765
-4.79404e-05
0.000350353
-4.64624e-05
0.000341976
-4.47581e-05
0.000333648
-4.28538e-05
0.000325391
-4.07808e-05
0.000317232
-3.8574e-05
0.000309205
-3.62709e-05
0.000301346
-3.39101e-05
0.000293692
-3.15292e-05
0.00028628
-2.91636e-05
0.000279144
-2.68443e-05
0.000272315
-2.45968e-05
0.000265815
-2.24363e-05
0.000259668
-2.03697e-05
0.000253887
-1.83655e-05
0.00024851
-1.63943e-05
0.000243533
-1.42339e-05
0.000239141
-1.17001e-05
0.000235004
-7.95265e-06
-5.72335e-07
0.000192891
3.72417e-05
0.000201934
4.10276e-05
0.000211371
4.27307e-05
0.000221099
4.42987e-05
0.000231119
4.61456e-05
0.000241461
4.7905e-05
0.000252108
4.94741e-05
0.000263037
5.092e-05
0.000274229
5.22535e-05
0.000285662
5.34273e-05
0.000297303
5.44057e-05
0.000309118
5.51767e-05
0.000321065
5.57221e-05
0.000333096
5.6004e-05
0.000345152
5.59844e-05
0.00035717
5.56409e-05
0.000368581
5.26422e-05
0.000379239
4.89558e-05
0.000389157
4.53326e-05
0.000398353
4.17864e-05
0.000406843
3.83292e-05
0.000414648
3.4965e-05
0.000421785
3.16916e-05
0.000428273
2.85028e-05
0.000434127
2.53886e-05
0.000439363
2.23351e-05
0.000443991
1.93252e-05
0.000448019
1.63411e-05
0.000451452
1.33665e-05
0.000454292
1.03886e-05
0.00045654
7.39965e-06
0.000458196
4.39714e-06
0.000459263
1.37641e-06
0.00045974
-1.64741e-06
0.000459632
-4.66271e-06
0.000458943
-7.66049e-06
0.000457681
-1.06227e-05
0.000455858
-1.35321e-05
0.000453489
-1.63749e-05
0.00045059
-1.91382e-05
0.000447181
-2.18098e-05
0.000443285
-2.43785e-05
0.000438926
-2.6834e-05
0.000434133
-2.9167e-05
0.000428935
-3.13682e-05
0.000423365
-3.34282e-05
0.000417457
-3.53372e-05
0.000411248
-3.70848e-05
0.000404772
-3.86597e-05
0.000398061
-4.00492e-05
0.000391146
-4.124e-05
0.000384051
-4.22176e-05
0.000376793
-4.29676e-05
0.000369386
-4.34756e-05
0.000361837
-4.37292e-05
0.00035415
-4.37187e-05
0.000346328
-4.34385e-05
0.000338378
-4.28883e-05
0.000330312
-4.20739e-05
0.000322148
-4.10077e-05
0.000313916
-3.97083e-05
0.000305654
-3.82004e-05
0.000297409
-3.65132e-05
0.000289235
-3.46792e-05
0.000281187
-3.2733e-05
0.000273323
-3.07098e-05
0.000265696
-2.86439e-05
0.000258353
-2.65679e-05
0.000251335
-2.45113e-05
0.000244672
-2.25004e-05
0.000238384
-2.05564e-05
0.000232484
-1.86962e-05
0.000226974
-1.69267e-05
0.000221856
-1.52517e-05
0.000217124
-1.36339e-05
0.000212794
-1.20641e-05
0.000208857
-1.02963e-05
0.000205456
-8.29925e-06
0.000202409
-4.90561e-06
1.64119e-06
0.00017016
2.94276e-05
0.000178117
3.30703e-05
0.000186451
3.43972e-05
0.000195025
3.57246e-05
0.000203863
3.73076e-05
0.00021299
3.87776e-05
0.000222386
4.00787e-05
0.000232029
4.12771e-05
0.000241905
4.23772e-05
0.000251994
4.33385e-05
0.000262267
4.41323e-05
0.000272694
4.47501e-05
0.000283237
4.51786e-05
0.000293853
4.5388e-05
0.00030449
4.53476e-05
0.000315091
4.50398e-05
0.000325154
4.25795e-05
0.00033455
3.95597e-05
0.000343294
3.65888e-05
0.000351401
3.36797e-05
0.000358887
3.08428e-05
0.00036577
2.80818e-05
0.000372067
2.5395e-05
0.000377792
2.27773e-05
0.000382961
2.022e-05
0.000387584
1.77117e-05
0.000391672
1.52379e-05
0.000395229
1.27837e-05
0.00039826
1.03354e-05
0.000400767
7.8821e-06
0.000402749
5.4175e-06
0.000404206
2.9397e-06
0.000405143
4.39681e-07
0.000405558
-2.06248e-06
0.000405456
-4.56103e-06
0.000404842
-7.04644e-06
0.000403724
-9.50428e-06
0.000402113
-1.19211e-05
0.000400024
-1.42859e-05
0.000397475
-1.65889e-05
0.000394485
-1.88204e-05
0.000391078
-2.09713e-05
0.000387277
-2.3033e-05
0.000383106
-2.49963e-05
0.000378589
-2.68512e-05
0.000373747
-2.8586e-05
0.000368598
-3.01878e-05
0.000363155
-3.16417e-05
0.000357427
-3.29316e-05
0.000351418
-3.40404e-05
0.000345129
-3.49514e-05
0.00033856
-3.56489e-05
0.000331712
-3.61197e-05
0.000324591
-3.63542e-05
0.000317209
-3.63476e-05
0.000309591
-3.61001e-05
0.00030177
-3.56176e-05
0.000293793
-3.49114e-05
0.000285717
-3.39977e-05
0.000277606
-3.28965e-05
0.000269528
-3.16308e-05
0.000261554
-3.02256e-05
0.000253747
-2.87067e-05
0.000246168
-2.71001e-05
0.000238867
-2.54317e-05
0.000231883
-2.37264e-05
0.000225248
-2.20081e-05
0.000218979
-2.02996e-05
0.000213089
-1.86214e-05
0.000207581
-1.69921e-05
0.000202451
-1.54269e-05
0.000197694
-1.39382e-05
0.000193297
-1.25297e-05
0.00018925
-1.1205e-05
0.000185543
-9.92681e-06
0.00018218
-8.70138e-06
0.000179165
-7.28163e-06
0.000176593
-5.7273e-06
0.000174464
-2.77663e-06
3.14238e-06
0.000150095
2.26282e-05
0.000157107
2.60579e-05
0.000164463
2.70418e-05
0.000172016
2.81711e-05
0.000179811
2.95124e-05
0.000187865
3.07236e-05
0.000196154
3.17899e-05
0.00020466
3.27708e-05
0.000213373
3.3665e-05
0.000222272
3.44386e-05
0.000231335
3.50692e-05
0.000240534
3.55515e-05
0.000249836
3.58764e-05
0.000259203
3.60215e-05
0.000268588
3.59624e-05
0.000277941
3.56864e-05
0.000286819
3.3702e-05
0.000295108
3.1271e-05
0.00030282
2.88766e-05
0.000309969
2.65304e-05
0.00031657
2.42416e-05
0.000322639
2.20135e-05
0.000328189
1.98447e-05
0.000333235
1.7731e-05
0.00033779
1.56655e-05
0.000341863
1.36384e-05
0.000345463
1.16379e-05
0.000348595
9.65146e-06
0.000351263
7.66759e-06
0.000353468
5.67704e-06
0.00035521
3.67501e-06
0.00035649
1.66004e-06
0.000357313
-3.83007e-07
0.000357677
-2.42688e-06
0.00035759
-4.4742e-06
0.000357058
-6.51442e-06
0.00035609
-8.53618e-06
0.000354698
-1.05286e-05
0.000352893
-1.24814e-05
0.000350689
-1.43844e-05
0.000348095
-1.62267e-05
0.00034512
-1.79965e-05
0.000341769
-1.96817e-05
0.000338042
-2.12694e-05
0.000333937
-2.27461e-05
0.000329449
-2.40978e-05
0.000324572
-2.53109e-05
0.000319302
-2.63722e-05
0.000313641
-2.72702e-05
0.000307595
-2.7995e-05
0.000301184
-2.85395e-05
0.000294434
-2.88994e-05
0.000287388
-2.90732e-05
0.000280096
-2.90624e-05
0.000272619
-2.8871e-05
0.000265025
-2.85057e-05
0.000257382
-2.79749e-05
0.00024976
-2.72889e-05
0.000242222
-2.64599e-05
0.000234827
-2.55012e-05
0.000227624
-2.44282e-05
0.000220655
-2.32572e-05
0.000213955
-2.20059e-05
0.000207548
-2.06932e-05
0.000201454
-1.93382e-05
0.000195688
-1.79601e-05
0.000190258
-1.6578e-05
0.000185168
-1.52101e-05
0.00018042
-1.38729e-05
0.000176009
-1.25813e-05
0.000171929
-1.13469e-05
0.00016817
-1.01795e-05
0.000164721
-9.0807e-06
0.000161571
-8.0541e-06
0.000158708
-7.06461e-06
0.000156133
-6.12598e-06
0.000153864
-5.01253e-06
0.000151942
-3.80521e-06
0.000150541
-1.37578e-06
4.08117e-06
0.000132385
1.67239e-05
0.000138577
1.98659e-05
0.000145064
2.05544e-05
0.000151716
2.15192e-05
0.000158591
2.26374e-05
0.000165696
2.36183e-05
0.000173007
2.44787e-05
0.00018051
2.52679e-05
0.000188195
2.59807e-05
0.000196044
2.6589e-05
0.000204038
2.70758e-05
0.00021215
2.74387e-05
0.000220354
2.76724e-05
0.000228615
2.77606e-05
0.000236893
2.76845e-05
0.000245143
2.74363e-05
0.000252974
2.58714e-05
0.000260285
2.39596e-05
0.000267088
2.20735e-05
0.000273395
2.0224e-05
0.000279217
1.84189e-05
0.00028457
1.66611e-05
0.000289465
1.49497e-05
0.000293914
1.32813e-05
0.00029793
1.16501e-05
0.00030152
1.00482e-05
0.000304692
8.4657e-06
0.000307451
6.8923e-06
0.0003098
5.31852e-06
0.000311741
3.73622e-06
0.000313273
2.14325e-06
0.000314397
5.36419e-07
0.000315123
-1.1097e-06
0.00031545
-2.75318e-06
0.000315377
-4.40202e-06
0.000314902
-6.03938e-06
0.000314019
-7.65232e-06
0.000312718
-9.22828e-06
0.000310992
-1.07548e-05
0.000308828
-1.22204e-05
0.000306215
-1.36145e-05
0.000303146
-1.4927e-05
0.000299614
-1.61501e-05
0.000295622
-1.72767e-05
0.000291177
-1.83014e-05
0.000286298
-1.92192e-05
0.000281014
-2.00263e-05
0.00027536
-2.07189e-05
0.000269384
-2.12936e-05
0.000263136
-2.17471e-05
0.000256672
-2.20759e-05
0.00025005
-2.22771e-05
0.000243325
-2.23481e-05
0.00023655
-2.22876e-05
0.000229775
-2.20954e-05
0.000223042
-2.17734e-05
0.000216393
-2.13254e-05
0.000209862
-2.07576e-05
0.00020348
-2.00785e-05
0.000197278
-1.92986e-05
0.00019128
-1.84302e-05
0.00018551
-1.74872e-05
0.000179988
-1.64845e-05
0.000174733
-1.54377e-05
0.000169757
-1.43626e-05
0.000165072
-1.32746e-05
0.000160683
-1.21891e-05
0.000156593
-1.11201e-05
0.000152801
-1.00808e-05
0.000149302
-9.08221e-06
0.000146088
-8.1332e-06
0.000143149
-7.24086e-06
0.000140474
-6.40556e-06
0.00013805
-5.6302e-06
0.00013587
-4.88427e-06
0.000133925
-4.18112e-06
0.000132249
-3.33706e-06
0.000130834
-2.3897e-06
0.000129997
-5.38445e-07
4.56819e-06
0.000116755
1.16069e-05
0.000122234
1.43868e-05
0.000127951
1.48378e-05
0.000133809
1.56612e-05
0.000139872
1.65739e-05
0.000146138
1.73524e-05
0.000152584
1.80327e-05
0.000159199
1.86528e-05
0.000165975
1.9205e-05
0.000172897
1.9667e-05
0.000179946
2.00269e-05
0.0001871
2.02846e-05
0.000194335
2.04382e-05
0.000201618
2.04767e-05
0.000208917
2.03859e-05
0.000216191
2.01624e-05
0.000223095
1.89676e-05
0.000229541
1.7513e-05
0.00023554
1.60745e-05
0.000241102
1.46621e-05
0.000246239
1.32825e-05
0.000250961
1.19389e-05
0.00025528
1.06309e-05
0.000259204
9.35656e-06
0.000262743
8.11181e-06
0.0002659
6.89101e-06
0.000268678
5.68721e-06
0.000271078
4.49312e-06
0.000273094
3.30229e-06
0.000274721
2.10922e-06
0.00027595
9.13749e-07
0.000276768
-2.80982e-07
0.000277161
-1.50268e-06
0.000277105
-2.69778e-06
0.000276588
-3.88447e-06
0.000275596
-5.04766e-06
0.000274125
-6.18139e-06
0.000272178
-7.28102e-06
0.000269765
-8.34189e-06
0.000266905
-9.3603e-06
0.000263623
-1.03327e-05
0.000259951
-1.12545e-05
0.000255923
-1.21221e-05
0.000251577
-1.29308e-05
0.000246951
-1.36755e-05
0.000242082
-1.43506e-05
0.000237006
-1.49503e-05
0.000231756
-1.54685e-05
0.000226362
-1.58995e-05
0.000220853
-1.6238e-05
0.000215256
-1.64793e-05
0.000209599
-1.66199e-05
0.000203908
-1.66574e-05
0.000198211
-1.65908e-05
0.000192537
-1.64208e-05
0.000186913
-1.61495e-05
0.000181368
-1.57811e-05
0.000175932
-1.53213e-05
0.000170631
-1.47775e-05
0.000165491
-1.41586e-05
0.000160535
-1.34748e-05
0.000155786
-1.27375e-05
0.00015126
-1.19584e-05
0.000146972
-1.11498e-05
0.000142933
-1.03241e-05
0.000139152
-9.49316e-06
0.000135631
-8.66869e-06
0.000132373
-7.86131e-06
0.000129372
-7.08063e-06
0.000126625
-6.33489e-06
0.000124122
-5.63026e-06
0.000121853
-4.97174e-06
0.000119806
-4.35895e-06
0.00011797
-3.79355e-06
0.000116337
-3.25168e-06
0.000114896
-2.73965e-06
0.00011369
-2.13125e-06
0.000112672
-1.37208e-06
0.000112259
-1.2477e-07
4.67642e-06
0.000102965
7.17965e-06
0.000107824
9.52827e-06
0.000112853
9.80809e-06
0.000118014
1.05008e-05
0.000123365
1.12231e-05
0.000128893
1.18242e-05
0.000134577
1.23482e-05
0.000140409
1.28209e-05
0.000146382
1.32324e-05
0.000152483
1.35657e-05
0.000158697
1.38127e-05
0.000165006
1.39761e-05
0.000171387
1.4057e-05
0.000177814
1.40498e-05
0.000184253
1.39462e-05
0.000190667
1.3749e-05
0.000196743
1.28914e-05
0.000202397
1.18595e-05
0.000207626
1.08448e-05
0.000212431
9.85732e-06
0.00021681
8.90305e-06
0.000220765
7.9845e-06
0.000224295
7.10101e-06
0.000227402
6.24976e-06
0.000230087
5.42633e-06
0.000232353
4.62462e-06
0.000234203
3.83744e-06
0.000235639
3.0573e-06
0.000236664
2.27741e-06
0.000237281
1.49175e-06
0.000237496
6.98824e-07
0.000237315
-9.97246e-08
0.000236744
-9.31884e-07
0.000235805
-1.75824e-06
0.000234515
-2.59516e-06
0.000232897
-3.4291e-06
0.000230969
-4.25353e-06
0.000228751
-5.06265e-06
0.000226258
-5.84978e-06
0.000223507
-6.60921e-06
0.00022051
-7.33575e-06
0.00021728
-8.02359e-06
0.000213826
-8.66882e-06
0.000210162
-9.26699e-06
0.000206301
-9.81403e-06
0.000202256
-1.0306e-05
0.000198045
-1.07387e-05
0.000193685
-1.11084e-05
0.000189196
-1.14112e-05
0.000184602
-1.16436e-05
0.000179925
-1.18027e-05
0.000175192
-1.18862e-05
0.000170427
-1.18928e-05
0.000165658
-1.18221e-05
0.000160913
-1.16751e-05
0.000156217
-1.1454e-05
0.000151598
-1.11622e-05
0.000147082
-1.08047e-05
0.000142692
-1.03875e-05
0.000138451
-9.91771e-06
0.000134379
-9.40326e-06
0.000130495
-8.8528e-06
0.000126812
-8.27532e-06
0.000123342
-7.68e-06
0.000120094
-7.07582e-06
0.000117072
-6.47136e-06
0.000114278
-5.87522e-06
0.000111712
-5.29483e-06
0.000109368
-4.73701e-06
0.000107241
-4.20741e-06
0.000105321
-3.71016e-06
0.000103597
-3.24844e-06
0.00010206
-2.82168e-06
0.000100696
-2.43004e-06
9.95023e-05
-2.05747e-06
9.84619e-05
-1.69926e-06
9.76246e-05
-1.29392e-06
9.69241e-05
-6.71582e-07
9.68134e-05
-1.40823e-08
4.44373e-06
9.08012e-05
3.35333e-06
9.51227e-05
5.20676e-06
9.95366e-05
5.3942e-06
0.000104075
5.96207e-06
0.000108791
6.50723e-06
0.000113666
6.94973e-06
0.000118679
7.33466e-06
0.00012382
7.68032e-06
0.000129073
7.9794e-06
0.000134414
8.22469e-06
0.000139809
8.41795e-06
0.000145216
8.5685e-06
0.000150591
8.68255e-06
0.000155882
8.75819e-06
0.00016104
8.78855e-06
0.000166017
8.77178e-06
0.000170577
8.33198e-06
0.000174674
7.76176e-06
0.000178336
7.18332e-06
0.000181588
6.60508e-06
0.000184459
6.03247e-06
0.000186974
5.46912e-06
0.000189159
4.91638e-06
0.000191034
4.374e-06
0.00019262
3.84073e-06
0.000193931
3.31402e-06
0.000194978
2.79045e-06
0.000195769
2.2662e-06
0.000196308
1.73786e-06
0.000196598
1.20212e-06
0.000196638
6.58557e-07
0.00019643
1.0802e-07
0.000195972
-4.73879e-07
0.000195266
-1.0523e-06
0.00019431
-1.63824e-06
0.000193101
-2.2206e-06
0.000191642
-2.79439e-06
0.000189935
-3.35569e-06
0.000187985
-3.89983e-06
0.000185799
-4.42307e-06
0.000183385
-4.92199e-06
0.000180754
-5.39216e-06
0.000177916
-5.83137e-06
0.000174885
-6.23629e-06
0.000171676
-6.60418e-06
0.000168302
-6.93227e-06
0.000164781
-7.21786e-06
0.000161131
-7.45833e-06
0.000157371
-7.65122e-06
0.000153522
-7.79439e-06
0.000149605
-7.88611e-06
0.000145644
-7.92518e-06
0.000141663
-7.91105e-06
0.000137684
-7.84396e-06
0.000133734
-7.72498e-06
0.000129836
-7.55609e-06
0.000126014
-7.34015e-06
0.00012229
-7.08091e-06
0.000118686
-6.78287e-06
0.000115219
-6.45122e-06
0.000111908
-6.09165e-06
0.000108765
-5.71026e-06
0.000105803
-5.31329e-06
0.00010303
-4.90701e-06
0.000100452
-4.49747e-06
9.80707e-05
-4.09032e-06
9.58869e-05
-3.69143e-06
9.38976e-05
-3.30555e-06
9.20978e-05
-2.93722e-06
9.04804e-05
-2.58998e-06
8.90366e-05
-2.26634e-06
8.77563e-05
-1.96811e-06
8.66294e-05
-1.69482e-06
8.56445e-05
-1.44513e-06
8.4798e-05
-1.21096e-06
8.40748e-05
-9.76069e-07
8.35209e-05
-7.4006e-07
8.30775e-05
-2.28206e-07
8.31609e-05
-9.74561e-08
3.87828e-06
8.0091e-05
3.10285e-08
8.39594e-05
1.33836e-06
8.78021e-05
1.55149e-06
9.17047e-05
2.05954e-06
9.56785e-05
2.53342e-06
9.96692e-05
2.95901e-06
0.000103622
3.38183e-06
0.000107494
3.80867e-06
0.000111259
4.21422e-06
0.000114914
4.56981e-06
0.000118475
4.85704e-06
0.00012197
5.07283e-06
0.00012543
5.22252e-06
0.000128875
5.31326e-06
0.000132313
5.35129e-06
0.000135735
5.34909e-06
0.000138983
5.08388e-06
0.000142011
4.73406e-06
0.000144815
4.37963e-06
0.000147392
4.02822e-06
0.000149741
3.68287e-06
0.000151865
3.34526e-06
0.000153766
3.0155e-06
0.000155447
2.69275e-06
0.000156912
2.37585e-06
0.000158163
2.06296e-06
0.000159202
1.7517e-06
0.000160028
1.43956e-06
0.000160642
1.12439e-06
0.00016104
8.03935e-07
0.000161221
4.77913e-07
0.000161184
1.45011e-07
0.000160926
-2.16213e-07
0.000160454
-5.8045e-07
0.000159766
-9.50325e-07
0.000158861
-1.31532e-06
0.000157738
-1.67113e-06
0.000156398
-2.01556e-06
0.000154844
-2.34609e-06
0.000153082
-2.66108e-06
0.000151119
-2.95921e-06
0.000148964
-3.23729e-06
0.000146628
-3.49498e-06
0.000144122
-3.73022e-06
0.000141459
-3.94161e-06
0.000138655
-4.12769e-06
0.000135724
-4.28701e-06
0.000132684
-4.41816e-06
0.000129552
-4.51989e-06
0.000126349
-4.59109e-06
0.000123094
-4.63097e-06
0.000119808
-4.63906e-06
0.000116512
-4.61535e-06
0.000113228
-4.56026e-06
0.000109978
-4.47476e-06
0.000106782
-4.36034e-06
0.000103661
-4.21901e-06
0.000100634
-4.05326e-06
9.77168e-05
-3.86604e-06
9.49262e-05
-3.6606e-06
9.2275e-05
-3.44049e-06
8.97742e-05
-3.20943e-06
8.74321e-05
-2.97117e-06
8.52545e-05
-2.72943e-06
8.32448e-05
-2.48773e-06
8.14036e-05
-2.24915e-06
7.97296e-05
-2.01739e-06
7.8219e-05
-1.79495e-06
7.68663e-05
-1.58453e-06
7.56643e-05
-1.38805e-06
7.46048e-05
-1.20679e-06
7.36782e-05
-1.0415e-06
7.28753e-05
-8.91966e-07
7.2186e-05
-7.55789e-07
7.16065e-05
-6.3147e-07
7.11258e-05
-4.95365e-07
7.0776e-05
-3.90214e-07
7.0541e-05
6.79645e-09
7.0706e-05
-2.62507e-07
2.97148e-06
7.096e-05
-3.16879e-06
7.371e-05
-1.4116e-06
7.57809e-05
-5.19388e-07
7.76181e-05
2.22268e-07
7.9421e-05
7.30517e-07
8.12497e-05
1.13039e-06
8.31574e-05
1.47412e-06
8.51998e-05
1.76625e-06
8.74198e-05
1.99424e-06
8.98343e-05
2.15529e-06
9.24326e-05
2.25875e-06
9.51846e-05
2.3208e-06
9.80512e-05
2.35589e-06
0.000100992
2.37294e-06
0.000103967
2.37536e-06
0.000106945
2.3714e-06
0.000109771
2.2577e-06
0.000112402
2.10369e-06
0.000114834
1.94709e-06
0.00011707
1.79294e-06
0.00011911
1.642e-06
0.000120961
1.4947e-06
0.000122626
1.35088e-06
0.000124108
1.20998e-06
0.000125413
1.07153e-06
0.000126541
9.34681e-07
0.000127494
7.98392e-07
0.000128272
6.61529e-07
0.000128874
5.23203e-07
0.000129295
3.82054e-07
0.000129533
2.39847e-07
0.000129595
8.39118e-08
0.000129488
-1.09416e-07
0.000129216
-3.08689e-07
0.000128763
-4.97054e-07
0.000128117
-6.6971e-07
0.000127275
-8.2928e-07
0.000126238
-9.78619e-07
0.000125011
-1.11858e-06
0.000123599
-1.24972e-06
0.000122013
-1.37251e-06
0.00012026
-1.48456e-06
0.000118352
-1.58682e-06
0.0001163
-1.67824e-06
0.000114117
-1.75843e-06
0.000111816
-1.82693e-06
0.000109412
-1.88322e-06
0.000106921
-1.92687e-06
0.000104358
-1.95745e-06
0.000101742
-1.97468e-06
9.90895e-05
-1.97841e-06
9.6419e-05
-1.96861e-06
9.37492e-05
-1.94549e-06
9.10983e-05
-1.90943e-06
8.84846e-05
-1.86104e-06
8.59255e-05
-1.80116e-06
8.34372e-05
-1.7308e-06
8.10352e-05
-1.65118e-06
7.87328e-05
-1.56368e-06
7.6542e-05
-1.46976e-06
7.44725e-05
-1.37101e-06
7.25321e-05
-1.26905e-06
7.07264e-05
-1.16547e-06
6.90588e-05
-1.06185e-06
6.75307e-05
-9.59581e-07
6.61413e-05
-8.59748e-07
6.48883e-05
-7.64391e-07
6.37674e-05
-6.74064e-07
6.27728e-05
-5.89928e-07
6.18975e-05
-5.12763e-07
6.11336e-05
-4.42895e-07
6.04724e-05
-3.80364e-07
5.99055e-05
-3.25025e-07
5.94242e-05
-2.74494e-07
5.90223e-05
-2.29527e-07
5.86985e-05
-1.71636e-07
5.84515e-05
-1.43194e-07
5.83751e-05
8.31984e-08
5.84626e-05
-3.5e-07
1.71716e-06
5.664e-05
5.52284e-05
5.4709e-05
5.49313e-05
5.56618e-05
5.67922e-05
5.82663e-05
6.00326e-05
6.20268e-05
6.41821e-05
6.64409e-05
6.87617e-05
7.11175e-05
7.34905e-05
7.58658e-05
7.82372e-05
8.04949e-05
8.25986e-05
8.45457e-05
8.63387e-05
8.79807e-05
8.94754e-05
9.08262e-05
9.20362e-05
9.31078e-05
9.40424e-05
9.48408e-05
9.55024e-05
9.60256e-05
9.64076e-05
9.66475e-05
9.67314e-05
9.6622e-05
9.63133e-05
9.58162e-05
9.51465e-05
9.43172e-05
9.33386e-05
9.222e-05
9.09703e-05
8.95978e-05
8.81132e-05
8.65264e-05
8.48482e-05
8.30897e-05
8.12628e-05
7.93796e-05
7.74527e-05
7.54953e-05
7.35206e-05
7.15422e-05
6.95736e-05
6.76281e-05
6.57186e-05
6.38576e-05
6.20564e-05
6.03256e-05
5.86745e-05
5.71108e-05
5.5641e-05
5.427e-05
5.3001e-05
5.18355e-05
5.07736e-05
4.98141e-05
4.89543e-05
4.81899e-05
4.75159e-05
4.69259e-05
4.64132e-05
4.59703e-05
4.55899e-05
4.52649e-05
4.49904e-05
4.47609e-05
4.45892e-05
4.4446e-05
4.45292e-05
4.41792e-05
)
;

boundaryField
{
    inlet
    {
        type            calculated;
        value           nonuniform List<scalar> 
25
(
-0.00119618
-0.00105581
-0.000931914
-0.000822558
-0.000726034
-0.000640837
-0.000565637
-0.000499262
-0.000440675
-0.000388964
-0.00034332
-0.000303033
-0.000267473
-0.000236086
-0.000208382
-0.00018393
-0.000162346
-0.000143295
-0.00012648
-0.000111638
-9.8538e-05
-8.69749e-05
-7.67687e-05
-6.77602e-05
-5.98088e-05
)
;
    }
    outlet
    {
        type            calculated;
        value           nonuniform List<scalar> 
25
(
0.00101463
0.000927364
0.000857773
0.000791556
0.000727593
0.00066543
0.000605245
0.000547457
0.000492566
0.000441054
0.000393306
0.000349307
0.000307904
0.0002682
0.000231896
0.000200195
0.000172963
0.000149602
0.00012951
0.00011215
9.70461e-05
8.37264e-05
7.16128e-05
5.97169e-05
4.58964e-05
)
;
    }
    fixedWalls
    {
        type            calculated;
        value           uniform 0;
    }
    frontAndBack
    {
        type            empty;
        value           nonuniform 0();
    }
}


// ************************************************************************* //
