1	1
2	10
3	4
4	6
5	6
6	7
7	4
8	6
9	6
10	6
11	6
12	5
13	5
14	6
15	6
16	5
17	6
18	7
19	7
20	7
21	7
22	7
23	7
24	7
25	7
26	7
27	7
28	7
29	7
30	7
31	7
32	8
33	8
34	8
35	8
36	8
37	8
38	8
39	8
40	8
41	8
42	9
43	9
44	9
45	9
46	9
47	9
48	9
49	9
50	9
51	9
52	9
53	9
54	9
55	9
56	9
57	10
58	10
59	10
60	10
61	10
62	10
63	10
64	10
65	10
66	10
67	10
68	10
69	10
70	10
71	10
72	10
73	10
74	10
75	10
76	10
77	10
78	10
79	10
80	10
81	10
82	10
83	10
84	10
85	10
86	10
87	10
88	10
89	10
90	10
91	10
92	10
93	10
94	10
95	10
96	10
97	10
98	10
99	10
100	10
101	10
102	10
103	10
104	10
105	10
106	10
107	10
108	10
109	10
110	11
111	11
112	10
113	10
114	10
115	11
116	10
117	10
118	11
119	11
120	10
121	10
122	10
123	10
124	10
125	10
126	10
127	10
128	10
129	10
130	10
131	10
132	10
133	10
134	10
135	10
136	10
137	10
138	10
139	10
140	10
141	10
142	10
143	10
144	10
145	10
146	10
147	10
148	10
149	10
150	10
151	10
152	10
153	10
154	10
155	10
156	10
157	10
158	10
159	10
160	10
161	10
162	10
163	10
164	10
165	10
166	10
167	10
168	10
169	10
170	10
171	10
172	10
173	10
174	10
175	10
176	10
177	10
178	10
179	10
180	10
181	10
182	10
183	10
184	10
185	10
186	10
187	10
188	10
189	10
190	10
191	10
192	10
193	10
194	10
195	10
196	10
197	10
198	10
199	10
200	10
201	10
202	10
203	11
204	11
205	11
206	11
207	10
208	11
209	11
210	11
211	11
212	11
213	11
214	10
215	10
216	11
217	11
218	10
219	10
220	11
221	11
222	11
223	10
224	10
225	11
226	11
227	11
228	11
229	11
230	11
231	11
232	11
233	11
234	11
235	11
236	11
237	11
238	11
239	11
240	11
241	11
242	11
243	11
244	11
245	11
246	11
247	11
248	11
249	11
250	11
251	11
252	11
253	11
254	11
255	11
256	11
257	11
258	11
259	11
260	11
261	11
262	11
263	11
264	11
265	11
266	11
267	11
268	11
269	11
270	11
271	11
272	11
273	11
274	11
275	11
276	11
277	11
278	11
279	11
280	11
281	11
282	11
283	11
284	11
285	11
286	11
287	11
288	11
289	11
290	11
291	11
292	11
293	11
294	11
295	11
296	11
297	11
298	11
299	11
300	11
301	11
302	11
303	11
304	11
305	11
306	11
307	11
308	11
309	11
310	11
311	11
312	11
313	11
314	11
315	11
316	11
317	11
318	11
319	11
320	11
321	11
322	11
323	11
324	11
325	11
326	11
327	11
328	11
329	11
330	11
331	11
332	11
333	11
334	11
335	11
336	11
337	11
338	11
339	11
340	11
341	11
342	11
343	11
344	11
345	11
346	11
347	11
348	11
349	11
350	11
351	11
352	11
353	11
354	11
355	11
356	11
357	11
358	11
359	11
360	11
361	11
362	11
363	11
364	11
365	11
366	11
367	11
368	11
369	11
370	11
371	11
372	11
373	11
374	11
375	11
376	11
377	11
378	11
379	11
380	11
381	11
382	11
383	11
384	11
385	11
386	11
387	11
388	11
389	11
390	11
391	11
392	11
393	11
394	11
395	11
396	11
397	11
398	11
399	11
400	11
401	11
402	11
403	11
404	11
405	11
406	11
407	11
408	11
409	11
410	11
411	11
412	11
413	11
414	11
415	11
416	11
417	11
418	11
419	11
420	11
421	11
422	11
423	11
424	11
425	11
426	11
427	11
428	11
429	11
430	11
431	11
432	11
433	11
434	11
435	11
436	11
437	11
438	11
439	11
440	11
441	11
442	11
443	11
444	11
445	11
446	11
447	11
448	11
449	11
450	11
451	11
452	11
453	11
454	11
455	11
456	11
457	11
458	11
459	11
460	11
461	11
462	11
463	11
464	11
465	11
466	11
467	11
468	11
469	11
470	11
471	11
472	11
473	11
474	11
475	11
476	11
477	11
478	11
479	11
480	11
481	11
482	11
483	11
484	11
485	11
486	11
487	11
488	11
489	11
490	11
491	11
492	11
493	11
494	11
495	11
496	11
497	11
498	11
499	11
500	11
501	11
502	11
503	11
504	11
505	11
506	11
507	11
508	11
509	11
510	11
511	11
512	11
513	11
514	11
515	11
516	11
517	11
518	11
519	11
520	11
521	11
522	11
523	11
524	11
525	11
526	11
527	11
528	11
529	11
530	11
531	11
532	11
533	11
534	11
535	11
536	11
537	11
538	11
539	11
540	11
541	11
542	11
543	11
544	11
545	11
546	11
547	11
548	11
549	11
550	11
551	11
552	11
553	11
554	11
555	11
556	11
557	11
558	11
559	11
560	11
561	11
562	11
563	11
564	11
565	11
566	11
567	11
568	11
569	11
570	11
571	11
572	11
573	11
574	11
575	11
576	11
577	11
578	10
579	10
580	10
581	11
582	10
583	10
584	10
585	10
586	10
587	10
588	10
589	10
590	10
591	10
592	10
593	10
594	10
595	10
596	10
597	10
598	10
599	10
600	10
