1	0.07
2	0.07
3	0.08
4	0.08
5	0.08
6	0.1
7	0.1
8	0.1
9	0.1
10	0.12
11	0.12
12	0.12
13	0.12
14	0.13
15	0.13
16	0.13
17	0.15
18	0.15
19	0.15
20	0.15
21	0.16
22	0.16
23	0.16
24	0.16
25	0.18
26	0.18
27	0.18
28	0.18
29	0.2
30	0.2
31	0.2
32	0.2
33	0.21
34	0.21
35	0.21
36	0.21
37	0.23
38	0.23
39	0.23
40	0.23
41	0.25
42	0.25
43	0.25
44	0.26
45	0.26
46	0.26
47	0.26
48	0.28
49	0.28
50	0.28
51	0.29
52	0.29
53	0.29
54	0.29
55	0.3
56	0.3
57	0.3
58	0.32
59	0.32
60	0.32
61	0.32
62	0.34
63	0.34
64	0.34
65	0.34
66	0.36
67	0.36
68	0.36
69	0.37
70	0.37
71	0.37
72	0.37
73	0.38
74	0.38
75	0.38
76	0.4
77	0.4
78	0.4
79	0.4
80	0.41
81	0.41
82	0.41
83	0.43
84	0.43
85	0.43
86	0.43
87	0.44
88	0.44
89	0.44
90	0.46
91	0.46
92	0.46
93	0.46
94	0.47
95	0.47
96	0.47
97	0.49
98	0.49
99	0.49
100	0.51
101	0.51
102	0.52
103	0.52
104	0.52
105	0.52
106	0.54
107	0.54
108	0.54
109	0.56
110	0.56
111	0.56
112	0.57
113	0.57
114	0.57
115	0.57
116	0.59
117	0.59
118	0.59
119	0.6
120	0.6
121	0.6
122	0.6
123	0.62
124	0.62
125	0.62
126	0.64
127	0.64
128	0.64
129	0.64
130	0.65
131	0.65
132	0.65
133	0.65
134	0.66
135	0.66
136	0.66
137	0.68
138	0.68
139	0.68
140	0.68
141	0.7
142	0.7
143	0.7
144	0.72
145	0.72
146	0.72
147	0.72
148	0.73
149	0.73
150	0.73
151	0.75
152	0.75
153	0.75
154	0.75
155	0.76
156	0.76
157	0.76
158	0.76
159	0.78
160	0.78
161	0.78
162	0.78
163	0.79
164	0.79
165	0.79
166	0.81
167	0.81
168	0.81
169	0.81
170	0.82
171	0.82
172	0.82
173	0.83
174	0.83
175	0.83
176	0.83
177	0.85
178	0.85
179	0.85
180	0.86
181	0.86
182	0.86
183	0.86
184	0.88
185	0.88
186	0.88
187	0.9
188	0.9
189	0.9
190	0.9
191	0.92
192	0.92
193	0.92
194	0.94
195	0.94
196	0.94
197	0.95
198	0.95
199	0.95
200	0.97
201	0.97
202	0.98
203	0.98
204	0.98
205	0.99
206	0.99
207	0.99
208	0.99
209	1.01
210	1.01
211	1.01
212	1.03
213	1.03
214	1.03
215	1.03
216	1.04
217	1.04
218	1.04
219	1.06
220	1.06
221	1.06
222	1.06
223	1.07
224	1.07
225	1.07
226	1.09
227	1.09
228	1.09
229	1.09
230	1.11
231	1.11
232	1.11
233	1.12
234	1.12
235	1.12
236	1.12
237	1.13
238	1.13
239	1.13
240	1.15
241	1.15
242	1.15
243	1.15
244	1.17
245	1.17
246	1.17
247	1.18
248	1.18
249	1.18
250	1.18
251	1.2
252	1.2
253	1.2
254	1.21
255	1.21
256	1.21
257	1.21
258	1.23
259	1.23
260	1.23
261	1.24
262	1.24
263	1.24
264	1.24
265	1.26
266	1.26
267	1.26
268	1.26
269	1.27
270	1.27
271	1.27
272	1.29
273	1.29
274	1.29
275	1.31
276	1.31
277	1.31
278	1.31
279	1.33
280	1.33
281	1.33
282	1.33
283	1.34
284	1.34
285	1.34
286	1.36
287	1.36
288	1.36
289	1.36
290	1.37
291	1.37
292	1.37
293	1.38
294	1.38
295	1.38
296	1.4
297	1.4
298	1.4
299	1.4
300	1.43
301	1.43
302	1.43
303	1.44
304	1.44
305	1.44
306	1.46
307	1.46
308	1.46
309	1.46
310	1.48
311	1.48
312	1.48
313	1.49
314	1.49
315	1.49
316	1.51
317	1.51
318	1.51
319	1.53
320	1.53
321	1.53
322	1.53
323	1.55
324	1.55
325	1.56
326	1.56
327	1.56
328	1.58
329	1.58
330	1.58
331	1.58
332	1.59
333	1.59
334	1.59
335	1.6
336	1.6
337	1.6
338	1.6
339	1.62
340	1.62
341	1.62
342	1.63
343	1.63
344	1.65
345	1.65
346	1.65
347	1.65
348	1.67
349	1.67
350	1.67
351	1.68
352	1.68
353	1.68
354	1.68
355	1.69
356	1.69
357	1.69
358	1.71
359	1.71
360	1.71
361	1.73
362	1.73
363	1.73
364	1.73
365	1.75
366	1.75
367	1.75
368	1.76
369	1.76
370	1.76
371	1.78
372	1.78
373	1.78
374	1.79
375	1.79
376	1.79
377	1.81
378	1.81
379	1.81
380	1.82
381	1.82
382	1.82
383	1.82
384	1.83
385	1.83
386	1.83
387	1.85
388	1.85
389	1.85
390	1.85
391	1.87
392	1.87
393	1.87
394	1.89
395	1.89
396	1.89
397	1.9
398	1.9
399	1.9
400	1.91
401	1.93
402	1.93
403	1.93
404	1.93
405	1.95
406	1.95
407	1.95
408	1.96
409	1.96
410	1.96
411	1.98
412	1.98
413	1.98
414	1.98
415	1.99
416	1.99
417	1.99
418	2.01
419	2.01
420	2.01
421	2.02
422	2.02
423	2.02
424	2.04
425	2.04
426	2.04
427	2.04
428	2.06
429	2.06
430	2.06
431	2.08
432	2.08
433	2.08
434	2.09
435	2.09
436	2.09
437	2.11
438	2.11
439	2.11
440	2.11
441	2.12
442	2.12
443	2.12
444	2.14
445	2.14
446	2.14
447	2.15
448	2.15
449	2.15
450	2.16
451	2.16
452	2.16
453	2.16
454	2.18
455	2.18
456	2.18
457	2.2
458	2.2
459	2.2
460	2.2
461	2.21
462	2.21
463	2.21
464	2.23
465	2.23
466	2.23
467	2.25
468	2.25
469	2.25
470	2.26
471	2.26
472	2.26
473	2.26
474	2.27
475	2.27
476	2.27
477	2.29
478	2.29
479	2.31
480	2.31
481	2.33
482	2.33
483	2.33
484	2.33
485	2.34
486	2.34
487	2.34
488	2.36
489	2.36
490	2.37
491	2.37
492	2.37
493	2.39
494	2.39
495	2.39
496	2.4
497	2.4
498	2.4
499	2.4
500	2.43
501	2.43
502	2.43
503	2.45
504	2.45
505	2.45
506	2.45
507	2.46
508	2.46
509	2.46
510	2.48
511	2.48
512	2.48
513	2.49
514	2.49
515	2.49
516	2.51
517	2.51
518	2.51
519	2.53
520	2.53
521	2.53
522	2.53
523	2.54
524	2.54
525	2.54
526	2.56
527	2.56
528	2.56
529	2.57
530	2.57
531	2.57
532	2.59
533	2.59
534	2.59
535	2.6
536	2.6
537	2.6
538	2.6
539	2.62
540	2.62
541	2.62
542	2.64
543	2.64
544	2.64
545	2.65
546	2.65
547	2.65
548	2.65
549	2.67
550	2.67
551	2.67
552	2.69
553	2.69
554	2.69
555	2.69
556	2.7
557	2.7
558	2.7
559	2.71
560	2.71
561	2.71
562	2.71
563	2.73
564	2.73
565	2.73
566	2.75
567	2.75
568	2.75
569	2.76
570	2.76
571	2.76
572	2.76
573	2.77
574	2.77
575	2.79
576	2.79
577	2.8
578	2.8
579	2.8
580	2.82
581	2.82
582	2.83
583	2.83
584	2.85
585	2.85
586	2.86
587	2.86
588	2.86
589	2.88
590	2.88
591	2.88
592	2.9
593	2.9
594	2.9
595	2.9
596	2.9
597	2.92
598	2.92
599	2.92
600	2.95
601	2.95
602	2.95
603	2.97
604	2.97
605	2.97
606	2.98
607	2.98
608	2.98
609	3
610	3
611	3
612	3.01
613	3.01
614	3.01
615	3.03
616	3.03
617	3.03
618	3.04
619	3.04
620	3.04
621	3.06
622	3.06
623	3.06
624	3.06
625	3.07
626	3.07
627	3.07
628	3.08
629	3.08
630	3.08
631	3.1
632	3.1
633	3.1
634	3.12
635	3.12
636	3.12
637	3.12
638	3.14
639	3.14
640	3.14
641	3.15
642	3.15
643	3.15
644	3.17
645	3.17
646	3.17
647	3.17
648	3.18
649	3.18
650	3.18
651	3.19
652	3.19
653	3.19
654	3.21
655	3.21
656	3.21
657	3.21
658	3.23
659	3.23
660	3.23
661	3.25
662	3.25
663	3.25
664	3.26
665	3.26
666	3.26
667	3.26
668	3.28
669	3.28
670	3.28
671	3.29
672	3.29
673	3.3
674	3.3
675	3.3
676	3.32
677	3.32
678	3.32
679	3.32
680	3.34
681	3.34
682	3.34
683	3.36
684	3.36
685	3.36
686	3.37
687	3.37
688	3.37
689	3.39
690	3.39
691	3.39
692	3.4
693	3.4
694	3.4
695	3.4
696	3.41
697	3.41
698	3.43
699	3.43
700	3.44
701	3.44
702	3.46
703	3.46
704	3.46
705	3.48
706	3.48
707	3.48
708	3.48
709	3.5
710	3.5
711	3.5
712	3.51
713	3.51
714	3.51
715	3.51
716	3.52
717	3.52
718	3.52
719	3.54
720	3.54
721	3.54
722	3.54
723	3.56
724	3.56
725	3.56
726	3.57
727	3.57
728	3.57
729	3.57
730	3.59
731	3.59
732	3.59
733	3.61
734	3.61
735	3.61
736	3.61
737	3.62
738	3.62
739	3.62
740	3.63
741	3.63
742	3.63
743	3.65
744	3.65
745	3.65
746	3.65
747	3.66
748	3.66
749	3.66
750	3.68
751	3.68
752	3.68
753	3.68
754	3.7
755	3.7
756	3.7
757	3.71
758	3.71
759	3.71
760	3.73
761	3.73
762	3.73
763	3.73
764	3.75
765	3.75
766	3.75
767	3.75
768	3.76
769	3.76
770	3.76
771	3.77
772	3.77
773	3.77
774	3.79
775	3.79
776	3.79
777	3.8
778	3.8
779	3.8
780	3.8
781	3.82
782	3.82
783	3.82
784	3.84
785	3.84
786	3.84
787	3.86
788	3.86
789	3.86
790	3.86
791	3.87
792	3.87
793	3.87
794	3.89
795	3.89
796	3.89
797	3.89
798	3.9
799	3.9
800	3.91
801	3.93
802	3.93
803	3.93
804	3.93
805	3.95
806	3.95
807	3.95
808	3.96
809	3.96
810	3.96
811	3.96
812	3.97
813	3.97
814	3.97
815	3.99
816	3.99
817	3.99
818	3.99
819	4.01
820	4.01
821	4.01
822	4.02
823	4.02
824	4.02
825	4.04
826	4.04
827	4.04
828	4.04
829	4.06
830	4.06
831	4.06
832	4.07
833	4.07
834	4.07
835	4.07
836	4.08
837	4.08
838	4.08
839	4.1
840	4.1
841	4.1
842	4.1
843	4.11
844	4.11
845	4.11
846	4.13
847	4.13
848	4.13
849	4.13
850	4.15
851	4.15
852	4.15
853	4.17
854	4.17
855	4.17
856	4.17
857	4.18
858	4.18
859	4.18
860	4.18
861	4.2
862	4.2
863	4.2
864	4.22
865	4.22
866	4.22
867	4.22
868	4.23
869	4.23
870	4.23
871	4.23
872	4.25
873	4.25
874	4.25
875	4.26
876	4.26
877	4.26
878	4.28
879	4.28
880	4.28
881	4.29
882	4.29
883	4.29
884	4.3
885	4.3
886	4.3
887	4.3
888	4.32
889	4.32
890	4.32
891	4.33
892	4.33
893	4.33
894	4.33
895	4.35
896	4.35
897	4.35
898	4.35
899	4.37
900	4.38
901	4.38
902	4.4
903	4.4
904	4.4
905	4.4
906	4.41
907	4.41
908	4.41
909	4.41
910	4.43
911	4.43
912	4.43
913	4.45
914	4.45
915	4.45
916	4.45
917	4.46
918	4.46
919	4.46
920	4.48
921	4.48
922	4.48
923	4.5
924	4.5
925	4.5
926	4.5
927	4.51
928	4.51
929	4.51
930	4.53
931	4.53
932	4.53
933	4.54
934	4.54
935	4.54
936	4.55
937	4.55
938	4.55
939	4.55
940	4.57
941	4.57
942	4.57
943	4.58
944	4.58
945	4.58
946	4.6
947	4.6
948	4.6
949	4.6
950	4.62
951	4.62
952	4.62
953	4.63
954	4.63
955	4.63
956	4.63
957	4.65
958	4.65
959	4.65
960	4.66
961	4.66
962	4.66
963	4.66
964	4.68
965	4.68
966	4.68
967	4.7
968	4.7
969	4.7
970	4.7
971	4.71
972	4.71
973	4.71
974	4.73
975	4.73
976	4.73
977	4.73
978	4.75
979	4.75
980	4.75
981	4.76
982	4.76
983	4.76
984	4.76
985	4.77
986	4.77
987	4.77
988	4.79
989	4.79
990	4.79
991	4.8
992	4.8
993	4.8
994	4.8
995	4.82
996	4.82
997	4.82
998	4.84
999	4.84
1000	4.86
1001	4.86
1002	4.86
1003	4.87
1004	4.87
1005	4.87
1006	4.87
1007	4.89
1008	4.89
1009	4.89
1010	4.9
1011	4.9
1012	4.9
1013	4.9
1014	4.92
1015	4.92
1016	4.92
1017	4.92
1018	4.93
1019	4.93
1020	4.93
1021	4.94
1022	4.94
1023	4.94
1024	4.94
1025	4.96
1026	4.96
1027	4.96
1028	4.96
1029	4.98
1030	4.98
1031	4.98
1032	4.98
1033	5
1034	5
1035	5
1036	5.01
1037	5.01
1038	5.01
1039	5.01
1040	5.03
1041	5.03
1042	5.03
1043	5.03
1044	5.04
1045	5.04
1046	5.04
1047	5.04
1048	5.06
1049	5.06
1050	5.06
1051	5.06
1052	5.07
1053	5.07
1054	5.07
1055	5.07
1056	5.09
1057	5.09
1058	5.09
1059	5.09
1060	5.1
1061	5.1
1062	5.1
1063	5.1
1064	5.12
1065	5.12
1066	5.12
1067	5.12
1068	5.14
1069	5.14
1070	5.14
1071	5.15
1072	5.15
1073	5.15
1074	5.15
1075	5.17
1076	5.17
1077	5.17
1078	5.17
1079	5.18
1080	5.18
1081	5.18
1082	5.18
1083	5.2
1084	5.2
1085	5.2
1086	5.2
1087	5.22
1088	5.22
1089	5.22
1090	5.22
1091	5.23
1092	5.23
1093	5.23
1094	5.23
1095	5.23
1096	5.24
1097	5.24
1098	5.24
1099	5.24
1100	5.26
1101	5.27
1102	5.27
1103	5.27
1104	5.29
1105	5.29
1106	5.29
1107	5.29
1108	5.31
1109	5.31
1110	5.31
1111	5.33
1112	5.33
1113	5.33
1114	5.33
1115	5.33
1116	5.34
1117	5.34
1118	5.34
1119	5.34
1120	5.36
1121	5.36
1122	5.36
1123	5.37
1124	5.37
1125	5.37
1126	5.37
1127	5.38
1128	5.38
1129	5.38
1130	5.38
1131	5.4
1132	5.4
1133	5.4
1134	5.4
1135	5.42
1136	5.42
1137	5.42
1138	5.43
1139	5.43
1140	5.43
1141	5.43
1142	5.44
1143	5.44
1144	5.44
1145	5.44
1146	5.46
1147	5.46
1148	5.46
1149	5.46
1150	5.47
1151	5.47
1152	5.47
1153	5.47
1154	5.49
1155	5.49
1156	5.49
1157	5.49
1158	5.51
1159	5.51
1160	5.51
1161	5.51
1162	5.52
1163	5.52
1164	5.52
1165	5.54
1166	5.54
1167	5.54
1168	5.54
1169	5.56
1170	5.56
1171	5.56
1172	5.56
1173	5.57
1174	5.57
1175	5.57
1176	5.57
1177	5.59
1178	5.59
1179	5.59
1180	5.61
1181	5.61
1182	5.61
1183	5.61
1184	5.62
1185	5.62
1186	5.62
1187	5.62
1188	5.64
1189	5.64
1190	5.64
1191	5.64
1192	5.65
1193	5.65
1194	5.65
1195	5.65
1196	5.67
1197	5.67
1198	5.67
1199	5.67
1200	5.7
1201	5.7
1202	5.7
1203	5.7
1204	5.72
1205	5.72
1206	5.72
1207	5.72
1208	5.73
1209	5.73
1210	5.73
1211	5.73
1212	5.74
1213	5.74
1214	5.74
1215	5.74
1216	5.76
1217	5.76
1218	5.76
1219	5.78
1220	5.78
1221	5.78
1222	5.78
1223	5.79
1224	5.79
1225	5.79
1226	5.79
1227	5.81
1228	5.81
1229	5.81
1230	5.81
1231	5.82
1232	5.82
1233	5.82
1234	5.82
1235	5.84
1236	5.84
1237	5.84
1238	5.84
1239	5.85
1240	5.85
1241	5.85
1242	5.85
1243	5.87
1244	5.87
1245	5.87
1246	5.87
1247	5.88
1248	5.88
1249	5.88
1250	5.88
1251	5.9
1252	5.9
1253	5.9
1254	5.9
1255	5.92
1256	5.92
1257	5.92
1258	5.92
1259	5.93
1260	5.93
1261	5.93
1262	5.93
1263	5.93
1264	5.95
1265	5.95
1266	5.95
1267	5.95
1268	5.96
1269	5.96
1270	5.96
1271	5.96
1272	5.98
1273	5.98
1274	5.98
1275	5.98
1276	5.99
1277	5.99
1278	5.99
1279	5.99
1280	6.01
1281	6.01
1282	6.01
1283	6.01
1284	6.02
1285	6.02
1286	6.02
1287	6.02
1288	6.04
1289	6.04
1290	6.04
1291	6.04
1292	6.05
1293	6.05
1294	6.05
1295	6.05
1296	6.05
1297	6.07
1298	6.07
1299	6.07
1300	6.08
1301	6.1
1302	6.1
1303	6.1
1304	6.1
1305	6.12
1306	6.12
1307	6.12
1308	6.12
1309	6.14
1310	6.14
1311	6.14
1312	6.14
1313	6.15
1314	6.15
1315	6.15
1316	6.15
1317	6.15
1318	6.16
1319	6.16
1320	6.16
1321	6.16
1322	6.18
1323	6.18
1324	6.18
1325	6.18
1326	6.19
1327	6.19
1328	6.19
1329	6.19
1330	6.19
1331	6.21
1332	6.21
