/*--------------------------------*- C++ -*----------------------------------*\
| =========                 |                                                 |
| \\      /  F ield         | OpenFOAM: The Open Source CFD Toolbox           |
|  \\    /   O peration     | Version:  v1912                                 |
|   \\  /    A nd           | Website:  www.openfoam.com                      |
|    \\/     M anipulation  |                                                 |
\*---------------------------------------------------------------------------*/
FoamFile
{
    version     2.0;
    format      ascii;
    class       surfaceScalarField;
    location    "675";
    object      phi;
}
// * * * * * * * * * * * * * * * * * * * * * * * * * * * * * * * * * * * * * //

dimensions      [0 3 -1 0 0 0 0];
oriented        oriented;


internalField   nonuniform List<scalar> 
3895
(
0.000814746
0.00038143
0.000499361
0.000315385
0.000251565
0.000247796
6.4863e-05
0.000186702
-6.21962e-05
0.000127059
-0.000127326
6.51303e-05
-0.000137638
1.03118e-05
-0.000113632
-2.40064e-05
-9.03517e-05
-2.32803e-05
-8.49484e-05
-5.40333e-06
-6.61311e-05
-1.88172e-05
-4.47488e-05
-2.13823e-05
-4.04711e-05
-4.27771e-06
-4.86825e-05
8.21138e-06
-4.5735e-05
-2.94749e-06
-3.20849e-05
-1.36501e-05
-2.51751e-05
-6.90976e-06
-2.59592e-05
7.84098e-07
-2.89817e-05
3.02246e-06
-3.0526e-05
1.54433e-06
-2.92237e-05
-1.3023e-06
-2.49355e-05
-4.28825e-06
-1.86099e-05
-6.32561e-06
-1.19988e-05
-6.61106e-06
-6.21696e-06
-5.78185e-06
-1.90738e-06
-4.30958e-06
8.41287e-07
-2.74867e-06
2.45386e-06
-1.61257e-06
3.51023e-06
-1.05637e-06
4.41872e-06
-9.08489e-07
5.30891e-06
-8.9019e-07
6.15672e-06
-8.47805e-07
6.94381e-06
-7.8709e-07
7.63383e-06
-6.9002e-07
8.15545e-06
-5.21617e-07
8.44067e-06
-2.85219e-07
8.43769e-06
2.97302e-09
8.04911e-06
3.88587e-07
7.28505e-06
7.64056e-07
6.10142e-06
1.18363e-06
4.41659e-06
1.68484e-06
2.12107e-06
2.29552e-06
-9.08118e-07
3.02919e-06
-4.79218e-06
3.88406e-06
-9.6405e-06
4.84833e-06
-1.55928e-05
5.95231e-06
-2.29677e-05
7.37486e-06
-3.24582e-05
9.49055e-06
-4.53809e-05
1.29227e-05
-6.38809e-05
1.84999e-05
-9.08606e-05
2.69798e-05
-0.000129368
3.85071e-05
-0.000181758
5.23905e-05
-0.000248984
6.72258e-05
-0.000329698
8.07144e-05
-0.000419446
8.97472e-05
-0.000510888
9.14423e-05
-0.00059513
8.42422e-05
-0.000663295
6.81646e-05
-0.000706628
4.33337e-05
-0.00071417
7.54191e-06
-0.000696429
-1.77414e-05
-0.000657719
-3.87095e-05
-0.000601604
-5.61154e-05
-0.000531969
-6.96354e-05
-0.000451851
-8.0118e-05
-0.000363237
-8.86136e-05
-0.000267681
-9.5556e-05
-0.000166804
-0.000100877
-6.23178e-05
-0.000104486
4.37896e-05
-0.000106107
0.000149537
-0.000105748
0.000253334
-0.000103796
0.000353819
-0.000100486
0.000450109
-9.62891e-05
0.000542128
-9.20193e-05
0.000630132
-8.80044e-05
0.000717258
-8.71258e-05
0.000803855
-8.65966e-05
-0.000107348
0.00108795
0.000349294
0.00104738
0.000355946
0.000933278
0.000361903
0.000775747
0.000344233
0.000598431
0.000304375
0.000410383
0.000253178
0.000221248
0.000199447
5.3877e-05
0.000143365
-6.04242e-05
9.10209e-05
-0.000110187
4.43598e-05
-0.00013188
2.8757e-06
-0.000123963
-2.92992e-05
-0.000105662
-2.25793e-05
-0.000107772
1.03213e-05
-0.000103359
-7.36045e-06
-9.07322e-05
-2.62766e-05
-7.6745e-05
-2.0897e-05
-7.88636e-05
2.90268e-06
-8.71354e-05
1.12943e-05
-9.26401e-05
7.04897e-06
-9.45983e-05
6.55895e-07
-9.09746e-05
-7.91187e-06
-8.48229e-05
-1.24774e-05
-7.80855e-05
-1.33484e-05
-7.15218e-05
-1.23455e-05
-6.58627e-05
-9.96874e-06
-6.17268e-05
-6.88456e-06
-5.95743e-05
-3.76508e-06
-5.9282e-05
-1.34867e-06
-6.03493e-05
1.58844e-07
-6.25785e-05
1.33904e-06
-6.52851e-05
1.85873e-06
-6.81596e-05
2.08744e-06
-7.112e-05
2.27044e-06
-7.42967e-05
2.65506e-06
-7.78402e-05
3.25824e-06
-8.18731e-05
4.03591e-06
-8.64342e-05
4.94968e-06
-9.16407e-05
5.97052e-06
-9.75397e-05
7.08263e-06
-0.00010414
8.28513e-06
-0.000111434
9.58918e-06
-0.000119403
1.09985e-05
-0.000128006
1.24869e-05
-0.000137154
1.39965e-05
-0.000146711
1.55091e-05
-0.000156564
1.72278e-05
-0.000166714
1.96404e-05
-0.000177287
2.34963e-05
-0.000188433
2.96453e-05
-0.000200379
3.89258e-05
-0.000213466
5.15949e-05
-0.000227744
6.66682e-05
-0.000242382
8.18641e-05
-0.000255217
9.35491e-05
-0.000262386
9.69159e-05
-0.000259068
8.81242e-05
-0.000241111
6.62855e-05
-0.000207243
3.42967e-05
-0.000166399
2.48959e-06
-0.000119911
-3.89456e-05
-6.8033e-05
-6.96197e-05
-1.35537e-05
-9.31887e-05
4.26052e-05
-0.000112274
0.000102053
-0.000129084
0.000166013
-0.000144078
0.000234378
-0.000156978
0.0003061
-0.000167279
0.000379634
-0.000174411
0.000453186
-0.000178038
0.000525215
-0.000178136
0.000594472
-0.000175005
0.000659889
-0.000169214
0.000720894
-0.000161491
0.000777328
-0.000152723
0.000829302
-0.000143993
0.000877684
-0.000136386
0.000922508
-0.000131951
0.000966494
-0.000130582
-0.000141896
0.000975282
0.000305926
0.00102604
0.000305187
0.00106097
0.000326974
0.00105862
0.000346584
0.00101217
0.00035082
0.000925048
0.000340304
0.000805752
0.000318743
0.000661765
0.000287352
0.000504929
0.000247857
0.000345844
0.000203445
0.000190168
0.000158552
4.70566e-05
0.000113812
-4.9838e-05
7.43153e-05
-8.59812e-05
4.64644e-05
-0.00010586
1.2518e-05
-0.000113856
-1.82798e-05
-0.000101846
-3.29069e-05
-9.15228e-05
-7.42094e-06
-9.89772e-05
1.87486e-05
-0.000108436
1.65074e-05
-0.000114945
7.16557e-06
-0.000119586
-3.27152e-06
-0.000121671
-1.03926e-05
-0.000120583
-1.44356e-05
-0.000118968
-1.39607e-05
-0.000118712
-1.02253e-05
-0.000120412
-5.18432e-06
-0.000124238
6.12679e-08
-0.000128324
2.73737e-06
-0.00013284
4.675e-06
-0.000137376
5.87463e-06
-0.000141968
6.4511e-06
-0.000146494
6.61357e-06
-0.000150861
6.63732e-06
-0.000155129
6.92293e-06
-0.00015946
7.58927e-06
-0.000163958
8.53397e-06
-0.000168611
9.60204e-06
-0.000173347
1.07066e-05
-0.000178085
1.18213e-05
-0.000182736
1.29354e-05
-0.000187197
1.40505e-05
-0.000191351
1.51523e-05
-0.000194999
1.61348e-05
-0.000197776
1.67738e-05
-0.000199012
1.67453e-05
-0.000197656
1.58719e-05
-0.000192724
1.47081e-05
-0.000183235
1.40069e-05
-0.000168122
1.4533e-05
-0.000146011
1.6815e-05
-0.000116192
2.17751e-05
-7.78284e-05
2.83048e-05
-3.03274e-05
3.43631e-05
2.59872e-05
3.72345e-05
8.8528e-05
3.4375e-05
0.000152776
2.38764e-05
0.000212527
6.53466e-06
0.00026709
-2.02665e-05
0.000318988
-4.94081e-05
0.000361326
-8.12844e-05
0.000402404
-0.000110697
0.000445721
-0.000136506
0.000492838
-0.00015939
0.000543248
-0.000179494
0.000595568
-0.000196398
0.000648076
-0.000209486
0.000699054
-0.000218256
0.000747088
-0.000222444
0.000791149
-0.000222099
0.000830612
-0.000217599
0.000865213
-0.000209607
0.00089499
-0.000198991
0.000920247
-0.000186747
0.000941461
-0.000173937
0.00095914
-0.000161672
0.000973887
-0.000151133
0.000985576
-0.00014364
0.000995274
-0.000140281
-0.000144739
0.000857109
0.000271374
0.000897355
0.000264941
0.000950164
0.000274165
0.00100471
0.000292042
0.00104637
0.000309153
0.00106531
0.000321372
0.00105664
0.000327411
0.00101794
0.000326054
0.000949553
0.00031624
0.000855081
0.000297916
0.000740896
0.000272737
0.000611932
0.000242775
0.000476494
0.000209754
0.000348327
0.000174631
0.000223535
0.00013731
0.000102249
0.000103006
-1.37953e-07
6.94804e-05
-5.16218e-05
4.40629e-05
-6.28646e-05
2.99915e-05
-6.47243e-05
1.83672e-05
-6.70703e-05
9.51155e-06
-7.29738e-05
2.63195e-06
-8.04347e-05
-2.93165e-06
-8.89581e-05
-5.91217e-06
-9.63077e-05
-6.61111e-06
-0.000101809
-4.72426e-06
-0.00010677
-2.22684e-07
-0.000112139
5.43033e-06
-0.000117733
8.33096e-06
-0.000122888
9.8297e-06
-0.000127271
1.02582e-05
-0.000130812
9.9918e-06
-0.000133574
9.37596e-06
-0.00013539
8.45289e-06
-0.000136582
8.11456e-06
-0.000137246
8.25334e-06
-0.000137452
8.74011e-06
-0.00013691
9.05977e-06
-0.000135458
9.25507e-06
-0.00013298
9.34361e-06
-0.000129339
9.29392e-06
-0.000124371
9.08238e-06
-0.000117936
8.71704e-06
-0.000109843
8.04254e-06
-9.98384e-05
6.76885e-06
-8.76968e-05
4.60371e-06
-7.23828e-05
5.58004e-07
-5.42257e-05
-3.44901e-06
-3.19659e-05
-8.25286e-06
-4.11753e-06
-1.33154e-05
3.05838e-05
-1.78864e-05
7.41274e-05
-2.17685e-05
0.000127294
-2.48614e-05
0.000189435
-2.77785e-05
0.000258457
-3.17875e-05
0.000331349
-3.85172e-05
0.000404729
-4.95029e-05
0.000476951
-6.56874e-05
0.000543802
-8.71181e-05
0.000605973
-0.000111579
0.000662007
-0.000137318
0.000713601
-0.000162291
0.000762055
-0.00018496
0.000807261
-0.000204597
0.000848445
-0.000220678
0.000884723
-0.000232676
0.000915399
-0.000240161
0.000940087
-0.000242945
0.000958777
-0.000241134
0.000971802
-0.000235124
0.000979759
-0.000225556
0.000983405
-0.000213253
0.000983559
-0.000199145
0.000981011
-0.000184199
0.000976453
-0.000169379
0.000970393
-0.000155613
0.000963124
-0.000143864
0.000954476
-0.000134992
0.000944306
-0.000130111
-0.000130213
0.000759397
0.000238011
0.000790536
0.000233802
0.000828351
0.000236349
0.000874985
0.000245408
0.000927002
0.000257137
0.000978871
0.000269503
0.00102441
0.000281869
0.00105755
0.000292917
0.00107319
0.000300602
0.00106786
0.000303244
0.00104042
0.000300178
0.000991565
0.000291629
0.00092324
0.000278079
0.00083886
0.000259011
0.000741525
0.000234645
0.000636635
0.000207896
0.000532151
0.000173965
0.000433901
0.000142313
0.000348947
0.000114946
0.000276034
9.12802e-05
0.000213752
7.17934e-05
0.000160433
5.59503e-05
0.000114137
4.33653e-05
7.45338e-05
3.36905e-05
4.17156e-05
2.62071e-05
1.6593e-05
2.03983e-05
3.44114e-07
1.60262e-05
-7.27562e-06
1.30501e-05
-9.51136e-06
1.05667e-05
-8.29477e-06
8.61311e-06
-4.9927e-06
6.95616e-06
-4.49797e-07
5.44889e-06
4.92294e-06
4.00323e-06
1.08004e-05
2.57546e-06
1.71867e-05
1.72824e-06
2.47456e-05
6.94442e-07
3.39784e-05
-4.92711e-07
4.48373e-05
-1.79909e-06
5.76127e-05
-3.52036e-06
7.25738e-05
-5.61753e-06
8.99982e-05
-8.13046e-06
0.000110179
-1.10981e-05
0.000133448
-1.45522e-05
0.000160047
-1.85562e-05
0.000190033
-2.32175e-05
0.000223297
-2.86605e-05
0.000258779
-3.49239e-05
0.000296998
-4.16675e-05
0.00033751
-4.87657e-05
0.000380149
-5.59541e-05
0.000425131
-6.28684e-05
0.00047266
-6.92969e-05
0.000523112
-7.53142e-05
0.000576661
-8.13275e-05
0.000632975
-8.8101e-05
0.00069105
-9.65926e-05
0.000749221
-0.000107673
0.000805314
-0.00012178
0.000856915
-0.000138719
0.000902842
-0.000157505
0.000942311
-0.000176788
0.000975165
-0.000195145
0.00100148
-0.000211277
0.00102118
-0.000224299
0.00103418
-0.000233678
0.00104059
-0.000239085
0.00104081
-0.000240378
0.00103551
-0.000237645
0.00102558
-0.000231206
0.00101204
-0.000221584
0.00099593
-0.000209446
0.000978223
-0.000195545
0.000959748
-0.00018067
0.000941147
-0.000165598
0.000922843
-0.000151075
0.000905023
-0.000137793
0.000887617
-0.000126458
0.000870245
-0.000117621
0.000852268
-0.000112133
-0.000110134
0.000672433
0.000206414
0.000702275
0.000203961
0.000733372
0.000205252
0.000767839
0.00021094
0.000806614
0.000218362
0.000850036
0.000226081
0.000897301
0.000234604
0.000946031
0.000244187
0.000992641
0.000253992
0.00103305
0.000262833
0.00106349
0.000269742
0.00108117
0.000273948
0.00108444
0.000274805
0.00107207
0.000271381
0.0010437
0.000263017
0.00100103
0.000250564
0.000949033
0.000225964
0.000891657
0.000199689
0.000831901
0.000174702
0.000772157
0.000151024
0.000714625
0.000129326
0.000660588
0.000109986
0.000610853
9.3101e-05
0.000566006
7.85367e-05
0.000526253
6.59608e-05
0.000491572
5.50791e-05
0.000461938
4.56607e-05
0.000437566
3.7422e-05
0.000418115
3.00173e-05
0.000403361
2.33673e-05
0.000392981
1.7336e-05
0.000386627
1.18031e-05
0.00038402
6.61018e-06
0.000385357
1.23852e-06
0.000390311
-3.22578e-06
0.000398925
-7.91959e-06
0.000411086
-1.26539e-05
0.000426688
-1.74015e-05
0.000445467
-2.22992e-05
0.000467234
-2.73843e-05
0.000491782
-3.26782e-05
0.000518893
-3.82093e-05
0.000548345
-4.40042e-05
0.000579881
-5.00928e-05
0.000613171
-5.65072e-05
0.000647772
-6.3261e-05
0.000683159
-7.03115e-05
0.000718991
-7.74994e-05
0.000754865
-8.46393e-05
0.000790453
-9.15422e-05
0.000825608
-9.8023e-05
0.00086031
-0.000103999
0.00089458
-0.000109584
0.000928363
-0.000115111
0.00096137
-0.000121108
0.000992973
-0.000128195
0.0010222
-0.000136897
0.00104786
-0.000147442
0.00106878
-0.00015964
0.0010841
-0.000172823
0.0010933
-0.00018599
0.00109623
-0.000198073
0.00109307
-0.000208115
0.0010842
-0.000215438
0.00107019
-0.000219662
0.00105173
-0.00022063
0.00102972
-0.00021836
0.00100511
-0.000213037
0.000978902
-0.000205001
0.000952031
-0.000194713
0.000925302
-0.000182716
0.000899351
-0.000169594
0.000874621
-0.000155941
0.000851361
-0.000142337
0.000829628
-0.000129342
0.0008093
-0.000117465
0.000790077
-0.000107235
0.00077144
-9.89841e-05
0.000752752
-9.34445e-05
-9.01693e-05
0.000594386
0.000177665
0.00062317
0.000175177
0.000652323
0.000176099
0.000682115
0.000181149
0.000712924
0.000187552
0.000745613
0.000193392
0.000781181
0.000199036
0.000820193
0.000205175
0.000862411
0.000211774
0.000906707
0.000218538
0.000951215
0.000225234
0.000993659
0.000231503
0.00103171
0.000236753
0.00106298
0.000240113
0.0010853
0.000240697
0.00109753
0.000238336
0.00109977
0.000223725
0.00109369
0.000205768
0.00108083
0.000187562
0.00106268
0.000169174
0.00104092
0.000151081
0.00101711
0.000133796
0.000992587
0.000117627
0.000968435
0.000102688
0.000945445
8.89515e-05
0.000924193
7.63305e-05
0.000905132
6.47217e-05
0.000888583
5.39714e-05
0.000874682
4.3918e-05
0.00086357
3.44797e-05
0.000855321
2.55848e-05
0.000849977
1.71473e-05
0.000847524
9.06318e-06
0.000847378
1.38421e-06
0.000850284
-6.13214e-06
0.000855695
-1.33301e-05
0.00086345
-2.04091e-05
0.000873405
-2.73559e-05
0.000885307
-3.42012e-05
0.000898901
-4.09789e-05
0.000913929
-4.77063e-05
0.000930116
-5.43958e-05
0.000947169
-6.10578e-05
0.000964777
-6.77009e-05
0.000982598
-7.43274e-05
0.00100026
-8.09217e-05
0.00101738
-8.7432e-05
0.00103363
-9.37523e-05
0.00104874
-9.97516e-05
0.00106252
-0.000105315
0.00107486
-0.000110365
0.00108577
-0.000114907
0.00109526
-0.000119079
0.00110331
-0.000123164
0.00110977
-0.00012756
0.00111426
-0.000132693
0.00111627
-0.000138904
0.00111514
-0.000146316
0.00111026
-0.000154755
0.00110117
-0.000163735
0.00108772
-0.000172543
0.00107007
-0.000180416
0.00104863
-0.000186675
0.00102402
-0.000190825
0.00099694
-0.000192587
0.000968167
-0.000191857
0.000938478
-0.000188671
0.000908621
-0.00018318
0.000879258
-0.000175637
0.000850927
-0.000166382
0.00082402
-0.00015581
0.000798782
-0.000144356
0.000775314
-0.000132473
0.000753594
-0.000120617
0.000733491
-0.000109238
0.000714766
-9.87398e-05
0.000697086
-8.95546e-05
0.000679946
-8.1844e-05
0.000662876
-7.63749e-05
-7.19788e-05
0.000525111
0.000151816
0.000551936
0.000148352
0.000579146
0.000148889
0.000606467
0.000153827
0.000634006
0.000160013
0.000661953
0.000165445
0.000690628
0.000170361
0.000720605
0.000175198
0.000752535
0.000179845
0.000786873
0.000184199
0.000823722
0.000188385
0.000862729
0.000192496
0.00090308
0.000196403
0.000943486
0.000199707
0.000982309
0.000201874
0.00101803
0.000202617
0.00104832
0.000193431
0.00107278
0.000181313
0.00109162
0.000168723
0.00110524
0.000155555
0.00111427
0.000142044
0.00111951
0.000128559
0.00112176
0.000115377
0.00112179
0.000102655
0.00112029
9.04554e-05
0.00111783
7.87847e-05
0.00111493
6.76262e-05
0.00111196
5.69364e-05
0.00110922
4.66583e-05
0.00110694
3.67592e-05
0.00110531
2.72228e-05
0.00110443
1.80257e-05
0.00110433
9.15733e-06
0.00110495
7.66798e-07
0.00110639
-7.56709e-06
0.00110845
-1.53973e-05
0.00111104
-2.29921e-05
0.00111404
-3.03553e-05
0.00111732
-3.74857e-05
0.00112074
-4.43987e-05
0.00112414
-5.11045e-05
0.00112735
-5.76069e-05
0.0011302
-6.39083e-05
0.00113251
-7.00093e-05
0.00113409
-7.59057e-05
0.00113474
-8.158e-05
0.00113431
-8.6994e-05
0.00113264
-9.20832e-05
0.00112966
-9.67728e-05
0.00112535
-0.000101006
0.00111975
-0.000104768
0.00111295
-0.000108106
0.00110504
-0.000111163
0.00109604
-0.000114172
0.00108592
-0.000117433
0.00107447
-0.000121251
0.00106143
-0.000125858
0.00104644
-0.000131326
0.0010292
-0.000137518
0.00100955
-0.000144084
0.000987525
-0.000150517
0.000963365
-0.000156256
0.000937482
-0.000160792
0.000910387
-0.00016373
0.000882621
-0.000164821
0.000854714
-0.00016395
0.000827147
-0.000161104
0.000800333
-0.000156366
0.000774593
-0.000149898
0.000750151
-0.000141939
0.000727132
-0.000132791
0.000705576
-0.000122801
0.000685455
-0.000112352
0.000666679
-0.000101841
0.000649108
-9.16678e-05
0.000632546
-8.21777e-05
0.000616737
-7.37451e-05
0.000601285
-6.63924e-05
0.000585863
-6.09529e-05
-5.55106e-05
0.00046394
0.000128551
0.000488639
0.000123652
0.00051348
0.000124049
0.000538159
0.000129148
0.000563122
0.00013505
0.000588445
0.000140122
0.00061397
0.000144836
0.000639764
0.000149404
0.000666083
0.000153526
0.000693245
0.000157037
0.00072161
0.00016002
0.00075152
0.000162587
0.00078317
0.000164753
0.000816474
0.000166403
0.000850999
0.000167349
0.000886112
0.000167504
0.000919682
0.000159861
0.000950825
0.000150169
0.00097917
0.000140378
0.00100445
0.000130273
0.00102659
0.000119902
0.0010457
0.000109453
0.00106199
9.90871e-05
0.00107575
8.89001e-05
0.00108727
7.89335e-05
0.00109685
6.92002e-05
0.00110478
5.97014e-05
0.00111129
5.04277e-05
0.00111658
4.13629e-05
0.00112084
3.25042e-05
0.00112419
2.38648e-05
0.00112676
1.54601e-05
0.00112861
7.31007e-06
0.0011298
-4.31925e-07
0.0011303
-8.06462e-06
0.00113016
-1.52545e-05
0.00112935
-2.21817e-05
0.00112785
-2.88583e-05
0.00112565
-3.52801e-05
0.0011227
-4.14501e-05
0.00111897
-4.73733e-05
0.00111441
-5.30519e-05
0.00110899
-5.84869e-05
0.00110266
-6.36782e-05
0.00109538
-6.86224e-05
0.0010871
-7.33082e-05
0.00107782
-7.77118e-05
0.00106754
-8.17974e-05
0.00105629
-8.55261e-05
0.00104416
-8.88757e-05
0.00103125
-9.18582e-05
0.00101768
-9.45358e-05
0.00100355
-9.70337e-05
0.000988917
-9.95392e-05
0.000973764
-0.000102279
0.000957989
-0.000105476
0.000941425
-0.000109294
0.000923879
-0.00011378
0.000905189
-0.000118828
0.00088528
-0.000124175
0.000864202
-0.000129439
0.00084213
-0.000134184
0.000819333
-0.000137994
0.000796129
-0.000140526
0.000772843
-0.000141536
0.000749773
-0.00014088
0.000727173
-0.000138504
0.000705242
-0.000134434
0.000684123
-0.000128779
0.000663905
-0.000121721
0.000644628
-0.000113514
0.000626299
-0.000104471
0.000608893
-9.49462e-05
0.000592366
-8.5314e-05
0.000576647
-7.59487e-05
0.000561632
-6.71621e-05
0.00054716
-5.92733e-05
0.000532966
-5.21988e-05
0.000518767
-4.67538e-05
-4.04595e-05
0.000410014
0.000107501
0.000432754
0.000100912
0.000455183
0.00010162
0.000477152
0.000107179
0.000499455
0.000112747
0.000522203
0.000117374
0.000545203
0.000121836
0.00056844
0.000126167
0.00059194
0.000130026
0.000615686
0.00013329
0.000639722
0.000135984
0.000664189
0.000138119
0.00068928
0.000139661
0.000715152
0.000140531
0.000741864
0.000140637
0.000769388
0.00013998
0.000796434
0.000132814
0.000822522
0.000124082
0.000847428
0.000115471
0.000870887
0.000106815
0.000892681
9.81078e-05
0.000912687
8.94474e-05
0.000930852
8.09215e-05
0.000947182
7.25707e-05
0.000961713
6.44017e-05
0.000974507
5.64065e-05
0.000985635
4.85738e-05
0.000995171
4.0891e-05
0.00100319
3.33462e-05
0.00100975
2.59397e-05
0.00101493
1.86866e-05
0.00101878
1.16097e-05
0.00102135
4.73793e-06
0.00102278
-1.86218e-06
0.00102302
-8.29656e-06
0.0010222
-1.44412e-05
0.00102036
-2.03392e-05
0.00101752
-2.60152e-05
0.00101371
-3.14693e-05
0.00100896
-3.67002e-05
0.00100329
-4.17104e-05
0.000996743
-4.65021e-05
0.000989333
-5.10767e-05
0.000981089
-5.54339e-05
0.000972038
-5.95713e-05
0.00096221
-6.34808e-05
0.000951645
-6.71471e-05
0.000940397
-7.05485e-05
0.000928535
-7.36643e-05
0.000916147
-7.64876e-05
0.000903328
-7.90391e-05
0.00089017
-8.13785e-05
0.000876748
-8.3611e-05
0.000863094
-8.58856e-05
0.000849192
-8.83769e-05
0.000834969
-9.12534e-05
0.00082031
-9.46356e-05
0.000805085
-9.85548e-05
0.000789182
-0.000102925
0.000772545
-0.000107538
0.000755192
-0.000112086
0.000737217
-0.00011621
0.000718775
-0.000119552
0.000700047
-0.000121798
0.000681218
-0.000122707
0.000662455
-0.000122117
0.0006439
-0.000119948
0.000625662
-0.000116197
0.000607826
-0.000110943
0.000590452
-0.000104348
0.000573586
-9.66485e-05
0.000557263
-8.81483e-05
0.000541512
-7.9195e-05
0.000526353
-7.01551e-05
0.00051179
-6.13859e-05
0.000497801
-5.3173e-05
0.0004843
-4.5772e-05
0.000471133
-3.90318e-05
0.000457983
-3.36036e-05
-2.67744e-05
0.000362528
8.82933e-05
0.000383496
7.99438e-05
0.000403597
8.15192e-05
0.000423064
8.77117e-05
0.00044288
9.2931e-05
0.000463078
9.71768e-05
0.000483524
0.00010139
0.000504297
0.000105394
0.000525419
0.000108903
0.000546805
0.000111905
0.000568366
0.000114423
0.000590058
0.000116427
0.000611865
0.000117854
0.000633784
0.000118612
0.000655814
0.000118607
0.000677971
0.000117823
0.000699347
0.000111438
0.00071975
0.000103679
0.000739189
9.60322e-05
0.000757602
8.84024e-05
0.00077491
8.08002e-05
0.000791051
7.33066e-05
0.000805982
6.59904e-05
0.000819674
5.88785e-05
0.000832109
5.19667e-05
0.000843277
4.52386e-05
0.000853175
3.86751e-05
0.000861809
3.22579e-05
0.000869183
2.59715e-05
0.000875312
1.98109e-05
0.000880214
1.37845e-05
0.000883916
7.90746e-06
0.000886462
2.19219e-06
0.000887922
-3.32257e-06
0.000888317
-8.69091e-06
0.000887733
-1.38577e-05
0.000886212
-1.8818e-05
0.000883788
-2.35915e-05
0.000880502
-2.81831e-05
0.000876394
-3.25918e-05
0.000871502
-3.68185e-05
0.000865865
-4.08648e-05
0.000859519
-4.47315e-05
0.000852503
-4.84175e-05
0.000844851
-5.19195e-05
0.000836601
-5.52303e-05
0.000827792
-5.8338e-05
0.000818471
-6.12277e-05
0.000808693
-6.38868e-05
0.000798521
-6.63154e-05
0.000788018
-6.85361e-05
0.000777242
-7.06029e-05
0.000766237
-7.26054e-05
0.000755017
-7.46655e-05
0.000743563
-7.69232e-05
0.000731821
-7.95114e-05
0.000719709
-8.25234e-05
0.000707134
-8.59799e-05
0.000694015
-8.98066e-05
0.000680306
-9.38284e-05
0.000666005
-9.7785e-05
0.00065116
-0.000101364
0.000635853
-0.000104245
0.000620189
-0.000106134
0.000604276
-0.000106794
0.000588215
-0.000106057
0.000572097
-0.00010383
0.000556005
-0.000100104
0.000540016
-9.49541e-05
0.000524209
-8.85404e-05
0.000508665
-8.11042e-05
0.000493468
-7.29513e-05
0.000478702
-6.44296e-05
0.000464446
-5.58987e-05
0.000450756
-4.76955e-05
0.000437663
-4.00801e-05
0.000425123
-3.32327e-05
0.000413069
-2.69774e-05
0.000401107
-2.1641e-05
-1.46538e-05
0.000320758
7.05686e-05
0.000340087
6.06147e-05
0.000357962
6.3644e-05
0.000375206
7.04678e-05
0.000392819
7.53175e-05
0.00041069
7.93064e-05
0.000428757
8.3323e-05
0.000447162
8.69891e-05
0.000465939
9.01262e-05
0.000485023
9.28204e-05
0.000504346
9.50996e-05
0.000523846
9.6928e-05
0.000543446
9.82543e-05
0.000563056
9.9002e-05
0.000582581
9.90827e-05
0.000601945
9.846e-05
0.000620301
9.30822e-05
0.000637492
8.64871e-05
0.000653584
7.99403e-05
0.000668602
7.33846e-05
0.000682559
6.68428e-05
0.000695473
6.03927e-05
0.000707362
5.41013e-05
0.000718243
4.79976e-05
0.000728128
4.20816e-05
0.000737027
3.63399e-05
0.000744947
3.07556e-05
0.000751893
2.53116e-05
0.000757872
1.99925e-05
0.000762891
1.47915e-05
0.000766963
9.71318e-06
0.000770102
4.76857e-06
0.000772343
-4.96616e-08
0.00077372
-4.69921e-06
0.000774254
-9.22525e-06
0.000773988
-1.35909e-05
0.000772956
-1.77861e-05
0.000771187
-2.18225e-05
0.000768711
-2.5707e-05
0.000765559
-2.94396e-05
0.00076176
-3.30202e-05
0.000757345
-3.64498e-05
0.000752342
-3.9728e-05
0.000746777
-4.2853e-05
0.000740679
-4.5821e-05
0.000734073
-4.8625e-05
0.00072699
-5.1255e-05
0.000719463
-5.37e-05
0.000711528
-5.59522e-05
0.000703228
-5.80151e-05
0.000694603
-5.99117e-05
0.000685692
-6.16912e-05
0.000676518
-6.34315e-05
0.000667088
-6.5236e-05
0.000657386
-6.72211e-05
0.00064737
-6.94955e-05
0.00063698
-7.21331e-05
0.000626147
-7.51463e-05
0.000614806
-7.8466e-05
0.000602914
-8.1936e-05
0.000590453
-8.53243e-05
0.000577438
-8.83493e-05
0.000563908
-9.0715e-05
0.00054992
-9.21462e-05
0.000535541
-9.24155e-05
0.000520847
-9.13618e-05
0.000505918
-8.89017e-05
0.00049085
-8.50359e-05
0.000475749
-7.9853e-05
0.000460736
-7.35274e-05
0.000445942
-6.63102e-05
0.0004315
-5.85101e-05
0.000417539
-5.04682e-05
0.000404167
-4.25264e-05
0.000391462
-3.4991e-05
0.000379475
-2.80926e-05
0.00036817
-2.19276e-05
0.000357534
-1.63421e-05
0.000347095
-1.12014e-05
-4.42277e-06
0.000284047
5.3995e-05
0.000301804
4.28575e-05
0.000317587
4.78611e-05
0.000332893
5.51619e-05
0.000348559
5.96515e-05
0.000364356
6.35097e-05
0.00038032
6.73583e-05
0.000396611
7.06987e-05
0.000413236
7.35007e-05
0.000430146
7.59106e-05
0.000447302
7.79436e-05
0.000464664
7.95661e-05
0.000482171
8.07471e-05
0.000499741
8.14323e-05
0.000517271
8.15519e-05
0.000534662
8.10697e-05
0.000551105
7.66392e-05
0.000566421
7.11703e-05
0.000580652
6.57098e-05
0.000593821
6.02156e-05
0.000605953
5.47109e-05
0.00061708
4.92651e-05
0.000627241
4.39406e-05
0.000636472
3.87671e-05
0.000644805
3.37485e-05
0.000652269
2.88757e-05
0.000658888
2.41366e-05
0.000664682
1.95177e-05
0.000669669
1.50057e-05
0.000673865
1.05954e-05
0.000677286
6.29181e-06
0.000679953
2.10107e-06
0.000681881
-1.97706e-06
0.0006831
-5.91861e-06
0.00068362
-9.7452e-06
0.000683469
-1.34398e-05
0.000682675
-1.6992e-05
0.00068126
-2.04078e-05
0.000679247
-2.36941e-05
0.000676659
-2.68516e-05
0.000673519
-2.988e-05
0.000669848
-3.27792e-05
0.000665669
-3.55484e-05
0.000661001
-3.81851e-05
0.000655865
-4.06849e-05
0.000650281
-4.30407e-05
0.000644269
-4.52436e-05
0.000637853
-4.72843e-05
0.000631059
-4.91575e-05
0.000623912
-5.0868e-05
0.000616438
-5.24379e-05
0.000608658
-5.39116e-05
0.000600585
-5.53581e-05
0.000592216
-5.68668e-05
0.000583531
-5.85368e-05
0.000574495
-6.04588e-05
0.000565053
-6.26919e-05
0.000555147
-6.52403e-05
0.000544718
-6.80363e-05
0.000533717
-7.0935e-05
0.000522116
-7.37235e-05
0.00050991
-7.61435e-05
0.000497119
-7.79235e-05
0.000483784
-7.88114e-05
0.00046997
-7.86022e-05
0.000455766
-7.71578e-05
0.000441283
-7.44184e-05
0.000426656
-7.04085e-05
0.00041204
-6.52372e-05
0.000397605
-5.90924e-05
0.000383522
-5.22274e-05
0.000369953
-4.49412e-05
0.000357037
-3.75521e-05
0.000344881
-3.037e-05
0.000333548
-2.36583e-05
0.000323073
-1.76173e-05
0.000313403
-1.22575e-05
0.00030456
-7.49995e-06
0.000296015
-2.65618e-06
3.63531e-06
0.000251798
3.82832e-05
0.000267991
2.66645e-05
0.000281861
3.39914e-05
0.000295501
4.15218e-05
0.000309433
4.57198e-05
0.00032339
4.95521e-05
0.000337519
5.32297e-05
0.00035196
5.62578e-05
0.000366692
5.87688e-05
0.00038167
6.09325e-05
0.000396868
6.27454e-05
0.000412256
6.41783e-05
0.000427787
6.52161e-05
0.000443398
6.58209e-05
0.000459011
6.59388e-05
0.00047454
6.55412e-05
0.000489254
6.19245e-05
0.00050298
5.7445e-05
0.000515738
5.29514e-05
0.000527542
4.84112e-05
0.000538408
4.38454e-05
0.000548358
3.93146e-05
0.000557424
3.48745e-05
0.000565639
3.05529e-05
0.000573033
2.63545e-05
0.000579635
2.22728e-05
0.000585473
1.82986e-05
0.00059057
1.44216e-05
0.000594946
1.06293e-05
0.000598622
6.91919e-06
0.000601616
3.29763e-06
0.000603948
-2.30195e-07
0.000605633
-3.66191e-06
0.000606697
-6.9826e-06
0.000607152
-1.02009e-05
0.000607022
-1.33093e-05
0.000606328
-1.62985e-05
0.000605091
-1.91711e-05
0.00060333
-2.19325e-05
0.000601062
-2.45838e-05
0.000598306
-2.71239e-05
0.000595079
-2.95516e-05
0.000591395
-3.18648e-05
0.000587269
-3.40598e-05
0.000582716
-3.61309e-05
0.000577745
-3.80704e-05
0.000572371
-3.98691e-05
0.000566604
-4.1518e-05
0.000560459
-4.30126e-05
0.000553949
-4.4358e-05
0.000547087
-4.55749e-05
0.000539879
-4.67041e-05
0.000532328
-4.78074e-05
0.000524426
-4.89642e-05
0.000516149
-5.02605e-05
0.000507464
-5.17734e-05
0.000498322
-5.35501e-05
0.00048867
-5.55882e-05
0.000478454
-5.78207e-05
0.000467632
-6.01126e-05
0.000456177
-6.22687e-05
0.00044409
-6.4056e-05
0.000431399
-6.52324e-05
0.000418165
-6.55778e-05
0.000404483
-6.492e-05
0.000390478
-6.3153e-05
0.000376306
-6.02466e-05
0.000362147
-5.62491e-05
0.000348193
-5.12832e-05
0.000334638
-4.5538e-05
0.000321665
-3.92538e-05
0.000309426
-3.27027e-05
0.000298039
-2.61654e-05
0.000287579
-1.99091e-05
0.000278068
-1.41482e-05
0.000269509
-9.05736e-06
0.000261815
-4.56401e-06
0.000255037
-7.21684e-07
0.000248636
3.74471e-06
9.41388e-06
0.000223468
2.31975e-05
0.000238065
1.2068e-05
0.000250245
2.18105e-05
0.00026246
2.93075e-05
0.000274839
3.33406e-05
0.000287177
3.72144e-05
0.000299706
4.07e-05
0.00031253
4.34338e-05
0.000325606
4.56933e-05
0.000338896
4.76423e-05
0.00035238
4.92612e-05
0.000366029
5.05293e-05
0.000379802
5.14435e-05
0.000393646
5.19769e-05
0.000407498
5.20872e-05
0.000421286
5.17526e-05
0.000434366
4.88446e-05
0.00044658
4.52312e-05
0.000457947
4.15848e-05
0.000468477
3.78808e-05
0.000478182
3.414e-05
0.00048708
3.04168e-05
0.000495193
2.67617e-05
0.000502546
2.32003e-05
0.000509163
1.9737e-05
0.000515069
1.63665e-05
0.000520286
1.30817e-05
0.000524834
9.87437e-06
0.000528732
6.73131e-06
0.000531997
3.65335e-06
0.000534649
6.46207e-07
0.000536705
-2.28665e-06
0.000538184
-5.14014e-06
0.000539104
-7.90266e-06
0.000539479
-1.05761e-05
0.000539326
-1.3156e-05
0.000538661
-1.56342e-05
0.000537501
-1.80105e-05
0.000535856
-2.02882e-05
0.00053374
-2.24678e-05
0.000531163
-2.4547e-05
0.000528135
-2.65231e-05
0.000524663
-2.83924e-05
0.000520753
-3.01501e-05
0.000516411
-3.17893e-05
0.000511643
-3.33017e-05
0.000506452
-3.46782e-05
0.000500845
-3.59108e-05
0.000494828
-3.69961e-05
0.00048841
-3.79403e-05
0.000481599
-3.8764e-05
0.000474401
-3.9506e-05
0.000466817
-4.02235e-05
0.000458841
-4.09879e-05
0.000450456
-4.18751e-05
0.000441634
-4.29512e-05
0.000432337
-4.4254e-05
0.000422525
-4.57761e-05
0.000412158
-4.74533e-05
0.000401207
-4.91616e-05
0.000389665
-5.0727e-05
0.000377555
-5.19451e-05
0.00036493
-5.2608e-05
0.000351884
-5.25321e-05
0.000338546
-5.1581e-05
0.000325073
-4.96805e-05
0.000311651
-4.68246e-05
0.000298477
-4.30754e-05
0.000285751
-3.85568e-05
0.000273657
-3.34445e-05
0.000262355
-2.79516e-05
0.000251965
-2.23123e-05
0.000242561
-1.67621e-05
0.000234175
-1.15223e-05
0.000226786
-6.75939e-06
0.00022036
-2.63195e-06
0.000214783
1.01296e-06
0.000210118
3.94422e-06
0.0002059
7.96218e-06
1.29957e-05
0.00019856
8.56662e-06
0.000211521
-8.92932e-07
0.000222268
1.1064e-05
0.00023325
1.8325e-05
0.000244236
2.23547e-05
0.000255157
2.62934e-05
0.000266293
2.95644e-05
0.000277696
3.20305e-05
0.000289315
3.40749e-05
0.000301121
3.58361e-05
0.000313097
3.72849e-05
0.000325215
3.8411e-05
0.000337438
3.92211e-05
0.000349718
3.96967e-05
0.000362001
3.98043e-05
0.000374225
3.95287e-05
0.000385817
3.72525e-05
0.000396638
3.44103e-05
0.000406705
3.15171e-05
0.000416031
2.8555e-05
0.000424626
2.55454e-05
0.000432503
2.2539e-05
0.000439683
1.95827e-05
0.000446183
1.67003e-05
0.000452023
1.38964e-05
0.000457223
1.11665e-05
0.000461799
8.50565e-06
0.000465767
5.90679e-06
0.000469142
3.35596e-06
0.000471941
8.54257e-07
0.00047418
-1.59254e-06
0.000475871
-3.97787e-06
0.000477025
-6.29446e-06
0.000477655
-8.53215e-06
0.000477768
-1.06895e-05
0.000477375
-1.27627e-05
0.000476485
-1.47439e-05
0.000475105
-1.66313e-05
0.000473244
-1.84266e-05
0.000470906
-2.01297e-05
0.000468097
-2.1738e-05
0.000464821
-2.32479e-05
0.000461085
-2.46555e-05
0.000456891
-2.59561e-05
0.000452244
-2.71432e-05
0.000447152
-2.82095e-05
0.000441622
-2.91479e-05
0.000435664
-2.99525e-05
0.00042929
-3.06228e-05
0.000422517
-3.1167e-05
0.00041536
-3.16065e-05
0.000407832
-3.19786e-05
0.000399944
-3.23357e-05
0.000391699
-3.2742e-05
0.000383087
-3.32635e-05
0.000374092
-3.39559e-05
0.000364687
-3.48488e-05
0.000354842
-3.59314e-05
0.000344532
-3.71439e-05
0.000333747
-3.83762e-05
0.000322497
-3.94771e-05
0.000310825
-4.02728e-05
0.000298807
-4.05903e-05
0.000286556
-4.02814e-05
0.000274217
-3.92414e-05
0.000261957
-3.74211e-05
0.000249963
-3.48297e-05
0.00023842
-3.15327e-05
0.000227507
-2.76442e-05
0.00021738
-2.33175e-05
0.000208161
-1.8732e-05
0.000199929
-1.40806e-05
0.00019272
-9.55285e-06
0.000186525
-5.32776e-06
0.000181293
-1.52761e-06
0.000176965
1.69604e-06
0.000173411
4.56707e-06
0.000170692
6.66318e-06
0.000168475
1.01792e-05
1.46265e-05
0.000176567
-5.65381e-06
0.000187955
-1.2281e-05
0.000197511
1.50734e-06
0.000207403
8.43319e-06
0.000217122
1.26356e-05
0.000226777
1.66384e-05
0.000236646
1.96956e-05
0.000246735
2.1941e-05
0.000256996
2.38147e-05
0.00026741
2.54221e-05
0.000277964
2.67307e-05
0.000288633
2.77417e-05
0.000299384
2.847e-05
0.000310176
2.89046e-05
0.00032096
2.90209e-05
0.000331679
2.881e-05
0.000341828
2.71036e-05
0.000351282
2.49555e-05
0.000360058
2.27418e-05
0.000368163
2.04499e-05
0.000375606
1.8102e-05
0.000382399
1.57465e-05
0.000388554
1.34272e-05
0.000394087
1.11669e-05
0.000399014
8.96983e-06
0.000403348
6.83245e-06
0.000407102
4.7519e-06
0.000410286
2.72307e-06
0.000412915
7.26558e-07
0.000415001
-1.23159e-06
0.000416547
-3.13911e-06
0.00041756
-4.99037e-06
0.000418044
-6.77898e-06
0.000418008
-8.49619e-06
0.000417458
-1.01394e-05
0.000416401
-1.1705e-05
0.000414843
-1.31866e-05
0.000412794
-1.4582e-05
0.00041026
-1.58928e-05
0.00040725
-1.71193e-05
0.000403771
-1.82594e-05
0.000399834
-1.93106e-05
0.000395448
-2.027e-05
0.000390626
-2.1134e-05
0.000385381
-2.18982e-05
0.000379729
-2.25575e-05
0.000373689
-2.31072e-05
0.000367281
-2.35446e-05
0.000360529
-2.38714e-05
0.00035346
-2.40975e-05
0.000346097
-2.42439e-05
0.000338463
-2.43447e-05
0.000330574
-2.44465e-05
0.000322436
-2.46042e-05
0.000314046
-2.48733e-05
0.000305389
-2.52988e-05
0.000296442
-2.59024e-05
0.000287183
-2.66717e-05
0.000277591
-2.75526e-05
0.000267665
-2.84502e-05
0.000257425
-2.92368e-05
0.000246921
-2.97683e-05
0.000236234
-2.99042e-05
0.00022548
-2.95274e-05
0.000214798
-2.85594e-05
0.000204347
-2.69692e-05
0.000194291
-2.47741e-05
0.000184795
-2.20367e-05
0.000176007
-1.88566e-05
0.000168052
-1.53617e-05
0.000161016
-1.16968e-05
0.00015495
-8.01442e-06
0.000149859
-4.46182e-06
0.000145712
-1.18038e-06
0.000142438
1.7467e-06
0.000139966
4.16775e-06
0.000138165
6.36832e-06
0.00013708
7.74794e-06
0.000136529
1.07304e-05
1.46671e-05
0.000157032
-1.93904e-05
0.000167042
-2.22914e-05
0.00017562
-7.07066e-06
0.00018441
-3.5603e-07
0.000192821
4.22363e-06
0.000201129
8.33091e-06
0.000209584
1.12401e-05
0.000218177
1.33485e-05
0.000226879
1.51121e-05
0.000235695
1.66066e-05
0.00024462
1.78055e-05
0.000253637
1.87244e-05
0.000262719
1.93881e-05
0.000271829
1.97949e-05
0.00028092
1.99303e-05
0.000289937
1.9793e-05
0.000298448
1.8592e-05
0.000306344
1.706e-05
0.00031363
1.54555e-05
0.00032031
1.37697e-05
0.000326387
1.20255e-05
0.000331865
1.0268e-05
0.000336755
8.53773e-06
0.000341066
6.85547e-06
0.000344811
5.22505e-06
0.000348
3.64306e-06
0.000350644
2.10873e-06
0.000352748
6.18351e-07
0.000354327
-8.52382e-07
0.000355378
-2.28271e-06
0.000355907
-3.66788e-06
0.000355921
-5.00472e-06
0.00035543
-6.28717e-06
0.000354442
-7.50842e-06
0.000352969
-8.66598e-06
0.000351021
-9.75725e-06
0.000348612
-1.07775e-05
0.000345755
-1.17252e-05
0.000342464
-1.26023e-05
0.000338755
-1.341e-05
0.000334643
-1.41474e-05
0.000330146
-1.48131e-05
0.000325281
-1.54054e-05
0.000320069
-1.59225e-05
0.000314533
-1.63614e-05
0.000308694
-1.67192e-05
0.00030258
-1.69932e-05
0.000296218
-1.71826e-05
0.000289637
-1.72904e-05
0.000282866
-1.73263e-05
0.000275931
-1.7309e-05
0.000268854
-1.72678e-05
0.000261649
-1.72412e-05
0.000254319
-1.72741e-05
0.000246856
-1.74107e-05
0.000239243
-1.76856e-05
0.000231455
-1.81139e-05
0.000223465
-1.86823e-05
0.000215256
-1.93438e-05
0.000206825
-2.00187e-05
0.00019819
-2.06024e-05
0.000189401
-2.09785e-05
0.000180532
-2.10359e-05
0.00017169
-2.06848e-05
0.000162999
-1.98688e-05
0.000154601
-1.8571e-05
0.000146641
-1.68138e-05
0.000139258
-1.4654e-05
0.000132576
-1.21752e-05
0.000126694
-9.47944e-06
0.000121676
-6.67826e-06
0.000117548
-3.88666e-06
0.0001143
-1.21349e-06
0.000111888
1.23166e-06
0.000110234
3.40058e-06
0.000109261
5.1402e-06
0.00010885
6.77909e-06
0.000109014
7.58487e-06
0.000109731
1.00128e-05
1.35219e-05
0.000139698
-3.26077e-05
0.000148437
-3.10306e-05
0.000155932
-1.45659e-05
0.000163127
-7.55112e-06
0.000169631
-2.28072e-06
0.000175929
2.03353e-06
0.000182294
4.87466e-06
0.000188751
6.89164e-06
0.000195317
8.54611e-06
0.000202017
9.90677e-06
0.000208853
1.09691e-05
0.000215809
1.17692e-05
0.000222852
1.23444e-05
0.000229943
1.27043e-05
0.000237028
1.28447e-05
0.00024405
1.27716e-05
0.000250656
1.19861e-05
0.000256748
1.09677e-05
0.000262322
9.88162e-06
0.00026737
8.72157e-06
0.000271887
7.50846e-06
0.000275873
6.28231e-06
0.000279332
5.07822e-06
0.000282274
3.91344e-06
0.000284709
2.79036e-06
0.000286647
1.70527e-06
0.000288096
6.59599e-07
0.000289065
-3.51101e-07
0.000289562
-1.3486e-06
0.00028959
-2.31119e-06
0.000289163
-3.24088e-06
0.000288292
-4.13327e-06
0.000286988
-4.98385e-06
0.000285267
-5.78756e-06
0.000283144
-6.54246e-06
0.000280634
-7.24695e-06
0.000277754
-7.89782e-06
0.000274523
-8.49429e-06
0.000270959
-9.03851e-06
0.000267081
-9.53212e-06
0.000262909
-9.97499e-06
0.000258462
-1.03664e-05
0.000253763
-1.07056e-05
0.000248832
-1.09916e-05
0.000243693
-1.12227e-05
0.000238371
-1.1397e-05
0.000232891
-1.15131e-05
0.000227279
-1.15709e-05
0.000221562
-1.15735e-05
0.000215765
-1.15292e-05
0.000209909
-1.14532e-05
0.00020401
-1.13687e-05
0.000198075
-1.1306e-05
0.0001921
-1.12995e-05
0.000186072
-1.13826e-05
0.000179968
-1.15808e-05
0.000173757
-1.19034e-05
0.000167412
-1.23373e-05
0.000160911
-1.28431e-05
0.000154249
-1.33562e-05
0.00014744
-1.37936e-05
0.000140527
-1.40651e-05
0.000133578
-1.40866e-05
0.000126686
-1.37932e-05
0.000119965
-1.31482e-05
0.000113541
-1.21467e-05
0.000107541
-1.08134e-05
0.000102084
-9.19772e-06
9.7275e-05
-7.3658e-06
9.31895e-05
-5.39397e-06
8.98736e-05
-3.36236e-06
8.73391e-05
-1.35216e-06
8.55656e-05
5.60065e-07
8.45029e-05
2.29431e-06
8.40753e-05
3.82821e-06
8.42029e-05
5.01257e-06
8.47906e-05
6.19137e-06
8.57999e-05
6.57563e-06
8.73747e-05
8.43792e-06
1.15875e-05
0.000124195
-4.51641e-05
0.000131113
-3.79493e-05
0.000136333
-1.97851e-05
0.000140505
-1.17237e-05
0.000143877
-5.652e-06
0.000147202
-1.2921e-06
0.000150762
1.3145e-06
0.000154587
3.06662e-06
0.000158689
4.44481e-06
0.000163063
5.53286e-06
0.000167678
6.35329e-06
0.00017249
6.95706e-06
0.000177448
7.38737e-06
0.000182493
7.65844e-06
0.000187566
7.77201e-06
0.000192601
7.73683e-06
0.000197328
7.25891e-06
0.000201664
6.6317e-06
0.000205594
5.95198e-06
0.000209101
5.21379e-06
0.000212176
4.43403e-06
0.000214813
3.645e-06
0.000217017
2.87419e-06
0.000218796
2.13425e-06
0.000220161
1.42568e-06
0.000221122
7.44033e-07
0.00022169
9.20675e-08
0.000221875
-5.36354e-07
0.000221685
-1.15828e-06
0.000221131
-1.7571e-06
0.000220224
-2.33408e-06
0.000218976
-2.88579e-06
0.000217402
-3.40903e-06
0.000215514
-3.90021e-06
0.00021333
-4.35803e-06
0.000210865
-4.78168e-06
0.000208136
-5.16903e-06
0.000205161
-5.51974e-06
0.000201959
-5.83583e-06
0.000198545
-6.1189e-06
0.000194939
-6.36908e-06
0.000191159
-6.58603e-06
0.000187223
-6.76938e-06
0.00018315
-6.91851e-06
0.000178959
-7.03243e-06
0.000174672
-7.10993e-06
0.000170309
-7.1501e-06
0.000165892
-7.15312e-06
0.00016144
-7.12147e-06
0.000156972
-7.0615e-06
0.000152503
-6.98463e-06
0.000148043
-6.90803e-06
0.00014359
-6.85391e-06
0.000139138
-6.84717e-06
0.000134667
-6.91152e-06
0.00013015
-7.06414e-06
0.000125557
-7.30993e-06
0.000120856
-7.63666e-06
0.000116026
-8.01269e-06
0.000111058
-8.3883e-06
0.000105966
-8.70129e-06
0.000100786
-8.886e-06
9.55837e-05
-8.88381e-06
9.0443e-05
-8.65251e-06
8.5467e-05
-8.17224e-06
8.07669e-05
-7.44657e-06
7.6453e-05
-6.4995e-06
7.26254e-05
-5.37003e-06
6.93654e-05
-4.10584e-06
6.67302e-05
-2.75882e-06
6.47492e-05
-1.38135e-06
6.34239e-05
-2.68834e-08
6.27283e-05
1.25569e-06
6.26124e-05
2.41028e-06
6.30095e-05
3.43108e-06
6.38381e-05
4.18394e-06
6.5039e-05
4.99046e-06
6.65096e-05
5.10502e-06
6.85398e-05
6.40775e-06
9.22184e-06
0.000109445
-5.60713e-05
0.000112551
-4.10557e-05
0.000113317
-2.05505e-05
0.000113019
-1.14254e-05
0.00011271
-5.34338e-06
0.000113144
-1.72612e-06
0.000114319
1.39705e-07
0.000116067
1.31853e-06
0.000118278
2.23331e-06
0.000120869
2.94239e-06
0.000123758
3.46419e-06
0.000126873
3.84188e-06
0.000130151
4.10993e-06
0.00013353
4.27914e-06
0.000136951
4.35119e-06
0.000140354
4.33374e-06
0.000143546
4.06685e-06
0.000146463
3.71489e-06
0.000149086
3.32811e-06
0.000151399
2.90086e-06
0.000153388
2.44528e-06
0.000155048
1.98482e-06
0.000156384
1.53876e-06
0.000157403
1.11485e-06
0.000158117
7.12099e-07
0.000158535
3.26245e-07
0.000158669
-4.25289e-08
0.000158528
-3.95686e-07
0.00015812
-7.49746e-07
0.000157453
-1.08974e-06
0.000156535
-1.41689e-06
0.000155379
-1.72892e-06
0.000153993
-2.02376e-06
0.000152392
-2.29899e-06
0.000150588
-2.55388e-06
0.000148594
-2.78813e-06
0.000146426
-3.00037e-06
0.000144096
-3.1905e-06
0.000141621
-3.36013e-06
0.000139012
-3.51057e-06
0.000136285
-3.64196e-06
0.000133453
-3.75408e-06
0.000130531
-3.8467e-06
0.000127532
-3.91948e-06
0.000124471
-3.97175e-06
0.000121364
-4.00275e-06
0.000118226
-4.01186e-06
0.000115072
-3.99926e-06
0.000111917
-3.96671e-06
0.000108774
-3.9186e-06
0.000105652
-3.86276e-06
0.000102555
-3.81089e-06
9.9479e-05
-3.77789e-06
9.6412e-05
-3.78022e-06
9.33336e-05
-3.83313e-06
9.02165e-05
-3.94696e-06
8.70298e-05
-4.12327e-06
8.37448e-05
-4.35169e-06
8.03409e-05
-4.60872e-06
7.68118e-05
-4.85924e-06
7.31715e-05
-5.06093e-06
6.94564e-05
-5.17092e-06
6.57256e-05
-5.15307e-06
6.20571e-05
-4.98396e-06
5.85406e-05
-4.65582e-06
5.52701e-05
-4.17598e-06
5.23342e-05
-3.56368e-06
4.981e-05
-2.84576e-06
4.77564e-05
-2.05233e-06
4.62121e-05
-1.2145e-06
4.51937e-05
-3.62876e-07
4.46962e-05
4.70556e-07
4.46937e-05
1.25825e-06
4.51416e-05
1.96235e-06
4.59869e-05
2.58573e-06
4.71481e-05
3.0228e-06
4.86078e-05
3.5307e-06
5.0197e-05
3.51584e-06
5.23121e-05
4.29269e-06
6.7274e-06
9.33263e-05
-6.24226e-05
8.97534e-05
-3.74829e-05
8.50002e-05
-1.57972e-05
8.10048e-05
-7.43001e-06
7.86425e-05
-2.9811e-06
7.78286e-05
-9.12221e-07
7.79866e-05
-1.82338e-08
7.87399e-05
5.65157e-07
7.99218e-05
1.05143e-06
8.14347e-05
1.42948e-06
8.31984e-05
1.70055e-06
8.51465e-05
1.89372e-06
8.72254e-05
2.03105e-06
8.93868e-05
2.11778e-06
9.15839e-05
2.15411e-06
9.37724e-05
2.14523e-06
9.58247e-05
2.0145e-06
9.76975e-05
1.84212e-06
9.93758e-05
1.6498e-06
0.000100843
1.43331e-06
0.000102088
1.20048e-06
0.000103107
9.66275e-07
0.000103903
7.42259e-07
0.000104486
5.32057e-07
0.000104864
3.3394e-07
0.000105046
1.44208e-07
0.000105041
-3.72162e-08
0.000104856
-2.10544e-07
0.000104493
-3.87332e-07
0.00010396
-5.56641e-07
0.000103263
-7.19324e-07
0.000102408
-8.74211e-07
0.000101404
-1.02011e-06
0.000100261
-1.1556e-06
9.89874e-05
-1.28036e-06
9.75936e-05
-1.39434e-06
9.609e-05
-1.49677e-06
9.44871e-05
-1.58761e-06
9.27949e-05
-1.668e-06
9.10232e-05
-1.73882e-06
8.91814e-05
-1.80012e-06
8.7279e-05
-1.85172e-06
8.53258e-05
-1.89349e-06
8.33315e-05
-1.92524e-06
8.13064e-05
-1.94657e-06
7.92606e-05
-1.95701e-06
7.7205e-05
-1.95619e-06
7.51499e-05
-1.94424e-06
7.31054e-05
-1.92222e-06
7.10796e-05
-1.89279e-06
6.90775e-05
-1.86067e-06
6.70995e-05
-1.83281e-06
6.51395e-05
-1.81793e-06
6.31847e-05
-1.82545e-06
6.12154e-05
-1.86381e-06
5.92066e-05
-1.93816e-06
5.71315e-05
-2.0482e-06
5.49663e-05
-2.18644e-06
5.26954e-05
-2.33778e-06
5.0317e-05
-2.48084e-06
4.7847e-05
-2.59098e-06
4.53206e-05
-2.64446e-06
4.27902e-05
-2.6227e-06
4.03214e-05
-2.51522e-06
3.79863e-05
-2.32069e-06
3.58562e-05
-2.04583e-06
3.39955e-05
-1.70297e-06
3.24571e-05
-1.30743e-06
3.128e-05
-8.75167e-07
3.04875e-05
-4.22e-07
3.0088e-05
3.65997e-08
3.00742e-05
4.84376e-07
3.04253e-05
9.07106e-07
3.11047e-05
1.28296e-06
3.20748e-05
1.61564e-06
3.32583e-05
1.83932e-06
3.46757e-05
2.11326e-06
3.61108e-05
2.0808e-06
3.79962e-05
2.40721e-06
4.35012e-06
7.347e-05
-5.91239e-05
6.21408e-05
-2.61537e-05
5.42477e-05
-7.90413e-06
4.97631e-05
-2.94539e-06
4.77669e-05
-9.84876e-07
4.71438e-05
-2.8917e-07
4.7141e-05
-1.54681e-08
4.7498e-05
2.08214e-07
4.81382e-05
4.11239e-07
4.90029e-05
5.64775e-07
5.00329e-05
6.70516e-07
5.11814e-05
7.45226e-07
5.24134e-05
7.99045e-07
5.36982e-05
8.33023e-07
5.50056e-05
8.46648e-07
5.63082e-05
8.42723e-07
5.75303e-05
7.92355e-07
5.86465e-05
7.25961e-07
5.96459e-05
6.50376e-07
6.05158e-05
5.63391e-07
6.1247e-05
4.69279e-07
6.18377e-05
3.75562e-07
6.22925e-05
2.87519e-07
6.26184e-05
2.0611e-07
6.28226e-05
1.29727e-07
6.29103e-05
5.65677e-08
6.28867e-05
-1.36414e-08
6.2757e-05
-8.08944e-08
6.25206e-05
-1.50872e-07
6.21815e-05
-2.17561e-07
6.17436e-05
-2.81468e-07
6.12117e-05
-3.42239e-07
6.05909e-05
-3.99339e-07
5.98873e-05
-4.52052e-07
5.91073e-05
-5.00331e-07
5.82572e-05
-5.44222e-07
5.73438e-05
-5.83332e-07
5.63738e-05
-6.1766e-07
5.53537e-05
-6.47843e-07
5.42892e-05
-6.74331e-07
5.31861e-05
-6.971e-07
5.20504e-05
-7.16016e-07
5.0888e-05
-7.31038e-07
4.97048e-05
-7.42084e-07
4.85072e-05
-7.48965e-07
4.73017e-05
-7.51438e-07
4.60948e-05
-7.49338e-07
4.48933e-05
-7.42712e-07
4.37031e-05
-7.32088e-07
4.25291e-05
-7.1873e-07
4.13733e-05
-7.0487e-07
4.02342e-05
-6.93745e-07
3.91056e-05
-6.89346e-07
3.79761e-05
-6.95876e-07
3.68292e-05
-7.16918e-07
3.56454e-05
-7.54395e-07
3.44048e-05
-8.07556e-07
3.30906e-05
-8.72309e-07
3.1694e-05
-9.41184e-07
3.02173e-05
-1.00414e-06
2.86765e-05
-1.05015e-06
2.71012e-05
-1.06915e-06
2.55324e-05
-1.05392e-06
2.40183e-05
-1.00109e-06
2.2609e-05
-9.1137e-07
2.13518e-05
-7.88627e-07
2.02875e-05
-6.38718e-07
1.94484e-05
-4.6828e-07
1.88569e-05
-2.83749e-07
1.85263e-05
-9.13369e-08
1.84601e-05
1.02829e-07
1.86521e-05
2.9231e-07
1.90882e-05
4.70998e-07
1.97416e-05
6.296e-07
2.05886e-05
7.68634e-07
2.15656e-05
8.62311e-07
2.27102e-05
9.68666e-07
2.38153e-05
9.75678e-07
2.52317e-05
9.90831e-07
2.29161e-06
4.88072e-05
-4.01709e-05
3.32742e-05
-1.06207e-05
2.70719e-05
-1.7019e-06
2.46482e-05
-5.21689e-07
2.38084e-05
-1.45052e-07
2.3568e-05
-4.87505e-08
2.35587e-05
-6.23801e-09
2.37212e-05
4.57506e-08
2.40385e-05
9.39947e-08
2.44752e-05
1.28041e-07
2.49954e-05
1.50332e-07
2.55744e-05
1.66207e-07
2.61955e-05
1.77965e-07
2.68432e-05
1.8534e-07
2.75017e-05
1.8806e-07
2.81574e-05
1.87031e-07
2.87736e-05
1.76223e-07
2.93376e-05
1.61921e-07
2.98429e-05
1.45111e-07
3.02811e-05
1.2521e-07
3.06467e-05
1.03645e-07
3.09397e-05
8.25469e-08
3.1164e-05
6.32278e-08
3.13244e-05
4.56635e-08
3.14249e-05
2.92465e-08
3.14681e-05
1.34162e-08
3.14563e-05
-1.87637e-09
3.13919e-05
-1.64593e-08
3.12733e-05
-3.22749e-08
3.11028e-05
-4.70881e-08
3.08826e-05
-6.12137e-08
3.0615e-05
-7.46545e-08
3.03029e-05
-8.72698e-08
2.99496e-05
-9.87796e-08
2.95586e-05
-1.09287e-07
2.91331e-05
-1.18789e-07
2.8677e-05
-1.27163e-07
2.81937e-05
-1.34417e-07
2.76867e-05
-1.40759e-07
2.71586e-05
-1.46314e-07
2.66126e-05
-1.51051e-07
2.60515e-05
-1.54927e-07
2.54784e-05
-1.57937e-07
2.48964e-05
-1.60064e-07
2.43087e-05
-1.61255e-07
2.37187e-05
-1.6144e-07
2.31299e-05
-1.60568e-07
2.25458e-05
-1.58656e-07
2.19696e-05
-1.55844e-07
2.14033e-05
-1.52479e-07
2.08476e-05
-1.49163e-07
2.03006e-05
-1.46751e-07
1.97576e-05
-1.46281e-07
1.92105e-05
-1.48811e-07
1.86488e-05
-1.55195e-07
1.80602e-05
-1.65805e-07
1.74329e-05
-1.80278e-07
1.6758e-05
-1.97375e-07
1.60318e-05
-2.15018e-07
1.52582e-05
-2.30555e-07
1.44493e-05
-2.41221e-07
1.36248e-05
-2.44649e-07
1.28102e-05
-2.39304e-07
1.20338e-05
-2.24691e-07
1.13237e-05
-2.01291e-07
1.07054e-05
-1.70277e-07
1.01998e-05
-1.33186e-07
9.82317e-06
-9.16177e-08
9.58638e-06
-4.69595e-08
9.49568e-06
-6.29843e-10
9.55247e-06
4.60376e-08
9.75316e-06
9.16189e-08
1.00896e-05
1.34523e-07
1.05464e-05
1.7279e-07
1.11098e-05
2.05278e-07
1.17427e-05
2.29413e-07
1.24643e-05
2.4709e-07
1.31696e-05
2.70384e-07
1.39598e-05
2.00586e-07
7.24005e-07
1.96379e-05
9.01726e-06
7.31536e-06
6.79367e-06
6.64862e-06
6.59987e-06
6.59363e-06
6.63938e-06
6.73338e-06
6.86142e-06
7.01175e-06
7.17796e-06
7.35592e-06
7.54126e-06
7.72932e-06
7.91635e-06
8.09258e-06
8.2545e-06
8.39961e-06
8.52482e-06
8.62846e-06
8.71101e-06
8.77424e-06
8.8199e-06
8.84915e-06
8.86257e-06
8.86069e-06
8.84423e-06
8.81195e-06
8.76487e-06
8.70365e-06
8.629e-06
8.54173e-06
8.44295e-06
8.33366e-06
8.21487e-06
8.08771e-06
7.95329e-06
7.81253e-06
7.66622e-06
7.51517e-06
7.36024e-06
7.20231e-06
7.04224e-06
6.88099e-06
6.71955e-06
6.55898e-06
6.40032e-06
6.24448e-06
6.092e-06
5.94284e-06
5.79609e-06
5.64981e-06
5.50099e-06
5.3458e-06
5.17999e-06
4.99972e-06
4.80234e-06
4.58732e-06
4.35677e-06
4.11555e-06
3.8709e-06
3.6316e-06
3.4069e-06
3.20561e-06
3.03534e-06
2.90215e-06
2.81053e-06
2.76357e-06
2.76294e-06
2.80898e-06
2.9006e-06
3.03512e-06
3.20791e-06
3.41319e-06
3.6426e-06
3.88969e-06
4.16008e-06
4.36066e-06
)
;

boundaryField
{
    inlet
    {
        type            calculated;
        value           nonuniform List<scalar> 
25
(
-0.00119618
-0.00105581
-0.000931914
-0.000822558
-0.000726034
-0.000640837
-0.000565637
-0.000499262
-0.000440675
-0.000388964
-0.00034332
-0.000303033
-0.000267473
-0.000236086
-0.000208382
-0.00018393
-0.000162346
-0.000143295
-0.00012648
-0.000111638
-9.8538e-05
-8.69749e-05
-7.67687e-05
-6.77602e-05
-5.98088e-05
)
;
    }
    outlet
    {
        type            calculated;
        value           nonuniform List<scalar> 
25
(
0.000911203
0.00100104
0.000998117
0.000929781
0.000832189
0.000732787
0.000644686
0.000569395
0.000503716
0.000444297
0.000388986
0.000336864
0.000287957
0.000242857
0.000202318
0.000166844
0.000136488
0.000110876
8.93091e-05
7.09055e-05
5.48065e-05
4.03735e-05
2.72902e-05
1.55274e-05
5.08467e-06
)
;
    }
    fixedWalls
    {
        type            calculated;
        value           uniform 0;
    }
    frontAndBack
    {
        type            empty;
        value           nonuniform 0();
    }
}


// ************************************************************************* //
