/*--------------------------------*- C++ -*----------------------------------*\
| =========                 |                                                 |
| \\      /  F ield         | OpenFOAM: The Open Source CFD Toolbox           |
|  \\    /   O peration     | Version:  v1912                                 |
|   \\  /    A nd           | Website:  www.openfoam.com                      |
|    \\/     M anipulation  |                                                 |
\*---------------------------------------------------------------------------*/
FoamFile
{
    version     2.0;
    format      ascii;
    class       volVectorField;
    location    "480";
    object      U;
}
// * * * * * * * * * * * * * * * * * * * * * * * * * * * * * * * * * * * * * //

dimensions      [0 1 -1 0 0 0 0];


internalField   nonuniform List<vector> 
2000
(
(0.539898 0.107766 0)
(-0.3437 0.00396856 -3.28341e-16)
(-0.108109 0.0181285 -3.30212e-16)
(-0.106226 0.0188898 -6.23552e-16)
(-0.0981297 0.0189973 0)
(-0.0967112 0.0185683 0)
(-0.0954082 0.0183158 0)
(-0.0961599 0.0186506 3.21557e-16)
(-0.0986425 0.0188995 -3.00892e-16)
(-0.102017 0.0190673 2.8075e-16)
(-0.105633 0.0191537 -2.63295e-16)
(-0.109382 0.0192316 0)
(-0.113347 0.0193525 2.33554e-16)
(-0.117621 0.0194756 -4.08909e-21)
(-0.122185 0.019593 0)
(-0.127033 0.0196817 -9.83012e-17)
(-0.132126 0.0197317 0)
(-0.137431 0.0197281 0)
(-0.142904 0.0196619 -8.35623e-17)
(-0.148499 0.0195236 0)
(-0.15417 0.0193064 7.56421e-17)
(-0.159871 0.0190061 -1.44411e-16)
(-0.165564 0.0186192 0)
(-0.171207 0.0181426 6.62746e-17)
(-0.176764 0.017574 6.37565e-17)
(-0.182195 0.0169127 0)
(-0.187462 0.0161586 0)
(-0.192529 0.0153128 2.88534e-17)
(-0.197361 0.0143773 0)
(-0.201924 0.0133543 0)
(-0.206182 0.0122467 5.37357e-17)
(-0.2101 0.0110578 2.64191e-17)
(-0.213644 0.00979123 5.20919e-17)
(-0.216775 0.00845036 0)
(-0.219456 0.00703807 0)
(-0.221643 0.00555635 -1.27702e-17)
(-0.223288 0.00400888 0)
(-0.224332 0.00240948 -8.68029e-21)
(-0.224691 0.000794877 -3.23464e-18)
(-0.22428 -0.000786592 0)
(-0.223262 -0.00233092 0)
(-0.221639 -0.00385957 3.38179e-18)
(-0.219376 -0.00537094 6.93478e-18)
(-0.216436 -0.00685452 0)
(-0.212777 -0.00829833 1.46323e-17)
(-0.208357 -0.00968862 0)
(-0.203132 -0.011011 1.57027e-17)
(-0.197061 -0.0122496 -6.54087e-17)
(-0.190102 -0.0133885 -3.42654e-17)
(-0.182217 -0.0144103 -7.19858e-17)
(-0.173368 -0.015298 0)
(-0.163521 -0.0160338 4.03116e-17)
(-0.152642 -0.0166002 0)
(-0.1407 -0.0169796 0)
(-0.127667 -0.0171552 0)
(-0.113514 -0.0171115 -2.51253e-19)
(-0.0982178 -0.0168337 -2.83458e-19)
(-0.0817537 -0.0163092 0)
(-0.0640968 -0.0155298 0)
(-0.0452267 -0.0144938 0)
(-0.0251428 -0.0131918 0)
(-0.00386977 -0.0114666 0)
(0.018626 -0.00893542 5.88943e-19)
(0.0424543 -0.00566105 -1.76986e-16)
(0.0676439 -0.00191013 0)
(0.0942041 0.00229964 0)
(0.122192 0.00700275 1.32489e-16)
(0.151693 0.0122413 -2.4373e-16)
(0.182812 0.0180602 0)
(0.215682 0.0245069 0)
(0.250461 0.0316361 0)
(0.287385 0.0395139 0)
(0.326629 0.0482153 0)
(0.36882 0.0578356 1.46719e-16)
(0.413638 0.0684813 0)
(0.464025 0.0803405 -1.15974e-16)
(0.514476 0.0934109 0)
(0.585798 0.108556 -1.60877e-16)
(0.627157 0.123896 0)
(0.797034 0.144126 6.60727e-17)
(0.893333 0.155106 0)
(0.203237 0.0670059 8.24239e-17)
(-0.136153 0.0136095 0)
(-0.0963966 0.0153575 2.02949e-16)
(-0.0934062 0.017647 -2.7604e-16)
(-0.0924688 0.0187078 0)
(-0.0939455 0.0190948 0)
(-0.0958633 0.0200791 -1.9324e-16)
(-0.0990078 0.0208732 0)
(-0.102452 0.0212603 0)
(-0.106088 0.0214595 1.51689e-16)
(-0.109827 0.0216198 0)
(-0.113777 0.0218757 6.69403e-17)
(-0.117962 0.0221269 -1.60774e-20)
(-0.122354 0.0223728 0)
(-0.126922 0.0225731 0)
(-0.131623 0.0227206 0)
(-0.136417 0.0227916 0)
(-0.141257 0.0227772 0)
(-0.146102 0.0226668 4.63811e-17)
(-0.150907 0.0224531 0)
(-0.155635 0.0221351 4.24889e-17)
(-0.160252 0.0217114 0)
(-0.164723 0.0211794 -3.92898e-17)
(-0.169017 0.0205379 0)
(-0.173101 0.0197875 1.83375e-17)
(-0.176948 0.0189293 0)
(-0.180527 0.017966 -1.72917e-17)
(-0.183814 0.016901 1.68495e-17)
(-0.186781 0.015738 0)
(-0.189405 0.0144808 -1.61525e-17)
(-0.191661 0.0131342 0)
(-0.193524 0.0117038 -1.56507e-17)
(-0.194973 0.0101956 0)
(-0.195989 0.00861584 0)
(-0.196555 0.00696946 0)
(-0.196665 0.00525973 -3.79417e-18)
(-0.196331 0.00349273 -3.80194e-18)
(-0.195594 0.00169302 1.9057e-18)
(-0.19452 -9.35854e-05 0)
(-0.192959 -0.00185882 0)
(-0.190826 -0.00362543 -1.93849e-18)
(-0.188079 -0.00539408 1.10639e-20)
(-0.184676 -0.00715459 3.96187e-18)
(-0.180576 -0.00889414 0)
(-0.175736 -0.0105972 -8.20506e-18)
(-0.170112 -0.0122468 0)
(-0.163664 -0.0138238 1.72361e-17)
(-0.156352 -0.015308 0)
(-0.148135 -0.0166776 1.82292e-17)
(-0.138978 -0.0179099 0)
(-0.128847 -0.0189812 -1.94708e-17)
(-0.117708 -0.0198675 0)
(-0.105532 -0.0205435 -2.08877e-17)
(-0.0922907 -0.0209841 0)
(-0.0779599 -0.0211652 -6.83408e-17)
(-0.0625155 -0.0210625 -9.51885e-17)
(-0.0459354 -0.0206524 0)
(-0.0281978 -0.019912 0)
(-0.0092833 -0.0188187 0)
(0.0108398 -0.0173432 0)
(0.0322233 -0.0154105 0)
(0.0548711 -0.012881 5.33031e-17)
(0.0787709 -0.00975222 0)
(0.10397 -0.00609789 0)
(0.130541 -0.00191066 -4.94618e-17)
(0.158551 0.00284095 0)
(0.188079 0.00819707 -4.69074e-17)
(0.219233 0.0142008 0)
(0.252151 0.0208979 0)
(0.286997 0.0283424 0)
(0.324003 0.036602 4.02845e-17)
(0.363395 0.0457497 0)
(0.405714 0.0558749 -7.2713e-17)
(0.4509 0.0670963 0)
(0.501259 0.0795228 6.03781e-17)
(0.553074 0.0932528 -5.03035e-17)
(0.622206 0.108312 2.11692e-18)
(0.670678 0.124132 0)
(0.820849 0.133047 -1.80639e-17)
(0.997659 0.18708 2.03052e-17)
(0.645507 0.12299 0)
(0.175614 0.0515222 0)
(-0.067956 0.0124387 0)
(-0.0686404 0.0132774 3.87978e-16)
(-0.0753905 0.0159679 0)
(-0.0799781 0.0173426 0)
(-0.0832465 0.0189702 0)
(-0.0868871 0.0201611 0)
(-0.0904685 0.0207601 0)
(-0.0941076 0.0211114 -5.56292e-17)
(-0.0976925 0.0213755 0)
(-0.101317 0.0217706 -4.82281e-17)
(-0.105068 0.0221408 9.05958e-17)
(-0.108932 0.0224983 0)
(-0.112898 0.0227881 0)
(-0.116937 0.0230106 0)
(-0.121023 0.0231363 0)
(-0.12512 0.023159 3.45945e-17)
(-0.129196 0.0230688 -3.29932e-17)
(-0.133218 0.0228586 0)
(-0.137154 0.0225305 3.02695e-17)
(-0.140978 0.0220854 0)
(-0.144667 0.0215208 0)
(-0.148192 0.0208355 -1.35126e-17)
(-0.151529 0.0200307 -2.61371e-17)
(-0.154652 0.019108 0)
(-0.157538 0.0180709 0)
(-0.160162 0.0169237 -3.50305e-22)
(-0.162505 0.0156704 0)
(-0.164545 0.0143148 0)
(-0.16626 0.0128619 0)
(-0.16763 0.011318 0)
(-0.168636 0.00969012 0)
(-0.169262 0.00798684 0)
(-0.169495 0.00621801 0)
(-0.169327 0.00439637 2.67841e-18)
(-0.168754 0.00253858 -2.66898e-18)
(-0.167762 0.000661967 0)
(-0.166322 -0.00123264 -3.32683e-19)
(-0.164375 -0.00315518 3.33253e-19)
(-0.161877 -0.00510603 0)
(-0.15879 -0.00707702 5.39478e-18)
(-0.155074 -0.00905707 -2.72481e-18)
(-0.150687 -0.0110326 0)
(-0.14559 -0.0129877 1.11555e-17)
(-0.139739 -0.0149041 0)
(-0.133094 -0.0167612 0)
(-0.125616 -0.0185368 0)
(-0.117266 -0.0202066 0)
(-0.108007 -0.021745 0)
(-0.097808 -0.0231252 0)
(-0.086635 -0.0243199 -1.29482e-17)
(-0.0744588 -0.0252999 1.3385e-17)
(-0.0612527 -0.0260359 0)
(-0.0469915 -0.0264994 1.42317e-17)
(-0.0316518 -0.0266609 2.93954e-17)
(-0.0152108 -0.0264908 0)
(0.00235385 -0.0259632 0)
(0.0210641 -0.0250504 0)
(0.0409449 -0.0237185 0)
(0.0620309 -0.0219335 0)
(0.0843502 -0.0196632 3.01679e-17)
(0.107925 -0.0168804 2.99133e-17)
(0.132803 -0.013569 0)
(0.159043 -0.00970903 2.80208e-19)
(0.186709 -0.00527427 -2.88323e-17)
(0.215885 -0.000231322 5.69537e-17)
(0.246684 0.00545612 0)
(0.279249 0.0118267 0)
(0.313751 0.0189273 0)
(0.350431 0.0268125 -2.5459e-17)
(0.389542 0.0355471 -2.3811e-17)
(0.431581 0.0451984 0)
(0.476635 0.0558805 0)
(0.526684 0.0675715 0)
(0.578894 0.0804822 3.25715e-17)
(0.646438 0.093765 2.64553e-17)
(0.698251 0.107635 -1.56131e-17)
(0.83253 0.108606 0)
(1.00792 0.210397 -1.95423e-17)
(0.887311 0.170115 0)
(0.545562 0.10799 -2.38467e-17)
(0.176137 0.0443445 -5.24855e-17)
(-0.010037 0.0134355 -2.12795e-16)
(-0.0398183 0.0128851 0)
(-0.0544676 0.0154552 -8.81467e-17)
(-0.0632063 0.0176187 0)
(-0.069213 0.0191928 0)
(-0.073943 0.0199682 0)
(-0.0781818 0.0204943 4.94003e-17)
(-0.0820726 0.0208584 0)
(-0.0857107 0.0213971 0)
(-0.0893027 0.0218875 -3.87337e-17)
(-0.0928602 0.0223612 0)
(-0.0964155 0.0227443 0)
(-0.0999606 0.023051 0)
(-0.103497 0.0232425 0)
(-0.106998 0.0233162 -2.88815e-17)
(-0.11045 0.023263 2.75185e-17)
(-0.113828 0.0230744 0)
(-0.117105 0.0227555 -2.51523e-17)
(-0.120265 0.0223103 0)
(-0.123292 0.0217355 0)
(-0.126163 0.0210289 1.12089e-17)
(-0.128858 0.0201926 -1.04282e-21)
(-0.131354 0.0192279 0)
(-0.133629 0.0181382 0)
(-0.135663 0.016929 -9.9548e-18)
(-0.137438 0.0156043 0)
(-0.138935 0.0141677 0)
(-0.140133 0.0126242 0)
(-0.141013 0.0109802 -4.60011e-18)
(-0.141558 0.00924376 0)
(-0.14175 0.00742407 0)
(-0.141574 0.00553222 0)
(-0.141016 0.00358118 -2.2173e-18)
(-0.140059 0.0015854 2.21352e-18)
(-0.138677 -0.000445339 1.1006e-18)
(-0.136837 -0.00251452 2.74953e-19)
(-0.1345 -0.00463053 -2.75039e-19)
(-0.131635 -0.00679302 -1.10109e-18)
(-0.128206 -0.00899441 -2.21684e-18)
(-0.124175 -0.0112239 2.22809e-18)
(-0.119503 -0.0134675 0)
(-0.114151 -0.0157089 -4.55791e-18)
(-0.108078 -0.0179289 0)
(-0.101245 -0.0201057 4.6792e-18)
(-0.0936138 -0.0222151 0)
(-0.0851475 -0.0242309 0)
(-0.0758112 -0.0261246 0)
(-0.0655725 -0.027867 0)
(-0.0544003 -0.0294283 1.03999e-17)
(-0.0422657 -0.0307768 0)
(-0.0291428 -0.0318795 1.09057e-17)
(-0.0150068 -0.0327062 0)
(0.000165394 -0.0332256 0)
(0.0163956 -0.0334064 0)
(0.0337052 -0.0332207 0)
(0.0521166 -0.0326391 0)
(0.0716537 -0.0316324 0)
(0.092344 -0.0301734 -2.28463e-17)
(0.114221 -0.0282303 -2.28864e-17)
(0.137325 -0.0257719 -4.54159e-17)
(0.161707 -0.0227769 0)
(0.187424 -0.0192257 2.24269e-17)
(0.214545 -0.0150965 1.70598e-19)
(0.243158 -0.0103622 -2.18274e-17)
(0.273381 -0.00499246 0)
(0.305361 0.00104469 -2.06651e-17)
(0.339281 0.00778868 0)
(0.375382 0.0152849 1.91951e-17)
(0.413942 0.023584 1.84901e-17)
(0.455431 0.0327381 0)
(0.500032 0.0428228 0)
(0.549495 0.0537921 -1.38654e-17)
(0.601519 0.0656895 1.17561e-17)
(0.667502 0.0776044 9.34901e-18)
(0.720449 0.0890135 1.20558e-17)
(0.843164 0.0871282 0)
(0.990777 0.216781 0)
(0.979899 0.198367 -1.26225e-17)
(0.810999 0.159832 7.89983e-20)
(0.507635 0.101148 5.14454e-17)
(0.202987 0.0444652 -3.15979e-19)
(0.0402921 0.0171751 0)
(-0.00510224 0.0142285 9.14553e-17)
(-0.0280711 0.0168215 7.9867e-17)
(-0.0413848 0.0184435 0)
(-0.0497009 0.0190857 0)
(-0.0559538 0.0197505 4.97561e-17)
(-0.0612018 0.0201723 0)
(-0.0655756 0.0208302 0)
(-0.0695488 0.0214136 -3.71414e-17)
(-0.0732054 0.0219871 0)
(-0.0766643 0.0224453 0)
(-0.079962 0.0228263 0)
(-0.0831479 0.0230753 0)
(-0.0862155 0.023194 0)
(-0.0891763 0.0231752 -2.53487e-17)
(-0.0920183 0.0230054 0)
(-0.0947254 0.0226942 1.15316e-17)
(-0.0972921 0.0222497 0)
(-0.0997113 0.0216672 -1.06134e-17)
(-0.101969 0.0209425 1.02254e-17)
(-0.104047 0.020078 9.87777e-18)
(-0.10593 0.0190746 9.56851e-18)
(-0.107599 0.017936 0)
(-0.109036 0.0166685 9.04913e-18)
(-0.110226 0.0152769 4.41746e-18)
(-0.111152 0.0137641 0)
(-0.111797 0.0121347 0)
(-0.112142 0.0103957 4.17984e-18)
(-0.112169 0.00855533 0)
(-0.111862 0.00662327 -4.0787e-18)
(-0.111203 0.00461077 2.02329e-18)
(-0.110174 0.00253021 4.02738e-18)
(-0.108756 0.000393073 0)
(-0.106922 -0.0017951 -1.99284e-18)
(-0.104641 -0.00403802 2.48202e-19)
(-0.101885 -0.00634253 -2.48037e-19)
(-0.0986243 -0.00870902 1.98893e-18)
(-0.0948267 -0.0111317 0)
(-0.0904568 -0.0136006 -4.01792e-18)
(-0.0854777 -0.0161017 -2.0239e-18)
(-0.079852 -0.0186184 4.08951e-18)
(-0.0735421 -0.0211305 0)
(-0.0665111 -0.0236151 -4.20654e-18)
(-0.0587227 -0.0260468 0)
(-0.0501418 -0.0283971 0)
(-0.0407355 -0.0306352 -4.42702e-18)
(-0.0304733 -0.0327293 0)
(-0.0193258 -0.034648 0)
(-0.00726539 -0.036357 0)
(0.00573227 -0.0378213 -1.91961e-17)
(0.0196908 -0.039009 0)
(0.0346318 -0.0398871 -9.65157e-18)
(0.0505768 -0.0404225 0)
(0.0675473 -0.0405857 0)
(0.0855652 -0.0403454 0)
(0.104655 -0.0396732 -9.71879e-18)
(0.124843 -0.0385421 1.94954e-17)
(0.146163 -0.036918 0)
(0.168664 -0.0347725 1.93969e-17)
(0.192399 -0.0320881 0)
(0.21743 -0.0288468 0)
(0.243833 -0.0250311 3.77356e-17)
(0.271702 -0.0206205 -1.85202e-17)
(0.30116 -0.0155888 0)
(0.332362 -0.00991104 3.55059e-17)
(0.365497 -0.00355649 0)
(0.400813 0.00351078 -1.77325e-19)
(0.438603 0.0113297 0)
(0.479321 0.0199403 -1.44675e-17)
(0.523217 0.0293716 1.32116e-17)
(0.571866 0.0395808 1.19234e-17)
(0.623298 0.0504181 -1.99177e-17)
(0.687661 0.0611143 -8.02064e-18)
(0.74047 0.0703065 0)
(0.854396 0.0679612 0)
(0.975635 0.214656 1.15427e-17)
(0.99265 0.207195 1.24684e-17)
(0.945661 0.192579 1.44133e-17)
(0.775994 0.155119 2.19574e-21)
(0.509745 0.100512 2.5481e-17)
(0.249189 0.0495601 0)
(0.0980734 0.023429 0)
(0.0364713 0.0179737 -6.96925e-17)
(0.00632518 0.0185666 0)
(-0.0111463 0.0187704 6.45135e-17)
(-0.0225991 0.019316 -1.08815e-16)
(-0.0314485 0.0196131 0)
(-0.0380624 0.0202637 0)
(-0.043479 0.0208374 3.84307e-17)
(-0.047991 0.0214512 0)
(-0.0519268 0.0219328 -1.62316e-17)
(-0.0554126 0.0223552 0)
(-0.0585894 0.0226338 0)
(-0.0614909 0.0227753 0)
(-0.0641715 0.0227754 0)
(-0.0666466 0.022611 0)
(-0.068917 0.0222962 6.92947e-21)
(-0.0709954 0.021845 0)
(-0.0728894 0.0212503 -4.83336e-21)
(-0.0745953 0.0205043 -9.90547e-18)
(-0.0761039 0.0196102 -9.55508e-18)
(-0.0774048 0.0185685 -9.23854e-18)
(-0.0784858 0.017382 0)
(-0.0793334 0.0160588 -1.30761e-17)
(-0.0799359 0.014604 -2.25286e-22)
(-0.0802802 0.0130197 -4.1587e-18)
(-0.0803511 0.01131 0)
(-0.0801324 0.00948204 0)
(-0.0796078 0.00754415 0)
(-0.0787609 0.0055061 3.91665e-18)
(-0.0775746 0.00337877 -1.9425e-18)
(-0.0760308 0.0011742 -1.93126e-18)
(-0.0741097 -0.00109848 0)
(-0.0717873 -0.00343591 9.52013e-19)
(-0.0690377 -0.0058417 -2.371e-19)
(-0.0658356 -0.00832162 2.36776e-19)
(-0.062155 -0.0108771 -9.48029e-19)
(-0.0579661 -0.0135043 0)
(-0.0532361 -0.0161942 1.91262e-18)
(-0.0479307 -0.0189328 1.92719e-18)
(-0.0420154 -0.021703 -5.83535e-18)
(-0.0354559 -0.0244839 0)
(-0.0282184 -0.0272514 0)
(-0.0202699 -0.0299791 0)
(-0.0115777 -0.0326367 4.11638e-18)
(-0.00211148 -0.0351913 5.88423e-21)
(0.00815642 -0.0376087 0)
(0.0192532 -0.0398563 0)
(0.0312041 -0.0418972 0)
(0.0440316 -0.0436938 1.71481e-17)
(0.0577576 -0.0452134 0)
(0.072402 -0.0464209 8.67127e-18)
(0.087986 -0.0472811 0)
(0.10453 -0.0477644 0)
(0.122056 -0.0478391 0)
(0.14059 -0.0474766 8.80357e-18)
(0.160158 -0.0466508 0)
(0.180797 -0.0453303 0)
(0.202557 -0.0434894 0)
(0.225495 -0.0411137 0)
(0.249679 -0.0381861 0)
(0.275193 -0.0346917 -1.71847e-17)
(0.302138 -0.0306155 9.51361e-20)
(0.330644 -0.0259385 0)
(0.360874 -0.0206422 -1.61811e-17)
(0.393026 -0.0147044 0)
(0.427359 -0.00810029 -1.50033e-17)
(0.464165 -0.000801046 1.40539e-17)
(0.503901 0.00722128 1.65803e-19)
(0.546855 0.015959 -1.20714e-17)
(0.594476 0.0253705 -1.04639e-17)
(0.644999 0.0351539 1.77034e-17)
(0.70763 0.0447412 6.86015e-18)
(0.75956 0.0521162 0)
(0.866524 0.0504121 -2.77487e-18)
(0.969663 0.21338 -1.19536e-17)
(0.978951 0.206491 -1.3127e-17)
(0.984981 0.20467 0)
(0.927699 0.189696 -1.51171e-17)
(0.772409 0.154657 0)
(0.541939 0.105383 0)
(0.315003 0.0588164 -3.37479e-17)
(0.167247 0.0323529 4.42843e-17)
(0.0931392 0.0232725 0)
(0.0532725 0.0206026 -5.5604e-17)
(0.0300027 0.0203235 7.99713e-17)
(0.0132768 0.0200223 -2.54207e-17)
(0.00156338 0.0202859 0)
(-0.00730731 0.0205779 2.12846e-17)
(-0.0140836 0.0210653 0)
(-0.0195527 0.0214419 1.74325e-17)
(-0.0240245 0.0218255 0)
(-0.0278092 0.0220689 0)
(-0.0310313 0.0221819 0)
(-0.0338155 0.0221632 0)
(-0.0362304 0.0219721 0)
(-0.0383115 0.0216277 -1.15607e-17)
(-0.0401023 0.0211506 0)
(-0.0416331 0.0205294 1.04954e-17)
(-0.0429186 0.0197509 0)
(-0.0439625 0.0188186 9.67148e-18)
(-0.0447639 0.0177323 0)
(-0.0453219 0.0164938 -4.51879e-18)
(-0.0456297 0.0151123 8.77271e-18)
(-0.0456815 0.0135934 -4.27114e-18)
(-0.0454691 0.0119381 4.1725e-18)
(-0.044982 0.0101495 4.08947e-18)
(-0.044207 0.00823491 0)
(-0.0431308 0.00620251 0)
(-0.0417392 0.00406192 0)
(-0.0400172 0.0018237 -1.94022e-18)
(-0.0379489 -0.000500652 9.61472e-19)
(-0.035516 -0.00290325 0)
(-0.0326986 -0.00538181 0)
(-0.0294747 -0.00794003 0)
(-0.025822 -0.0105833 0)
(-0.0217171 -0.0133143 0)
(-0.0171329 -0.016131 0)
(-0.0120392 -0.0190252 -9.44339e-19)
(-0.00640501 -0.0219828 1.90165e-18)
(-0.000199367 -0.024986 1.12889e-21)
(0.0066075 -0.0280133 0)
(0.0140452 -0.0310398 0)
(0.0221431 -0.0340377 -3.85014e-18)
(0.0309304 -0.0369756 -3.86672e-18)
(0.0404341 -0.039818 3.8844e-18)
(0.0506784 -0.0425289 0)
(0.0616877 -0.0450745 0)
(0.0734838 -0.0474158 -3.95105e-18)
(0.086087 -0.0495123 -7.96471e-18)
(0.099517 -0.0513308 0)
(0.113791 -0.0528351 8.06379e-18)
(0.128931 -0.0539893 0)
(0.144956 -0.0547632 -8.16114e-18)
(0.161886 -0.0551252 0)
(0.179751 -0.0550465 0)
(0.198573 -0.0545019 0)
(0.218397 -0.0534666 0)
(0.239273 -0.0519171 -8.24306e-18)
(0.261264 -0.0498397 8.20963e-18)
(0.284443 -0.0472219 0)
(0.308901 -0.0440518 8.06675e-18)
(0.334748 -0.0403203 2.39185e-17)
(0.362124 -0.0360146 -7.78723e-18)
(0.391197 -0.031121 -7.5818e-18)
(0.422172 -0.0256242 0)
(0.455316 -0.01951 0)
(0.49093 -0.0127614 -2.65812e-17)
(0.529484 -0.00536842 1.24199e-17)
(0.57127 0.002644 0)
(0.617657 0.0112335 1.96999e-17)
(0.667003 0.0199893 -8.2856e-18)
(0.727776 0.0285686 -6.49594e-18)
(0.778376 0.0344849 0)
(0.879619 0.0339235 5.21687e-18)
(0.969831 0.214655 1.33432e-17)
(0.966814 0.20497 1.36313e-17)
(0.979015 0.204674 0)
(0.979908 0.202762 0)
(0.925786 0.18873 0)
(0.793051 0.157857 0)
(0.597863 0.114405 2.20613e-17)
(0.397964 0.072132 -2.7915e-17)
(0.25421 0.0437543 -1.72473e-17)
(0.165741 0.0296539 0)
(0.114939 0.0251357 -2.13542e-17)
(0.0824258 0.0228388 2.17491e-17)
(0.0607983 0.0219806 -2.11323e-17)
(0.0450337 0.0214949 -2.01726e-17)
(0.0334992 0.0214782 -1.90647e-17)
(0.0246427 0.021481 0)
(0.0177636 0.021645 0)
(0.0122758 0.0217109 0)
(0.00786693 0.0216858 0)
(0.00429436 0.0215659 0)
(0.00139062 0.0212799 1.31852e-17)
(-0.000949678 0.0208517 0)
(-0.00282413 0.0203071 5.8927e-18)
(-0.00429867 0.0196258 0)
(-0.00541788 0.0187867 0)
(-0.00620928 0.0177932 0)
(-0.00668724 0.0166442 -4.91545e-18)
(-0.00687079 0.01534 4.73712e-18)
(-0.0067651 0.013889 -4.58774e-18)
(-0.00637297 0.0122973 0)
(-0.00569341 0.0105645 4.3505e-18)
(-0.00472452 0.00869237 -4.25064e-18)
(-0.00345766 0.00668771 0)
(-0.00188467 0.00455878 0)
(4.41276e-06 0.00231493 0)
(0.00222009 -3.37868e-05 1.99404e-18)
(0.00477511 -0.00247656 -9.78523e-19)
(0.00768334 -0.00500575 0)
(0.0109609 -0.0076201 0)
(0.0146263 -0.0103235 -1.16987e-19)
(0.0186987 -0.0131217 1.15757e-19)
(0.0231988 -0.0160184 0)
(0.0281509 -0.0190133 0)
(0.033582 -0.0220991 9.07918e-19)
(0.0395191 -0.0252607 -1.8109e-18)
(0.0459889 -0.0284799 1.80903e-18)
(0.0530155 -0.0317339 0)
(0.0606233 -0.0349971 0)
(0.0688372 -0.038241 3.64003e-18)
(0.0776817 -0.0414328 -3.65661e-18)
(0.0871793 -0.0445351 0)
(0.0973508 -0.0475098 0)
(0.108217 -0.0503226 0)
(0.119795 -0.0529323 3.76027e-18)
(0.132104 -0.0552963 3.78948e-18)
(0.145158 -0.0573806 0)
(0.158975 -0.0591492 -3.85921e-18)
(0.173574 -0.0605654 3.88284e-18)
(0.188976 -0.0615992 7.83148e-18)
(0.205198 -0.0622186 0)
(0.222271 -0.0623983 0)
(0.240223 -0.0621154 0)
(0.259102 -0.0613466 0)
(0.278958 -0.0600733 7.97905e-18)
(0.299854 -0.0582842 -7.95818e-18)
(0.321871 -0.0559701 0)
(0.345107 -0.0531228 -7.83864e-18)
(0.369679 -0.049737 -7.72941e-18)
(0.395735 -0.0458077 7.57962e-18)
(0.423453 -0.0413295 1.47258e-17)
(0.453055 -0.0362951 7.09087e-18)
(0.484813 -0.0306954 0)
(0.519039 -0.0245265 1.92904e-17)
(0.55621 -0.0177915 5.92949e-18)
(0.596605 -0.0105273 0)
(0.641553 -0.00277597 -9.51947e-18)
(0.689485 0.00498514 0)
(0.748279 0.0126466 -3.01613e-18)
(0.79727 0.017393 3.4371e-18)
(0.893676 0.0181818 -2.51364e-18)
(0.971782 0.216734 -1.37498e-17)
(0.96333 0.205453 7.26157e-18)
(0.965074 0.201925 7.45169e-18)
(0.978265 0.202616 -7.44106e-18)
(0.979178 0.200769 7.44359e-18)
(0.9361 0.189127 0)
(0.830878 0.163584 -8.62159e-18)
(0.670525 0.126641 0)
(0.496971 0.0879252 -1.2722e-19)
(0.353452 0.0571619 0)
(0.255944 0.0400924 0)
(0.192758 0.0318142 0)
(0.151538 0.0278427 1.77574e-17)
(0.122754 0.0252944 0)
(0.102273 0.0239561 1.72017e-17)
(0.0868939 0.0230305 1.66087e-17)
(0.0752615 0.0225717 7.90676e-18)
(0.0662462 0.0221766 0)
(0.0591935 0.0217937 -7.11215e-18)
(0.0536757 0.0213993 0)
(0.0493501 0.020884 -1.27383e-17)
(0.045978 0.0202687 -6.06695e-18)
(0.0433763 0.0195741 -5.76125e-18)
(0.0414164 0.0187642 5.50987e-18)
(0.0400104 0.0178062 0)
(0.0390885 0.0167034 -5.05555e-18)
(0.0386071 0.0154528 9.71114e-18)
(0.0385157 0.0140522 0)
(0.0387887 0.0125061 0)
(0.0394096 0.0108193 0)
(0.0403684 0.00899066 -2.1284e-18)
(0.0416525 0.00702028 0)
(0.0432628 0.00491336 0)
(0.0451992 0.00267801 -1.99574e-18)
(0.0474648 0.000323864 0)
(0.0500626 -0.00214055 0)
(0.0530001 -0.00470471 0)
(0.0562853 -0.00736146 0)
(0.0599305 -0.0101109 0)
(0.0639505 -0.0129575 2.24589e-19)
(0.0683612 -0.0159073 -2.22222e-19)
(0.0731804 -0.0189651 0)
(0.0784291 -0.0221321 0)
(0.0841302 -0.0254012 0)
(0.0903057 -0.0287561 0)
(0.0969763 -0.0321772 0)
(0.104159 -0.0356407 1.742e-18)
(0.111872 -0.0391204 0)
(0.120135 -0.0425877 0)
(0.128968 -0.0460082 1.76165e-18)
(0.138385 -0.0493428 0)
(0.148406 -0.052552 0)
(0.159048 -0.0556008 0)
(0.17032 -0.0584469 -3.64373e-18)
(0.182241 -0.0610472 -3.67901e-18)
(0.194826 -0.0633678 -3.7149e-18)
(0.208089 -0.065371 -1.42618e-21)
(0.222044 -0.0670183 -3.78935e-18)
(0.236709 -0.0682824 3.82015e-18)
(0.252106 -0.0691334 -3.85082e-18)
(0.268261 -0.0695435 0)
(0.285208 -0.0694952 0)
(0.30299 -0.0689696 0)
(0.321659 -0.0679504 0)
(0.341286 -0.0664308 0)
(0.36196 -0.0644075 0)
(0.383788 -0.061878 -7.69055e-18)
(0.406899 -0.0588415 0)
(0.431449 -0.0552959 0)
(0.45763 -0.0512423 -3.70415e-20)
(0.485674 -0.046684 -7.04059e-18)
(0.515862 -0.0416199 0)
(0.548509 -0.0360549 -1.26632e-17)
(0.584095 -0.0300008 -5.89421e-18)
(0.622897 -0.0235045 0)
(0.666214 -0.0166012 4.61357e-18)
(0.712525 -0.0098031 0)
(0.769236 -0.00298789 5.26433e-20)
(0.816453 0.000800795 -3.40731e-18)
(0.908673 0.00298511 -1.19334e-18)
(0.973242 0.218409 0)
(0.965344 0.207372 -1.50836e-17)
(0.958796 0.201051 -1.55321e-17)
(0.963686 0.199137 7.74222e-18)
(0.977043 0.199655 -7.60084e-18)
(0.981085 0.198344 0)
(0.953256 0.189872 7.68523e-18)
(0.877274 0.170435 0)
(0.753673 0.140144 9.08324e-18)
(0.60748 0.106295 0)
(0.470633 0.0761104 -5.91561e-18)
(0.365214 0.0540406 6.61612e-18)
(0.291773 0.0416479 -7.06909e-18)
(0.239851 0.0349783 -7.40758e-18)
(0.202954 0.0309509 -7.45369e-18)
(0.175881 0.0279122 -1.47386e-17)
(0.15583 0.0260027 -7.17174e-18)
(0.140416 0.0245649 0)
(0.128475 0.0233917 -2.70423e-20)
(0.119208 0.0224003 6.41394e-18)
(0.111978 0.0214063 0)
(0.106335 0.020412 1.17076e-17)
(0.101967 0.0194095 -5.61091e-18)
(0.0986481 0.0183376 -2.66708e-18)
(0.0962154 0.0171516 0)
(0.0945334 0.0158506 2.45856e-18)
(0.0934955 0.0144256 -2.36696e-18)
(0.0930171 0.0128676 0)
(0.0930375 0.0111751 2.22519e-18)
(0.0935156 0.00934905 0)
(0.0944237 0.00738733 -4.19059e-18)
(0.0957267 0.00528739 0)
(0.0974133 0.00305129 0)
(0.0994698 0.000686814 1.95439e-18)
(0.101888 -0.00179642 9.59885e-19)
(0.104663 -0.00439146 0)
(0.10779 -0.0070883 0)
(0.111271 -0.00988163 0)
(0.115115 -0.0127735 0)
(0.119332 -0.0157692 -1.64139e-19)
(0.123934 -0.0188752 1.62409e-19)
(0.128935 -0.0220971 0)
(0.134352 -0.0254372 0)
(0.140202 -0.0288881 0)
(0.1465 -0.0324308 0)
(0.153259 -0.0360438 -8.497e-19)
(0.160486 -0.0397028 -1.69919e-18)
(0.168195 -0.0433824 0)
(0.176398 -0.0470536 0)
(0.18511 -0.0506831 3.45355e-18)
(0.194345 -0.0542301 0)
(0.204114 -0.0576506 0)
(0.214426 -0.0609086 1.77492e-18)
(0.225284 -0.063962 3.58511e-18)
(0.236705 -0.0667673 0)
(0.248697 -0.0692893 1.83241e-18)
(0.261273 -0.071493 -3.70723e-18)
(0.274441 -0.0733395 -3.74698e-18)
(0.288218 -0.0747993 -3.78511e-18)
(0.302627 -0.0758467 3.82019e-18)
(0.317689 -0.0764581 3.8467e-18)
(0.333444 -0.0766178 0)
(0.349941 -0.0763109 -3.88669e-18)
(0.367239 -0.0755269 0)
(0.385419 -0.0742624 3.89212e-18)
(0.404577 -0.0725184 -3.87692e-18)
(0.424827 -0.0702975 1.15639e-17)
(0.44631 -0.0676064 3.79806e-18)
(0.469192 -0.0644506 0)
(0.49367 -0.0608361 -1.09383e-17)
(0.519982 -0.0567704 0)
(0.54842 -0.0522596 0)
(0.579308 -0.0473175 3.20688e-18)
(0.613127 -0.0419635 0)
(0.650155 -0.036258 0)
(0.691668 -0.0302168 -4.62608e-20)
(0.736167 -0.0243505 -3.79021e-18)
(0.790711 -0.0183293 2.97003e-18)
(0.836059 -0.0153506 0)
(0.924579 -0.0118144 2.38021e-18)
(0.973851 0.219493 0)
(0.968415 0.209571 7.82271e-18)
(0.96004 0.202335 8.04528e-18)
(0.956096 0.197666 0)
(0.961855 0.195675 4.02588e-18)
(0.974589 0.195645 0)
(0.982877 0.194941 0)
(0.970799 0.189697 0)
(0.923562 0.176152 0)
(0.838525 0.153833 0)
(0.723348 0.125463 4.58802e-18)
(0.601602 0.0971763 -5.03197e-18)
(0.493594 0.0729402 2.69546e-18)
(0.410224 0.0555367 5.86738e-18)
(0.349223 0.0451459 6.09929e-18)
(0.303578 0.0387238 3.1586e-18)
(0.269236 0.034438 0)
(0.242927 0.0308988 0)
(0.222791 0.0280351 6.0954e-18)
(0.207179 0.0258109 -5.92381e-18)
(0.194838 0.0238978 0)
(0.185071 0.0221795 -5.54842e-18)
(0.177392 0.0205791 8.04766e-18)
(0.171422 0.0190056 -5.17813e-18)
(0.16685 0.0173978 0)
(0.163442 0.0157395 2.4045e-18)
(0.161002 0.0140085 -2.32342e-18)
(0.159393 0.0121856 0)
(0.158508 0.0102529 -2.18108e-18)
(0.158264 0.00820735 0)
(0.158598 0.00604341 2.06393e-18)
(0.159454 0.00375379 -1.01181e-18)
(0.160795 0.00133779 0)
(0.162585 -0.00119883 0)
(0.164802 -0.00384823 -9.41867e-19)
(0.167423 -0.00660491 0)
(0.170432 -0.00946079 0)
(0.173826 -0.0124139 2.22427e-19)
(0.177604 -0.0154691 -1.09541e-19)
(0.181772 -0.0186331 5.38759e-20)
(0.186337 -0.0219123 -5.33263e-20)
(0.191307 -0.0253127 1.06185e-19)
(0.196692 -0.0288382 -2.11135e-19)
(0.202505 -0.0324811 0)
(0.208753 -0.0362183 0)
(0.215436 -0.0400245 1.25831e-18)
(0.222549 -0.0438749 0)
(0.230101 -0.0477458 0)
(0.238095 -0.051609 8.51527e-19)
(0.246539 -0.0554275 -1.71174e-18)
(0.255436 -0.0591619 0)
(0.264793 -0.062769 -8.74082e-19)
(0.274608 -0.0662096 -2.64669e-18)
(0.284881 -0.0694411 0)
(0.295622 -0.07242 1.80837e-18)
(0.306829 -0.0751108 3.65817e-18)
(0.318511 -0.0774788 0)
(0.330686 -0.079489 5.61914e-18)
(0.343369 -0.0811141 0)
(0.356585 -0.0823307 0)
(0.370365 -0.0831161 -3.86645e-18)
(0.384751 -0.083458 0)
(0.399794 -0.0833473 3.92375e-18)
(0.415563 -0.0827795 0)
(0.432141 -0.0817575 -3.94542e-18)
(0.449627 -0.0802869 5.90123e-18)
(0.468143 -0.0783752 -3.91351e-18)
(0.487834 -0.0760323 -5.79964e-18)
(0.508877 -0.0732697 0)
(0.53148 -0.0700999 3.71487e-18)
(0.555891 -0.0665377 -3.57792e-18)
(0.582409 -0.0625954 0)
(0.611368 -0.0582947 1.82401e-20)
(0.643252 -0.0536577 -2.98665e-18)
(0.678339 -0.0487544 -2.69463e-18)
(0.717894 -0.0435897 -7.09408e-18)
(0.76042 -0.0386372 3.88716e-18)
(0.81273 -0.0333789 0)
(0.856155 -0.0311149 0)
(0.94135 -0.0263295 -1.78916e-18)
(0.974002 0.220183 0)
(0.970455 0.211381 0)
(0.963733 0.204397 0)
(0.956942 0.198639 -1.06255e-18)
(0.954378 0.194114 -4.18219e-18)
(0.959157 0.191467 0)
(0.970408 0.190602 1.00949e-18)
(0.981988 0.190083 0)
(0.982658 0.186986 0)
(0.961504 0.178741 9.75613e-19)
(0.911391 0.163994 0)
(0.833563 0.143019 -1.05728e-18)
(0.737061 0.118727 3.35794e-18)
(0.638097 0.0955698 1.19968e-18)
(0.549966 0.0754343 -1.25802e-18)
(0.47933 0.0598757 -1.28507e-18)
(0.425309 0.0496175 0)
(0.383819 0.0428415 0)
(0.351051 0.0379292 0)
(0.325117 0.0338819 0)
(0.304409 0.0302419 0)
(0.287966 0.0270489 0)
(0.274903 0.0242699 -2.51933e-18)
(0.264512 0.0217749 1.83515e-18)
(0.25624 0.0194257 -6.00401e-19)
(0.249735 0.0171505 0)
(0.244695 0.0148934 0)
(0.2409 0.0126174 0)
(0.238173 0.010283 -5.37475e-19)
(0.236375 0.00787744 0)
(0.235389 0.00539284 0)
(0.235126 0.00281274 9.96155e-19)
(0.235512 0.000128993 0)
(0.236476 -0.00265298 0)
(0.23797 -0.00553238 2.34282e-19)
(0.239958 -0.0085087 0)
(0.242411 -0.0115761 0)
(0.245314 -0.0147379 -2.19915e-19)
(0.248659 -0.0180027 5.39188e-20)
(0.252443 -0.0213769 0)
(0.256663 -0.0248668 0)
(0.261316 -0.0284789 -5.24365e-20)
(0.266404 -0.0322173 2.09773e-19)
(0.271924 -0.0360711 0)
(0.277871 -0.0400122 0)
(0.284229 -0.044017 -4.18579e-19)
(0.290989 -0.0480616 0)
(0.29815 -0.0521215 0)
(0.3057 -0.0561689 -8.49915e-19)
(0.31364 -0.0601678 0)
(0.321958 -0.0640715 0)
(0.330641 -0.0678355 8.75004e-19)
(0.339693 -0.0714281 8.85265e-19)
(0.349119 -0.0748088 0)
(0.35892 -0.0779342 -2.27246e-18)
(0.369103 -0.0807687 -1.8424e-18)
(0.379676 -0.0832766 -4.67711e-19)
(0.390654 -0.085425 -1.89454e-18)
(0.402051 -0.0871882 0)
(0.413895 -0.0885463 0)
(0.426218 -0.0894835 0)
(0.439061 -0.0899908 0)
(0.452478 -0.0900629 1.00061e-18)
(0.466539 -0.0897002 -1.0061e-18)
(0.481332 -0.0889095 -1.00872e-18)
(0.496964 -0.0877022 -2.02013e-18)
(0.513566 -0.0860923 1.00286e-18)
(0.531294 -0.0840959 2.98438e-18)
(0.550331 -0.0817303 -9.77083e-19)
(0.570897 -0.0790136 9.54485e-19)
(0.593248 -0.0759667 3.71045e-18)
(0.617691 -0.0726077 0)
(0.644569 -0.0689649 3.35299e-18)
(0.674369 -0.0650629 3.10606e-18)
(0.707371 -0.0609752 2.80327e-18)
(0.744827 -0.0566934 3.05438e-18)
(0.785255 -0.0526518 -4.97706e-19)
(0.835279 -0.048146 0)
(0.876755 -0.0465446 2.17776e-19)
(0.958932 -0.0406542 6.07681e-19)
(0.97405 0.220681 0)
(0.971415 0.212712 0)
(0.966597 0.2062 0)
(0.960814 0.200492 2.1953e-18)
(0.955599 0.195058 0)
(0.953204 0.190272 0)
(0.956027 0.186747 -2.11834e-18)
(0.964861 0.184739 0)
(0.976837 0.183383 0)
(0.985532 0.181378 -1.95452e-18)
(0.983174 0.17702 0)
(0.962827 0.168519 1.93212e-18)
(0.92127 0.155274 -1.9787e-18)
(0.859414 0.13763 -2.03865e-18)
(0.783532 0.117602 2.12563e-18)
(0.70432 0.0982251 -2.21304e-18)
(0.630241 0.080834 0)
(0.568241 0.0663424 0)
(0.518071 0.0551066 0)
(0.47871 0.0470998 0)
(0.447106 0.04119 0)
(0.421392 0.0364616 0)
(0.400325 0.0322776 0)
(0.38309 0.0284047 1.14859e-18)
(0.368987 0.0247649 1.12948e-18)
(0.357569 0.0213548 0)
(0.348355 0.0181387 0)
(0.340995 0.0150629 0)
(0.335206 0.0120473 1.04311e-18)
(0.330763 0.00905341 0)
(0.327477 0.00605489 0)
(0.325203 0.00301789 0)
(0.323816 -7.58008e-05 0)
(0.323211 -0.00322778 0)
(0.323302 -0.00644656 -4.64045e-19)
(0.324032 -0.00973815 0)
(0.325361 -0.0131052 0)
(0.327254 -0.0165574 0)
(0.329691 -0.0201064 1.08816e-19)
(0.332651 -0.0237584 0)
(0.336116 -0.0275189 0)
(0.340065 -0.0313946 -1.0612e-19)
(0.344486 -0.0353896 0)
(0.349354 -0.0394892 0)
(0.354635 -0.0436583 0)
(0.360306 -0.0478739 0)
(0.366349 -0.0521176 0)
(0.372754 -0.0563687 0)
(0.379504 -0.0605948 0)
(0.386584 -0.0647584 0)
(0.393985 -0.0688231 0)
(0.40169 -0.0727405 0)
(0.409695 -0.076473 0)
(0.418006 -0.0799863 0)
(0.426619 -0.0832379 9.2724e-19)
(0.435542 -0.0861927 0)
(0.444781 -0.0888195 9.56515e-19)
(0.454341 -0.0910875 0)
(0.464236 -0.0929723 0)
(0.474487 -0.094457 0)
(0.485129 -0.0955288 0)
(0.496206 -0.0961829 0)
(0.507778 -0.0964203 -2.07111e-18)
(0.519922 -0.0962478 2.08658e-18)
(0.532731 -0.0956782 2.09612e-18)
(0.546321 -0.094729 0)
(0.560831 -0.0934201 -2.09178e-18)
(0.576427 -0.0917732 -2.07464e-18)
(0.5933 -0.0898111 2.04498e-18)
(0.611679 -0.0875577 -2.00073e-18)
(0.631829 -0.0850393 0)
(0.654062 -0.0822787 0)
(0.67873 -0.0793106 0)
(0.706319 -0.0761609 0)
(0.737126 -0.0729056 0)
(0.77236 -0.0695126 -1.27906e-18)
(0.810602 -0.0663886 1.04845e-18)
(0.858307 -0.0626451 0)
(0.897825 -0.0616885 -4.58573e-19)
(0.977261 -0.0548713 0)
(0.974116 0.221092 0)
(0.971866 0.213744 0)
(0.968099 0.207532 0)
(0.963881 0.202083 -1.13496e-18)
(0.959554 0.196738 -4.55641e-18)
(0.955428 0.19137 0)
(0.952771 0.186251 1.10091e-18)
(0.953526 0.181845 0)
(0.958992 0.178355 0)
(0.968547 0.175793 1.02472e-18)
(0.979437 0.173624 0)
(0.987208 0.170841 -9.70961e-19)
(0.986828 0.166277 2.90362e-18)
(0.973894 0.158968 9.51847e-19)
(0.946066 0.148429 -9.61202e-19)
(0.903611 0.134724 -1.00949e-18)
(0.849203 0.118953 0)
(0.788533 0.102662 0)
(0.728195 0.0873963 0)
(0.672828 0.0738466 -2.13616e-18)
(0.625629 0.062114 0)
(0.586853 0.0525466 0)
(0.555196 0.0449062 -2.15135e-18)
(0.52936 0.038771 1.61022e-18)
(0.507968 0.0336411 -5.24131e-19)
(0.490102 0.0290884 0)
(0.475149 0.0248071 0)
(0.462753 0.0206989 0)
(0.452507 0.016697 -5.00917e-19)
(0.444111 0.0127855 0)
(0.437326 0.0089566 0)
(0.431943 0.00518284 9.75557e-19)
(0.427768 0.00143896 0)
(0.424671 -0.00228887 0)
(0.422535 -0.00602715 2.29894e-19)
(0.421262 -0.00979455 0)
(0.420782 -0.0136049 0)
(0.421033 -0.0174765 -2.22291e-19)
(0.421967 -0.0214244 5.54903e-20)
(0.423535 -0.0254535 0)
(0.425699 -0.0295701 0)
(0.428418 -0.0337819 -5.43235e-20)
(0.431661 -0.0380904 2.14722e-19)
(0.435371 -0.0424817 0)
(0.43951 -0.0469197 0)
(0.444051 -0.0513819 0)
(0.448953 -0.05585 0)
(0.454186 -0.060306 0)
(0.459738 -0.064726 -8.8155e-19)
(0.465582 -0.0690658 0)
(0.471705 -0.0732837 0)
(0.478097 -0.0773437 9.14827e-19)
(0.484744 -0.0812132 9.28608e-19)
(0.491638 -0.0848556 0)
(0.498771 -0.0882299 -2.39638e-18)
(0.506139 -0.0913 -1.95147e-18)
(0.513743 -0.0940343 -4.94974e-19)
(0.521586 -0.0964052 -2.01937e-18)
(0.529686 -0.0983928 0)
(0.538066 -0.0999851 2.08626e-18)
(0.546762 -0.101175 0)
(0.555824 -0.101963 0)
(0.565317 -0.102356 1.08591e-18)
(0.575323 -0.102368 -1.09642e-18)
(0.585944 -0.102016 -1.10382e-18)
(0.597303 -0.101326 -2.21146e-18)
(0.609549 -0.100322 1.10607e-18)
(0.622855 -0.0990329 3.29299e-18)
(0.637423 -0.0974856 -1.08534e-18)
(0.653486 -0.0957094 1.06361e-18)
(0.671317 -0.0937352 4.11942e-18)
(0.691234 -0.0915905 0)
(0.713595 -0.089315 3.73533e-18)
(0.738881 -0.0869365 3.46384e-18)
(0.767412 -0.0845307 3.12734e-18)
(0.800339 -0.0820364 3.40793e-18)
(0.836345 -0.0798471 -5.60442e-19)
(0.881722 -0.0768944 0)
(0.919298 -0.0765984 2.45169e-19)
(0.996253 -0.0690509 6.20279e-19)
(0.974189 0.22145 0)
(0.972173 0.214637 9.59143e-18)
(0.96885 0.208593 9.57925e-18)
(0.965474 0.203221 0)
(0.962428 0.198064 4.6887e-18)
(0.959334 0.192851 0)
(0.956107 0.187504 0)
(0.953442 0.182136 0)
(0.952567 0.176949 0)
(0.954628 0.172267 4.38993e-18)
(0.960155 0.168292 4.28975e-18)
(0.968625 0.16495 -4.18015e-18)
(0.978288 0.161908 2.07195e-18)
(0.986467 0.158642 3.97878e-18)
(0.990095 0.154422 3.91076e-18)
(0.986273 0.148623 1.89712e-18)
(0.973261 0.140936 0)
(0.949862 0.131068 0)
(0.917277 0.119381 3.8908e-18)
(0.87709 0.106472 -2.00454e-18)
(0.832793 0.0934146 0)
(0.787875 0.0808922 -4.00717e-18)
(0.745449 0.0694048 6.00115e-18)
(0.707504 0.0591504 -3.98736e-18)
(0.674973 0.0500801 0)
(0.647753 0.0421764 1.99951e-18)
(0.625132 0.0353513 -1.98869e-18)
(0.606308 0.0293937 0)
(0.590507 0.0240308 -1.95966e-18)
(0.577156 0.0190835 0)
(0.565877 0.0143863 1.93264e-18)
(0.556403 0.00981199 -9.47825e-19)
(0.54849 0.00529741 0)
(0.542015 0.000824935 0)
(0.536811 -0.00363644 -9.31348e-19)
(0.532749 -0.00809483 0)
(0.529732 -0.0125532 0)
(0.527646 -0.0170254 2.22301e-19)
(0.526409 -0.0215271 -1.10245e-19)
(0.525941 -0.026066 5.54142e-20)
(0.52619 -0.0306532 -5.51474e-20)
(0.527088 -0.0352978 1.08747e-19)
(0.528573 -0.0400015 -2.17344e-19)
(0.530558 -0.0447517 0)
(0.533016 -0.0495098 0)
(0.535897 -0.0542596 8.88211e-19)
(0.539152 -0.058995 0)
(0.54274 -0.0636954 0)
(0.54664 -0.0683342 9.05253e-19)
(0.550821 -0.0728718 -1.84935e-18)
(0.555248 -0.0772689 0)
(0.559903 -0.081492 -9.46323e-19)
(0.564769 -0.0855085 -2.90054e-18)
(0.569834 -0.0892821 0)
(0.575085 -0.092774 1.99933e-18)
(0.580512 -0.0959496 4.08613e-18)
(0.586111 -0.0987807 0)
(0.591889 -0.101244 6.37513e-18)
(0.597863 -0.103326 0)
(0.604061 -0.105019 -2.20329e-18)
(0.610524 -0.106322 -4.4894e-18)
(0.617306 -0.10724 0)
(0.624477 -0.107788 4.62349e-18)
(0.632125 -0.107986 0)
(0.64036 -0.107858 -4.71703e-18)
(0.649314 -0.107436 7.11349e-18)
(0.659143 -0.106751 -4.74403e-18)
(0.670029 -0.105834 -7.08722e-18)
(0.682179 -0.10472 0)
(0.695834 -0.103441 4.58511e-18)
(0.711271 -0.102032 -4.46507e-18)
(0.728808 -0.100524 0)
(0.74881 -0.0989624 -6.73992e-21)
(0.771751 -0.097376 -7.53109e-18)
(0.797964 -0.0958378 -3.40321e-18)
(0.82855 -0.0942569 -8.89681e-18)
(0.862322 -0.0930329 4.87279e-18)
(0.905394 -0.090916 0)
(0.941068 -0.091321 0)
(1.01581 -0.0832595 -1.96847e-18)
(0.974243 0.221766 0)
(0.97241 0.215454 -2.00511e-17)
(0.969331 0.209552 -1.99661e-17)
(0.966264 0.204129 9.98378e-18)
(0.963817 0.198965 -9.87709e-18)
(0.961745 0.193871 0)
(0.95964 0.188701 0)
(0.957367 0.183365 0)
(0.955146 0.177837 9.30842e-18)
(0.953506 0.172241 -4.51743e-18)
(0.953191 0.166789 -4.43646e-18)
(0.954927 0.161671 4.34856e-18)
(0.959098 0.157008 -1.29035e-17)
(0.965518 0.152799 -1.26121e-17)
(0.973398 0.148889 -4.0602e-18)
(0.981358 0.145026 0)
(0.98781 0.140906 0)
(0.99099 0.136095 0)
(0.989401 0.13029 -7.63664e-18)
(0.982095 0.123386 3.75633e-18)
(0.968617 0.115248 0)
(0.949102 0.105985 3.74176e-18)
(0.924473 0.0959215 -3.75005e-18)
(0.896045 0.0854218 5.72743e-18)
(0.86553 0.0749656 0)
(0.834654 0.0648987 -1.89543e-18)
(0.80498 0.0554003 -1.98142e-18)
(0.777608 0.0465551 3.87684e-18)
(0.753268 0.0383789 1.89589e-18)
(0.732215 0.0308653 0)
(0.714259 0.0239397 -1.88973e-18)
(0.699126 0.0175043 0)
(0.686418 0.011499 0)
(0.675745 0.00584178 1.91529e-18)
(0.666795 0.000423557 -1.57526e-20)
(0.659292 -0.00480221 0)
(0.65301 -0.0099115 9.29396e-19)
(0.647823 -0.0149936 0)
(0.643664 -0.0200964 0)
(0.640449 -0.0252331 5.78404e-20)
(0.638127 -0.0303947 -5.7655e-20)
(0.636551 -0.0355725 0)
(0.635623 -0.0407611 0)
(0.63526 -0.0459455 -9.15057e-19)
(0.635388 -0.0511013 0)
(0.635964 -0.0562209 1.0945e-20)
(0.636949 -0.0612859 -1.87267e-18)
(0.638293 -0.0662761 0)
(0.639952 -0.0711739 -1.91897e-18)
(0.641883 -0.0759419 1.92912e-18)
(0.644055 -0.0805424 0)
(0.646443 -0.0849473 2.01469e-18)
(0.649023 -0.0891253 -2.06783e-18)
(0.651772 -0.09304 4.18764e-18)
(0.654671 -0.0966555 0)
(0.657709 -0.0999398 -2.17198e-18)
(0.660885 -0.10287 0)
(0.664208 -0.105429 -4.54064e-18)
(0.667702 -0.107609 0)
(0.671396 -0.109409 0)
(0.675337 -0.110831 4.83581e-18)
(0.679582 -0.111889 0)
(0.684205 -0.112604 -5.01017e-18)
(0.689303 -0.113002 0)
(0.694991 -0.113116 5.14076e-18)
(0.701411 -0.112984 -5.18038e-18)
(0.708724 -0.112642 1.55842e-17)
(0.717117 -0.112126 1.5549e-17)
(0.726802 -0.111473 0)
(0.738025 -0.110722 -1.51583e-17)
(0.751058 -0.109907 0)
(0.766227 -0.109068 -9.47092e-18)
(0.783889 -0.108248 4.48353e-18)
(0.804513 -0.107477 4.17206e-18)
(0.828421 -0.106827 0)
(0.856733 -0.106198 -7.41734e-21)
(0.8883 -0.105956 -5.40744e-18)
(0.929132 -0.104735 4.1445e-18)
(0.962983 -0.105905 0)
(1.03579 -0.0975702 2.81145e-18)
(0.974273 0.222056 -2.16127e-17)
(0.972553 0.216208 1.04923e-17)
(0.969659 0.210456 1.04167e-17)
(0.966759 0.204964 -1.03408e-17)
(0.964494 0.199692 1.02107e-17)
(0.962799 0.194538 0)
(0.96141 0.189401 0)
(0.960125 0.184192 -9.82781e-18)
(0.958789 0.178821 1.24336e-19)
(0.957326 0.173265 0)
(0.955837 0.167565 0)
(0.954644 0.161806 0)
(0.954198 0.156097 8.90771e-18)
(0.954934 0.150543 8.75305e-18)
(0.957173 0.14523 8.74358e-18)
(0.960987 0.140184 0)
(0.96618 0.135391 0)
(0.972288 0.130737 0)
(0.978582 0.126094 3.98438e-18)
(0.984236 0.12131 -7.99895e-18)
(0.988405 0.116201 7.88764e-18)
(0.990322 0.110636 0)
(0.989403 0.104541 0)
(0.985293 0.0978689 8.29237e-20)
(0.977904 0.090612 0)
(0.96728 0.0828026 0)
(0.953772 0.074566 7.56131e-18)
(0.937862 0.0660599 -3.74326e-18)
(0.920214 0.0574571 3.84172e-18)
(0.90153 0.048901 0)
(0.882541 0.0405247 0)
(0.863881 0.0324223 0)
(0.846149 0.0246227 0)
(0.829714 0.0171257 -1.91592e-18)
(0.814865 0.00991009 9.59997e-19)
(0.801722 0.00293803 0)
(0.79046 -0.00380487 -9.51185e-19)
(0.780968 -0.0103242 0)
(0.773001 -0.0166362 4.80629e-19)
(0.766303 -0.0227477 -2.37479e-19)
(0.760616 -0.0287096 2.37286e-19)
(0.75578 -0.0345609 -4.79699e-19)
(0.751646 -0.0403067 0)
(0.748163 -0.0459716 9.54405e-19)
(0.745202 -0.0515482 0)
(0.742734 -0.057034 -9.73588e-19)
(0.740719 -0.0624407 1.97033e-18)
(0.739097 -0.0677515 0)
(0.737814 -0.0729387 2.03085e-18)
(0.736821 -0.0779722 0)
(0.736111 -0.0828139 0)
(0.73564 -0.0874298 -2.15126e-18)
(0.735361 -0.0917875 4.39735e-18)
(0.735246 -0.0958556 -4.49938e-18)
(0.735281 -0.099606 0)
(0.735459 -0.103012 0)
(0.735793 -0.106058 -4.86383e-18)
(0.736293 -0.108732 -4.98184e-18)
(0.736993 -0.11103 -1.02007e-17)
(0.737915 -0.112956 -1.044e-17)
(0.739112 -0.11452 0)
(0.74064 -0.115743 1.08987e-17)
(0.742584 -0.116652 0)
(0.745043 -0.117283 0)
(0.74814 -0.117674 0)
(0.752021 -0.117871 1.15669e-17)
(0.756843 -0.117911 -1.16323e-17)
(0.762803 -0.117838 -5.89227e-22)
(0.770108 -0.117691 0)
(0.77901 -0.117511 2.2782e-17)
(0.789761 -0.117335 1.11178e-17)
(0.802709 -0.117207 1.07159e-17)
(0.818158 -0.117166 -1.0162e-17)
(0.836622 -0.117258 9.47576e-18)
(0.858352 -0.11752 0)
(0.884516 -0.117882 7.48276e-18)
(0.913984 -0.118654 0)
(0.952712 -0.118398 2.6396e-20)
(0.984858 -0.120423 -5.61165e-18)
(1.05606 -0.112089 -1.55565e-18)
(0.974283 0.222334 2.26234e-17)
(0.972588 0.216919 2.23283e-17)
(0.969805 0.211299 0)
(0.967058 0.205751 2.19201e-17)
(0.964913 0.200371 0)
(0.963317 0.195098 0)
(0.962112 0.189862 -2.08638e-17)
(0.961222 0.18461 3.06047e-17)
(0.960553 0.179298 -9.92504e-18)
(0.959949 0.173883 0)
(0.959263 0.168344 9.69723e-18)
(0.958434 0.162679 0)
(0.95751 0.156901 0)
(0.956628 0.151048 0)
(0.955999 0.145175 -8.95227e-18)
(0.955859 0.139329 -8.97346e-18)
(0.956423 0.133565 0)
(0.957845 0.1279 0)
(0.960164 0.122335 0)
(0.963297 0.116857 1.68141e-17)
(0.96706 0.111434 -8.21012e-18)
(0.971183 0.106024 0)
(0.975334 0.100572 -8.18008e-18)
(0.979162 0.0950109 -3.95969e-18)
(0.982333 0.0892798 0)
(0.984551 0.0833464 0)
(0.985599 0.0771977 -7.84588e-18)
(0.98532 0.0708209 -3.95677e-18)
(0.983633 0.0642039 -7.81235e-18)
(0.980503 0.0573526 -3.95499e-18)
(0.975997 0.0502964 0)
(0.970199 0.0430576 0)
(0.963244 0.0356757 4.00665e-18)
(0.9553 0.0282064 0)
(0.946545 0.0207012 0)
(0.937206 0.0132046 -2.05403e-18)
(0.927328 0.00574022 -1.02888e-18)
(0.917099 -0.00165094 0)
(0.906794 -0.00893128 -1.01535e-18)
(0.896708 -0.016075 1.25779e-19)
(0.887028 -0.0230589 -1.26327e-19)
(0.877962 -0.0298678 1.02734e-18)
(0.869598 -0.0365112 0)
(0.861982 -0.0430099 1.05372e-18)
(0.855108 -0.049357 2.13031e-18)
(0.848888 -0.0555312 2.15522e-18)
(0.843236 -0.0615374 0)
(0.838084 -0.0673613 -4.43628e-18)
(0.833356 -0.0729858 0)
(0.828989 -0.0783755 0)
(0.824914 -0.0835097 4.70068e-18)
(0.821099 -0.0883839 4.80169e-18)
(0.817516 -0.0929698 4.91422e-18)
(0.814152 -0.0972368 -5.03622e-18)
(0.811004 -0.101166 0)
(0.808073 -0.104743 -1.06083e-17)
(0.805395 -0.107953 5.41102e-18)
(0.80296 -0.11079 5.56279e-18)
(0.80081 -0.113254 -4.7342e-20)
(0.798964 -0.115356 1.17384e-17)
(0.797473 -0.117113 -1.20765e-17)
(0.796406 -0.118553 -1.23456e-17)
(0.795847 -0.119711 0)
(0.795896 -0.120631 1.29041e-17)
(0.796678 -0.121356 0)
(0.798334 -0.121935 1.11619e-20)
(0.80101 -0.122414 1.34217e-17)
(0.804916 -0.122837 1.07316e-20)
(0.810231 -0.123246 0)
(0.81722 -0.123688 -1.32553e-17)
(0.826098 -0.124192 -1.29828e-17)
(0.837212 -0.124812 0)
(0.850816 -0.125576 0)
(0.867432 -0.126551 -1.11266e-17)
(0.887283 -0.127772 0)
(0.911547 -0.129177 1.77712e-17)
(0.939158 -0.131052 1.47355e-17)
(0.975963 -0.131895 5.65286e-18)
(1.00646 -0.134875 1.33164e-17)
(1.07636 -0.126955 -3.42709e-18)
(0.974272 0.222622 0)
(0.972515 0.217609 -4.68659e-17)
(0.969753 0.212085 2.32954e-17)
(0.967124 0.206478 -2.27842e-17)
(0.965111 0.201009 2.26613e-17)
(0.963607 0.195625 0)
(0.962459 0.190254 2.15539e-17)
(0.961637 0.184869 -2.1129e-17)
(0.961123 0.179466 0)
(0.960837 0.174029 0)
(0.960671 0.168538 -9.9451e-18)
(0.960531 0.162986 0)
(0.960341 0.15736 -1.9461e-17)
(0.96005 0.151656 0)
(0.959644 0.145879 0)
(0.959153 0.140035 -1.55998e-19)
(0.958644 0.134144 0)
(0.958213 0.128219 0)
(0.957957 0.122271 8.94854e-18)
(0.957963 0.116318 1.63815e-19)
(0.958297 0.110373 0)
(0.958991 0.104438 0)
(0.960039 0.0985076 8.44104e-18)
(0.961396 0.0925694 0)
(0.962983 0.0866113 0)
(0.9647 0.0806218 0)
(0.966431 0.0745853 4.11574e-18)
(0.968056 0.0684816 4.10347e-18)
(0.969464 0.0622937 4.09796e-18)
(0.970549 0.0560135 4.09953e-18)
(0.971227 0.0496412 0)
(0.971439 0.043182 0)
(0.971148 0.0366447 -4.15138e-18)
(0.970339 0.0300406 0)
(0.969013 0.0233756 0)
(0.96718 0.016663 2.13759e-18)
(0.964873 0.00993018 1.07989e-18)
(0.962095 0.00317741 0)
(0.958831 -0.0036049 5.42888e-19)
(0.955057 -0.0104197 0)
(0.95079 -0.0172606 0)
(0.946029 -0.0241244 -5.54394e-19)
(0.940816 -0.0309894 -1.14349e-18)
(0.935172 -0.0378216 -1.13391e-18)
(0.929192 -0.0445678 -2.30055e-18)
(0.922944 -0.051185 -4.71744e-18)
(0.91652 -0.0576405 0)
(0.910008 -0.063907 -7.95742e-20)
(0.903491 -0.0699605 5.03354e-18)
(0.89705 -0.0757751 0)
(0.890719 -0.0813214 -5.19973e-18)
(0.884541 -0.0865727 -1.07307e-17)
(0.878573 -0.0915077 -5.47873e-18)
(0.872849 -0.0961063 -5.74779e-18)
(0.867396 -0.100355 0)
(0.862244 -0.104232 1.19532e-17)
(0.857389 -0.107736 0)
(0.852887 -0.110866 0)
(0.848745 -0.113624 -6.49575e-20)
(0.845037 -0.11603 0)
(0.841804 -0.118104 1.38371e-17)
(0.839125 -0.119885 0)
(0.837075 -0.121419 0)
(0.835761 -0.122754 -1.49629e-17)
(0.835294 -0.123941 0)
(0.835813 -0.125038 -1.55532e-17)
(0.837472 -0.126086 -1.57896e-17)
(0.840435 -0.127134 1.59685e-17)
(0.844873 -0.128217 0)
(0.85099 -0.129378 0)
(0.858998 -0.130649 0)
(0.869151 -0.132074 0)
(0.881709 -0.133685 0)
(0.897078 -0.135534 2.75045e-17)
(0.915546 -0.137674 0)
(0.938162 -0.14005 -2.19552e-17)
(0.963992 -0.142926 -1.82816e-17)
(0.998785 -0.144872 -1.38136e-17)
(1.02743 -0.148679 -1.69219e-17)
(1.09624 -0.141961 3.13523e-20)
(0.974232 0.222937 2.56265e-17)
(0.972323 0.218301 4.95886e-17)
(0.969499 0.212813 -2.43185e-17)
(0.966944 0.207124 0)
(0.965044 0.20159 -2.35394e-17)
(0.963629 0.196153 0)
(0.962541 0.190716 2.28443e-17)
(0.96176 0.185241 -2.23784e-17)
(0.961276 0.17974 0)
(0.961031 0.174205 0)
(0.960961 0.168625 2.10331e-17)
(0.961019 0.163005 -2.0625e-17)
(0.961158 0.157347 1.99316e-17)
(0.96133 0.151648 0)
(0.961489 0.145905 0)
(0.961595 0.140116 -9.7851e-18)
(0.961623 0.134278 0)
(0.961562 0.128388 0)
(0.961412 0.122443 -1.83228e-17)
(0.961184 0.116449 -8.97467e-18)
(0.9609 0.110411 -9.05462e-18)
(0.960585 0.104331 -8.97696e-18)
(0.960266 0.098215 0)
(0.959962 0.0920656 0)
(0.959687 0.0858852 -8.81174e-18)
(0.959441 0.0796734 -8.77942e-18)
(0.959213 0.073428 0)
(0.958985 0.0671452 0)
(0.958727 0.0608219 0)
(0.958404 0.0544547 -4.38725e-18)
(0.957973 0.0480413 0)
(0.957395 0.0415798 4.42824e-18)
(0.956626 0.0350661 0)
(0.95563 0.0284977 0)
(0.954369 0.0218746 4.55255e-18)
(0.952813 0.0152012 2.30607e-18)
(0.950945 0.00849637 2.33189e-18)
(0.948822 0.00179561 0)
(0.946451 -0.00488512 0)
(0.943841 -0.0115316 0)
(0.940996 -0.0181312 0)
(0.937926 -0.0246726 0)
(0.934635 -0.0311421 1.20957e-18)
(0.931129 -0.0375288 -2.50517e-18)
(0.927413 -0.0438203 -2.54625e-18)
(0.923499 -0.0500015 2.54489e-18)
(0.919407 -0.0560656 0)
(0.915151 -0.0620064 5.302e-18)
(0.910745 -0.0678095 -1.09306e-17)
(0.906208 -0.0734436 0)
(0.901575 -0.0788735 5.77319e-18)
(0.896882 -0.0840769 1.76824e-17)
(0.892167 -0.0890301 0)
(0.887469 -0.0937067 -1.33132e-19)
(0.882838 -0.0980819 0)
(0.878333 -0.102134 0)
(0.874012 -0.105855 1.3595e-17)
(0.869954 -0.109236 0)
(0.866228 -0.112288 -8.29129e-20)
(0.862922 -0.115031 1.48468e-17)
(0.860123 -0.117494 0)
(0.857921 -0.11972 0)
(0.856418 -0.121755 0)
(0.855716 -0.123652 0)
(0.855927 -0.125461 0)
(0.857167 -0.127233 0)
(0.859576 -0.129017 0)
(0.863268 -0.130849 -3.57796e-17)
(0.868413 -0.132766 3.62248e-17)
(0.875129 -0.134793 0)
(0.883632 -0.136964 0)
(0.894069 -0.1393 0)
(0.906731 -0.141853 0)
(0.921874 -0.144645 -3.27414e-17)
(0.939846 -0.147769 0)
(0.961462 -0.151098 2.74801e-17)
(0.986028 -0.154901 0)
(1.01914 -0.157873 0)
(1.04605 -0.162171 -2.66825e-19)
(1.11443 -0.157129 5.35105e-18)
(0.974153 0.2233 -5.42109e-17)
(0.971979 0.219024 -2.61778e-17)
(0.969011 0.213538 2.60313e-17)
(0.966515 0.207691 0)
(0.964744 0.201956 -2.5064e-17)
(0.963431 0.196334 0)
(0.962411 0.190766 -2.36657e-17)
(0.961678 0.185217 2.31385e-17)
(0.961222 0.179698 0)
(0.960977 0.174187 0)
(0.960892 0.168645 3.05855e-19)
(0.960933 0.163079 4.26858e-17)
(0.961075 0.157488 0)
(0.961291 0.151871 0)
(0.961558 0.146227 0)
(0.961849 0.140555 1.96597e-17)
(0.962142 0.134853 0)
(0.962414 0.129117 0)
(0.962643 0.123342 2.85339e-17)
(0.962811 0.117528 -1.89026e-17)
(0.962899 0.111672 9.18058e-18)
(0.962898 0.105776 9.08973e-18)
(0.9628 0.0998392 -9.18339e-18)
(0.9626 0.0938639 0)
(0.962298 0.0878509 8.89429e-18)
(0.96189 0.0818019 8.85511e-18)
(0.961375 0.0757192 9.00756e-18)
(0.960752 0.0696054 8.99693e-18)
(0.960016 0.0634619 0)
(0.959161 0.0572896 4.41716e-18)
(0.958178 0.05109 0)
(0.957058 0.0448648 9.36262e-20)
(0.95579 0.0386158 0)
(0.954366 0.0323469 4.62205e-18)
(0.952777 0.0260638 -4.57492e-18)
(0.951013 0.0197757 -2.31614e-18)
(0.94907 0.0134657 -2.33789e-18)
(0.946936 0.00711027 0)
(0.944605 0.000711475 -1.21118e-18)
(0.942075 -0.00572249 0)
(0.939345 -0.0121845 0)
(0.936415 -0.018667 1.25397e-18)
(0.933285 -0.02516 0)
(0.929953 -0.0316496 2.53981e-18)
(0.926425 -0.0381151 2.5865e-18)
(0.922709 -0.0445299 -5.36713e-18)
(0.918822 -0.0508681 -5.47755e-18)
(0.914783 -0.057103 0)
(0.910612 -0.0632032 -8.54694e-20)
(0.906339 -0.069132 0)
(0.902003 -0.0748547 -5.93062e-18)
(0.897656 -0.0803459 -2.45129e-17)
(0.893352 -0.0855828 0)
(0.889151 -0.0905446 2.58829e-17)
(0.885123 -0.0952139 0)
(0.881339 -0.0995783 0)
(0.877873 -0.103636 -1.40412e-17)
(0.874792 -0.107394 1.45599e-17)
(0.872158 -0.110863 1.48912e-17)
(0.870019 -0.114067 -1.53316e-17)
(0.868421 -0.11703 -3.17137e-17)
(0.867402 -0.11979 0)
(0.867005 -0.122386 0)
(0.867271 -0.124862 -3.43714e-17)
(0.86826 -0.127264 0)
(0.870032 -0.129637 0)
(0.872676 -0.132018 0)
(0.876286 -0.134437 0)
(0.880996 -0.136926 -3.76753e-17)
(0.886945 -0.139508 0)
(0.894328 -0.142219 0)
(0.903361 -0.145087 0)
(0.914344 -0.148187 -3.69636e-17)
(0.927682 -0.151564 0)
(0.943734 -0.155347 0)
(0.963663 -0.159523 -6.13039e-17)
(0.986689 -0.164342 0)
(1.01932 -0.168965 2.1462e-17)
(1.04556 -0.174392 1.37643e-17)
(1.11903 -0.173288 0)
(0.974015 0.223749 -2.90143e-17)
(0.971479 0.219643 0)
(0.968247 0.214264 2.79077e-17)
(0.96567 0.208637 0)
(0.963922 0.20301 -3.00504e-19)
(0.962676 0.1973 0)
(0.961749 0.191506 0)
(0.961129 0.185658 0)
(0.96079 0.179831 -2.40155e-17)
(0.960643 0.17402 0)
(0.960637 0.168183 -2.26009e-17)
(0.960744 0.162339 -4.45422e-17)
(0.960934 0.15649 0)
(0.961185 0.150634 -2.15454e-17)
(0.961477 0.144768 0)
(0.961794 0.138891 0)
(0.962122 0.133 0)
(0.962449 0.127091 0)
(0.96276 0.121159 3.54733e-19)
(0.96304 0.115202 1.9228e-17)
(0.963275 0.109218 1.93565e-17)
(0.96345 0.103204 -1.91542e-17)
(0.963551 0.097158 -9.67216e-18)
(0.963567 0.0910789 0)
(0.963484 0.0849651 9.35378e-18)
(0.963292 0.078816 9.30629e-18)
(0.962979 0.0726317 -1.83565e-17)
(0.962538 0.0664123 -1.83156e-17)
(0.961959 0.0601571 0)
(0.961233 0.0538657 9.25696e-18)
(0.960351 0.0475378 0)
(0.959307 0.0411734 -4.56302e-18)
(0.958095 0.0347711 -4.68953e-18)
(0.956712 0.0283339 -9.35283e-18)
(0.955152 0.0218682 0)
(0.953409 0.0153636 0)
(0.951481 0.00885275 0)
(0.949364 0.00235529 0)
(0.947055 -0.0041133 1.20981e-18)
(0.944547 -0.0105395 0)
(0.941839 -0.0169129 0)
(0.938934 -0.023224 -1.256e-18)
(0.935837 -0.0294631 0)
(0.932558 -0.0356195 0)
(0.929114 -0.0416822 0)
(0.925532 -0.0476401 -9.46641e-20)
(0.921847 -0.0534861 1.11101e-17)
(0.9181 -0.0592144 5.72265e-18)
(0.914337 -0.0648195 5.76353e-18)
(0.910611 -0.070292 0)
(0.90698 -0.0756229 -1.22693e-17)
(0.903501 -0.0808028 1.24139e-17)
(0.900227 -0.0858228 0)
(0.8972 -0.0906691 -1.30805e-17)
(0.89445 -0.0953272 0)
(0.891992 -0.0997756 0)
(0.889821 -0.103997 0)
(0.887912 -0.107975 -1.45737e-17)
(0.886229 -0.111699 0)
(0.884721 -0.115165 3.10003e-17)
(0.883341 -0.118377 3.16822e-17)
(0.88205 -0.12135 0)
(0.88083 -0.124112 -3.36368e-17)
(0.879692 -0.126699 -1.47672e-19)
(0.878675 -0.129149 0)
(0.877864 -0.131508 -3.62891e-17)
(0.877365 -0.133812 -3.70694e-17)
(0.877349 -0.136103 3.7763e-17)
(0.87799 -0.138415 3.8286e-17)
(0.879567 -0.140803 3.86332e-17)
(0.882332 -0.143315 0)
(0.886713 -0.146036 0)
(0.893083 -0.14906 7.5192e-17)
(0.902122 -0.152517 -3.64449e-17)
(0.914262 -0.156545 0)
(0.930959 -0.161281 3.1372e-17)
(0.951441 -0.166861 5.53062e-17)
(0.982992 -0.173172 -2.21507e-17)
(1.00844 -0.179669 0)
(1.08735 -0.184455 0)
(0.973693 0.224652 -1.64404e-19)
(0.97081 0.22002 0)
(0.967636 0.21361 -1.16635e-16)
(0.965181 0.207555 0)
(0.963415 0.202028 2.75749e-17)
(0.962058 0.196677 0)
(0.961002 0.191344 -5.28715e-17)
(0.960276 0.186005 5.14993e-17)
(0.959805 0.180592 2.45477e-17)
(0.959611 0.175172 -2.44923e-17)
(0.959569 0.169741 0)
(0.959658 0.164284 2.30875e-17)
(0.959836 0.158795 2.2899e-17)
(0.960077 0.153274 2.21052e-17)
(0.96036 0.147723 0)
(0.960666 0.142144 -2.15813e-17)
(0.960979 0.136537 2.12083e-17)
(0.961288 0.130904 0)
(0.961578 0.125246 3.29492e-19)
(0.961838 0.11956 -2.02732e-17)
(0.962055 0.113851 -3.97065e-17)
(0.962217 0.108116 -3.3544e-19)
(0.962312 0.102357 1.92604e-17)
(0.962329 0.0965739 0)
(0.962255 0.0907679 1.70984e-19)
(0.962079 0.0849395 -9.41456e-18)
(0.961788 0.07909 1.89146e-17)
(0.961372 0.0732203 1.88565e-17)
(0.960818 0.0673316 9.50164e-18)
(0.960115 0.061425 -1.88287e-17)
(0.959251 0.0555012 0)
(0.958215 0.0495609 -9.55213e-18)
(0.957001 0.0435983 4.71016e-18)
(0.955607 0.0376171 4.74228e-18)
(0.954016 0.0316365 0)
(0.952242 0.0256565 -4.91695e-18)
(0.9503 0.0196421 -2.47436e-18)
(0.948203 0.0135823 0)
(0.945967 0.00746884 0)
(0.943607 0.00129674 0)
(0.941147 -0.0049352 0)
(0.938609 -0.0112284 0)
(0.936022 -0.017579 0)
(0.933412 -0.0239824 2.69621e-18)
(0.930808 -0.0304281 5.48627e-18)
(0.928233 -0.0369031 5.49743e-18)
(0.925708 -0.0433901 -5.60627e-18)
(0.923244 -0.0498686 -5.72214e-18)
(0.920839 -0.0563118 1.18647e-17)
(0.91848 -0.0626859 0)
(0.916136 -0.0689502 2.46213e-17)
(0.91376 -0.0750603 0)
(0.911292 -0.0809678 0)
(0.908648 -0.0866218 0)
(0.905745 -0.0919728 0)
(0.902482 -0.0969717 0)
(0.89878 -0.101574 0)
(0.89456 -0.105734 0)
(0.889793 -0.109436 3.04033e-17)
(0.884432 -0.112677 -6.24362e-17)
(0.878506 -0.115485 0)
(0.872039 -0.117901 0)
(0.865157 -0.119995 3.41941e-17)
(0.857976 -0.121841 3.52658e-17)
(0.850726 -0.123533 0)
(0.843618 -0.125155 -1.53981e-19)
(0.836993 -0.126803 3.82838e-17)
(0.831153 -0.128553 -3.90916e-17)
(0.826547 -0.130493 -3.97018e-17)
(0.823569 -0.132698 -4.00801e-17)
(0.822727 -0.135264 0)
(0.824553 -0.138295 -4.00098e-17)
(0.829536 -0.141909 -3.89188e-17)
(0.838329 -0.146243 3.75288e-17)
(0.851323 -0.15145 0)
(0.869873 -0.157668 6.53897e-17)
(0.892931 -0.165012 -5.62195e-17)
(0.927946 -0.17364 0)
(0.956468 -0.182449 0)
(1.04278 -0.192472 0)
(0.972515 0.227031 6.37175e-17)
(0.967505 0.224403 6.23266e-17)
(0.963605 0.217712 1.22329e-16)
(0.961219 0.210324 6.01034e-17)
(0.959612 0.203171 0)
(0.958331 0.196251 0)
(0.957277 0.189526 5.4299e-17)
(0.956477 0.182928 7.38895e-19)
(0.955318 0.176539 -5.08594e-17)
(0.955048 0.170315 7.56963e-17)
(0.955002 0.164115 0)
(0.955054 0.157988 2.42913e-17)
(0.955158 0.151913 -2.33742e-17)
(0.955289 0.145874 -2.32492e-17)
(0.955429 0.139861 -2.2779e-17)
(0.95556 0.133863 2.19656e-17)
(0.95567 0.127875 -2.15666e-17)
(0.955746 0.12189 0)
(0.955776 0.115903 -2.08681e-17)
(0.955746 0.109912 -3.80006e-19)
(0.955645 0.103912 -3.80524e-19)
(0.955459 0.0979024 2.00536e-17)
(0.955178 0.0918806 2.02233e-17)
(0.954787 0.0858457 -2.0041e-17)
(0.954276 0.0797966 -9.75219e-18)
(0.95363 0.0737332 -1.97633e-17)
(0.952838 0.0676551 -9.64175e-18)
(0.951884 0.0615628 -9.60859e-18)
(0.950757 0.0554565 -1.93743e-17)
(0.94944 0.0493364 9.58799e-18)
(0.94792 0.0432032 0)
(0.946174 0.0370533 9.63136e-18)
(0.944213 0.030885 0)
(0.941949 0.0246533 0)
(0.939747 0.0183383 0)
(0.937765 0.0119773 4.93687e-18)
(0.936009 0.00562863 2.48547e-18)
(0.934445 -0.000674369 0)
(0.933012 -0.00691494 0)
(0.931648 -0.0130862 6.51607e-19)
(0.930286 -0.0191902 -6.59257e-19)
(0.928829 -0.0252195 0)
(0.927189 -0.0311668 0)
(0.925266 -0.037026 -2.70288e-18)
(0.922958 -0.0427851 -5.50161e-18)
(0.920164 -0.0484311 0)
(0.916775 -0.0539436 0)
(0.912695 -0.0593014 0)
(0.907819 -0.0644754 -1.19959e-17)
(0.902068 -0.0694341 0)
(0.895363 -0.0741402 -1.26524e-17)
(0.887659 -0.0785565 0)
(0.878922 -0.0826455 0)
(0.869161 -0.0863738 0)
(0.858413 -0.0897136 0)
(0.846783 -0.0926351 0)
(0.834462 -0.0951499 -3.11185e-17)
(0.821599 -0.0972678 -3.23012e-17)
(0.808386 -0.0990068 -6.69605e-17)
(0.795023 -0.100397 3.47317e-17)
(0.781782 -0.101508 -3.62675e-17)
(0.768908 -0.102424 0)
(0.756707 -0.10325 3.91124e-17)
(0.745434 -0.104094 0)
(0.735416 -0.105085 0)
(0.726915 -0.106336 4.29656e-17)
(0.720278 -0.10797 -4.42068e-17)
(0.715777 -0.110084 4.50722e-17)
(0.713765 -0.112781 0)
(0.714524 -0.116148 9.19065e-17)
(0.718416 -0.120239 0)
(0.725654 -0.125123 4.49372e-17)
(0.73647 -0.130842 0)
(0.751207 -0.13749 0)
(0.770068 -0.145143 -7.99496e-17)
(0.794255 -0.154024 1.22506e-18)
(0.822495 -0.164096 6.40814e-17)
(0.86271 -0.1761 5.25578e-17)
(0.894863 -0.188266 3.52979e-17)
(0.989923 -0.206195 -1.80307e-17)
(0.958692 0.215572 0)
(0.938379 0.210534 -6.63755e-17)
(0.923928 0.20632 -6.61155e-17)
(0.913666 0.201682 -1.303e-16)
(0.90583 0.196723 0)
(0.89937 0.191534 0)
(0.893982 0.18621 6.08249e-17)
(0.889452 0.180898 -5.88006e-17)
(0.886335 0.175461 1.13983e-16)
(0.883005 0.169962 -5.60512e-17)
(0.880053 0.164554 -5.53734e-17)
(0.877408 0.159186 -2.68163e-17)
(0.875044 0.153841 0)
(0.87291 0.148514 -2.71726e-19)
(0.870959 0.143205 -2.72275e-19)
(0.869146 0.137912 0)
(0.867435 0.132636 -2.46002e-17)
(0.865794 0.127374 0)
(0.864194 0.122125 2.38586e-17)
(0.862608 0.116888 2.32639e-17)
(0.86101 0.111661 4.62297e-17)
(0.859379 0.106446 0)
(0.857692 0.10124 -2.25009e-17)
(0.85593 0.0960449 2.23113e-17)
(0.854074 0.0908603 0)
(0.852103 0.0856869 2.20294e-17)
(0.850001 0.0805255 0)
(0.84775 0.0753776 0)
(0.845331 0.0702446 1.09278e-17)
(0.842727 0.0651282 1.1074e-17)
(0.839917 0.0600307 0)
(0.836885 0.0549516 -1.11417e-17)
(0.833575 0.0498942 1.12058e-17)
(0.830029 0.044827 0)
(0.825813 0.0396449 0)
(0.820706 0.0343242 0)
(0.814638 0.0289023 0)
(0.807562 0.0234259 0)
(0.799459 0.0179271 0)
(0.790314 0.0124353 -7.61887e-19)
(0.78012 0.00698279 7.80469e-19)
(0.768896 0.00159695 0)
(0.756653 -0.00369324 0)
(0.743409 -0.00885784 0)
(0.729197 -0.0138674 0)
(0.714052 -0.0186887 0)
(0.698042 -0.0232911 0)
(0.681234 -0.027641 -1.60685e-17)
(0.663738 -0.0317096 1.67954e-17)
(0.645669 -0.0354665 0)
(0.627195 -0.0388886 -1.84677e-17)
(0.608498 -0.0419557 0)
(0.589814 -0.0446598 0)
(0.5714 -0.0470025 0)
(0.553547 -0.0490048 0)
(0.53656 -0.0507157 0)
(0.520672 -0.0521702 1.00912e-16)
(0.506283 -0.0534205 5.30463e-17)
(0.493715 -0.0545215 -1.0297e-19)
(0.483382 -0.0555773 5.83865e-17)
(0.475508 -0.0566804 1.21578e-16)
(0.470434 -0.0579559 0)
(0.468247 -0.0595029 -1.29776e-16)
(0.469134 -0.0614342 0)
(0.472991 -0.0638173 -6.75003e-17)
(0.479823 -0.0667359 6.80956e-17)
(0.489365 -0.0702063 6.81332e-17)
(0.501515 -0.0742663 6.80714e-17)
(0.515974 -0.0788924 0)
(0.532628 -0.0840877 -1.31493e-16)
(0.551344 -0.0898363 -1.28643e-16)
(0.572158 -0.0961133 -1.24491e-16)
(0.595381 -0.102975 0)
(0.621295 -0.110461 -1.12726e-16)
(0.650276 -0.118712 1.03694e-16)
(0.683532 -0.127834 -9.36547e-17)
(0.71981 -0.137956 -8.08028e-17)
(0.767593 -0.149759 1.33483e-18)
(0.806184 -0.161536 -8.83875e-17)
(0.906445 -0.180963 4.54015e-17)
)
;

boundaryField
{
    inlet
    {
        type            fixedValue;
        value           uniform (0.97437 0.22495 0);
    }
    outlet
    {
        type            zeroGradient;
    }
    fixedWalls
    {
        type            noSlip;
    }
    frontAndBack
    {
        type            empty;
    }
}


// ************************************************************************* //
