/*--------------------------------*- C++ -*----------------------------------*\
| =========                 |                                                 |
| \\      /  F ield         | OpenFOAM: The Open Source CFD Toolbox           |
|  \\    /   O peration     | Version:  v1912                                 |
|   \\  /    A nd           | Website:  www.openfoam.com                      |
|    \\/     M anipulation  |                                                 |
\*---------------------------------------------------------------------------*/
FoamFile
{
    version     2.0;
    format      ascii;
    class       volScalarField;
    location    "700";
    object      epsilon;
}
// * * * * * * * * * * * * * * * * * * * * * * * * * * * * * * * * * * * * * //

dimensions      [0 2 -3 0 0 0 0];


internalField   nonuniform List<scalar> 
4000
(
5.09864e-07
4.3e-07
3.31281e-07
1.66256e-07
2.06206e-08
1.36777e-08
1.00307e-08
8.99273e-09
9.94315e-09
9.80637e-09
1.14623e-08
8.64748e-09
8.48636e-09
9.67565e-09
1.32845e-08
2.17478e-08
2.00288e-07
3.49131e-07
4.42925e-07
5.21745e-07
5.96989e-07
5.01037e-07
3.59596e-07
2.2946e-07
1.38612e-07
4.41287e-08
2.14322e-08
2.06369e-08
2.12087e-08
2.04869e-08
2.26082e-08
2.10349e-08
2.07436e-08
2.13043e-08
4.58626e-08
1.43088e-07
2.44432e-07
3.66281e-07
5.0777e-07
6.07676e-07
6.56965e-07
5.75078e-07
4.27296e-07
2.90065e-07
2.04533e-07
1.3468e-07
8.3853e-08
2.81188e-08
3.12371e-08
3.45244e-08
3.45792e-08
3.07398e-08
3.09663e-08
8.63999e-08
1.35467e-07
2.05051e-07
2.91061e-07
4.27031e-07
5.78865e-07
6.66312e-07
6.96288e-07
6.36131e-07
5.04817e-07
3.6127e-07
2.46813e-07
1.70798e-07
1.14175e-07
6.81824e-08
3.37878e-08
4.29392e-08
4.11194e-08
3.78267e-08
7.39463e-08
1.18777e-07
1.73756e-07
2.48358e-07
3.58084e-07
5.05811e-07
6.40089e-07
7.04629e-07
7.27854e-07
6.98616e-07
6.09706e-07
4.92562e-07
3.73497e-07
2.63688e-07
1.8495e-07
1.20595e-07
7.29387e-08
5.38188e-08
5.85024e-08
8.13218e-08
1.30621e-07
1.96099e-07
2.75937e-07
3.8449e-07
4.97097e-07
6.13683e-07
7.03464e-07
7.35557e-07
7.5772e-07
7.67738e-07
7.32326e-07
6.71733e-07
6.07e-07
5.41797e-07
4.78863e-07
4.16803e-07
3.63559e-07
3.2173e-07
3.28715e-07
3.7466e-07
4.27998e-07
4.89497e-07
5.5176e-07
6.15941e-07
6.79019e-07
7.38977e-07
7.74643e-07
7.65042e-07
7.91668e-07
8.47174e-07
8.72511e-07
8.74348e-07
8.6418e-07
8.39594e-07
8.02028e-07
7.51412e-07
6.90947e-07
6.18811e-07
6.21805e-07
6.93881e-07
7.55858e-07
8.07854e-07
8.46628e-07
8.71967e-07
8.82399e-07
8.80623e-07
8.55312e-07
7.98696e-07
8.32737e-07
9.39341e-07
1.02654e-06
1.08781e-06
1.12952e-06
1.14619e-06
1.1379e-06
1.10006e-06
1.0306e-06
9.21743e-07
9.2023e-07
1.02583e-06
1.09825e-06
1.13928e-06
1.15051e-06
1.13607e-06
1.09593e-06
1.03539e-06
9.48193e-07
8.39434e-07
8.8741e-07
1.05963e-06
1.21389e-06
1.33684e-06
1.43279e-06
1.49258e-06
1.51579e-06
1.49287e-06
1.41205e-06
1.25639e-06
1.24993e-06
1.40003e-06
1.48577e-06
1.51402e-06
1.49527e-06
1.43867e-06
1.34501e-06
1.22312e-06
1.06865e-06
8.93709e-07
9.71169e-07
1.21531e-06
1.4377e-06
1.61691e-06
1.7647e-06
1.87748e-06
1.95147e-06
1.97509e-06
1.92717e-06
1.75527e-06
1.74196e-06
1.90947e-06
1.96344e-06
1.94583e-06
1.8769e-06
1.76812e-06
1.62328e-06
1.4458e-06
1.22357e-06
9.76869e-07
4.301e-07
4.00278e-07
2.99408e-07
1.45677e-07
3.73287e-08
3.71429e-08
2.30192e-08
1.59142e-08
1.27181e-08
2.09171e-08
1.30931e-08
1.54062e-08
1.65349e-08
2.37545e-08
3.69553e-08
3.85768e-08
1.89375e-07
3.27067e-07
4.30514e-07
4.48922e-07
5.0122e-07
6.29302e-07
4.07783e-07
2.38645e-07
1.77544e-07
1.19155e-07
4.64603e-08
3.37827e-08
2.33851e-08
2.03964e-08
2.06055e-08
2.40035e-08
3.54738e-08
4.94059e-08
1.23805e-07
1.81859e-07
2.55846e-07
4.25634e-07
6.26947e-07
5.19794e-07
5.75271e-07
7.35464e-07
6.61146e-07
4.17543e-07
2.66696e-07
1.8653e-07
1.3419e-07
8.26838e-08
3.98934e-08
2.97406e-08
3.03208e-08
4.23728e-08
8.66627e-08
1.36751e-07
1.87487e-07
2.69639e-07
4.25109e-07
6.67925e-07
7.189e-07
5.9199e-07
6.36297e-07
6.63261e-07
5.87735e-07
4.337e-07
2.88207e-07
1.98257e-07
1.3801e-07
9.47353e-08
6.53943e-08
4.72781e-08
4.87327e-08
6.83882e-08
9.94976e-08
1.42303e-07
2.0251e-07
2.93504e-07
4.40047e-07
5.91854e-07
6.6724e-07
6.51629e-07
6.98737e-07
6.78204e-07
6.01939e-07
4.68694e-07
3.26515e-07
2.233e-07
1.55456e-07
1.05123e-07
7.03516e-08
5.56677e-08
5.61713e-08
7.33313e-08
1.10817e-07
1.62879e-07
2.31768e-07
3.34469e-07
4.7334e-07
6.0889e-07
6.86529e-07
7.1222e-07
7.67791e-07
7.27969e-07
6.68001e-07
5.76748e-07
4.69264e-07
3.5555e-07
2.81676e-07
2.22794e-07
1.83771e-07
1.66171e-07
1.69274e-07
1.88718e-07
2.27808e-07
2.87662e-07
3.60971e-07
4.73279e-07
5.80338e-07
6.73906e-07
7.36746e-07
7.79207e-07
8.47171e-07
7.93317e-07
7.51988e-07
7.02105e-07
6.51472e-07
5.68655e-07
4.63904e-07
3.88298e-07
3.41917e-07
3.12559e-07
3.14921e-07
3.44197e-07
3.89364e-07
4.65901e-07
5.70347e-07
6.53386e-07
7.058e-07
7.56216e-07
8.01369e-07
8.56442e-07
9.393e-07
8.96212e-07
8.90292e-07
8.87099e-07
9.03681e-07
8.92626e-07
8.53976e-07
7.72887e-07
6.77592e-07
5.68584e-07
5.70919e-07
6.76961e-07
7.71133e-07
8.50229e-07
8.91442e-07
9.05394e-07
8.9222e-07
8.95382e-07
9.04538e-07
9.47006e-07
1.05957e-06
1.13064e-06
1.24004e-06
1.32476e-06
1.4056e-06
1.45171e-06
1.46214e-06
1.4109e-06
1.27732e-06
1.03559e-06
1.0292e-06
1.26269e-06
1.40174e-06
1.45846e-06
1.4527e-06
1.40943e-06
1.33116e-06
1.24783e-06
1.14002e-06
1.06613e-06
1.21523e-06
1.53254e-06
1.83561e-06
2.0958e-06
2.3252e-06
2.51421e-06
2.65261e-06
2.71666e-06
2.67106e-06
2.46076e-06
2.4379e-06
2.64464e-06
2.69831e-06
2.64251e-06
2.51106e-06
2.32729e-06
2.10154e-06
1.84313e-06
1.53979e-06
1.21924e-06
3.31391e-07
2.99436e-07
1.98281e-07
5.6343e-08
5.55189e-08
5.69205e-08
3.44668e-08
2.35524e-08
2.08287e-08
1.58972e-08
2.13041e-08
1.69823e-08
2.4791e-08
3.53844e-08
5.64867e-08
5.15322e-08
5.96745e-08
2.36599e-07
3.27856e-07
3.54223e-07
3.59787e-07
4.07886e-07
2.84157e-07
2.11254e-07
1.85348e-07
1.22193e-07
6.36696e-08
4.48802e-08
3.05877e-08
2.55941e-08
2.53301e-08
3.24959e-08
4.70117e-08
6.61659e-08
1.27552e-07
1.90312e-07
2.18929e-07
3.06177e-07
4.3318e-07
3.79133e-07
4.27574e-07
6.61513e-07
5.45675e-07
3.70553e-07
2.61704e-07
1.96178e-07
1.48245e-07
9.61863e-08
5.54018e-08
3.71792e-08
3.91324e-08
5.95679e-08
9.99538e-08
1.51125e-07
1.99194e-07
2.68056e-07
3.8466e-07
5.76028e-07
6.93922e-07
4.47618e-07
5.05089e-07
5.87904e-07
5.36801e-07
4.04994e-07
2.86872e-07
2.07178e-07
1.51805e-07
1.12072e-07
8.27437e-08
5.62154e-08
5.87993e-08
8.5896e-08
1.16156e-07
1.56179e-07
2.12361e-07
2.94167e-07
4.16049e-07
5.51621e-07
6.02121e-07
5.25284e-07
6.09897e-07
6.02079e-07
5.17015e-07
4.01335e-07
2.87339e-07
2.05919e-07
1.49598e-07
1.07904e-07
7.95073e-08
6.63353e-08
6.68309e-08
8.1905e-08
1.12409e-07
1.55175e-07
2.11798e-07
2.93091e-07
4.07691e-07
5.29105e-07
6.19004e-07
6.27806e-07
7.32428e-07
6.68103e-07
5.73573e-07
4.60108e-07
3.46927e-07
2.52204e-07
1.89633e-07
1.43533e-07
1.12187e-07
9.84719e-08
9.90369e-08
1.13569e-07
1.45904e-07
1.92984e-07
2.55196e-07
3.48693e-07
4.62873e-07
5.82375e-07
6.82138e-07
7.47725e-07
8.72529e-07
7.52083e-07
6.648e-07
5.44255e-07
4.30416e-07
3.40307e-07
2.67477e-07
2.15363e-07
1.81081e-07
1.61658e-07
1.62035e-07
1.80885e-07
2.14437e-07
2.6668e-07
3.39032e-07
4.28313e-07
5.44114e-07
6.71929e-07
7.64003e-07
8.8409e-07
1.0265e-06
8.90368e-07
8.63261e-07
7.59809e-07
5.87012e-07
5.33864e-07
4.86356e-07
4.29663e-07
3.63901e-07
2.87628e-07
2.85553e-07
3.59997e-07
4.25877e-07
4.82503e-07
5.30893e-07
5.87038e-07
7.57412e-07
8.72098e-07
9.02013e-07
1.03519e-06
1.21382e-06
1.24008e-06
1.4586e-06
1.65784e-06
1.82822e-06
1.88223e-06
1.8925e-06
1.78725e-06
1.49991e-06
1.01017e-06
1.00246e-06
1.48611e-06
1.78074e-06
1.89251e-06
1.8879e-06
1.8343e-06
1.66837e-06
1.47035e-06
1.25244e-06
1.22103e-06
1.43759e-06
1.83556e-06
2.22107e-06
2.56568e-06
2.88137e-06
3.1523e-06
3.36233e-06
3.47429e-06
3.43683e-06
3.16873e-06
3.13453e-06
3.40075e-06
3.44864e-06
3.347e-06
3.14565e-06
2.88114e-06
2.56987e-06
2.22725e-06
1.84142e-06
1.44041e-06
1.66622e-07
1.45802e-07
5.63488e-08
6.10421e-08
7.25458e-08
6.10934e-08
4.36283e-08
3.27504e-08
2.55797e-08
2.25504e-08
2.27821e-08
2.58354e-08
3.34791e-08
4.44804e-08
6.20037e-08
7.26661e-08
5.83686e-08
6.74088e-08
1.93053e-07
2.11245e-07
2.2967e-07
2.38738e-07
2.11285e-07
1.99392e-07
1.63992e-07
1.01969e-07
6.67872e-08
5.00658e-08
3.7683e-08
3.20493e-08
3.31287e-08
3.98423e-08
5.24016e-08
6.94102e-08
1.07045e-07
1.70983e-07
2.03517e-07
2.14324e-07
2.6087e-07
2.54533e-07
2.90252e-07
4.17821e-07
3.70632e-07
2.91336e-07
2.28826e-07
1.85883e-07
1.42843e-07
9.46044e-08
6.07538e-08
4.43147e-08
4.66144e-08
6.47764e-08
9.89671e-08
1.46273e-07
1.89384e-07
2.35212e-07
3.01937e-07
3.89768e-07
4.46096e-07
3.04995e-07
3.61549e-07
4.33985e-07
4.0511e-07
3.27665e-07
2.51533e-07
1.93685e-07
1.49927e-07
1.16426e-07
8.68286e-08
6.18379e-08
6.48904e-08
9.05262e-08
1.20202e-07
1.54475e-07
1.99507e-07
2.59921e-07
3.40112e-07
4.23705e-07
4.58434e-07
3.78675e-07
4.92787e-07
4.68933e-07
4.01455e-07
3.22874e-07
2.47545e-07
1.88439e-07
1.43978e-07
1.09881e-07
8.6558e-08
7.49375e-08
7.59909e-08
8.91039e-08
1.14042e-07
1.48967e-07
1.93909e-07
2.53907e-07
3.31778e-07
4.16046e-07
4.9033e-07
5.13467e-07
6.71852e-07
5.76904e-07
4.60211e-07
3.61339e-07
2.76266e-07
2.06458e-07
1.56306e-07
1.18783e-07
9.17544e-08
7.79301e-08
7.75831e-08
9.25235e-08
1.2099e-07
1.59423e-07
2.09659e-07
2.79542e-07
3.6675e-07
4.71337e-07
5.9363e-07
6.89636e-07
8.74369e-07
7.02172e-07
5.44362e-07
4.20328e-07
3.2908e-07
2.56133e-07
2.0105e-07
1.60114e-07
1.29513e-07
1.09863e-07
1.08914e-07
1.2842e-07
1.59534e-07
2.01022e-07
2.56131e-07
3.29383e-07
4.231e-07
5.53745e-07
7.13216e-07
8.86985e-07
1.08776e-06
8.8711e-07
7.59924e-07
5.90038e-07
5.24687e-07
4.94477e-07
4.66282e-07
4.22738e-07
3.50351e-07
2.56011e-07
2.50185e-07
3.46422e-07
4.21521e-07
4.66908e-07
4.96391e-07
5.27546e-07
5.94046e-07
7.72105e-07
8.95779e-07
1.09649e-06
1.33676e-06
1.32478e-06
1.65786e-06
1.97937e-06
2.22969e-06
2.50509e-06
2.69344e-06
2.68215e-06
2.32888e-06
1.68128e-06
1.63683e-06
2.30638e-06
2.67368e-06
2.69589e-06
2.51853e-06
2.24892e-06
2.00213e-06
1.67328e-06
1.3365e-06
1.3436e-06
1.61678e-06
2.09571e-06
2.56564e-06
3.00203e-06
3.42112e-06
3.80011e-06
4.10546e-06
4.28579e-06
4.27271e-06
4.01094e-06
3.95871e-06
4.22572e-06
4.25178e-06
4.08385e-06
3.78902e-06
3.41789e-06
3.00386e-06
2.56926e-06
2.09901e-06
1.61772e-06
2.06539e-08
3.73198e-08
5.54818e-08
7.26086e-08
7.08983e-08
6.03051e-08
4.84452e-08
3.84988e-08
3.13021e-08
2.88475e-08
2.87877e-08
3.20069e-08
3.97924e-08
4.98063e-08
6.18427e-08
7.22947e-08
7.26445e-08
5.21615e-08
3.94466e-08
2.32403e-08
1.38697e-07
1.77579e-07
1.85386e-07
1.64021e-07
1.2088e-07
8.48897e-08
6.4596e-08
5.01085e-08
4.078e-08
4.04221e-08
4.02782e-08
4.26277e-08
5.28222e-08
6.74645e-08
8.86546e-08
1.27158e-07
1.71219e-07
1.89306e-07
1.85351e-07
1.50037e-07
2.04663e-07
2.66855e-07
2.61784e-07
2.28853e-07
1.95628e-07
1.63634e-07
1.2396e-07
8.39205e-08
5.81814e-08
4.87678e-08
5.03882e-08
6.21773e-08
8.88927e-08
1.28464e-07
1.67812e-07
2.00948e-07
2.36746e-07
2.72688e-07
2.81747e-07
2.15491e-07
2.4702e-07
2.88417e-07
2.86989e-07
2.51573e-07
2.08518e-07
1.70436e-07
1.38478e-07
1.09855e-07
8.14548e-08
6.31696e-08
6.57021e-08
8.57411e-08
1.1388e-07
1.42965e-07
1.76084e-07
2.1624e-07
2.6213e-07
3.01052e-07
3.06189e-07
2.62458e-07
3.73706e-07
3.26774e-07
2.87487e-07
2.47599e-07
2.04377e-07
1.65283e-07
1.32525e-07
1.06229e-07
8.82189e-08
7.85495e-08
7.96694e-08
9.06898e-08
1.10086e-07
1.37189e-07
1.70717e-07
2.11191e-07
2.57167e-07
3.02333e-07
3.50712e-07
4.00464e-07
6.07113e-07
4.6946e-07
3.47086e-07
2.76337e-07
2.20995e-07
1.74068e-07
1.36893e-07
1.07997e-07
8.76127e-08
7.93757e-08
7.93289e-08
8.88145e-08
1.10581e-07
1.40373e-07
1.78212e-07
2.26323e-07
2.84444e-07
3.60001e-07
4.87952e-07
6.26291e-07
8.64199e-07
6.51556e-07
4.30564e-07
3.29166e-07
2.66624e-07
2.16631e-07
1.77113e-07
1.465e-07
1.22312e-07
1.08252e-07
1.0747e-07
1.2213e-07
1.47487e-07
1.79059e-07
2.19414e-07
2.70801e-07
3.35751e-07
4.40082e-07
6.62782e-07
8.76984e-07
1.12947e-06
9.03647e-07
5.87291e-07
5.24818e-07
5.3656e-07
5.50145e-07
5.53913e-07
5.28648e-07
4.48357e-07
3.27954e-07
3.20654e-07
4.44597e-07
5.29701e-07
5.58477e-07
5.5776e-07
5.46446e-07
5.35938e-07
6.01324e-07
9.08847e-07
1.13734e-06
1.4327e-06
1.40559e-06
1.82821e-06
2.22981e-06
2.86233e-06
3.45706e-06
3.88755e-06
3.9879e-06
3.50986e-06
2.57101e-06
2.51215e-06
3.45898e-06
3.96264e-06
3.87482e-06
3.46529e-06
2.88583e-06
2.25947e-06
1.84136e-06
1.4144e-06
1.43812e-06
1.76456e-06
2.32509e-06
2.88129e-06
3.42108e-06
3.97703e-06
4.49016e-06
4.9215e-06
5.20833e-06
5.27156e-06
5.07396e-06
5.00449e-06
5.21023e-06
5.16316e-06
4.8907e-06
4.47164e-06
3.96862e-06
3.41843e-06
2.88036e-06
2.32442e-06
1.76288e-06
1.36895e-08
3.70369e-08
5.68308e-08
6.11381e-08
6.0319e-08
5.58112e-08
4.92394e-08
4.21207e-08
3.65744e-08
3.58034e-08
3.55697e-08
3.75732e-08
4.39388e-08
5.12548e-08
5.79838e-08
6.25689e-08
6.33829e-08
5.84833e-08
3.7724e-08
1.42616e-08
4.41355e-08
1.1925e-07
1.22288e-07
1.02063e-07
8.49229e-08
7.09268e-08
5.88669e-08
4.83898e-08
4.31224e-08
4.77131e-08
4.6773e-08
4.46079e-08
5.12476e-08
6.20475e-08
7.45002e-08
8.94311e-08
1.09312e-07
1.32275e-07
1.3104e-07
5.40413e-08
1.3474e-07
1.86593e-07
1.96231e-07
1.85901e-07
1.63643e-07
1.33341e-07
9.94248e-08
7.08471e-08
5.43738e-08
5.1552e-08
5.19225e-08
5.77587e-08
7.58843e-08
1.0481e-07
1.38537e-07
1.68789e-07
1.91331e-07
2.02916e-07
1.94391e-07
1.42615e-07
1.70922e-07
1.98406e-07
2.07276e-07
1.93734e-07
1.70456e-07
1.45684e-07
1.21341e-07
9.55525e-08
7.23424e-08
6.25402e-08
6.39708e-08
7.66186e-08
1.00168e-07
1.25854e-07
1.50935e-07
1.76997e-07
2.01887e-07
2.17155e-07
2.09861e-07
1.81191e-07
2.63871e-07
2.23474e-07
2.06034e-07
1.885e-07
1.65306e-07
1.40472e-07
1.1722e-07
9.79892e-08
8.47325e-08
7.93326e-08
8.00923e-08
8.70912e-08
1.01514e-07
1.21571e-07
1.45638e-07
1.7172e-07
1.96901e-07
2.17683e-07
2.40741e-07
2.88716e-07
5.41873e-07
3.55703e-07
2.52336e-07
2.06539e-07
1.74099e-07
1.44902e-07
1.194e-07
9.89509e-08
8.6503e-08
8.87695e-08
8.88708e-08
8.80146e-08
1.0173e-07
1.23063e-07
1.49431e-07
1.79913e-07
2.14398e-07
2.63009e-07
3.70441e-07
5.60429e-07
8.3961e-07
5.68807e-07
3.40454e-07
2.5624e-07
2.16678e-07
1.87683e-07
1.63679e-07
1.44711e-07
1.30726e-07
1.3309e-07
1.33382e-07
1.3208e-07
1.47262e-07
1.67279e-07
1.92317e-07
2.22569e-07
2.63416e-07
3.4914e-07
5.828e-07
8.51584e-07
1.14616e-06
8.92627e-07
5.33921e-07
4.94567e-07
5.50197e-07
6.10204e-07
6.51327e-07
6.43298e-07
5.47583e-07
4.00577e-07
3.94513e-07
5.45803e-07
6.46261e-07
6.57506e-07
6.19234e-07
5.61713e-07
5.04246e-07
5.37608e-07
8.96751e-07
1.1524e-06
1.4925e-06
1.45167e-06
1.8822e-06
2.50504e-06
3.45714e-06
4.33221e-06
4.98601e-06
5.14473e-06
4.40195e-06
3.06934e-06
3.00907e-06
4.34737e-06
5.1116e-06
4.95957e-06
4.31003e-06
3.4668e-06
2.52391e-06
1.89474e-06
1.45664e-06
1.4954e-06
1.87735e-06
2.51408e-06
3.15218e-06
3.80003e-06
4.49012e-06
5.14517e-06
5.71739e-06
6.13494e-06
6.31956e-06
6.24689e-06
6.15915e-06
6.24709e-06
6.08056e-06
5.67706e-06
5.11624e-06
4.47241e-06
3.7896e-06
3.14459e-06
2.50815e-06
1.87238e-06
9.985e-09
2.29887e-08
3.43599e-08
4.36862e-08
4.84062e-08
4.92197e-08
4.73559e-08
4.43547e-08
4.23325e-08
4.59171e-08
4.54055e-08
4.34981e-08
4.65541e-08
4.98066e-08
5.17221e-08
5.08353e-08
4.60113e-08
3.73224e-08
2.54675e-08
1.03461e-08
2.13501e-08
4.68736e-08
6.3618e-08
6.68782e-08
6.46537e-08
5.88854e-08
5.2266e-08
4.71761e-08
4.8883e-08
6.88063e-08
6.58012e-08
4.95174e-08
4.99406e-08
5.55704e-08
6.24124e-08
6.83266e-08
7.09396e-08
6.88735e-08
5.2417e-08
2.26938e-08
8.43255e-08
1.34361e-07
1.48378e-07
1.42915e-07
1.24e-07
9.94419e-08
7.69028e-08
6.04664e-08
5.51616e-08
6.93411e-08
6.69232e-08
5.70022e-08
6.49185e-08
8.23634e-08
1.05509e-07
1.30385e-07
1.49521e-07
1.55804e-07
1.428e-07
9.11491e-08
1.14319e-07
1.38169e-07
1.51915e-07
1.49993e-07
1.38518e-07
1.21361e-07
1.00512e-07
7.93271e-08
6.80844e-08
8.39716e-08
8.12454e-08
7.08338e-08
8.41992e-08
1.05558e-07
1.26616e-07
1.44464e-07
1.56925e-07
1.59928e-07
1.47144e-07
1.23405e-07
1.85026e-07
1.5558e-07
1.49693e-07
1.44039e-07
1.32559e-07
1.17236e-07
1.01334e-07
8.77903e-08
8.25165e-08
1.09997e-07
1.05672e-07
8.39497e-08
9.10691e-08
1.05415e-07
1.22091e-07
1.38407e-07
1.51244e-07
1.58858e-07
1.68373e-07
2.04821e-07
4.7886e-07
2.81765e-07
1.89722e-07
1.56373e-07
1.36931e-07
1.19415e-07
1.03085e-07
9.02847e-08
8.92358e-08
1.3699e-07
1.32181e-07
8.99998e-08
9.28667e-08
1.0655e-07
1.23665e-07
1.42093e-07
1.62669e-07
1.97614e-07
2.9375e-07
4.96588e-07
8.0202e-07
4.63998e-07
2.67577e-07
2.01136e-07
1.77167e-07
1.63699e-07
1.53013e-07
1.45176e-07
1.45708e-07
2.07497e-07
2.04909e-07
1.47472e-07
1.48375e-07
1.571e-07
1.68455e-07
1.82352e-07
2.06366e-07
2.73312e-07
4.7516e-07
8.12514e-07
1.13788e-06
8.54e-07
4.86404e-07
4.66332e-07
5.53944e-07
6.51322e-07
7.21677e-07
7.13506e-07
5.83536e-07
4.56865e-07
4.5182e-07
5.85642e-07
7.18742e-07
7.28012e-07
6.58916e-07
5.62581e-07
4.72483e-07
4.87139e-07
8.56559e-07
1.14198e-06
1.51574e-06
1.46209e-06
1.89235e-06
2.69321e-06
3.8873e-06
4.98567e-06
5.82654e-06
5.88242e-06
4.56585e-06
3.12373e-06
3.0673e-06
4.54954e-06
5.87088e-06
5.80382e-06
4.9583e-06
3.88159e-06
2.69825e-06
1.89585e-06
1.46159e-06
1.51524e-06
1.95138e-06
2.6525e-06
3.36221e-06
4.10535e-06
4.9214e-06
5.71732e-06
6.44311e-06
7.03102e-06
7.43787e-06
7.70522e-06
7.59124e-06
7.35503e-06
6.96873e-06
6.39419e-06
5.67879e-06
4.89309e-06
4.08507e-06
3.34644e-06
2.64046e-06
1.9427e-06
8.83476e-09
1.6765e-08
2.45097e-08
3.2599e-08
3.85419e-08
4.2164e-08
4.4377e-08
4.66182e-08
5.00668e-08
5.94267e-08
5.86126e-08
5.12695e-08
4.89628e-08
4.69157e-08
4.46476e-08
4.0845e-08
3.47291e-08
2.60751e-08
1.73019e-08
8.92691e-09
2.05159e-08
3.40931e-08
4.49059e-08
4.99853e-08
5.01154e-08
4.84041e-08
4.71837e-08
4.98318e-08
6.44146e-08
1.08208e-07
1.02104e-07
6.33505e-08
5.20631e-08
5.02564e-08
5.17851e-08
5.36848e-08
5.36689e-08
4.83014e-08
3.6807e-08
2.1621e-08
2.85413e-08
8.29271e-08
9.62324e-08
9.46583e-08
8.39636e-08
7.08708e-08
6.0476e-08
5.72406e-08
7.33047e-08
1.8587e-07
1.75158e-07
7.19017e-08
6.04198e-08
6.52564e-08
7.66534e-08
9.05847e-08
1.0204e-07
1.04442e-07
9.11017e-08
3.54011e-08
6.87785e-08
9.49684e-08
1.12203e-07
1.16509e-07
1.09915e-07
9.55891e-08
7.93426e-08
6.98248e-08
9.35831e-08
3.44894e-07
3.18892e-07
9.06139e-08
7.36916e-08
8.47856e-08
1.01489e-07
1.15943e-07
1.228e-07
1.19019e-07
1.02607e-07
7.72657e-08
1.2092e-07
1.05299e-07
1.08015e-07
1.0995e-07
1.06275e-07
9.80178e-08
8.78051e-08
8.1784e-08
1.2376e-07
6.40173e-07
5.79071e-07
1.1745e-07
8.44593e-08
9.16132e-08
1.02359e-07
1.11302e-07
1.15815e-07
1.15003e-07
1.14925e-07
1.37554e-07
4.16735e-07
2.22863e-07
1.43612e-07
1.18844e-07
1.08037e-07
9.89727e-08
9.02936e-08
8.80412e-08
1.52569e-07
9.52475e-07
8.67316e-07
1.43776e-07
8.9632e-08
9.31741e-08
1.02425e-07
1.1198e-07
1.23331e-07
1.49165e-07
2.32358e-07
4.33218e-07
7.51335e-07
3.88337e-07
2.15431e-07
1.6018e-07
1.46547e-07
1.44734e-07
1.45183e-07
1.51913e-07
2.39274e-07
1.24325e-06
1.15255e-06
2.31313e-07
1.54499e-07
1.4875e-07
1.48465e-07
1.50017e-07
1.63042e-07
2.18132e-07
3.93908e-07
7.60181e-07
1.10008e-06
7.72912e-07
4.29708e-07
4.22765e-07
5.28655e-07
6.43284e-07
7.13493e-07
6.70324e-07
5.78019e-07
1.44166e-06
1.36019e-06
5.76825e-07
6.79393e-07
7.2046e-07
6.49078e-07
5.33843e-07
4.26048e-07
4.29476e-07
7.77273e-07
1.10196e-06
1.49289e-06
1.41092e-06
1.78706e-06
2.68178e-06
3.98751e-06
5.14436e-06
5.8821e-06
5.36579e-06
3.67789e-06
5.27335e-06
5.11372e-06
3.69778e-06
5.41362e-06
5.88272e-06
5.12739e-06
3.97351e-06
2.67853e-06
1.78669e-06
1.40638e-06
1.48894e-06
1.9751e-06
2.71666e-06
3.47425e-06
4.28572e-06
5.20825e-06
6.13484e-06
7.03091e-06
7.87638e-06
8.77083e-06
1.00879e-05
9.91663e-06
8.66505e-06
7.80147e-06
6.97121e-06
6.08576e-06
5.16872e-06
4.25528e-06
3.45006e-06
2.69815e-06
1.96241e-06
9.12486e-09
1.77238e-08
1.75507e-08
2.53326e-08
3.12001e-08
3.65608e-08
4.2343e-08
5.00788e-08
5.62201e-08
6.74226e-08
6.69511e-08
5.74167e-08
5.19251e-08
4.42797e-08
3.84218e-08
3.29135e-08
2.67002e-08
1.8208e-08
1.82212e-08
8.99055e-09
2.06666e-08
2.33528e-08
3.08219e-08
3.77322e-08
4.08591e-08
4.31636e-08
4.89153e-08
6.44538e-08
1.03192e-07
7.51262e-07
7.13478e-07
1.00864e-07
6.48293e-08
5.06477e-08
4.53959e-08
4.33633e-08
4.05602e-08
3.3578e-08
2.52759e-08
2.13242e-08
3.07051e-08
3.95532e-08
5.54892e-08
6.08202e-08
5.82281e-08
5.44017e-08
5.51904e-08
7.33454e-08
2.27128e-07
2.8197e-06
2.69988e-06
2.19269e-07
7.35649e-08
5.81053e-08
5.84443e-08
6.30277e-08
6.61394e-08
6.1927e-08
4.50765e-08
3.168e-08
3.33361e-08
6.54855e-08
8.28255e-08
8.68926e-08
8.15056e-08
7.23757e-08
6.81154e-08
9.36254e-08
4.82273e-07
5.81224e-06
5.55346e-06
4.47497e-07
9.26885e-08
7.2087e-08
7.76718e-08
8.73623e-08
9.28279e-08
8.85554e-08
7.07796e-08
4.08396e-08
7.25331e-08
7.03431e-08
7.95486e-08
8.66063e-08
8.8267e-08
8.47719e-08
8.25522e-08
1.23799e-07
9.26558e-07
9.96957e-06
9.49571e-06
8.45386e-07
1.20091e-07
8.54259e-08
8.80926e-08
9.15421e-08
8.98856e-08
8.32001e-08
7.63943e-08
8.65755e-08
3.63319e-07
1.83658e-07
1.12194e-07
9.17959e-08
8.76502e-08
8.65279e-08
8.92526e-08
1.52573e-07
1.41204e-06
1.41533e-05
1.34333e-05
1.2738e-06
1.45405e-07
9.06393e-08
8.83772e-08
8.95542e-08
9.40102e-08
1.15588e-07
1.91185e-07
3.7878e-07
6.90839e-07
3.4185e-07
1.81091e-07
1.29555e-07
1.22352e-07
1.30751e-07
1.45718e-07
2.39249e-07
1.873e-06
1.68186e-05
1.59261e-05
1.70105e-06
2.31408e-07
1.47555e-07
1.32726e-07
1.23876e-07
1.30742e-07
1.82794e-07
3.46364e-07
6.98004e-07
1.03068e-06
6.77535e-07
3.63926e-07
3.5041e-07
4.4842e-07
5.47645e-07
5.83608e-07
5.78039e-07
2.13432e-06
1.61854e-05
1.53103e-05
1.96386e-06
5.78884e-07
5.90907e-07
5.52013e-07
4.51231e-07
3.52048e-07
3.63673e-07
6.81372e-07
1.02983e-06
1.41223e-06
1.2775e-06
1.49968e-06
2.32901e-06
3.51009e-06
4.40239e-06
4.56661e-06
3.67814e-06
4.98114e-06
1.29087e-05
1.24148e-05
4.77583e-06
3.70751e-06
4.59774e-06
4.3933e-06
3.49112e-06
2.31958e-06
1.49913e-06
1.26934e-06
1.40426e-06
1.92737e-06
2.6713e-06
3.43704e-06
4.27289e-06
5.27168e-06
6.31953e-06
7.43759e-06
8.77035e-06
1.07761e-05
1.3792e-05
1.3557e-05
1.06e-05
8.65946e-06
7.35674e-06
6.25459e-06
5.21848e-06
4.23105e-06
3.40358e-06
2.64553e-06
1.9101e-06
1.27359e-08
1.29891e-08
2.18312e-08
2.29086e-08
2.89481e-08
3.58654e-08
4.59722e-08
5.94662e-08
6.74445e-08
7.49828e-08
7.49926e-08
6.80242e-08
5.99628e-08
4.6507e-08
3.64438e-08
2.95334e-08
2.36141e-08
2.25129e-08
1.30625e-08
1.21696e-08
2.32892e-08
2.10284e-08
2.5062e-08
3.24989e-08
4.04796e-08
4.77659e-08
6.88702e-08
1.08269e-07
7.51515e-07
1.118e-06
1.10002e-06
7.32369e-07
1.05808e-07
6.80665e-08
4.79465e-08
4.11532e-08
3.38312e-08
2.62675e-08
2.1482e-08
2.35478e-08
3.54493e-08
2.9783e-08
3.72978e-08
4.43755e-08
4.88175e-08
5.15877e-08
6.93921e-08
1.85928e-07
2.81995e-06
2.48034e-06
2.45584e-06
2.74276e-06
1.80582e-07
6.90326e-08
5.26516e-08
5.08248e-08
4.72514e-08
4.02712e-08
3.15946e-08
3.57435e-08
4.29674e-08
4.7241e-08
5.62582e-08
6.18786e-08
6.32098e-08
6.25772e-08
8.40229e-08
3.44905e-07
5.81206e-06
4.30841e-06
4.29834e-06
5.61521e-06
3.27968e-07
8.34376e-08
6.43749e-08
6.58483e-08
6.55516e-08
6.09639e-08
5.15864e-08
4.2398e-08
5.29591e-08
5.54392e-08
6.62999e-08
7.49605e-08
7.85938e-08
7.93787e-08
1.10046e-07
6.40077e-07
9.96832e-06
6.70304e-06
6.73736e-06
9.56242e-06
5.97535e-07
1.07824e-07
8.01695e-08
7.91453e-08
7.46226e-08
6.61993e-08
5.88986e-08
6.69784e-08
3.21187e-07
1.65901e-07
9.84017e-08
7.7946e-08
7.94056e-08
8.87977e-08
1.37e-07
9.52024e-07
1.41501e-05
9.48918e-06
9.59797e-06
1.34832e-05
8.79191e-07
1.31847e-07
8.74744e-08
7.83106e-08
7.76662e-08
1.00065e-07
1.72783e-07
3.35905e-07
6.1874e-07
3.1242e-07
1.61629e-07
1.09887e-07
1.08288e-07
1.33114e-07
2.0747e-07
1.24252e-06
1.68135e-05
1.22484e-05
1.2465e-05
1.59469e-05
1.15482e-06
2.02318e-07
1.31937e-07
1.07477e-07
1.09867e-07
1.63063e-07
3.16908e-07
6.23999e-07
9.21902e-07
5.68572e-07
2.87734e-07
2.5617e-07
3.28148e-07
4.00775e-07
4.56961e-07
1.44076e-06
1.6179e-05
1.36861e-05
1.40036e-05
1.52901e-05
1.35377e-06
4.55679e-07
4.02153e-07
3.27868e-07
2.55434e-07
2.87106e-07
5.71927e-07
9.17658e-07
1.25671e-06
1.03603e-06
1.01112e-06
1.68242e-06
2.57251e-06
3.07107e-06
3.12446e-06
5.27171e-06
1.29041e-05
1.41159e-05
1.43844e-05
1.23671e-05
5.08054e-06
3.08275e-06
3.05817e-06
2.54478e-06
1.6571e-06
1.00551e-06
1.02404e-06
1.24368e-06
1.75571e-06
2.46129e-06
3.16936e-06
4.0116e-06
5.0745e-06
6.24708e-06
7.70466e-06
1.00861e-05
1.37892e-05
1.46705e-05
1.48392e-05
1.35364e-05
9.88945e-06
7.57833e-06
6.15865e-06
5.00479e-06
3.95645e-06
3.12765e-06
2.42873e-06
1.73293e-06
9.01294e-09
1.78958e-08
1.54812e-08
2.24184e-08
2.86715e-08
3.55555e-08
4.53992e-08
5.85969e-08
6.69397e-08
7.49956e-08
7.48254e-08
6.73156e-08
5.91342e-08
4.58212e-08
3.59309e-08
2.90962e-08
2.29212e-08
1.57222e-08
1.83091e-08
9.01351e-09
2.0112e-08
2.03171e-08
2.58563e-08
3.2821e-08
4.04191e-08
4.68413e-08
6.5795e-08
1.0201e-07
7.12519e-07
1.09957e-06
1.09536e-06
7.1716e-07
1.03502e-07
6.66444e-08
4.72704e-08
4.07742e-08
3.33754e-08
2.64445e-08
2.09019e-08
2.05864e-08
3.3751e-08
3.03216e-08
3.90633e-08
4.66825e-08
5.04737e-08
5.1972e-08
6.6917e-08
1.74939e-07
2.69629e-06
2.45517e-06
2.44318e-06
2.68463e-06
1.75423e-07
6.73314e-08
5.2204e-08
5.08332e-08
4.73752e-08
4.0403e-08
3.14093e-08
3.47469e-08
4.12833e-08
4.87151e-08
5.88718e-08
6.49841e-08
6.57838e-08
6.40335e-08
8.12316e-08
3.18326e-07
5.54503e-06
4.2979e-06
4.27341e-06
5.47488e-06
3.14814e-07
8.09269e-08
6.40115e-08
6.59148e-08
6.58069e-08
6.11369e-08
5.14782e-08
4.19052e-08
5.86784e-08
5.62196e-08
6.68692e-08
7.60297e-08
7.97212e-08
8.01392e-08
1.05614e-07
5.77414e-07
9.4796e-06
6.7378e-06
6.69719e-06
9.28949e-06
5.61638e-07
1.03652e-07
7.90524e-08
7.8289e-08
7.37897e-08
6.55671e-08
5.95911e-08
7.20883e-08
3.28785e-07
1.691e-07
9.90131e-08
7.75898e-08
7.93437e-08
8.88892e-08
1.32085e-07
8.64845e-07
1.34082e-05
9.59998e-06
9.54398e-06
1.30617e-05
8.2585e-07
1.26607e-07
8.59323e-08
7.71915e-08
7.69699e-08
1.00618e-07
1.75723e-07
3.41579e-07
6.21968e-07
3.14961e-07
1.6207e-07
1.08923e-07
1.07472e-07
1.33392e-07
2.04813e-07
1.14968e-06
1.58948e-05
1.24694e-05
1.24077e-05
1.54225e-05
1.0933e-06
1.96598e-07
1.29949e-07
1.05992e-07
1.09122e-07
1.63674e-07
3.18999e-07
6.25047e-07
9.20377e-07
5.71088e-07
2.85615e-07
2.50158e-07
3.2058e-07
3.9443e-07
4.51668e-07
1.3573e-06
1.52791e-05
1.40108e-05
1.39691e-05
1.47594e-05
1.2951e-06
4.47835e-07
3.9525e-07
3.21025e-07
2.5061e-07
2.8535e-07
5.7309e-07
9.13665e-07
1.25001e-06
1.02939e-06
1.00288e-06
1.63643e-06
2.51147e-06
3.00834e-06
3.06602e-06
5.1073e-06
1.23962e-05
1.43901e-05
1.43248e-05
1.20504e-05
4.9614e-06
3.03427e-06
3.01216e-06
2.49678e-06
1.62024e-06
9.94509e-07
1.01554e-06
1.23406e-06
1.74191e-06
2.43761e-06
3.13396e-06
3.95755e-06
5.00263e-06
6.1564e-06
7.58714e-06
9.90984e-06
1.35477e-05
1.4843e-05
1.47545e-05
1.33012e-05
9.71874e-06
7.46115e-06
6.06997e-06
4.93456e-06
3.90259e-06
3.09005e-06
2.40173e-06
1.71538e-06
8.65564e-09
1.31269e-08
2.18569e-08
2.61913e-08
3.20423e-08
3.75982e-08
4.35221e-08
5.1294e-08
5.74407e-08
6.80387e-08
6.73378e-08
5.72728e-08
5.14749e-08
4.37662e-08
3.79208e-08
3.24904e-08
2.66631e-08
2.21389e-08
1.3433e-08
9.33192e-09
2.03625e-08
2.39659e-08
3.23781e-08
3.99824e-08
4.27114e-08
4.46701e-08
4.9553e-08
6.33528e-08
1.00808e-07
7.31695e-07
7.1763e-07
1.00274e-07
6.38919e-08
4.99782e-08
4.49983e-08
4.3115e-08
4.04275e-08
3.31958e-08
2.50481e-08
2.12605e-08
3.04409e-08
4.26166e-08
5.95648e-08
6.49009e-08
6.22965e-08
5.78495e-08
5.70588e-08
7.1895e-08
2.19019e-07
2.73996e-06
2.68572e-06
2.15612e-07
7.21228e-08
5.7615e-08
5.84833e-08
6.32129e-08
6.63038e-08
6.18471e-08
4.56281e-08
3.11685e-08
3.80201e-08
6.85098e-08
8.60368e-08
9.065e-08
8.58582e-08
7.67225e-08
7.09062e-08
9.05681e-08
4.46508e-07
5.60826e-06
5.4765e-06
4.33531e-07
9.00116e-08
7.15252e-08
7.76333e-08
8.71161e-08
9.22083e-08
8.77865e-08
7.0424e-08
4.21625e-08
8.18239e-08
7.3521e-08
8.20202e-08
8.91954e-08
9.07663e-08
8.71556e-08
8.3993e-08
1.17313e-07
8.43052e-07
9.5486e-06
9.29136e-06
8.05797e-07
1.14897e-07
8.37715e-08
8.68174e-08
9.02851e-08
8.87461e-08
8.23527e-08
7.69008e-08
9.20798e-08
3.74962e-07
1.8882e-07
1.13648e-07
9.25731e-08
8.88547e-08
8.80508e-08
9.00162e-08
1.43549e-07
1.26982e-06
1.34613e-05
1.30636e-05
1.20169e-06
1.38265e-07
8.86944e-08
8.70318e-08
8.82279e-08
9.2862e-08
1.15614e-07
1.94207e-07
3.83958e-07
6.93988e-07
3.44303e-07
1.80932e-07
1.28425e-07
1.2213e-07
1.32092e-07
1.47475e-07
2.31028e-07
1.69599e-06
1.5919e-05
1.54241e-05
1.60473e-06
2.22083e-07
1.44788e-07
1.30571e-07
1.21679e-07
1.28917e-07
1.82196e-07
3.46821e-07
6.9491e-07
1.02573e-06
6.76996e-07
3.5998e-07
3.4634e-07
4.44431e-07
5.45609e-07
5.85514e-07
5.76616e-07
1.95871e-06
1.52621e-05
1.47606e-05
1.86236e-06
5.71663e-07
5.85144e-07
5.43519e-07
4.42764e-07
3.455e-07
3.58835e-07
6.77143e-07
1.01856e-06
1.39972e-06
1.26238e-06
1.48577e-06
2.30558e-06
3.45696e-06
4.34496e-06
4.54811e-06
3.69763e-06
4.76867e-06
1.23506e-05
1.20505e-05
4.60835e-06
3.69927e-06
4.57834e-06
4.334e-06
3.43006e-06
2.27846e-06
1.4752e-06
1.24951e-06
1.38479e-06
1.90892e-06
2.64379e-06
3.3995e-06
4.22398e-06
5.20783e-06
6.24406e-06
7.35136e-06
8.66045e-06
1.05933e-05
1.35283e-05
1.33014e-05
1.04123e-05
8.53365e-06
7.2573e-06
6.1683e-06
5.14424e-06
4.17084e-06
3.35583e-06
2.60899e-06
1.88369e-06
8.61237e-09
1.63423e-08
2.40499e-08
3.34216e-08
3.98298e-08
4.39804e-08
4.65924e-08
4.90036e-08
5.19579e-08
5.99726e-08
5.91567e-08
5.14806e-08
4.888e-08
4.6626e-08
4.41941e-08
4.02637e-08
3.41234e-08
2.44973e-08
1.67809e-08
8.993e-09
2.07641e-08
3.52775e-08
4.76077e-08
5.25688e-08
5.2916e-08
5.13146e-08
4.99914e-08
5.21007e-08
6.48218e-08
1.05745e-07
1.03579e-07
6.39131e-08
5.20884e-08
5.01207e-08
5.15832e-08
5.3426e-08
5.34581e-08
4.8428e-08
3.60522e-08
2.17532e-08
3.10679e-08
8.67629e-08
1.0023e-07
9.91159e-08
8.90072e-08
7.59851e-08
6.50014e-08
6.04759e-08
7.35421e-08
1.80407e-07
1.75531e-07
7.21453e-08
6.06503e-08
6.55759e-08
7.69618e-08
9.06051e-08
1.01532e-07
1.03562e-07
8.97928e-08
3.56845e-08
7.42339e-08
9.9666e-08
1.16295e-07
1.20312e-07
1.13975e-07
1.00261e-07
8.42895e-08
7.37586e-08
9.26209e-08
3.27492e-07
3.14997e-07
9.00371e-08
7.39138e-08
8.4961e-08
1.01137e-07
1.14967e-07
1.21474e-07
1.17696e-07
1.01578e-07
7.7241e-08
1.31104e-07
1.11071e-07
1.1256e-07
1.14152e-07
1.10173e-07
1.01584e-07
9.11262e-08
8.44944e-08
1.19928e-07
5.9615e-07
5.62018e-07
1.14927e-07
8.38317e-08
9.08991e-08
1.01449e-07
1.10277e-07
1.14721e-07
1.14016e-07
1.14694e-07
1.39736e-07
4.283e-07
2.27972e-07
1.46012e-07
1.21061e-07
1.10639e-07
1.01782e-07
9.29082e-08
8.96417e-08
1.45146e-07
8.76988e-07
8.26168e-07
1.38283e-07
8.84081e-08
9.22951e-08
1.01407e-07
1.1062e-07
1.2166e-07
1.47653e-07
2.31908e-07
4.34377e-07
7.55921e-07
3.89451e-07
2.14471e-07
1.5954e-07
1.47497e-07
1.47286e-07
1.484e-07
1.54494e-07
2.3108e-07
1.15213e-06
1.09353e-06
2.22089e-07
1.52047e-07
1.46765e-07
1.46259e-07
1.47266e-07
1.59897e-07
2.15064e-07
3.90704e-07
7.54535e-07
1.09809e-06
7.71091e-07
4.2576e-07
4.21391e-07
5.29528e-07
6.46054e-07
7.18571e-07
6.79389e-07
5.78687e-07
1.35114e-06
1.29523e-06
5.71692e-07
6.7719e-07
7.12644e-07
6.39273e-07
5.24589e-07
4.18433e-07
4.22283e-07
7.6827e-07
1.08936e-06
1.48538e-06
1.4013e-06
1.78019e-06
2.67249e-06
3.96047e-06
5.10882e-06
5.86861e-06
5.41383e-06
3.70725e-06
5.07457e-06
4.96112e-06
3.69927e-06
5.44382e-06
5.84325e-06
5.06087e-06
3.91301e-06
2.63966e-06
1.76071e-06
1.38609e-06
1.46943e-06
1.96282e-06
2.69735e-06
3.44728e-06
4.24996e-06
5.1608e-06
6.07773e-06
6.96555e-06
7.79794e-06
8.65502e-06
9.88293e-06
9.71855e-06
8.53359e-06
7.70288e-06
6.88433e-06
6.00651e-06
5.09882e-06
4.19761e-06
3.40389e-06
2.66275e-06
1.93738e-06
9.75903e-09
2.38751e-08
3.52148e-08
4.43903e-08
4.98289e-08
5.12959e-08
4.98499e-08
4.6962e-08
4.43171e-08
4.65142e-08
4.58328e-08
4.37691e-08
4.66449e-08
4.96818e-08
5.13774e-08
5.02709e-08
4.52972e-08
3.69963e-08
2.52087e-08
1.02487e-08
2.1375e-08
4.96595e-08
6.63963e-08
6.95898e-08
6.75495e-08
6.21059e-08
5.56223e-08
5.0306e-08
5.06734e-08
6.80457e-08
6.66851e-08
4.99884e-08
5.01235e-08
5.55859e-08
6.22664e-08
6.80166e-08
7.0652e-08
6.84788e-08
5.19768e-08
2.243e-08
8.65718e-08
1.36887e-07
1.5125e-07
1.46332e-07
1.28517e-07
1.04886e-07
8.24512e-08
6.53384e-08
5.81504e-08
6.90046e-08
6.73582e-08
5.7628e-08
6.5577e-08
8.29805e-08
1.05737e-07
1.29773e-07
1.47983e-07
1.53589e-07
1.4027e-07
8.99806e-08
1.18937e-07
1.42442e-07
1.56296e-07
1.54568e-07
1.4304e-07
1.25921e-07
1.05634e-07
8.48732e-08
7.21439e-08
8.33812e-08
8.09466e-08
7.15345e-08
8.4965e-08
1.05718e-07
1.26033e-07
1.43352e-07
1.55371e-07
1.57896e-07
1.44982e-07
1.21886e-07
1.96481e-07
1.63128e-07
1.55323e-07
1.49071e-07
1.37272e-07
1.21641e-07
1.05474e-07
9.1661e-08
8.5441e-08
1.077e-07
1.03659e-07
8.37766e-08
9.09003e-08
1.0501e-07
1.21379e-07
1.373e-07
1.49724e-07
1.57138e-07
1.67068e-07
2.04341e-07
4.89712e-07
2.87851e-07
1.93095e-07
1.59495e-07
1.40435e-07
1.23122e-07
1.06601e-07
9.32081e-08
9.06218e-08
1.31638e-07
1.2657e-07
8.86899e-08
9.22941e-08
1.05937e-07
1.22671e-07
1.40416e-07
1.6018e-07
1.94639e-07
2.90876e-07
4.93799e-07
8.07861e-07
4.65992e-07
2.667e-07
2.01024e-07
1.79079e-07
1.6732e-07
1.57143e-07
1.48774e-07
1.4752e-07
2.0207e-07
1.9654e-07
1.44788e-07
1.46769e-07
1.55412e-07
1.66166e-07
1.78875e-07
2.01639e-07
2.6765e-07
4.68043e-07
8.04709e-07
1.13908e-06
8.50017e-07
4.82334e-07
4.66785e-07
5.58363e-07
6.57367e-07
7.27859e-07
7.20364e-07
5.90871e-07
4.55463e-07
4.47868e-07
5.85207e-07
7.12674e-07
7.18114e-07
6.48305e-07
5.52223e-07
4.63136e-07
4.78267e-07
8.43941e-07
1.12886e-06
1.51362e-06
1.45801e-06
1.89192e-06
2.69489e-06
3.87297e-06
4.95692e-06
5.80128e-06
5.88132e-06
4.59743e-06
3.08082e-06
3.03422e-06
4.57862e-06
5.84336e-06
5.73876e-06
4.88859e-06
3.81866e-06
2.65735e-06
1.86792e-06
1.44123e-06
1.49658e-06
1.94523e-06
2.64159e-06
3.34573e-06
4.08218e-06
4.8886e-06
5.67455e-06
6.39139e-06
6.96816e-06
7.35322e-06
7.57373e-06
7.46079e-06
7.25722e-06
6.88433e-06
6.31562e-06
5.60609e-06
4.82839e-06
4.03106e-06
3.30319e-06
2.60747e-06
1.91967e-06
1.32568e-08
3.68702e-08
5.63138e-08
6.19849e-08
6.18809e-08
5.80337e-08
5.17707e-08
4.46981e-08
3.84677e-08
3.64467e-08
3.59328e-08
3.79097e-08
4.42352e-08
5.13607e-08
5.78423e-08
6.20439e-08
6.25953e-08
5.73284e-08
3.7231e-08
1.39065e-08
4.60558e-08
1.2403e-07
1.27773e-07
1.07241e-07
8.87325e-08
7.45596e-08
6.24682e-08
5.18414e-08
4.54374e-08
4.79577e-08
4.72855e-08
4.49878e-08
5.15949e-08
6.22603e-08
7.45138e-08
8.90643e-08
1.08523e-07
1.30386e-07
1.28452e-07
5.12018e-08
1.35538e-07
1.87525e-07
1.99212e-07
1.89333e-07
1.67784e-07
1.38563e-07
1.05588e-07
7.67479e-08
5.85181e-08
5.26719e-08
5.21976e-08
5.84897e-08
7.69651e-08
1.05743e-07
1.38577e-07
1.67697e-07
1.8928e-07
1.99966e-07
1.90284e-07
1.39272e-07
1.73831e-07
2.02612e-07
2.12462e-07
1.99594e-07
1.76157e-07
1.50998e-07
1.26678e-07
1.01571e-07
7.77589e-08
6.43944e-08
6.3998e-08
7.76345e-08
1.01145e-07
1.26038e-07
1.50482e-07
1.75954e-07
1.99958e-07
2.13994e-07
2.05813e-07
1.77418e-07
2.76226e-07
2.31979e-07
2.11918e-07
1.93999e-07
1.70798e-07
1.4571e-07
1.22155e-07
1.0241e-07
8.81199e-08
8.01469e-08
7.90175e-08
8.68073e-08
1.01447e-07
1.21381e-07
1.4499e-07
1.7035e-07
1.94439e-07
2.1415e-07
2.36963e-07
2.84968e-07
5.51878e-07
3.61093e-07
2.5526e-07
2.09708e-07
1.78272e-07
1.49496e-07
1.23723e-07
1.02467e-07
8.83798e-08
8.73981e-08
8.5873e-08
8.70184e-08
1.01406e-07
1.22674e-07
1.48522e-07
1.77846e-07
2.10503e-07
2.57397e-07
3.6399e-07
5.54343e-07
8.46588e-07
5.70344e-07
3.38995e-07
2.56109e-07
2.19439e-07
1.92373e-07
1.6851e-07
1.48495e-07
1.32713e-07
1.31845e-07
1.29902e-07
1.30574e-07
1.46274e-07
1.66182e-07
1.90417e-07
2.18692e-07
2.56883e-07
3.40351e-07
5.71636e-07
8.42105e-07
1.15031e-06
8.91198e-07
5.30714e-07
4.9629e-07
5.57725e-07
6.19198e-07
6.58831e-07
6.48965e-07
5.51903e-07
4.02013e-07
3.95322e-07
5.43611e-07
6.39336e-07
6.4834e-07
6.09802e-07
5.51556e-07
4.93122e-07
5.26464e-07
8.83569e-07
1.13912e-06
1.49492e-06
1.4523e-06
1.88741e-06
2.51784e-06
3.46413e-06
4.30815e-06
4.95617e-06
5.12553e-06
4.39178e-06
3.05661e-06
3.01222e-06
4.33442e-06
5.06112e-06
4.88857e-06
4.24291e-06
3.41221e-06
2.48414e-06
1.86471e-06
1.43585e-06
1.47756e-06
1.87636e-06
2.51024e-06
3.14455e-06
3.78761e-06
4.46987e-06
5.11411e-06
5.67636e-06
6.08306e-06
6.25154e-06
6.15507e-06
6.06956e-06
6.16823e-06
6.00653e-06
5.6061e-06
5.05023e-06
4.41353e-06
3.73976e-06
3.10438e-06
2.4776e-06
1.85126e-06
2.17291e-08
3.85309e-08
5.13548e-08
7.25972e-08
7.23041e-08
6.26206e-08
5.0882e-08
4.08992e-08
3.30176e-08
2.94714e-08
2.91171e-08
3.24367e-08
4.03644e-08
5.02628e-08
6.20685e-08
7.18056e-08
7.18081e-08
5.08133e-08
3.89613e-08
2.26508e-08
1.43143e-07
1.81938e-07
1.90318e-07
1.70879e-07
1.27133e-07
8.94936e-08
6.83957e-08
5.37459e-08
4.34118e-08
4.11827e-08
4.07849e-08
4.30768e-08
5.34627e-08
6.80058e-08
8.90656e-08
1.26374e-07
1.68695e-07
1.85848e-07
1.82862e-07
1.4622e-07
2.05053e-07
2.6968e-07
2.68103e-07
2.35142e-07
2.00878e-07
1.68767e-07
1.30439e-07
9.06764e-08
6.31213e-08
5.08611e-08
5.08103e-08
6.32236e-08
9.06276e-08
1.29794e-07
1.67706e-07
1.99766e-07
2.34299e-07
2.68576e-07
2.74718e-07
2.09298e-07
2.48356e-07
2.93594e-07
2.94291e-07
2.6004e-07
2.16336e-07
1.7707e-07
1.44527e-07
1.16009e-07
8.74492e-08
6.58843e-08
6.58891e-08
8.71208e-08
1.14982e-07
1.4336e-07
1.75961e-07
2.15405e-07
2.59835e-07
2.96154e-07
2.98756e-07
2.55211e-07
3.84611e-07
3.34599e-07
2.93172e-07
2.5399e-07
2.11281e-07
1.71804e-07
1.3848e-07
1.11359e-07
9.15641e-08
7.91163e-08
7.82316e-08
9.02646e-08
1.10275e-07
1.37305e-07
1.70359e-07
2.09843e-07
2.53698e-07
2.95934e-07
3.42051e-07
3.93231e-07
6.15971e-07
4.73284e-07
3.48676e-07
2.79562e-07
2.2639e-07
1.79992e-07
1.42162e-07
1.12027e-07
8.95622e-08
7.82523e-08
7.71388e-08
8.82168e-08
1.10624e-07
1.40431e-07
1.77867e-07
2.24536e-07
2.7947e-07
3.5127e-07
4.77184e-07
6.17365e-07
8.71892e-07
6.53273e-07
4.28196e-07
3.29333e-07
2.70836e-07
2.22641e-07
1.82411e-07
1.50045e-07
1.23868e-07
1.07423e-07
1.05972e-07
1.21696e-07
1.47297e-07
1.78924e-07
2.18744e-07
2.6781e-07
3.28547e-07
4.29032e-07
6.51453e-07
8.6638e-07
1.13588e-06
9.05157e-07
5.86935e-07
5.2747e-07
5.46475e-07
5.61753e-07
5.6255e-07
5.33752e-07
4.51119e-07
3.27724e-07
3.21105e-07
4.42875e-07
5.24683e-07
5.52318e-07
5.5164e-07
5.38787e-07
5.23945e-07
5.84174e-07
8.96352e-07
1.12423e-06
1.43836e-06
1.40906e-06
1.8338e-06
2.24852e-06
2.88521e-06
3.46571e-06
3.88001e-06
3.97189e-06
3.48947e-06
2.54303e-06
2.49674e-06
3.43045e-06
3.91329e-06
3.81888e-06
3.4123e-06
2.84281e-06
2.22193e-06
1.81268e-06
1.39383e-06
1.42135e-06
1.76765e-06
2.32661e-06
2.88022e-06
3.41674e-06
3.96719e-06
4.47067e-06
4.89104e-06
5.16639e-06
5.21584e-06
5.00184e-06
4.93409e-06
5.14417e-06
5.09886e-06
4.82843e-06
4.41356e-06
3.91658e-06
3.37359e-06
2.84361e-06
2.29639e-06
1.74368e-06
2.00935e-07
1.90165e-07
5.9856e-08
5.82135e-08
7.25261e-08
6.34418e-08
4.6037e-08
3.47266e-08
2.71915e-08
2.30462e-08
2.31509e-08
2.63801e-08
3.42366e-08
4.54837e-08
6.26813e-08
7.18284e-08
5.70097e-08
7.01017e-08
1.93422e-07
2.07457e-07
2.447e-07
2.56127e-07
2.18925e-07
2.02644e-07
1.70833e-07
1.09363e-07
7.10552e-08
5.37719e-08
4.06937e-08
3.35263e-08
3.36547e-08
4.0518e-08
5.33494e-08
7.05928e-08
1.08506e-07
1.68654e-07
1.97205e-07
2.10424e-07
2.57847e-07
2.48991e-07
2.91061e-07
4.25194e-07
3.84807e-07
3.018e-07
2.36607e-07
1.91274e-07
1.49556e-07
1.02126e-07
6.63588e-08
4.71607e-08
4.74639e-08
6.63183e-08
1.01564e-07
1.47999e-07
1.89286e-07
2.34307e-07
2.99577e-07
3.85265e-07
4.33851e-07
2.9554e-07
3.57949e-07
4.40108e-07
4.16221e-07
3.40295e-07
2.6226e-07
2.01976e-07
1.56995e-07
1.22846e-07
9.29298e-08
6.55785e-08
6.58056e-08
9.22237e-08
1.21497e-07
1.55387e-07
1.99978e-07
2.59859e-07
3.38272e-07
4.17323e-07
4.46153e-07
3.66319e-07
4.97062e-07
4.73334e-07
4.07738e-07
3.31879e-07
2.5729e-07
1.97011e-07
1.51334e-07
1.15876e-07
8.99085e-08
7.45659e-08
7.37127e-08
8.87228e-08
1.14727e-07
1.4974e-07
1.94473e-07
2.53746e-07
3.28777e-07
4.08003e-07
4.77721e-07
5.01585e-07
6.78976e-07
5.80254e-07
4.62819e-07
3.66774e-07
2.84543e-07
2.14504e-07
1.62755e-07
1.2339e-07
9.40351e-08
7.76398e-08
7.69477e-08
9.28661e-08
1.21677e-07
1.60216e-07
2.10572e-07
2.79554e-07
3.62858e-07
4.62028e-07
5.81446e-07
6.78566e-07
8.82304e-07
7.05669e-07
5.43987e-07
4.23058e-07
3.35808e-07
2.63497e-07
2.06422e-07
1.63063e-07
1.30746e-07
1.09859e-07
1.09126e-07
1.28943e-07
1.5994e-07
2.01719e-07
2.57007e-07
3.28665e-07
4.17573e-07
5.41864e-07
7.01541e-07
8.75738e-07
1.09576e-06
8.92044e-07
7.57179e-07
5.93964e-07
5.35996e-07
5.04277e-07
4.72445e-07
4.25969e-07
3.51968e-07
2.55327e-07
2.50663e-07
3.45588e-07
4.18525e-07
4.63257e-07
4.93282e-07
5.24105e-07
5.8563e-07
7.54617e-07
8.83035e-07
1.08394e-06
1.34476e-06
1.33087e-06
1.66804e-06
2.00194e-06
2.25927e-06
2.52337e-06
2.69737e-06
2.67755e-06
2.31851e-06
1.65567e-06
1.62017e-06
2.27855e-06
2.63994e-06
2.65754e-06
2.48435e-06
2.22217e-06
1.97463e-06
1.64858e-06
1.31699e-06
1.32842e-06
1.6229e-06
2.10098e-06
2.56912e-06
3.00294e-06
3.41729e-06
3.78821e-06
4.0834e-06
4.25338e-06
4.2289e-06
3.95405e-06
3.90209e-06
4.17074e-06
4.19764e-06
4.03111e-06
3.73981e-06
3.37363e-06
2.965e-06
2.53671e-06
2.07388e-06
1.60065e-06
3.49392e-07
3.27521e-07
2.37136e-07
6.99368e-08
5.20561e-08
5.8563e-08
3.73439e-08
2.51494e-08
2.23338e-08
1.59923e-08
2.21392e-08
1.75051e-08
2.58719e-08
3.68858e-08
5.72143e-08
5.07543e-08
7.04955e-08
2.39888e-07
3.27906e-07
3.5068e-07
3.66326e-07
4.25714e-07
3.06394e-07
2.12735e-07
1.88353e-07
1.32327e-07
6.90075e-08
4.86942e-08
3.33038e-08
2.67952e-08
2.61098e-08
3.32341e-08
4.81448e-08
6.85721e-08
1.30424e-07
1.85718e-07
2.10173e-07
3.05366e-07
4.26845e-07
3.7e-07
4.26946e-07
6.67889e-07
5.76419e-07
3.89747e-07
2.72518e-07
2.02844e-07
1.55824e-07
1.0482e-07
6.1739e-08
4.03304e-08
4.05046e-08
6.20047e-08
1.0353e-07
1.53609e-07
1.99982e-07
2.68605e-07
3.8531e-07
5.74555e-07
6.76417e-07
4.33697e-07
5.05714e-07
5.91787e-07
5.51793e-07
4.24032e-07
3.01243e-07
2.1727e-07
1.60006e-07
1.19086e-07
8.86179e-08
6.10646e-08
6.11523e-08
8.78085e-08
1.17725e-07
1.57926e-07
2.14041e-07
2.96241e-07
4.17438e-07
5.46973e-07
5.90633e-07
5.10955e-07
6.136e-07
6.08862e-07
5.29203e-07
4.1622e-07
3.02542e-07
2.17849e-07
1.58984e-07
1.15082e-07
8.32414e-08
6.61811e-08
6.54944e-08
8.23373e-08
1.14041e-07
1.57176e-07
2.14229e-07
2.96084e-07
4.08145e-07
5.23952e-07
6.07897e-07
6.14825e-07
7.38898e-07
6.73837e-07
5.82393e-07
4.7143e-07
3.60166e-07
2.63157e-07
1.97738e-07
1.49263e-07
1.15664e-07
1.00111e-07
1.00633e-07
1.15643e-07
1.47689e-07
1.94701e-07
2.57519e-07
3.51476e-07
4.62191e-07
5.75809e-07
6.70739e-07
7.35933e-07
8.80522e-07
7.56088e-07
6.71888e-07
5.53783e-07
4.40155e-07
3.49229e-07
2.73379e-07
2.1816e-07
1.82834e-07
1.63121e-07
1.63686e-07
1.8222e-07
2.1511e-07
2.67756e-07
3.40531e-07
4.29261e-07
5.42061e-07
6.63377e-07
7.51102e-07
8.72874e-07
1.03525e-06
8.95222e-07
8.72022e-07
7.72121e-07
6.01414e-07
5.37523e-07
4.87003e-07
4.2935e-07
3.63597e-07
2.87051e-07
2.85335e-07
3.58884e-07
4.22319e-07
4.7836e-07
5.26599e-07
5.84422e-07
7.54943e-07
8.60558e-07
8.87559e-07
1.02355e-06
1.22292e-06
1.2476e-06
1.47013e-06
1.67306e-06
1.84101e-06
1.89438e-06
1.8953e-06
1.78613e-06
1.4987e-06
1.00508e-06
9.94383e-07
1.47544e-06
1.76092e-06
1.86811e-06
1.86495e-06
1.8129e-06
1.64871e-06
1.45133e-06
1.23456e-06
1.20771e-06
1.4455e-06
1.84269e-06
2.22666e-06
2.56853e-06
2.87944e-06
3.14347e-06
3.3451e-06
3.44852e-06
3.40183e-06
3.12583e-06
3.08953e-06
3.35571e-06
3.40389e-06
3.30321e-06
3.10442e-06
2.84364e-06
2.53672e-06
2.19911e-06
1.81938e-06
1.42562e-06
4.43062e-07
4.30953e-07
3.28314e-07
1.93601e-07
3.94937e-08
3.77939e-08
2.57392e-08
1.72117e-08
1.33622e-08
1.98558e-08
1.28317e-08
1.67256e-08
1.73979e-08
2.52904e-08
3.72513e-08
3.8994e-08
1.93384e-07
3.27906e-07
4.29852e-07
4.43326e-07
5.07785e-07
6.2664e-07
4.334e-07
2.61122e-07
1.85467e-07
1.31326e-07
5.24673e-08
3.63423e-08
2.52464e-08
2.11826e-08
2.1299e-08
2.50487e-08
3.66416e-08
5.20726e-08
1.28532e-07
1.8289e-07
2.57878e-07
4.26932e-07
6.2e-07
5.09707e-07
5.78811e-07
7.18372e-07
6.94341e-07
4.46473e-07
2.81944e-07
1.94485e-07
1.42901e-07
9.10679e-08
4.57686e-08
3.1556e-08
3.14994e-08
4.54383e-08
8.98702e-08
1.40341e-07
1.90356e-07
2.74885e-07
4.34154e-07
6.76807e-07
7.08507e-07
5.80015e-07
6.40016e-07
6.67116e-07
6.02188e-07
4.58757e-07
3.06445e-07
2.1002e-07
1.47258e-07
1.02626e-07
7.09438e-08
5.15581e-08
5.16127e-08
7.04385e-08
1.01617e-07
1.45035e-07
2.05901e-07
2.98936e-07
4.4643e-07
5.90786e-07
6.59727e-07
6.39443e-07
7.0338e-07
6.86493e-07
6.19138e-07
4.90599e-07
3.51085e-07
2.41023e-07
1.68596e-07
1.15047e-07
7.65905e-08
5.90976e-08
5.95295e-08
7.68946e-08
1.14741e-07
1.67144e-07
2.37104e-07
3.42346e-07
4.78024e-07
6.08085e-07
6.79414e-07
7.00444e-07
7.74559e-07
7.36712e-07
6.82215e-07
5.93786e-07
4.88188e-07
3.70661e-07
2.93987e-07
2.32577e-07
1.91408e-07
1.7301e-07
1.75854e-07
1.94275e-07
2.31973e-07
2.90992e-07
3.64161e-07
4.77481e-07
5.81721e-07
6.70908e-07
7.28909e-07
7.68573e-07
8.55219e-07
8.01308e-07
7.64017e-07
7.13229e-07
6.62822e-07
5.82948e-07
4.75329e-07
3.93989e-07
3.46476e-07
3.17107e-07
3.19055e-07
3.46863e-07
3.90776e-07
4.68227e-07
5.71896e-07
6.51676e-07
7.01722e-07
7.51268e-07
7.92212e-07
8.46338e-07
9.48077e-07
9.04448e-07
9.01977e-07
8.95689e-07
9.08687e-07
8.96573e-07
8.56369e-07
7.77223e-07
6.81423e-07
5.72053e-07
5.73086e-07
6.7723e-07
7.68398e-07
8.44089e-07
8.83719e-07
8.96483e-07
8.83151e-07
8.87709e-07
8.93584e-07
9.3666e-07
1.06849e-06
1.13987e-06
1.2523e-06
1.33633e-06
1.41415e-06
1.4563e-06
1.46114e-06
1.40585e-06
1.26875e-06
1.02351e-06
1.01525e-06
1.24958e-06
1.38622e-06
1.44136e-06
1.43601e-06
1.39401e-06
1.31715e-06
1.23468e-06
1.126e-06
1.05493e-06
1.22335e-06
1.53945e-06
1.84096e-06
2.09843e-06
2.32371e-06
2.50728e-06
2.63943e-06
2.69696e-06
2.64418e-06
2.42734e-06
2.40125e-06
2.60888e-06
2.66273e-06
2.60747e-06
2.4776e-06
2.2964e-06
2.07388e-06
1.81937e-06
1.52094e-06
1.20682e-06
5.2183e-07
4.49134e-07
3.5453e-07
2.11786e-07
2.32992e-08
1.43066e-08
1.05163e-08
9.23913e-09
9.69173e-09
9.40415e-09
1.17021e-08
8.56838e-09
8.71959e-09
1.01273e-08
1.38682e-08
2.26311e-08
2.0752e-07
3.50735e-07
4.43411e-07
5.17929e-07
6.07711e-07
5.19981e-07
3.7938e-07
2.54857e-07
1.50207e-07
5.42327e-08
2.27424e-08
2.21312e-08
2.1584e-08
2.06701e-08
2.31943e-08
2.11105e-08
2.15658e-08
2.23187e-08
5.11854e-08
1.46284e-07
2.49083e-07
3.70173e-07
5.09885e-07
6.02412e-07
6.66307e-07
5.92131e-07
4.47895e-07
3.05225e-07
2.15673e-07
1.42778e-07
9.12053e-08
3.53269e-08
3.18943e-08
3.51053e-08
3.51702e-08
3.12938e-08
3.58005e-08
9.00352e-08
1.39332e-07
2.09429e-07
2.95715e-07
4.34016e-07
5.80222e-07
6.59979e-07
7.04595e-07
6.5173e-07
5.25516e-07
3.7888e-07
2.62686e-07
1.81333e-07
1.23496e-07
7.7124e-08
4.12506e-08
4.25822e-08
4.17488e-08
4.2126e-08
7.7262e-08
1.21935e-07
1.7751e-07
2.55449e-07
3.66698e-07
5.11285e-07
6.39636e-07
6.97519e-07
7.355e-07
7.12273e-07
6.27965e-07
5.13721e-07
4.00906e-07
2.8919e-07
2.05262e-07
1.3781e-07
8.72808e-08
6.78602e-08
7.18294e-08
9.19259e-08
1.39829e-07
2.04507e-07
2.85218e-07
3.93583e-07
5.01909e-07
6.15097e-07
7.00603e-07
7.27831e-07
7.64969e-07
7.79208e-07
7.47809e-07
6.89794e-07
6.26518e-07
5.60711e-07
4.96952e-07
4.33634e-07
3.79279e-07
3.36481e-07
3.41653e-07
3.84017e-07
4.34494e-07
4.93976e-07
5.54561e-07
6.1762e-07
6.78818e-07
7.36131e-07
7.68674e-07
7.56762e-07
7.98604e-07
8.56385e-07
8.8407e-07
8.86994e-07
8.77014e-07
8.51631e-07
8.12581e-07
7.60288e-07
6.98125e-07
6.24151e-07
6.25056e-07
6.94994e-07
7.54651e-07
8.04852e-07
8.42267e-07
8.66547e-07
8.75889e-07
8.72989e-07
8.46384e-07
7.89823e-07
8.39321e-07
9.46896e-07
1.03507e-06
1.09637e-06
1.13719e-06
1.15222e-06
1.14178e-06
1.10174e-06
1.02959e-06
9.17451e-07
9.1353e-07
1.01863e-06
1.08947e-06
1.12897e-06
1.13923e-06
1.12433e-06
1.08403e-06
1.02361e-06
9.36665e-07
8.299e-07
8.93569e-07
1.06595e-06
1.22083e-06
1.34335e-06
1.43782e-06
1.49504e-06
1.5148e-06
1.48843e-06
1.40368e-06
1.24313e-06
1.2338e-06
1.38484e-06
1.46952e-06
1.49668e-06
1.47765e-06
1.42142e-06
1.32847e-06
1.20773e-06
1.05492e-06
8.83378e-07
9.76689e-07
1.21896e-06
1.44005e-06
1.61728e-06
1.76234e-06
1.87175e-06
1.94197e-06
1.96158e-06
1.90914e-06
1.73196e-06
1.71499e-06
1.88364e-06
1.93736e-06
1.91965e-06
1.85123e-06
1.74364e-06
1.6006e-06
1.42556e-06
1.20677e-06
9.65359e-07
)
;

boundaryField
{
    floor
    {
        lowReCorrection 0;
        type            epsilonWallFunction;
        value           nonuniform List<scalar> 
400
(
5.09864e-07
4.301e-07
3.31391e-07
1.66622e-07
2.06539e-08
1.36895e-08
9.985e-09
8.83476e-09
9.12486e-09
1.27359e-08
9.01294e-09
8.65564e-09
8.61237e-09
9.75903e-09
1.32568e-08
2.17291e-08
2.00935e-07
3.49392e-07
4.43062e-07
5.2183e-07
4.3e-07
4.00278e-07
2.99436e-07
1.45802e-07
3.73198e-08
3.70369e-08
2.29887e-08
1.6765e-08
1.77238e-08
1.29891e-08
1.78958e-08
1.31269e-08
1.63423e-08
2.38751e-08
3.68702e-08
3.85309e-08
1.90165e-07
3.27521e-07
4.30953e-07
4.49134e-07
3.31281e-07
2.99408e-07
1.98281e-07
5.63488e-08
5.54818e-08
5.68308e-08
3.43599e-08
2.45097e-08
1.75507e-08
2.18312e-08
1.54812e-08
2.18569e-08
2.40499e-08
3.52148e-08
5.63138e-08
5.13548e-08
5.9856e-08
2.37136e-07
3.28314e-07
3.5453e-07
1.66256e-07
1.45677e-07
5.6343e-08
6.10421e-08
7.26086e-08
6.11381e-08
4.36862e-08
3.2599e-08
2.53326e-08
2.29086e-08
2.24184e-08
2.61913e-08
3.34216e-08
4.43903e-08
6.19849e-08
7.25972e-08
5.82135e-08
6.99368e-08
1.93601e-07
2.11786e-07
2.06206e-08
3.73287e-08
5.55189e-08
7.25458e-08
7.08983e-08
6.0319e-08
4.84062e-08
3.85419e-08
3.12001e-08
2.89481e-08
2.86715e-08
3.20423e-08
3.98298e-08
4.98289e-08
6.18809e-08
7.23041e-08
7.25261e-08
5.20561e-08
3.94937e-08
2.32992e-08
1.36777e-08
3.71429e-08
5.69205e-08
6.10934e-08
6.03051e-08
5.58112e-08
4.92197e-08
4.2164e-08
3.65608e-08
3.58654e-08
3.55555e-08
3.75982e-08
4.39804e-08
5.12959e-08
5.80337e-08
6.26206e-08
6.34418e-08
5.8563e-08
3.77939e-08
1.43066e-08
1.00307e-08
2.30192e-08
3.44668e-08
4.36283e-08
4.84452e-08
4.92394e-08
4.73559e-08
4.4377e-08
4.2343e-08
4.59722e-08
4.53992e-08
4.35221e-08
4.65924e-08
4.98499e-08
5.17707e-08
5.0882e-08
4.6037e-08
3.73439e-08
2.57392e-08
1.05163e-08
8.99273e-09
1.59142e-08
2.35524e-08
3.27504e-08
3.84988e-08
4.21207e-08
4.43547e-08
4.66182e-08
5.00788e-08
5.94662e-08
5.85969e-08
5.1294e-08
4.90036e-08
4.6962e-08
4.46981e-08
4.08992e-08
3.47266e-08
2.51494e-08
1.72117e-08
9.23913e-09
9.94315e-09
1.27181e-08
2.08287e-08
2.55797e-08
3.13021e-08
3.65744e-08
4.23325e-08
5.00668e-08
5.62201e-08
6.74445e-08
6.69397e-08
5.74407e-08
5.19579e-08
4.43171e-08
3.84677e-08
3.30176e-08
2.71915e-08
2.23338e-08
1.33622e-08
9.69173e-09
9.80637e-09
2.09171e-08
1.58972e-08
2.25504e-08
2.88475e-08
3.58034e-08
4.59171e-08
5.94267e-08
6.74226e-08
7.49828e-08
7.49956e-08
6.80387e-08
5.99726e-08
4.65142e-08
3.64467e-08
2.94714e-08
2.30462e-08
1.59923e-08
1.98558e-08
9.40415e-09
1.14623e-08
1.30931e-08
2.13041e-08
2.27821e-08
2.87877e-08
3.55697e-08
4.54055e-08
5.86126e-08
6.69511e-08
7.49926e-08
7.48254e-08
6.73378e-08
5.91567e-08
4.58328e-08
3.59328e-08
2.91171e-08
2.31509e-08
2.21392e-08
1.28317e-08
1.17021e-08
8.64748e-09
1.54062e-08
1.69823e-08
2.58354e-08
3.20069e-08
3.75732e-08
4.34981e-08
5.12695e-08
5.74167e-08
6.80242e-08
6.73156e-08
5.72728e-08
5.14806e-08
4.37691e-08
3.79097e-08
3.24367e-08
2.63801e-08
1.75051e-08
1.67256e-08
8.56838e-09
8.48636e-09
1.65349e-08
2.4791e-08
3.34791e-08
3.97924e-08
4.39388e-08
4.65541e-08
4.89628e-08
5.19251e-08
5.99628e-08
5.91342e-08
5.14749e-08
4.888e-08
4.66449e-08
4.42352e-08
4.03644e-08
3.42366e-08
2.58719e-08
1.73979e-08
8.71959e-09
9.67565e-09
2.37545e-08
3.53844e-08
4.44804e-08
4.98063e-08
5.12548e-08
4.98066e-08
4.69157e-08
4.42797e-08
4.6507e-08
4.58212e-08
4.37662e-08
4.6626e-08
4.96818e-08
5.13607e-08
5.02628e-08
4.54837e-08
3.68858e-08
2.52904e-08
1.01273e-08
1.32845e-08
3.69553e-08
5.64867e-08
6.20037e-08
6.18427e-08
5.79838e-08
5.17221e-08
4.46476e-08
3.84218e-08
3.64438e-08
3.59309e-08
3.79208e-08
4.41941e-08
5.13774e-08
5.78423e-08
6.20685e-08
6.26813e-08
5.72143e-08
3.72513e-08
1.38682e-08
2.17478e-08
3.85768e-08
5.15322e-08
7.26661e-08
7.22947e-08
6.25689e-08
5.08353e-08
4.0845e-08
3.29135e-08
2.95334e-08
2.90962e-08
3.24904e-08
4.02637e-08
5.02709e-08
6.20439e-08
7.18056e-08
7.18284e-08
5.07543e-08
3.8994e-08
2.26311e-08
2.00288e-07
1.89375e-07
5.96745e-08
5.83686e-08
7.26445e-08
6.33829e-08
4.60113e-08
3.47291e-08
2.67002e-08
2.36141e-08
2.29212e-08
2.66631e-08
3.41234e-08
4.52972e-08
6.25953e-08
7.18081e-08
5.70097e-08
7.04955e-08
1.93384e-07
2.0752e-07
3.49131e-07
3.27067e-07
2.36599e-07
6.74088e-08
5.21615e-08
5.84833e-08
3.73224e-08
2.60751e-08
1.8208e-08
2.25129e-08
1.57222e-08
2.21389e-08
2.44973e-08
3.69963e-08
5.73284e-08
5.08133e-08
7.01017e-08
2.39888e-07
3.27906e-07
3.50735e-07
4.42925e-07
4.30514e-07
3.27856e-07
1.93053e-07
3.94466e-08
3.7724e-08
2.54675e-08
1.73019e-08
1.82212e-08
1.30625e-08
1.83091e-08
1.3433e-08
1.67809e-08
2.52087e-08
3.7231e-08
3.89613e-08
1.93422e-07
3.27906e-07
4.29852e-07
4.43411e-07
5.21745e-07
4.48922e-07
3.54223e-07
2.11245e-07
2.32403e-08
1.42616e-08
1.03461e-08
8.92691e-09
8.99055e-09
1.21696e-08
9.01351e-09
9.33192e-09
8.993e-09
1.02487e-08
1.39065e-08
2.26508e-08
2.07457e-07
3.5068e-07
4.43326e-07
5.17929e-07
)
;
    }
    ceiling
    {
        lowReCorrection 0;
        type            epsilonWallFunction;
        value           nonuniform List<scalar> 
400
(
9.71169e-07
1.21523e-06
1.43759e-06
1.61678e-06
1.76456e-06
1.87735e-06
1.95138e-06
1.9751e-06
1.92737e-06
1.75571e-06
1.74191e-06
1.90892e-06
1.96282e-06
1.94523e-06
1.87636e-06
1.76765e-06
1.6229e-06
1.4455e-06
1.22335e-06
9.76689e-07
1.21531e-06
1.53254e-06
1.83556e-06
2.09571e-06
2.32509e-06
2.51408e-06
2.6525e-06
2.71666e-06
2.6713e-06
2.46129e-06
2.43761e-06
2.64379e-06
2.69735e-06
2.64159e-06
2.51024e-06
2.32661e-06
2.10098e-06
1.84269e-06
1.53945e-06
1.21896e-06
1.4377e-06
1.83561e-06
2.22107e-06
2.56564e-06
2.88129e-06
3.15218e-06
3.36221e-06
3.47425e-06
3.43704e-06
3.16936e-06
3.13396e-06
3.3995e-06
3.44728e-06
3.34573e-06
3.14455e-06
2.88022e-06
2.56912e-06
2.22666e-06
1.84096e-06
1.44005e-06
1.61691e-06
2.0958e-06
2.56568e-06
3.00203e-06
3.42108e-06
3.80003e-06
4.10535e-06
4.28572e-06
4.27289e-06
4.0116e-06
3.95755e-06
4.22398e-06
4.24996e-06
4.08218e-06
3.78761e-06
3.41674e-06
3.00294e-06
2.56853e-06
2.09843e-06
1.61728e-06
1.7647e-06
2.3252e-06
2.88137e-06
3.42112e-06
3.97703e-06
4.49012e-06
4.9214e-06
5.20825e-06
5.27168e-06
5.0745e-06
5.00263e-06
5.20783e-06
5.1608e-06
4.8886e-06
4.46987e-06
3.96719e-06
3.41729e-06
2.87944e-06
2.32371e-06
1.76234e-06
1.87748e-06
2.51421e-06
3.1523e-06
3.80011e-06
4.49016e-06
5.14517e-06
5.71732e-06
6.13484e-06
6.31953e-06
6.24708e-06
6.1564e-06
6.24406e-06
6.07773e-06
5.67455e-06
5.11411e-06
4.47067e-06
3.78821e-06
3.14347e-06
2.50728e-06
1.87175e-06
1.95147e-06
2.65261e-06
3.36233e-06
4.10546e-06
4.9215e-06
5.71739e-06
6.44311e-06
7.03091e-06
7.43759e-06
7.70466e-06
7.58714e-06
7.35136e-06
6.96555e-06
6.39139e-06
5.67636e-06
4.89104e-06
4.0834e-06
3.3451e-06
2.63943e-06
1.94197e-06
1.97509e-06
2.71666e-06
3.47429e-06
4.28579e-06
5.20833e-06
6.13494e-06
7.03102e-06
7.87638e-06
8.77035e-06
1.00861e-05
9.90984e-06
8.66045e-06
7.79794e-06
6.96816e-06
6.08306e-06
5.16639e-06
4.25338e-06
3.44852e-06
2.69696e-06
1.96158e-06
1.92717e-06
2.67106e-06
3.43683e-06
4.27271e-06
5.27156e-06
6.31956e-06
7.43787e-06
8.77083e-06
1.07761e-05
1.37892e-05
1.35477e-05
1.05933e-05
8.65502e-06
7.35322e-06
6.25154e-06
5.21584e-06
4.2289e-06
3.40183e-06
2.64418e-06
1.90914e-06
1.75527e-06
2.46076e-06
3.16873e-06
4.01094e-06
5.07396e-06
6.24689e-06
7.70522e-06
1.00879e-05
1.3792e-05
1.46705e-05
1.4843e-05
1.35283e-05
9.88293e-06
7.57373e-06
6.15507e-06
5.00184e-06
3.95405e-06
3.12583e-06
2.42734e-06
1.73196e-06
1.74196e-06
2.4379e-06
3.13453e-06
3.95871e-06
5.00449e-06
6.15915e-06
7.59124e-06
9.91663e-06
1.3557e-05
1.48392e-05
1.47545e-05
1.33014e-05
9.71855e-06
7.46079e-06
6.06956e-06
4.93409e-06
3.90209e-06
3.08953e-06
2.40125e-06
1.71499e-06
1.90947e-06
2.64464e-06
3.40075e-06
4.22572e-06
5.21023e-06
6.24709e-06
7.35503e-06
8.66505e-06
1.06e-05
1.35364e-05
1.33012e-05
1.04123e-05
8.53359e-06
7.25722e-06
6.16823e-06
5.14417e-06
4.17074e-06
3.35571e-06
2.60888e-06
1.88364e-06
1.96344e-06
2.69831e-06
3.44864e-06
4.25178e-06
5.16316e-06
6.08056e-06
6.96873e-06
7.80147e-06
8.65946e-06
9.88945e-06
9.71874e-06
8.53365e-06
7.70288e-06
6.88433e-06
6.00653e-06
5.09886e-06
4.19764e-06
3.40389e-06
2.66273e-06
1.93736e-06
1.94583e-06
2.64251e-06
3.347e-06
4.08385e-06
4.8907e-06
5.67706e-06
6.39419e-06
6.97121e-06
7.35674e-06
7.57833e-06
7.46115e-06
7.2573e-06
6.88433e-06
6.31562e-06
5.6061e-06
4.82843e-06
4.03111e-06
3.30321e-06
2.60747e-06
1.91965e-06
1.8769e-06
2.51106e-06
3.14565e-06
3.78902e-06
4.47164e-06
5.11624e-06
5.67879e-06
6.08576e-06
6.25459e-06
6.15865e-06
6.06997e-06
6.1683e-06
6.00651e-06
5.60609e-06
5.05023e-06
4.41356e-06
3.73981e-06
3.10442e-06
2.4776e-06
1.85123e-06
1.76812e-06
2.32729e-06
2.88114e-06
3.41789e-06
3.96862e-06
4.47241e-06
4.89309e-06
5.16872e-06
5.21848e-06
5.00479e-06
4.93456e-06
5.14424e-06
5.09882e-06
4.82839e-06
4.41353e-06
3.91658e-06
3.37363e-06
2.84364e-06
2.2964e-06
1.74364e-06
1.62328e-06
2.10154e-06
2.56987e-06
3.00386e-06
3.41843e-06
3.7896e-06
4.08507e-06
4.25528e-06
4.23105e-06
3.95645e-06
3.90259e-06
4.17084e-06
4.19761e-06
4.03106e-06
3.73976e-06
3.37359e-06
2.965e-06
2.53672e-06
2.07388e-06
1.6006e-06
1.4458e-06
1.84313e-06
2.22725e-06
2.56926e-06
2.88036e-06
3.14459e-06
3.34644e-06
3.45006e-06
3.40358e-06
3.12765e-06
3.09005e-06
3.35583e-06
3.40389e-06
3.30319e-06
3.10438e-06
2.84361e-06
2.53671e-06
2.19911e-06
1.81937e-06
1.42556e-06
1.22357e-06
1.53979e-06
1.84142e-06
2.09901e-06
2.32442e-06
2.50815e-06
2.64046e-06
2.69815e-06
2.64553e-06
2.42873e-06
2.40173e-06
2.60899e-06
2.66275e-06
2.60747e-06
2.4776e-06
2.29639e-06
2.07388e-06
1.81938e-06
1.52094e-06
1.20677e-06
9.76869e-07
1.21924e-06
1.44041e-06
1.61772e-06
1.76288e-06
1.87238e-06
1.9427e-06
1.96241e-06
1.9101e-06
1.73293e-06
1.71538e-06
1.88369e-06
1.93738e-06
1.91967e-06
1.85126e-06
1.74368e-06
1.60065e-06
1.42562e-06
1.20682e-06
9.65359e-07
)
;
    }
    fixedWalls
    {
        lowReCorrection 0;
        type            epsilonWallFunction;
        value           nonuniform List<scalar> 
800
(
5.09864e-07
5.96989e-07
6.56965e-07
6.96288e-07
7.27854e-07
7.5772e-07
7.91668e-07
8.32737e-07
8.8741e-07
9.71169e-07
4.301e-07
5.0122e-07
5.75271e-07
6.36297e-07
6.98737e-07
7.67791e-07
8.47171e-07
9.393e-07
1.05957e-06
1.21523e-06
3.31391e-07
3.59787e-07
4.27574e-07
5.05089e-07
6.09897e-07
7.32428e-07
8.72529e-07
1.0265e-06
1.21382e-06
1.43759e-06
1.66622e-07
2.2967e-07
2.90252e-07
3.61549e-07
4.92787e-07
6.71852e-07
8.74369e-07
1.08776e-06
1.33676e-06
1.61678e-06
2.06539e-08
1.38697e-07
2.04663e-07
2.4702e-07
3.73706e-07
6.07113e-07
8.64199e-07
1.12947e-06
1.4327e-06
1.76456e-06
1.36895e-08
4.41355e-08
1.3474e-07
1.70922e-07
2.63871e-07
5.41873e-07
8.3961e-07
1.14616e-06
1.4925e-06
1.87735e-06
9.985e-09
2.13501e-08
8.43255e-08
1.14319e-07
1.85026e-07
4.7886e-07
8.0202e-07
1.13788e-06
1.51574e-06
1.95138e-06
8.83476e-09
2.05159e-08
2.85413e-08
6.87785e-08
1.2092e-07
4.16735e-07
7.51335e-07
1.10008e-06
1.49289e-06
1.9751e-06
9.12486e-09
2.06666e-08
3.07051e-08
3.33361e-08
7.25331e-08
3.63319e-07
6.90839e-07
1.03068e-06
1.41223e-06
1.92737e-06
1.27359e-08
2.32892e-08
3.54493e-08
4.29674e-08
5.29591e-08
3.21187e-07
6.1874e-07
9.21902e-07
1.25671e-06
1.75571e-06
9.01294e-09
2.0112e-08
3.3751e-08
4.12833e-08
5.86784e-08
3.28785e-07
6.21968e-07
9.20377e-07
1.25001e-06
1.74191e-06
8.65564e-09
2.03625e-08
3.04409e-08
3.80201e-08
8.18239e-08
3.74962e-07
6.93988e-07
1.02573e-06
1.39972e-06
1.90892e-06
8.61237e-09
2.07641e-08
3.10679e-08
7.42339e-08
1.31104e-07
4.283e-07
7.55921e-07
1.09809e-06
1.48538e-06
1.96282e-06
9.75903e-09
2.1375e-08
8.65718e-08
1.18937e-07
1.96481e-07
4.89712e-07
8.07861e-07
1.13908e-06
1.51362e-06
1.94523e-06
1.32568e-08
4.60558e-08
1.35538e-07
1.73831e-07
2.76226e-07
5.51878e-07
8.46588e-07
1.15031e-06
1.49492e-06
1.87636e-06
2.17291e-08
1.43143e-07
2.05053e-07
2.48356e-07
3.84611e-07
6.15971e-07
8.71892e-07
1.13588e-06
1.43836e-06
1.76765e-06
2.00935e-07
2.447e-07
2.91061e-07
3.57949e-07
4.97062e-07
6.78976e-07
8.82304e-07
1.09576e-06
1.34476e-06
1.6229e-06
3.49392e-07
3.66326e-07
4.26946e-07
5.05714e-07
6.136e-07
7.38898e-07
8.80522e-07
1.03525e-06
1.22292e-06
1.4455e-06
4.43062e-07
5.07785e-07
5.78811e-07
6.40016e-07
7.0338e-07
7.74559e-07
8.55219e-07
9.48077e-07
1.06849e-06
1.22335e-06
5.2183e-07
6.07711e-07
6.66307e-07
7.04595e-07
7.355e-07
7.64969e-07
7.98604e-07
8.39321e-07
8.93569e-07
9.76689e-07
5.21745e-07
6.07676e-07
6.66312e-07
7.04629e-07
7.35557e-07
7.65042e-07
7.98696e-07
8.39434e-07
8.93709e-07
9.76869e-07
4.48922e-07
5.19794e-07
5.9199e-07
6.51629e-07
7.1222e-07
7.79207e-07
8.56442e-07
9.47006e-07
1.06613e-06
1.21924e-06
3.54223e-07
3.79133e-07
4.47618e-07
5.25284e-07
6.27806e-07
7.47725e-07
8.8409e-07
1.03519e-06
1.22103e-06
1.44041e-06
2.11245e-07
2.54533e-07
3.04995e-07
3.78675e-07
5.13467e-07
6.89636e-07
8.86985e-07
1.09649e-06
1.3436e-06
1.61772e-06
2.32403e-08
1.50037e-07
2.15491e-07
2.62458e-07
4.00464e-07
6.26291e-07
8.76984e-07
1.13734e-06
1.43812e-06
1.76288e-06
1.42616e-08
5.40413e-08
1.42615e-07
1.81191e-07
2.88716e-07
5.60429e-07
8.51584e-07
1.1524e-06
1.4954e-06
1.87238e-06
1.03461e-08
2.26938e-08
9.11491e-08
1.23405e-07
2.04821e-07
4.96588e-07
8.12514e-07
1.14198e-06
1.51524e-06
1.9427e-06
8.92691e-09
2.1621e-08
3.54011e-08
7.72657e-08
1.37554e-07
4.33218e-07
7.60181e-07
1.10196e-06
1.48894e-06
1.96241e-06
8.99055e-09
2.13242e-08
3.168e-08
4.08396e-08
8.65755e-08
3.7878e-07
6.98004e-07
1.02983e-06
1.40426e-06
1.9101e-06
1.21696e-08
2.35478e-08
3.57435e-08
4.2398e-08
6.69784e-08
3.35905e-07
6.23999e-07
9.17658e-07
1.24368e-06
1.73293e-06
9.01351e-09
2.05864e-08
3.47469e-08
4.19052e-08
7.20883e-08
3.41579e-07
6.25047e-07
9.13665e-07
1.23406e-06
1.71538e-06
9.33192e-09
2.12605e-08
3.11685e-08
4.21625e-08
9.20798e-08
3.83958e-07
6.9491e-07
1.01856e-06
1.38479e-06
1.88369e-06
8.993e-09
2.17532e-08
3.56845e-08
7.7241e-08
1.39736e-07
4.34377e-07
7.54535e-07
1.08936e-06
1.46943e-06
1.93738e-06
1.02487e-08
2.243e-08
8.99806e-08
1.21886e-07
2.04341e-07
4.93799e-07
8.04709e-07
1.12886e-06
1.49658e-06
1.91967e-06
1.39065e-08
5.12018e-08
1.39272e-07
1.77418e-07
2.84968e-07
5.54343e-07
8.42105e-07
1.13912e-06
1.47756e-06
1.85126e-06
2.26508e-08
1.4622e-07
2.09298e-07
2.55211e-07
3.93231e-07
6.17365e-07
8.6638e-07
1.12423e-06
1.42135e-06
1.74368e-06
2.07457e-07
2.48991e-07
2.9554e-07
3.66319e-07
5.01585e-07
6.78566e-07
8.75738e-07
1.08394e-06
1.32842e-06
1.60065e-06
3.5068e-07
3.7e-07
4.33697e-07
5.10955e-07
6.14825e-07
7.35933e-07
8.72874e-07
1.02355e-06
1.20771e-06
1.42562e-06
4.43326e-07
5.09707e-07
5.80015e-07
6.39443e-07
7.00444e-07
7.68573e-07
8.46338e-07
9.3666e-07
1.05493e-06
1.20682e-06
5.17929e-07
6.02412e-07
6.59979e-07
6.97519e-07
7.27831e-07
7.56762e-07
7.89823e-07
8.299e-07
8.83378e-07
9.65359e-07
5.09864e-07
5.96989e-07
6.56965e-07
6.96288e-07
7.27854e-07
7.5772e-07
7.91668e-07
8.32737e-07
8.8741e-07
9.71169e-07
4.3e-07
5.01037e-07
5.75078e-07
6.36131e-07
6.98616e-07
7.67738e-07
8.47174e-07
9.39341e-07
1.05963e-06
1.21531e-06
3.31281e-07
3.59596e-07
4.27296e-07
5.04817e-07
6.09706e-07
7.32326e-07
8.72511e-07
1.02654e-06
1.21389e-06
1.4377e-06
1.66256e-07
2.2946e-07
2.90065e-07
3.6127e-07
4.92562e-07
6.71733e-07
8.74348e-07
1.08781e-06
1.33684e-06
1.61691e-06
2.06206e-08
1.38612e-07
2.04533e-07
2.46813e-07
3.73497e-07
6.07e-07
8.6418e-07
1.12952e-06
1.43279e-06
1.7647e-06
1.36777e-08
4.41287e-08
1.3468e-07
1.70798e-07
2.63688e-07
5.41797e-07
8.39594e-07
1.14619e-06
1.49258e-06
1.87748e-06
1.00307e-08
2.14322e-08
8.3853e-08
1.14175e-07
1.8495e-07
4.78863e-07
8.02028e-07
1.1379e-06
1.51579e-06
1.95147e-06
8.99273e-09
2.06369e-08
2.81188e-08
6.81824e-08
1.20595e-07
4.16803e-07
7.51412e-07
1.10006e-06
1.49287e-06
1.97509e-06
9.94315e-09
2.12087e-08
3.12371e-08
3.37878e-08
7.29387e-08
3.63559e-07
6.90947e-07
1.0306e-06
1.41205e-06
1.92717e-06
9.80637e-09
2.04869e-08
3.45244e-08
4.29392e-08
5.38188e-08
3.2173e-07
6.18811e-07
9.21743e-07
1.25639e-06
1.75527e-06
1.14623e-08
2.26082e-08
3.45792e-08
4.11194e-08
5.85024e-08
3.28715e-07
6.21805e-07
9.2023e-07
1.24993e-06
1.74196e-06
8.64748e-09
2.10349e-08
3.07398e-08
3.78267e-08
8.13218e-08
3.7466e-07
6.93881e-07
1.02583e-06
1.40003e-06
1.90947e-06
8.48636e-09
2.07436e-08
3.09663e-08
7.39463e-08
1.30621e-07
4.27998e-07
7.55858e-07
1.09825e-06
1.48577e-06
1.96344e-06
9.67565e-09
2.13043e-08
8.63999e-08
1.18777e-07
1.96099e-07
4.89497e-07
8.07854e-07
1.13928e-06
1.51402e-06
1.94583e-06
1.32845e-08
4.58626e-08
1.35467e-07
1.73756e-07
2.75937e-07
5.5176e-07
8.46628e-07
1.15051e-06
1.49527e-06
1.8769e-06
2.17478e-08
1.43088e-07
2.05051e-07
2.48358e-07
3.8449e-07
6.15941e-07
8.71967e-07
1.13607e-06
1.43867e-06
1.76812e-06
2.00288e-07
2.44432e-07
2.91061e-07
3.58084e-07
4.97097e-07
6.79019e-07
8.82399e-07
1.09593e-06
1.34501e-06
1.62328e-06
3.49131e-07
3.66281e-07
4.27031e-07
5.05811e-07
6.13683e-07
7.38977e-07
8.80623e-07
1.03539e-06
1.22312e-06
1.4458e-06
4.42925e-07
5.0777e-07
5.78865e-07
6.40089e-07
7.03464e-07
7.74643e-07
8.55312e-07
9.48193e-07
1.06865e-06
1.22357e-06
5.21745e-07
6.07676e-07
6.66312e-07
7.04629e-07
7.35557e-07
7.65042e-07
7.98696e-07
8.39434e-07
8.93709e-07
9.76869e-07
5.2183e-07
6.07711e-07
6.66307e-07
7.04595e-07
7.355e-07
7.64969e-07
7.98604e-07
8.39321e-07
8.93569e-07
9.76689e-07
4.49134e-07
5.19981e-07
5.92131e-07
6.5173e-07
7.12273e-07
7.79208e-07
8.56385e-07
9.46896e-07
1.06595e-06
1.21896e-06
3.5453e-07
3.7938e-07
4.47895e-07
5.25516e-07
6.27965e-07
7.47809e-07
8.8407e-07
1.03507e-06
1.22083e-06
1.44005e-06
2.11786e-07
2.54857e-07
3.05225e-07
3.7888e-07
5.13721e-07
6.89794e-07
8.86994e-07
1.09637e-06
1.34335e-06
1.61728e-06
2.32992e-08
1.50207e-07
2.15673e-07
2.62686e-07
4.00906e-07
6.26518e-07
8.77014e-07
1.13719e-06
1.43782e-06
1.76234e-06
1.43066e-08
5.42327e-08
1.42778e-07
1.81333e-07
2.8919e-07
5.60711e-07
8.51631e-07
1.15222e-06
1.49504e-06
1.87175e-06
1.05163e-08
2.27424e-08
9.12053e-08
1.23496e-07
2.05262e-07
4.96952e-07
8.12581e-07
1.14178e-06
1.5148e-06
1.94197e-06
9.23913e-09
2.21312e-08
3.53269e-08
7.7124e-08
1.3781e-07
4.33634e-07
7.60288e-07
1.10174e-06
1.48843e-06
1.96158e-06
9.69173e-09
2.1584e-08
3.18943e-08
4.12506e-08
8.72808e-08
3.79279e-07
6.98125e-07
1.02959e-06
1.40368e-06
1.90914e-06
9.40415e-09
2.06701e-08
3.51053e-08
4.25822e-08
6.78602e-08
3.36481e-07
6.24151e-07
9.17451e-07
1.24313e-06
1.73196e-06
1.17021e-08
2.31943e-08
3.51702e-08
4.17488e-08
7.18294e-08
3.41653e-07
6.25056e-07
9.1353e-07
1.2338e-06
1.71499e-06
8.56838e-09
2.11105e-08
3.12938e-08
4.2126e-08
9.19259e-08
3.84017e-07
6.94994e-07
1.01863e-06
1.38484e-06
1.88364e-06
8.71959e-09
2.15658e-08
3.58005e-08
7.7262e-08
1.39829e-07
4.34494e-07
7.54651e-07
1.08947e-06
1.46952e-06
1.93736e-06
1.01273e-08
2.23187e-08
9.00352e-08
1.21935e-07
2.04507e-07
4.93976e-07
8.04852e-07
1.12897e-06
1.49668e-06
1.91965e-06
1.38682e-08
5.11854e-08
1.39332e-07
1.7751e-07
2.85218e-07
5.54561e-07
8.42267e-07
1.13923e-06
1.47765e-06
1.85123e-06
2.26311e-08
1.46284e-07
2.09429e-07
2.55449e-07
3.93583e-07
6.1762e-07
8.66547e-07
1.12433e-06
1.42142e-06
1.74364e-06
2.0752e-07
2.49083e-07
2.95715e-07
3.66698e-07
5.01909e-07
6.78818e-07
8.75889e-07
1.08403e-06
1.32847e-06
1.6006e-06
3.50735e-07
3.70173e-07
4.34016e-07
5.11285e-07
6.15097e-07
7.36131e-07
8.72989e-07
1.02361e-06
1.20773e-06
1.42556e-06
4.43411e-07
5.09885e-07
5.80222e-07
6.39636e-07
7.00603e-07
7.68674e-07
8.46384e-07
9.36665e-07
1.05492e-06
1.20677e-06
5.17929e-07
6.02412e-07
6.59979e-07
6.97519e-07
7.27831e-07
7.56762e-07
7.89823e-07
8.299e-07
8.83378e-07
9.65359e-07
)
;
    }
}


// ************************************************************************* //
