/*--------------------------------*- C++ -*----------------------------------*\
| =========                 |                                                 |
| \\      /  F ield         | OpenFOAM: The Open Source CFD Toolbox           |
|  \\    /   O peration     | Version:  v1912                                 |
|   \\  /    A nd           | Website:  www.openfoam.com                      |
|    \\/     M anipulation  |                                                 |
\*---------------------------------------------------------------------------*/
FoamFile
{
    version     2.0;
    format      ascii;
    class       surfaceScalarField;
    location    "1000";
    object      phi;
}
// * * * * * * * * * * * * * * * * * * * * * * * * * * * * * * * * * * * * * //

dimensions      [0 3 -1 0 0 0 0];
oriented        oriented;


internalField   nonuniform List<scalar> 
3895
(
0.000814746
0.00038143
0.000499361
0.000315385
0.000251565
0.000247796
6.4863e-05
0.000186702
-6.21962e-05
0.000127059
-0.000127327
6.51304e-05
-0.000137639
1.0312e-05
-0.000113632
-2.40064e-05
-9.03513e-05
-2.32809e-05
-8.49473e-05
-5.40394e-06
-6.61297e-05
-1.88176e-05
-4.47459e-05
-2.13839e-05
-4.04649e-05
-4.28099e-06
-4.86704e-05
8.20548e-06
-4.57114e-05
-2.95896e-06
-3.20517e-05
-1.36597e-05
-2.51397e-05
-6.91197e-06
-2.59218e-05
7.82044e-07
-2.89428e-05
3.02099e-06
-3.04862e-05
1.5434e-06
-2.91847e-05
-1.30142e-06
-2.48995e-05
-4.28519e-06
-1.85805e-05
-6.31903e-06
-1.19784e-05
-6.60208e-06
-6.20656e-06
-5.77187e-06
-1.90644e-06
-4.30012e-06
8.35069e-07
-2.74151e-06
2.44429e-06
-1.60922e-06
3.50196e-06
-1.05767e-06
4.41618e-06
-9.14226e-07
5.3142e-06
-8.98016e-07
6.16959e-06
-8.55387e-07
6.96138e-06
-7.91798e-07
7.65186e-06
-6.90479e-07
8.16657e-06
-5.14712e-07
8.43815e-06
-2.71579e-07
8.40723e-06
3.09254e-08
7.99651e-06
4.10715e-07
7.21346e-06
7.83048e-07
6.01865e-06
1.19482e-06
4.33614e-06
1.68251e-06
2.06173e-06
2.27441e-06
-9.24858e-07
2.98659e-06
-4.74596e-06
3.8211e-06
-9.5174e-06
4.77144e-06
-1.53886e-05
5.87121e-06
-2.26896e-05
7.30104e-06
-3.21258e-05
9.43615e-06
-4.50262e-05
1.29005e-05
-6.35484e-05
1.85222e-05
-9.06008e-05
2.70524e-05
-0.000129224
3.86229e-05
-0.000181756
5.25327e-05
-0.000249143
6.73862e-05
-0.000330032
8.08894e-05
-0.000419944
8.9912e-05
-0.000511498
9.1554e-05
-0.000595771
8.42734e-05
-0.000663884
6.81121e-05
-0.000707072
4.31879e-05
-0.00071442
7.34896e-06
-0.000696487
-1.79331e-05
-0.00065755
-3.89379e-05
-0.0006012
-5.63492e-05
-0.000531359
-6.98411e-05
-0.000451089
-8.02701e-05
-0.000362395
-8.86945e-05
-0.000266839
-9.55558e-05
-0.000166041
-0.000100798
-6.16992e-05
-0.000104342
4.42194e-05
-0.000105919
0.000149762
-0.000105542
0.000253363
-0.000103601
0.000353682
-0.000100319
0.000449845
-9.61628e-05
0.000541782
-9.19368e-05
0.000629746
-8.79644e-05
0.00071687
-8.71241e-05
0.000803493
-8.66223e-05
-0.000107414
0.00108795
0.000349294
0.00104738
0.000355946
0.000933278
0.000361903
0.000775747
0.000344233
0.000598431
0.000304375
0.000410383
0.000253178
0.000221248
0.000199447
5.3877e-05
0.000143365
-6.04246e-05
9.10208e-05
-0.000110188
4.43597e-05
-0.000131882
2.87631e-06
-0.000123968
-2.92983e-05
-0.000105671
-2.2578e-05
-0.000107783
1.03177e-05
-0.000103375
-7.36742e-06
-9.07479e-05
-2.62864e-05
-7.67537e-05
-2.09062e-05
-7.88639e-05
2.89225e-06
-8.71295e-05
1.12866e-05
-9.2629e-05
7.04294e-06
-9.45835e-05
6.53038e-07
-9.09573e-05
-7.91133e-06
-8.48043e-05
-1.24721e-05
-7.80675e-05
-1.33389e-05
-7.15061e-05
-1.23332e-05
-6.58504e-05
-9.95586e-06
-6.17181e-05
-6.87378e-06
-5.95674e-05
-3.75992e-06
-5.92741e-05
-1.35096e-06
-6.03286e-05
1.40263e-07
-6.25478e-05
1.32125e-06
-6.52437e-05
1.84046e-06
-6.81103e-05
2.07481e-06
-7.10705e-05
2.26969e-06
-7.42573e-05
2.67212e-06
-7.78232e-05
3.29433e-06
-8.18801e-05
4.08778e-06
-8.64771e-05
5.00775e-06
-9.17181e-05
6.02404e-06
-9.76426e-05
7.11931e-06
-0.000104252
8.29146e-06
-0.00011153
9.55252e-06
-0.000119454
1.09113e-05
-0.000127984
1.23505e-05
-0.000137036
1.38238e-05
-0.000146489
1.53237e-05
-0.000156248
1.70599e-05
-0.000166331
1.952e-05
-0.00017688
2.34488e-05
-0.00018805
2.9693e-05
-0.000200078
3.90796e-05
-0.0002133
5.18457e-05
-0.00022775
6.69821e-05
-0.00024256
8.21964e-05
-0.000255529
9.38581e-05
-0.000262776
9.71594e-05
-0.000259474
8.82523e-05
-0.000241483
6.62822e-05
-0.000207568
3.4197e-05
-0.000166675
2.2952e-06
-0.000120107
-3.92197e-05
-6.8128e-05
-6.99118e-05
-1.35313e-05
-9.35346e-05
4.27644e-05
-0.000112645
0.000102354
-0.000129431
0.000166422
-0.000144338
0.000234836
-0.000157109
0.000306545
-0.000167265
0.000380011
-0.000174265
0.000453463
-0.000177793
0.000525378
-0.000177834
0.000594528
-0.000174692
0.000659853
-0.000168927
0.000720789
-0.000161255
0.00077718
-0.000152553
0.000829134
-0.000143891
0.000877517
-0.000136348
0.000922358
-0.000131965
0.000966372
-0.000130637
-0.000141992
0.000975282
0.000305926
0.00102604
0.000305187
0.00106097
0.000326974
0.00105862
0.000346584
0.00101217
0.00035082
0.000925048
0.000340304
0.000805752
0.000318743
0.000661765
0.000287352
0.000504928
0.000247857
0.000345843
0.000203445
0.000190168
0.000158552
4.7057e-05
0.000113812
-4.98375e-05
7.43166e-05
-8.59849e-05
4.64651e-05
-0.00010587
1.25177e-05
-0.000113875
-1.82817e-05
-0.000101871
-3.29098e-05
-9.15498e-05
-7.42914e-06
-9.90004e-05
1.87372e-05
-0.000108456
1.64989e-05
-0.000114962
7.15852e-06
-0.000119599
-3.27435e-06
-0.000121679
-1.03917e-05
-0.000120589
-1.44295e-05
-0.000118972
-1.39501e-05
-0.000118714
-1.0213e-05
-0.000120414
-5.17416e-06
-0.000124241
6.65883e-08
-0.000128323
2.73096e-06
-0.000132835
4.65288e-06
-0.000137354
5.83961e-06
-0.000141926
6.41262e-06
-0.000146434
6.58268e-06
-0.00015079
6.62567e-06
-0.000155062
6.94411e-06
-0.000159416
7.64848e-06
-0.000163954
8.62597e-06
-0.000168656
9.70991e-06
-0.000173443
1.08111e-05
-0.000178226
1.19023e-05
-0.000182905
1.29702e-05
-0.000187368
1.40161e-05
-0.000191487
1.50301e-05
-0.000195057
1.592e-05
-0.000197713
1.64806e-05
-0.000198809
1.64192e-05
-0.000197332
1.5583e-05
-0.000192318
1.45064e-05
-0.00018278
1.39108e-05
-0.000167663
1.45751e-05
-0.000145595
1.70124e-05
-0.000115883
2.21329e-05
-7.76799e-05
2.87793e-05
-3.03692e-05
3.48857e-05
2.57649e-05
3.7724e-05
8.81618e-05
3.47625e-05
0.000152301
2.41132e-05
0.000211976
6.60747e-06
0.000266515
-2.03421e-05
0.00031843
-4.96201e-05
0.000360848
-8.16379e-05
0.000402084
-0.000111147
0.000445561
-0.000137012
0.000492807
-0.000159891
0.000543295
-0.000179918
0.000595642
-0.000196685
0.000648138
-0.000209605
0.000699081
-0.000218207
0.000747071
-0.000222255
0.000791093
-0.000221815
0.00083053
-0.000217271
0.000865119
-0.000209281
0.000894898
-0.000198706
0.000920166
-0.000186523
0.000941398
-0.000173785
0.000959098
-0.000161591
0.000973865
-0.000151114
0.000985571
-0.000143671
0.000995283
-0.000140349
-0.000144838
0.000857109
0.000271374
0.000897355
0.000264941
0.000950164
0.000274165
0.00100471
0.000292042
0.00104637
0.000309153
0.00106531
0.000321372
0.00105664
0.000327411
0.00101794
0.000326054
0.000949552
0.000316241
0.00085508
0.000297917
0.000740895
0.000272737
0.000611932
0.000242776
0.000476494
0.000209754
0.000348327
0.000174632
0.000223535
0.00013731
0.000102247
0.000103006
-1.42846e-07
6.948e-05
-5.16331e-05
4.40611e-05
-6.2883e-05
2.99871e-05
-6.47467e-05
1.83625e-05
-6.7096e-05
9.50776e-06
-7.30006e-05
2.63031e-06
-8.04624e-05
-2.92989e-06
-8.89864e-05
-5.90553e-06
-9.6338e-05
-6.5985e-06
-0.000101843
-4.70853e-06
-0.000106806
-2.1067e-07
-0.000112177
5.43739e-06
-0.000117766
8.31969e-06
-0.000122909
9.79585e-06
-0.000127272
1.02031e-05
-0.000130786
9.92678e-06
-0.000133521
9.31778e-06
-0.000135316
8.42012e-06
-0.000136498
8.12627e-06
-0.000137178
8.32907e-06
-0.00013743
8.87723e-06
-0.000136941
9.22104e-06
-0.000135546
9.4167e-06
-0.000133126
9.48218e-06
-0.000129533
9.37716e-06
-0.00012459
9.07318e-06
-0.00011814
8.57928e-06
-0.000109993
7.77298e-06
-9.98987e-05
6.38673e-06
-8.76288e-05
4.1493e-06
-7.22034e-05
1.576e-07
-5.39693e-05
-3.72767e-06
-3.16509e-05
-8.4076e-06
-3.78242e-06
-1.32934e-05
3.08909e-05
-1.76609e-05
7.43826e-05
-2.13588e-05
0.000127476
-2.43139e-05
0.000189533
-2.71713e-05
0.000258468
-3.12114e-05
0.000331287
-3.80558e-05
0.000404618
-4.92185e-05
0.000476838
-6.56121e-05
0.000543745
-8.72489e-05
0.000606013
-0.000111889
0.000662141
-0.000137765
0.000713808
-0.000162814
0.000762288
-0.000185493
0.000807469
-0.000205072
0.000848588
-0.000221037
0.000884783
-0.000232881
0.000915379
-0.000240201
0.000940009
-0.000242836
0.000958668
-0.000240914
0.000971691
-0.000234838
0.000979669
-0.000225249
0.00098335
-0.000212963
0.000983544
-0.0001989
0.000981035
-0.000184014
0.000976507
-0.000169257
0.000970467
-0.000155552
0.000963208
-0.000143855
0.000954561
-0.000135024
0.000944384
-0.000130171
-0.000130297
0.000759397
0.000238011
0.000790536
0.000233802
0.000828351
0.000236349
0.000874985
0.000245408
0.000927002
0.000257137
0.000978871
0.000269503
0.00102441
0.000281869
0.00105755
0.000292918
0.00107319
0.000300602
0.00106786
0.000303245
0.00104042
0.000300179
0.000991565
0.00029163
0.000923239
0.00027808
0.00083886
0.000259011
0.000741525
0.000234645
0.000636636
0.000207896
0.000532151
0.000173965
0.000433901
0.000142312
0.000348943
0.000114944
0.000276027
9.12786e-05
0.000213743
7.1792e-05
0.000160423
5.59502e-05
0.000114126
4.33677e-05
7.45227e-05
3.36974e-05
4.17037e-05
2.62205e-05
1.65769e-05
2.04183e-05
3.17555e-07
1.60486e-05
-7.31175e-06
1.30667e-05
-9.55716e-06
1.05651e-05
-8.34176e-06
8.58045e-06
-5.02869e-06
6.89001e-06
-4.63234e-07
5.36133e-06
4.9385e-06
3.91604e-06
1.08513e-05
2.50732e-06
1.72711e-05
1.70646e-06
2.48096e-05
7.90626e-07
3.40274e-05
-3.40632e-07
4.48735e-05
-1.62508e-06
5.76154e-05
-3.32521e-06
7.25438e-05
-5.44616e-06
8.99408e-05
-8.01991e-06
0.000110101
-1.10872e-05
0.00013335
-1.46696e-05
0.000159929
-1.88063e-05
0.000189889
-2.35728e-05
0.000223101
-2.90625e-05
0.000258546
-3.5288e-05
0.000296742
-4.19238e-05
0.000337206
-4.88716e-05
0.00037979
-5.58773e-05
0.000424737
-6.26081e-05
0.000472267
-6.88878e-05
0.00052277
-7.48177e-05
0.000576418
-8.08191e-05
0.000632865
-8.7658e-05
0.000691089
-9.62798e-05
0.000749403
-0.000107533
0.000805617
-0.000121826
0.000857306
-0.000138938
0.000903278
-0.000157861
0.000942744
-0.000177231
0.000975546
-0.000195616
0.00100177
-0.000211717
0.00102136
-0.000224657
0.00103424
-0.000233917
0.00104054
-0.000239188
0.00104069
-0.00024035
0.00103536
-0.000237507
0.00102544
-0.000230993
0.00101194
-0.000221332
0.000995875
-0.000209188
0.000978221
-0.000195309
0.000959795
-0.000180474
0.000941232
-0.000165451
0.000922953
-0.000150978
0.000905144
-0.000137743
0.000887737
-0.000126448
0.000870356
-0.000117643
0.000852361
-0.000112177
-0.000110198
0.000672433
0.000206414
0.000702275
0.000203961
0.000733372
0.000205252
0.000767839
0.00021094
0.000806614
0.000218362
0.000850036
0.000226081
0.000897301
0.000234604
0.000946031
0.000244188
0.000992641
0.000253992
0.00103305
0.000262834
0.00106349
0.000269743
0.00108117
0.000273948
0.00108444
0.000274805
0.00107207
0.000271382
0.0010437
0.000263017
0.00100103
0.000250564
0.000949033
0.000225964
0.000891657
0.000199688
0.0008319
0.000174701
0.000772155
0.000151024
0.00071462
0.000129327
0.000660581
0.000109989
0.000610844
9.31054e-05
0.000565997
7.85439e-05
0.000526247
6.59707e-05
0.000491575
5.50901e-05
0.000461954
4.56695e-05
0.000437597
3.74237e-05
0.000418156
3.00063e-05
0.000403397
2.33396e-05
0.000392994
1.72929e-05
0.000386603
1.17521e-05
0.000383955
6.56413e-06
0.000385256
1.20621e-06
0.000390179
-3.21666e-06
0.000398824
-7.85444e-06
0.000411033
-1.25496e-05
0.000426687
-1.72791e-05
0.000445537
-2.21746e-05
0.000467378
-2.72878e-05
0.000492001
-3.26421e-05
0.000519171
-3.82579e-05
0.000548649
-4.41472e-05
0.000580161
-5.03188e-05
0.000613372
-5.67832e-05
0.000647845
-6.35361e-05
0.000683084
-7.05271e-05
0.000718766
-7.76056e-05
0.000754502
-8.46079e-05
0.000789992
-9.13666e-05
0.000825104
-9.77201e-05
0.000859825
-0.000103609
0.000894172
-0.000109164
0.000928075
-0.000114722
0.000961226
-0.000120809
0.000992973
-0.000128027
0.00102232
-0.000136881
0.00104807
-0.000147577
0.00106904
-0.000159903
0.00108435
-0.000173175
0.0010935
-0.000186386
0.00109635
-0.000198462
0.00109309
-0.000208455
0.00108413
-0.000215697
0.00107003
-0.000219819
0.00105153
-0.000220682
0.00102949
-0.000218315
0.0010049
-0.000212914
0.00097873
-0.000204827
0.000951913
-0.000194514
0.000925242
-0.000182517
0.000899345
-0.000169412
0.00087466
-0.000155789
0.000851431
-0.000142222
0.000829718
-0.000129264
0.000809398
-0.000117423
0.000790173
-0.000107224
0.000771529
-9.89981e-05
0.000752827
-9.34753e-05
-9.02178e-05
0.000594386
0.000177665
0.00062317
0.000175177
0.000652323
0.000176099
0.000682115
0.000181149
0.000712924
0.000187552
0.000745613
0.000193392
0.000781181
0.000199036
0.000820193
0.000205175
0.000862411
0.000211774
0.000906707
0.000218538
0.000951215
0.000225234
0.00099366
0.000231504
0.00103171
0.000236754
0.00106298
0.000240113
0.0010853
0.000240697
0.00109753
0.000238336
0.00109977
0.000223725
0.00109369
0.000205768
0.00108083
0.000187562
0.00106267
0.000169174
0.00104092
0.000151083
0.00101711
0.000133799
0.000992583
0.000117632
0.000968432
0.000102694
0.000945445
8.8958e-05
0.0009242
7.63351e-05
0.000905148
6.47213e-05
0.000888609
5.39625e-05
0.000874717
4.38982e-05
0.000863608
3.44492e-05
0.000855352
2.55483e-05
0.000849991
1.71138e-05
0.000847511
9.04379e-06
0.00084733
1.38751e-06
0.000850204
-6.09057e-06
0.000855602
-1.32527e-05
0.000863361
-2.03086e-05
0.000873337
-2.72551e-05
0.000885285
-3.41225e-05
0.000898941
-4.0944e-05
0.000914033
-4.77341e-05
0.00093027
-5.44953e-05
0.000947347
-6.12243e-05
0.000964942
-6.79139e-05
0.000982712
-7.45528e-05
0.00100029
-8.11171e-05
0.00101732
-8.75553e-05
0.00103349
-9.3772e-05
0.00104853
-9.96546e-05
0.00106228
-0.000105108
0.00107463
-0.000110072
0.00108559
-0.000114567
0.00109516
-0.00011874
0.00110331
-0.000122873
0.00110986
-0.000127357
0.00111444
-0.000132604
0.0011165
-0.000138938
0.00111538
-0.000146464
0.00111047
-0.000154993
0.00110133
-0.00016403
0.0010878
-0.000172859
0.00107005
-0.000180716
0.00104853
-0.000186929
0.00102384
-0.000191013
0.00099672
-0.000192696
0.000967927
-0.000191888
0.000938244
-0.000188632
0.000908415
-0.000183085
0.000879093
-0.000175505
0.000850809
-0.000166231
0.00082395
-0.000155658
0.000798753
-0.000144216
0.00077532
-0.000132356
0.000753626
-0.000120528
0.000733539
-0.000109178
0.000714824
-9.87074e-05
0.000697146
-8.95467e-05
0.000680005
-8.18562e-05
0.00066293
-7.64006e-05
-7.20196e-05
0.000525111
0.000151816
0.000551936
0.000148352
0.000579146
0.000148889
0.000606467
0.000153827
0.000634006
0.000160013
0.000661953
0.000165445
0.000690628
0.000170362
0.000720605
0.000175198
0.000752535
0.000179845
0.000786873
0.000184199
0.000823722
0.000188386
0.00086273
0.000192496
0.00090308
0.000196403
0.000943487
0.000199707
0.000982309
0.000201875
0.00101803
0.000202617
0.00104832
0.000193431
0.00107278
0.000181313
0.00109162
0.000168723
0.00110524
0.000155556
0.00111427
0.000142046
0.00111951
0.000128562
0.00112176
0.000115382
0.00112179
0.00010266
0.00112029
9.04592e-05
0.00111784
7.87855e-05
0.00111494
6.76215e-05
0.00111198
5.69239e-05
0.00110924
4.66375e-05
0.00110696
3.67321e-05
0.00110531
2.71948e-05
0.00110442
1.80054e-05
0.00110431
9.15432e-06
0.00110491
7.84784e-07
0.00110634
-7.51877e-06
0.00110841
-1.53256e-05
0.00111101
-2.29091e-05
0.00111404
-3.02805e-05
0.00111735
-3.74385e-05
0.0011208
-4.43944e-05
0.00112422
-5.11535e-05
0.00112744
-5.7711e-05
0.00113027
-6.40582e-05
0.00113254
-7.01844e-05
0.00113407
-7.60767e-05
0.00113467
-8.17147e-05
0.00113417
-8.70629e-05
0.00113247
-9.20669e-05
0.00112948
-9.66664e-05
0.00112519
-0.00010082
0.00111964
-0.000104525
0.00111292
-0.000107838
0.00110508
-0.000110906
0.00109617
-0.000113961
0.00108611
-0.000117295
0.00107471
-0.000121203
0.00106167
-0.000125902
0.00104666
-0.000131453
0.00102938
-0.000137709
0.00100966
-0.000144314
0.00098756
-0.000150757
0.000963326
-0.000156482
0.000937379
-0.000160982
0.000910235
-0.000163869
0.00088244
-0.000164901
0.000854521
-0.00016397
0.00082696
-0.000161071
0.000800165
-0.000156289
0.000774453
-0.000149792
0.000750041
-0.000141819
0.000727053
-0.000132669
0.000705527
-0.00012269
0.000685431
-0.00011226
0.000666676
-0.000101773
0.000649122
-9.16239e-05
0.000632572
-8.21572e-05
0.00061677
-7.37448e-05
0.000601322
-6.64083e-05
0.000585901
-6.09797e-05
-5.5549e-05
0.00046394
0.000128551
0.000488639
0.000123652
0.00051348
0.000124049
0.000538159
0.000129148
0.000563122
0.00013505
0.000588445
0.000140122
0.00061397
0.000144837
0.000639764
0.000149404
0.000666083
0.000153526
0.000693245
0.000157037
0.00072161
0.00016002
0.00075152
0.000162587
0.00078317
0.000164753
0.000816474
0.000166403
0.000850999
0.000167349
0.000886112
0.000167504
0.000919682
0.000159861
0.000950825
0.000150169
0.00097917
0.000140378
0.00100445
0.000130274
0.00102659
0.000119904
0.0010457
0.000109455
0.00106199
9.90904e-05
0.00107575
8.89034e-05
0.00108727
7.89355e-05
0.00109686
6.91993e-05
0.00110478
5.96957e-05
0.00111129
5.0416e-05
0.00111658
4.13453e-05
0.00112083
3.24831e-05
0.00112418
2.3845e-05
0.00112674
1.54481e-05
0.00112858
7.31171e-06
0.00112978
-4.08153e-07
0.00113028
-8.02336e-06
0.00113015
-1.51964e-05
0.00112936
-2.21188e-05
0.00112789
-2.88058e-05
0.0011257
-3.52524e-05
0.00112276
-4.14581e-05
0.00111903
-4.74227e-05
0.00111446
-5.31415e-05
0.00110901
-5.86071e-05
0.00110264
-6.38118e-05
0.00109531
-6.87468e-05
0.00108699
-7.33997e-05
0.00107768
-7.77504e-05
0.00106739
-8.17707e-05
0.00105615
-8.54328e-05
0.00104406
-8.87253e-05
0.0010312
-9.16695e-05
0.0010177
-9.43332e-05
0.00100364
-9.68441e-05
0.000989062
-9.93874e-05
0.000973951
-0.000102184
0.000958197
-0.000105449
0.000941632
-0.000109337
0.000924063
-0.000113884
0.000905332
-0.000118979
0.000885372
-0.000124354
0.00086424
-0.000129625
0.000842115
-0.000134357
0.000819271
-0.000138138
0.000796031
-0.000140629
0.000772721
-0.000141591
0.000749639
-0.000140887
0.000727035
-0.000138468
0.00070511
-0.000134364
0.000684004
-0.000128686
0.000663802
-0.000121618
0.000644545
-0.000113413
0.000626237
-0.000104381
0.000608851
-9.48747e-05
0.000592344
-8.52647e-05
0.000576642
-7.5922e-05
0.00056164
-6.71557e-05
0.000547179
-5.92836e-05
0.000532992
-5.22217e-05
0.000518798
-4.67849e-05
-4.04978e-05
0.000410014
0.000107501
0.000432754
0.000100912
0.000455183
0.00010162
0.000477152
0.000107179
0.000499455
0.000112747
0.000522203
0.000117374
0.000545203
0.000121836
0.00056844
0.000126167
0.00059194
0.000130026
0.000615686
0.00013329
0.000639722
0.000135985
0.00066419
0.000138119
0.000689281
0.000139662
0.000715152
0.000140532
0.000741864
0.000140638
0.000769388
0.00013998
0.000796434
0.000132814
0.000822522
0.000124082
0.000847429
0.000115472
0.000870887
0.000106816
0.000892682
9.81093e-05
0.000912688
8.94495e-05
0.000930854
8.09239e-05
0.000947185
7.25729e-05
0.000961718
6.44027e-05
0.000974512
5.6405e-05
0.000985639
4.85686e-05
0.000995174
4.08814e-05
0.00100319
3.33326e-05
0.00100975
2.59242e-05
0.00101492
1.86731e-05
0.00101876
1.16028e-05
0.00102133
4.7425e-06
0.00102277
-1.84191e-06
0.00102301
-8.2635e-06
0.00102221
-1.43977e-05
0.00102038
-2.02941e-05
0.00101756
-2.59796e-05
0.00101376
-3.14539e-05
0.00100901
-3.67126e-05
0.00100334
-4.17536e-05
0.000996775
-4.65739e-05
0.000989337
-5.11688e-05
0.000981058
-5.55327e-05
0.000971971
-5.96599e-05
0.000962113
-6.3542e-05
0.000951529
-6.71668e-05
0.000940278
-7.05189e-05
0.00092843
-7.35854e-05
0.000916072
-7.63675e-05
0.000903296
-7.88928e-05
0.000890187
-8.12247e-05
0.000876813
-8.34703e-05
0.000863202
-8.57764e-05
0.000849332
-8.83134e-05
0.000835126
-9.12434e-05
0.000820469
-9.46794e-05
0.00080523
-9.86459e-05
0.000789303
-0.000103051
0.000772633
-0.000107684
0.000755243
-0.000112235
0.000737231
-0.000116346
0.000718754
-0.000119661
0.000699996
-0.000121871
0.000681143
-0.000122739
0.000662364
-0.000122108
0.000643798
-0.000119902
0.000625556
-0.000116123
0.000607722
-0.000110852
0.000590357
-0.000104252
0.000573503
-9.65595e-05
0.000557197
-8.80745e-05
0.000541464
-7.91419e-05
0.000526324
-7.01245e-05
0.000511778
-6.13766e-05
0.000497804
-5.31815e-05
0.000484315
-4.57939e-05
0.000471155
-3.90625e-05
0.00045801
-3.36396e-05
-2.6813e-05
0.000362528
8.82933e-05
0.000383496
7.99438e-05
0.000403597
8.15192e-05
0.000423064
8.77118e-05
0.00044288
9.29311e-05
0.000463078
9.71768e-05
0.000483524
0.00010139
0.000504297
0.000105394
0.00052542
0.000108903
0.000546805
0.000111905
0.000568367
0.000114423
0.000590058
0.000116428
0.000611865
0.000117854
0.000633785
0.000118612
0.000655814
0.000118608
0.000677971
0.000117824
0.000699347
0.000111438
0.00071975
0.000103679
0.00073919
9.60325e-05
0.000757602
8.84032e-05
0.00077491
8.08014e-05
0.000791052
7.33082e-05
0.000805983
6.59922e-05
0.000819676
5.88799e-05
0.000832112
5.1967e-05
0.00084328
4.52369e-05
0.000853178
3.86706e-05
0.000861809
3.22502e-05
0.000869181
2.59612e-05
0.000875305
1.97998e-05
0.000880203
1.37755e-05
0.000883902
7.90411e-06
0.000886447
2.19754e-06
0.00088791
-3.30578e-06
0.000888312
-8.66469e-06
0.000887739
-1.38252e-05
0.000886231
-1.87857e-05
0.000883819
-2.3568e-05
0.000880541
-2.81761e-05
0.000876435
-3.26064e-05
0.000871538
-3.68562e-05
0.000865887
-4.09229e-05
0.000859521
-4.48028e-05
0.000852479
-4.84911e-05
0.000844802
-5.19824e-05
0.000836529
-5.52696e-05
0.000827706
-5.83437e-05
0.000818382
-6.11948e-05
0.000808613
-6.38165e-05
0.000798461
-6.62151e-05
0.000787986
-6.84183e-05
0.000777245
-7.04832e-05
0.000766274
-7.24999e-05
0.000755086
-7.45886e-05
0.000743659
-7.68856e-05
0.000731934
-7.95183e-05
0.000719828
-8.25739e-05
0.00070725
-8.60677e-05
0.000694119
-8.99207e-05
0.00068039
-9.39551e-05
0.000666065
-9.79094e-05
0.000651192
-0.000101473
0.000635857
-0.000104326
0.000620166
-0.00010618
0.000604229
-0.000106801
0.000588148
-0.000106027
0.000572015
-0.000103769
0.000555915
-0.000100022
0.000539924
-9.48615e-05
0.000524122
-8.84497e-05
0.000508588
-8.10257e-05
0.000493406
-7.28924e-05
0.000478658
-6.4394e-05
0.00046442
-5.58861e-05
0.000450746
-4.7703e-05
0.000437667
-4.01027e-05
0.000425139
-3.32651e-05
0.000413091
-2.70148e-05
0.000401132
-2.16808e-05
-1.46919e-05
0.000320758
7.05686e-05
0.000340087
6.06147e-05
0.000357962
6.3644e-05
0.000375206
7.04679e-05
0.000392819
7.53176e-05
0.00041069
7.93065e-05
0.000428757
8.33231e-05
0.000447162
8.69892e-05
0.000465939
9.01264e-05
0.000485023
9.28205e-05
0.000504347
9.50998e-05
0.000523846
9.69281e-05
0.000543446
9.82545e-05
0.000563056
9.90021e-05
0.000582581
9.90828e-05
0.000601945
9.84601e-05
0.000620301
9.30823e-05
0.000637492
8.64873e-05
0.000653584
7.99407e-05
0.000668602
7.33852e-05
0.00068256
6.68438e-05
0.000695474
6.03939e-05
0.000707364
5.41025e-05
0.000718245
4.79984e-05
0.000728131
4.20814e-05
0.00073703
3.6338e-05
0.000744949
3.07515e-05
0.000751894
2.53053e-05
0.00075787
1.99845e-05
0.000762887
1.47834e-05
0.000766955
9.7074e-06
0.000770091
4.76782e-06
0.000772332
-4.38171e-08
0.000773711
-4.68447e-06
0.00077425
-9.20386e-06
0.000773991
-1.3566e-05
0.000772968
-1.7763e-05
0.000771208
-2.18078e-05
0.000768738
-2.57064e-05
0.000765588
-2.94564e-05
0.000761787
-3.30548e-05
0.000757363
-3.64988e-05
0.000752345
-3.9785e-05
0.000746763
-4.29087e-05
0.000740645
-4.58649e-05
0.000734023
-4.86473e-05
0.000726928
-5.12487e-05
0.000719395
-5.36622e-05
0.000711464
-5.58853e-05
0.000703176
-5.79265e-05
0.00069457
-5.98129e-05
0.000685683
-6.15955e-05
0.000676535
-6.33525e-05
0.000667132
-6.51851e-05
0.000657452
-6.72063e-05
0.000647454
-6.95197e-05
0.000637074
-7.2194e-05
0.000626243
-7.52367e-05
0.000614897
-7.8575e-05
0.000602993
-8.20506e-05
0.000590514
-8.54309e-05
0.000577477
-8.84356e-05
0.000563923
-9.07713e-05
0.000549909
-9.21667e-05
0.000535507
-9.2399e-05
0.000520792
-9.13117e-05
0.000505849
-8.88257e-05
0.000490772
-8.49447e-05
0.000475669
-7.97588e-05
0.000460661
-7.34418e-05
0.000445878
-6.62423e-05
0.000431451
-5.84657e-05
0.000417506
-5.04488e-05
0.00040415
-4.253e-05
0.000391459
-3.50128e-05
0.000379483
-2.81267e-05
0.000368186
-2.19681e-05
0.000357556
-1.63841e-05
0.000347118
-1.12431e-05
-4.45908e-06
0.000284047
5.3995e-05
0.000301804
4.28575e-05
0.000317587
4.78611e-05
0.000332893
5.51619e-05
0.000348559
5.96515e-05
0.000364356
6.35097e-05
0.00038032
6.73584e-05
0.000396611
7.06988e-05
0.000413236
7.35008e-05
0.000430146
7.59107e-05
0.000447302
7.79438e-05
0.000464664
7.95663e-05
0.000482171
8.07472e-05
0.000499741
8.14325e-05
0.000517271
8.1552e-05
0.000534662
8.10698e-05
0.000551105
7.66393e-05
0.000566422
7.11705e-05
0.000580652
6.57101e-05
0.000593821
6.02162e-05
0.000605953
5.47117e-05
0.000617081
4.92661e-05
0.000627242
4.39414e-05
0.000636473
3.87675e-05
0.000644807
3.37479e-05
0.000652271
2.88738e-05
0.00065889
2.41329e-05
0.000664682
1.95124e-05
0.000669667
1.49995e-05
0.000673861
1.05897e-05
0.00067728
6.28845e-06
0.000679946
2.10214e-06
0.000681872
-1.97036e-06
0.000683093
-5.90528e-06
0.000683617
-9.7272e-06
0.000683471
-1.34204e-05
0.000682684
-1.69757e-05
0.000681276
-2.03998e-05
0.000679268
-2.36985e-05
0.000676682
-2.68706e-05
0.00067354
-2.99128e-05
0.000669863
-3.28222e-05
0.000665674
-3.55952e-05
0.000660993
-3.82276e-05
0.000655842
-4.07143e-05
0.000650244
-4.30493e-05
0.000644222
-4.52266e-05
0.0006378
-4.72407e-05
0.000631006
-4.9091e-05
0.000623866
-5.07864e-05
0.000616405
-5.2352e-05
0.000608643
-5.38339e-05
0.000600591
-5.53001e-05
0.000592244
-5.68378e-05
0.00058358
-5.85425e-05
0.00057456
-6.04999e-05
0.00056513
-6.27643e-05
0.000555229
-6.53357e-05
0.000544798
-6.81433e-05
0.000533788
-7.10407e-05
0.000522172
-7.3815e-05
0.000509946
-7.621e-05
0.000497132
-7.79573e-05
0.000483774
-7.88089e-05
0.00046994
-7.85646e-05
0.000455719
-7.70906e-05
0.000441224
-7.43309e-05
0.000426592
-7.03124e-05
0.000411977
-6.51445e-05
0.000397549
-5.90138e-05
0.000383478
-5.21706e-05
0.000369922
-4.491e-05
0.00035702
-3.75463e-05
0.000344876
-3.03861e-05
0.000333553
-2.36904e-05
0.000323085
-1.76589e-05
0.00031342
-1.23025e-05
0.000304579
-7.54363e-06
0.000296034
-2.69758e-06
3.60175e-06
0.000251798
3.82832e-05
0.000267991
2.66645e-05
0.000281861
3.39914e-05
0.000295501
4.15218e-05
0.000309433
4.57198e-05
0.00032339
4.95522e-05
0.000337519
5.32298e-05
0.00035196
5.62579e-05
0.000366692
5.87689e-05
0.00038167
6.09327e-05
0.000396868
6.27456e-05
0.000412256
6.41785e-05
0.000427787
6.52162e-05
0.000443398
6.5821e-05
0.000459011
6.59389e-05
0.00047454
6.55413e-05
0.000489254
6.19246e-05
0.00050298
5.74452e-05
0.000515738
5.29518e-05
0.000527543
4.84117e-05
0.000538408
4.38461e-05
0.000548359
3.93153e-05
0.000557425
3.4875e-05
0.00056564
3.0553e-05
0.000573034
2.63537e-05
0.000579637
2.22708e-05
0.000585475
1.82952e-05
0.00059057
1.44171e-05
0.000594945
1.06244e-05
0.00059862
6.91519e-06
0.000601612
3.29614e-06
0.000603942
-2.27637e-07
0.000605626
-3.65452e-06
0.000606691
-6.97022e-06
0.000607149
-1.01854e-05
0.000607023
-1.3294e-05
0.000606334
-1.62874e-05
0.000605103
-1.91684e-05
0.000603346
-2.19413e-05
0.00060108
-2.46051e-05
0.000598323
-2.71561e-05
0.000595092
-2.95905e-05
0.0005914
-3.19041e-05
0.000587265
-3.4092e-05
0.000582699
-3.61486e-05
0.000577717
-3.80675e-05
0.000572333
-3.98424e-05
0.000566561
-4.14684e-05
0.000560415
-4.29449e-05
0.000553909
-4.42808e-05
0.000547056
-4.54989e-05
0.000539863
-4.66408e-05
0.00053233
-4.77671e-05
0.000524446
-4.89542e-05
0.000516188
-5.02842e-05
0.000507518
-5.18294e-05
0.000498386
-5.36325e-05
0.000488738
-5.56874e-05
0.000478519
-5.79249e-05
0.000467688
-6.0209e-05
0.000456218
-6.23457e-05
0.000444113
-6.41044e-05
0.000431402
-6.52467e-05
0.00041815
-6.55567e-05
0.000404452
-6.48668e-05
0.000390436
-6.3075e-05
0.000376259
-6.0154e-05
0.0003621
-5.61533e-05
0.000348152
-5.11957e-05
0.000334606
-4.54681e-05
0.000321643
-3.92075e-05
0.000309415
-3.26823e-05
0.000298038
-2.61695e-05
0.000287585
-1.99331e-05
0.000278081
-1.4186e-05
0.000269524
-9.10219e-06
0.000261832
-4.61003e-06
0.000255052
-7.64491e-07
0.00024865
3.70539e-06
9.38363e-06
0.000223468
2.31975e-05
0.000238065
1.2068e-05
0.000250245
2.18105e-05
0.00026246
2.93075e-05
0.000274839
3.33406e-05
0.000287177
3.72144e-05
0.000299706
4.07001e-05
0.00031253
4.34339e-05
0.000325606
4.56933e-05
0.000338896
4.76424e-05
0.00035238
4.92613e-05
0.000366029
5.05295e-05
0.000379802
5.14436e-05
0.000393646
5.19771e-05
0.000407498
5.20872e-05
0.000421286
5.17526e-05
0.000434366
4.88447e-05
0.00044658
4.52314e-05
0.000457947
4.15851e-05
0.000468477
3.78812e-05
0.000478183
3.41405e-05
0.000487081
3.04174e-05
0.000495194
2.6762e-05
0.000502547
2.32e-05
0.000509164
1.97359e-05
0.000515071
1.63644e-05
0.000520287
1.30786e-05
0.000524834
9.87052e-06
0.000528731
6.7275e-06
0.000531995
3.65077e-06
0.000534645
6.46219e-07
0.0005367
-2.28287e-06
0.000538178
-5.13218e-06
0.000539099
-7.89092e-06
0.000539476
-1.05626e-05
0.000539326
-1.3144e-05
0.000538666
-1.56273e-05
0.00053751
-1.80121e-05
0.000535869
-2.03007e-05
0.000533755
-2.24912e-05
0.000531178
-2.45789e-05
0.000528146
-2.65589e-05
0.000524668
-2.84258e-05
0.00052075
-3.0174e-05
0.000516399
-3.17973e-05
0.00051162
-3.32891e-05
0.000506421
-3.46435e-05
0.000500809
-3.58562e-05
0.000494792
-3.69276e-05
0.000488378
-3.78671e-05
0.000481576
-3.86968e-05
0.000474391
-3.94555e-05
0.000466822
-4.01984e-05
0.000458861
-4.09936e-05
0.00045049
-4.19129e-05
0.000441678
-4.30177e-05
0.000432388
-4.43419e-05
0.000422576
-4.58752e-05
0.000412202
-4.75515e-05
0.00040124
-4.92472e-05
0.000389685
-5.07898e-05
0.000377558
-5.19779e-05
0.000364919
-5.26074e-05
0.000351861
-5.24989e-05
0.000338514
-5.15199e-05
0.000325038
-4.95994e-05
0.000311618
-4.67336e-05
0.00029845
-4.29853e-05
0.000285732
-3.84776e-05
0.000273648
-3.33839e-05
0.000262355
-2.79143e-05
0.000251972
-2.22996e-05
0.000242574
-1.67718e-05
0.000234191
-1.15498e-05
0.000226803
-6.79848e-06
0.000220377
-2.67627e-06
0.000214799
9.68755e-07
0.00021013
3.90427e-06
0.000205909
7.92639e-06
1.29692e-05
0.00019856
8.56662e-06
0.000211521
-8.92926e-07
0.000222268
1.1064e-05
0.00023325
1.8325e-05
0.000244236
2.23547e-05
0.000255157
2.62934e-05
0.000266293
2.95644e-05
0.000277696
3.20306e-05
0.000289315
3.40749e-05
0.000301121
3.58362e-05
0.000313097
3.7285e-05
0.000325215
3.84112e-05
0.000337438
3.92212e-05
0.000349718
3.96968e-05
0.000362001
3.98044e-05
0.000374225
3.95288e-05
0.000385817
3.72526e-05
0.000396638
3.44105e-05
0.000406705
3.15174e-05
0.000416031
2.85554e-05
0.000424626
2.55458e-05
0.000432504
2.25394e-05
0.000439683
1.95827e-05
0.000446183
1.66998e-05
0.000452024
1.38952e-05
0.000457224
1.11644e-05
0.0004618
8.50275e-06
0.000465767
5.90349e-06
0.000469141
3.35304e-06
0.000471939
8.52837e-07
0.000474177
-1.5913e-06
0.000475867
-3.97309e-06
0.000477021
-6.28605e-06
0.000477651
-8.52093e-06
0.000477766
-1.06776e-05
0.000477375
-1.27532e-05
0.000476488
-1.47403e-05
0.000475113
-1.66364e-05
0.000473254
-1.8442e-05
0.000470917
-2.01546e-05
0.000468108
-2.17694e-05
0.00046483
-2.32808e-05
0.000461088
-2.46837e-05
0.000456887
-2.5973e-05
0.000452233
-2.71433e-05
0.000447133
-2.81896e-05
0.000441598
-2.91078e-05
0.000435637
-2.98957e-05
0.000429265
-3.0556e-05
0.000422498
-3.10995e-05
0.000415349
-3.15485e-05
0.000407833
-3.19394e-05
0.000399958
-3.23226e-05
0.000391723
-3.27586e-05
0.000383119
-3.33093e-05
0.000374128
-3.40264e-05
0.000364722
-3.49358e-05
0.000354871
-3.60248e-05
0.000344552
-3.72326e-05
0.000333755
-3.84497e-05
0.000322492
-3.9527e-05
0.000310808
-4.02938e-05
0.000298781
-4.05808e-05
0.000286526
-4.02432e-05
0.000274186
-3.91799e-05
0.00026193
-3.7344e-05
0.000249943
-3.47462e-05
0.00023841
-3.14521e-05
0.000227507
-2.7575e-05
0.000217389
-2.3266e-05
0.000208177
-1.87021e-05
0.00019995
-1.40726e-05
0.000192743
-9.56474e-06
0.000186548
-5.35506e-06
0.000181314
-1.56468e-06
0.000176983
1.65501e-06
0.000173425
4.52691e-06
0.000170702
6.62755e-06
0.00016848
1.0148e-05
1.4604e-05
0.000176567
-5.65381e-06
0.000187955
-1.2281e-05
0.000197511
1.50735e-06
0.000207403
8.4332e-06
0.000217122
1.26356e-05
0.000226777
1.66384e-05
0.000236646
1.96957e-05
0.000246735
2.1941e-05
0.000256996
2.38147e-05
0.00026741
2.54222e-05
0.000277964
2.67308e-05
0.000288633
2.77418e-05
0.000299384
2.84701e-05
0.000310177
2.89047e-05
0.00032096
2.9021e-05
0.000331679
2.88101e-05
0.000341828
2.71037e-05
0.000351282
2.49557e-05
0.000360058
2.27421e-05
0.000368163
2.04502e-05
0.000375606
1.81024e-05
0.000382399
1.57467e-05
0.000388555
1.34271e-05
0.000394088
1.11662e-05
0.000399015
8.96852e-06
0.000403349
6.83038e-06
0.000407102
4.74925e-06
0.000410286
2.72026e-06
0.000412914
7.244e-07
0.000414999
-1.23207e-06
0.000416545
-3.13694e-06
0.000417557
-4.98493e-06
0.000418041
-6.77046e-06
0.000418006
-8.48565e-06
0.000417457
-1.0129e-05
0.000416402
-1.16979e-05
0.000414847
-1.31857e-05
0.0004128
-1.45896e-05
0.000410268
-1.59097e-05
0.000407258
-1.71443e-05
0.000403778
-1.82891e-05
0.000399837
-1.934e-05
0.000395446
-2.02932e-05
0.000390618
-2.11453e-05
0.000385368
-2.18931e-05
0.000379712
-2.25338e-05
0.00037367
-2.30659e-05
0.000367264
-2.34896e-05
0.000360518
-2.38097e-05
0.000353456
-2.40377e-05
0.000346103
-2.41951e-05
0.000338478
-2.4315e-05
0.000330597
-2.44414e-05
0.000322465
-2.4626e-05
0.000314076
-2.49204e-05
0.000305415
-2.53662e-05
0.000296462
-2.59824e-05
0.000287192
-2.67549e-05
0.000277589
-2.76292e-05
0.00026765
-2.85114e-05
0.000257399
-2.9276e-05
0.000246887
-2.97817e-05
0.000236198
-2.98911e-05
0.000225445
-2.94903e-05
0.000214768
-2.85034e-05
0.000204325
-2.6901e-05
0.000194281
-2.47017e-05
0.000184797
-2.19679e-05
0.00017602
-1.87983e-05
0.000168073
-1.5319e-05
0.000161044
-1.16726e-05
0.00015498
-8.00913e-06
0.000149889
-4.47346e-06
0.000145739
-1.20507e-06
0.00014246
1.71387e-06
0.000139983
4.13187e-06
0.000138177
6.33364e-06
0.000137087
7.71758e-06
0.00013653
1.07042e-05
1.46487e-05
0.000157032
-1.93904e-05
0.000167042
-2.22914e-05
0.00017562
-7.07065e-06
0.00018441
-3.56015e-07
0.000192821
4.22366e-06
0.000201129
8.33094e-06
0.000209584
1.12402e-05
0.000218177
1.33486e-05
0.000226879
1.51121e-05
0.000235695
1.66066e-05
0.00024462
1.78056e-05
0.000253637
1.87245e-05
0.000262719
1.93882e-05
0.000271829
1.9795e-05
0.00028092
1.99303e-05
0.000289937
1.9793e-05
0.000298448
1.85921e-05
0.000306344
1.70602e-05
0.00031363
1.54557e-05
0.00032031
1.377e-05
0.000326387
1.20257e-05
0.000331866
1.02681e-05
0.000336755
8.53751e-06
0.000341067
6.85476e-06
0.000344812
5.22371e-06
0.000348001
3.64111e-06
0.000350644
2.10638e-06
0.000352748
6.16026e-07
0.000354326
-8.53906e-07
0.000355377
-2.28253e-06
0.000355905
-3.66522e-06
0.000355919
-4.99918e-06
0.000355428
-6.27911e-06
0.000354441
-7.499e-06
0.00035297
-8.6573e-06
0.000351024
-9.75202e-06
0.000348616
-1.07783e-05
0.00034576
-1.17337e-05
0.00034247
-1.26189e-05
0.000338759
-1.34332e-05
0.000334643
-1.41739e-05
0.000330142
-1.48382e-05
0.000325272
-1.5424e-05
0.000320057
-1.59298e-05
0.000314518
-1.63539e-05
0.00030868
-1.66956e-05
0.000302569
-1.69549e-05
0.000296212
-1.71335e-05
0.00028964
-1.72368e-05
0.000282878
-1.72757e-05
0.000275952
-1.72692e-05
0.000268882
-1.72452e-05
0.000261681
-1.72401e-05
0.00025435
-1.72958e-05
0.000246883
-1.74534e-05
0.000239262
-1.77446e-05
0.000231462
-1.81825e-05
0.000223459
-1.87523e-05
0.000215237
-1.94071e-05
0.000206794
-2.00684e-05
0.000198151
-2.06331e-05
0.000189357
-2.09876e-05
0.000180489
-2.10233e-05
0.000171652
-2.06528e-05
0.00016297
-1.98218e-05
0.000154584
-1.85147e-05
0.000146637
-1.67545e-05
0.000139267
-1.4598e-05
0.000132596
-1.21279e-05
0.000126722
-9.44493e-06
0.000121709
-6.6589e-06
0.000117582
-3.88269e-06
0.000114332
-1.22344e-06
0.000111916
1.21099e-06
0.000110257
3.37328e-06
0.000109278
5.11054e-06
0.000108861
6.75065e-06
0.000109018
7.56021e-06
0.000109731
9.99184e-06
1.35074e-05
0.000139698
-3.26077e-05
0.000148437
-3.10306e-05
0.000155932
-1.45659e-05
0.000163127
-7.55111e-06
0.000169631
-2.2807e-06
0.000175929
2.03356e-06
0.000182294
4.87469e-06
0.000188751
6.89168e-06
0.000195317
8.54616e-06
0.000202017
9.90682e-06
0.000208853
1.09692e-05
0.000215809
1.17692e-05
0.000222852
1.23445e-05
0.000229943
1.27043e-05
0.000237029
1.28448e-05
0.00024405
1.27717e-05
0.000250656
1.19862e-05
0.000256748
1.09678e-05
0.000262322
9.88183e-06
0.00026737
8.7218e-06
0.000271887
7.50865e-06
0.000275873
6.28235e-06
0.000279333
5.07796e-06
0.000282275
3.91274e-06
0.000284709
2.78914e-06
0.000286647
1.70356e-06
0.000288096
6.57646e-07
0.000289065
-3.52953e-07
0.00028956
-1.34963e-06
0.000289588
-2.3107e-06
0.000289161
-3.23825e-06
0.000288291
-4.12825e-06
0.000286988
-4.97685e-06
0.000285269
-5.77967e-06
0.000283147
-6.53549e-06
0.000280638
-7.24316e-06
0.000277759
-7.89927e-06
0.000274528
-8.50229e-06
0.000270962
-9.05312e-06
0.000267081
-9.55189e-06
0.000262904
-9.99703e-06
0.000258453
-1.03868e-05
0.000253749
-1.07202e-05
0.000248815
-1.09965e-05
0.000243677
-1.12154e-05
0.000238358
-1.13766e-05
0.000232884
-1.14809e-05
0.000227281
-1.15304e-05
0.000221574
-1.15299e-05
0.000215787
-1.14886e-05
0.000209939
-1.14217e-05
0.000204045
-1.13513e-05
0.000198111
-1.1306e-05
0.000192133
-1.13177e-05
0.000186097
-1.14175e-05
0.000179981
-1.16284e-05
0.000173757
-1.19582e-05
0.000167398
-1.23929e-05
0.000160884
-1.28931e-05
0.00015421
-1.3395e-05
0.000147395
-1.38175e-05
0.000140479
-1.4072e-05
0.000133532
-1.40766e-05
0.000126648
-1.37684e-05
0.000119938
-1.31119e-05
0.000113526
-1.21033e-05
0.00010754
-1.07678e-05
0.000102096
-9.15449e-06
9.72974e-05
-7.32915e-06
9.32195e-05
-5.36701e-06
8.99077e-05
-3.34705e-06
8.73738e-05
-1.34879e-06
8.55979e-05
5.52492e-07
8.45306e-05
2.27827e-06
8.40969e-05
3.80695e-06
8.42179e-05
4.98949e-06
8.47992e-05
6.16935e-06
8.58028e-05
6.55668e-06
8.73725e-05
8.42212e-06
1.15766e-05
0.000124195
-4.51641e-05
0.000131113
-3.79493e-05
0.000136333
-1.97851e-05
0.000140505
-1.17237e-05
0.000143877
-5.65198e-06
0.000147202
-1.29208e-06
0.000150762
1.31453e-06
0.000154587
3.06665e-06
0.000158689
4.44485e-06
0.000163063
5.5329e-06
0.000167678
6.35334e-06
0.000172491
6.95711e-06
0.000177448
7.38742e-06
0.000182493
7.65849e-06
0.000187566
7.77205e-06
0.000192601
7.73688e-06
0.000197328
7.25898e-06
0.000201664
6.63181e-06
0.000205594
5.95214e-06
0.000209102
5.21396e-06
0.000212176
4.43417e-06
0.000214814
3.645e-06
0.000217018
2.87395e-06
0.000218797
2.13367e-06
0.000220161
1.42469e-06
0.000221122
7.42671e-07
0.000221689
9.05615e-08
0.000221874
-5.37751e-07
0.000221683
-1.15898e-06
0.000221129
-1.75658e-06
0.000220223
-2.33188e-06
0.000218976
-2.88174e-06
0.000217403
-3.4035e-06
0.000215517
-3.89407e-06
0.000213335
-4.35271e-06
0.00021087
-4.77892e-06
0.000208141
-5.17039e-06
0.000205165
-5.52618e-06
0.000201959
-5.84733e-06
0.000198542
-6.13428e-06
0.000194931
-6.3861e-06
0.000191146
-6.60168e-06
0.000187206
-6.78046e-06
0.000183132
-6.92219e-06
0.000178943
-7.02677e-06
0.000174661
-7.09436e-06
0.000170306
-7.12564e-06
0.000165898
-7.1224e-06
0.000161456
-7.08841e-06
0.000156998
-7.03068e-06
0.000152537
-6.96062e-06
0.00014808
-6.89462e-06
0.000143628
-6.85352e-06
0.000139171
-6.86045e-06
0.00013469
-6.93725e-06
0.000130161
-7.09941e-06
0.000125554
-7.35058e-06
0.000120839
-7.6779e-06
0.000115995
-8.0498e-06
0.000111018
-8.41725e-06
0.000105919
-8.71925e-06
0.000100739
-8.89163e-06
9.55397e-05
-8.87724e-06
9.04065e-05
-8.6352e-06
8.54412e-05
-8.14662e-06
8.07536e-05
-7.41571e-06
7.64527e-05
-6.46678e-06
7.26369e-05
-5.33874e-06
6.93867e-05
-4.07898e-06
6.67585e-05
-2.73874e-06
6.4781e-05
-1.36964e-06
6.34561e-05
-2.38484e-08
6.2758e-05
1.25059e-06
6.26374e-05
2.39888e-06
6.30286e-05
3.41575e-06
6.38508e-05
4.16724e-06
6.50456e-05
4.97456e-06
6.65109e-05
5.09141e-06
6.85364e-05
6.3966e-06
9.21405e-06
0.000109445
-5.60713e-05
0.000112551
-4.10557e-05
0.000113317
-2.05505e-05
0.000113019
-1.14254e-05
0.00011271
-5.34337e-06
0.000113144
-1.72611e-06
0.000114319
1.39722e-07
0.000116067
1.31855e-06
0.000118278
2.23334e-06
0.000120869
2.94242e-06
0.000123758
3.46423e-06
0.000126873
3.84192e-06
0.000130151
4.10996e-06
0.00013353
4.27917e-06
0.000136951
4.35121e-06
0.000140354
4.33376e-06
0.000143546
4.0669e-06
0.000146463
3.71497e-06
0.000149087
3.32822e-06
0.0001514
2.90098e-06
0.000153389
2.44537e-06
0.000155049
1.98481e-06
0.000156384
1.53858e-06
0.000157403
1.11443e-06
0.000158117
7.11391e-07
0.000158534
3.25278e-07
0.000158668
-4.35948e-08
0.000158527
-3.96677e-07
0.000158118
-7.50245e-07
0.000157451
-1.08937e-06
0.000156535
-1.41532e-06
0.000155379
-1.72605e-06
0.000153995
-2.01983e-06
0.000152396
-2.29462e-06
0.000150593
-2.55008e-06
0.0001486
-2.78612e-06
0.000146431
-3.00125e-06
0.0001441
-3.19495e-06
0.000141621
-3.36815e-06
0.000139008
-3.52135e-06
0.000136276
-3.65395e-06
0.000133439
-3.7652e-06
0.000130514
-3.85473e-06
0.000127514
-3.92245e-06
0.000124455
-3.96828e-06
0.000121353
-3.99238e-06
0.000118223
-3.99526e-06
0.000115079
-3.97818e-06
0.000111934
-3.9438e-06
0.0001088
-3.89699e-06
0.000105685
-3.84562e-06
0.000102592
-3.80087e-06
9.95148e-05
-3.7767e-06
9.64428e-05
-3.7884e-06
9.33555e-05
-3.84992e-06
9.02265e-05
-3.97044e-06
8.70265e-05
-4.15062e-06
8.37283e-05
-4.37965e-06
8.03126e-05
-4.63409e-06
7.67746e-05
-4.8793e-06
7.31291e-05
-5.07376e-06
6.94131e-05
-5.17561e-06
6.56856e-05
-5.1497e-06
6.20238e-05
-4.97344e-06
5.85168e-05
-4.63966e-06
5.52573e-05
-4.15613e-06
5.23328e-05
-3.5423e-06
4.9819e-05
-2.82497e-06
4.77742e-05
-2.03417e-06
4.62361e-05
-1.20062e-06
4.52209e-05
-3.54446e-07
4.47239e-05
4.73176e-07
4.47191e-05
1.25535e-06
4.51629e-05
1.95511e-06
4.60029e-05
2.57575e-06
4.71583e-05
3.01183e-06
4.86126e-05
3.52025e-06
5.01971e-05
3.50691e-06
5.23082e-05
4.28552e-06
6.72225e-06
9.33263e-05
-6.24226e-05
8.97535e-05
-3.74829e-05
8.50002e-05
-1.57972e-05
8.10048e-05
-7.43e-06
7.86425e-05
-2.9811e-06
7.78286e-05
-9.12213e-07
7.79866e-05
-1.8224e-08
7.874e-05
5.65169e-07
7.99219e-05
1.05145e-06
8.14348e-05
1.42949e-06
8.31984e-05
1.70057e-06
8.51466e-05
1.89374e-06
8.72255e-05
2.03106e-06
8.93869e-05
2.11779e-06
9.1584e-05
2.15412e-06
9.37725e-05
2.14525e-06
9.58249e-05
2.01453e-06
9.76977e-05
1.84216e-06
9.9376e-05
1.64987e-06
0.000100844
1.43339e-06
0.000102088
1.20055e-06
0.000103107
9.66282e-07
0.000103903
7.42163e-07
0.000104486
5.31809e-07
0.000104864
3.33513e-07
0.000105046
1.43611e-07
0.00010504
-3.78812e-08
0.000104854
-2.11179e-07
0.000104492
-3.87677e-07
0.000103959
-5.56458e-07
0.000103262
-7.18402e-07
0.000102408
-8.72471e-07
0.000101406
-1.01769e-06
0.000100264
-1.15287e-06
9.89923e-05
-1.27792e-06
9.75992e-05
-1.39295e-06
9.6095e-05
-1.49713e-06
9.44902e-05
-1.59015e-06
9.27948e-05
-1.67276e-06
9.10188e-05
-1.74536e-06
8.91724e-05
-1.80752e-06
8.7266e-05
-1.85875e-06
8.531e-05
-1.89879e-06
8.33152e-05
-1.92757e-06
8.12919e-05
-1.94506e-06
7.92508e-05
-1.95128e-06
7.72021e-05
-1.94657e-06
7.51557e-05
-1.9317e-06
7.31202e-05
-1.90832e-06
7.11026e-05
-1.8794e-06
6.91067e-05
-1.84972e-06
6.71318e-05
-1.82595e-06
6.51713e-05
-1.81628e-06
6.32124e-05
-1.82943e-06
6.12355e-05
-1.87304e-06
5.92166e-05
-1.95158e-06
5.71302e-05
-2.06416e-06
5.49535e-05
-2.20302e-06
5.26725e-05
-2.35305e-06
5.02864e-05
-2.49318e-06
4.78119e-05
-2.59924e-06
4.52843e-05
-2.64807e-06
4.27563e-05
-2.62163e-06
4.02928e-05
-2.50994e-06
3.79651e-05
-2.31201e-06
3.58438e-05
-2.0348e-06
3.39923e-05
-1.6908e-06
3.24626e-05
-1.29533e-06
3.12928e-05
-8.64364e-07
3.05057e-05
-4.13509e-07
3.01093e-05
4.20048e-08
3.00961e-05
4.86383e-07
3.04456e-05
9.0583e-07
3.11216e-05
1.27906e-06
3.20873e-05
1.61005e-06
3.32661e-05
1.83307e-06
3.46791e-05
2.10728e-06
3.61103e-05
2.07567e-06
3.79926e-05
2.4032e-06
4.34708e-06
7.347e-05
-5.91239e-05
6.21408e-05
-2.61537e-05
5.42477e-05
-7.90413e-06
4.97631e-05
-2.94539e-06
4.77669e-05
-9.84874e-07
4.71438e-05
-2.89167e-07
4.71411e-05
-1.54637e-08
4.7498e-05
2.0822e-07
4.81382e-05
4.11246e-07
4.90029e-05
5.64782e-07
5.0033e-05
6.70524e-07
5.11815e-05
7.45234e-07
5.24135e-05
7.99052e-07
5.36983e-05
8.33028e-07
5.50057e-05
8.46651e-07
5.63082e-05
8.42728e-07
5.75304e-05
7.92366e-07
5.86466e-05
7.25981e-07
5.96461e-05
6.50409e-07
6.0516e-05
5.6343e-07
6.12472e-05
4.69315e-07
6.18379e-05
3.75574e-07
6.22926e-05
2.87483e-07
6.26184e-05
2.06001e-07
6.28224e-05
1.29528e-07
6.29098e-05
5.62791e-08
6.28858e-05
-1.39738e-08
6.27559e-05
-8.12297e-08
6.25193e-05
-1.51079e-07
6.21804e-05
-2.17522e-07
6.1743e-05
-2.81071e-07
6.1212e-05
-3.41431e-07
6.05925e-05
-3.9817e-07
5.98903e-05
-4.50685e-07
5.91114e-05
-4.99053e-07
5.82619e-05
-5.43405e-07
5.73481e-05
-5.8333e-07
5.63766e-05
-6.18714e-07
5.53539e-05
-6.50012e-07
5.4286e-05
-6.77439e-07
5.31792e-05
-7.00735e-07
5.204e-05
-7.19597e-07
5.08751e-05
-7.33909e-07
4.96912e-05
-7.43621e-07
4.84948e-05
-7.4869e-07
4.72927e-05
-7.49116e-07
4.60911e-05
-7.45053e-07
4.48963e-05
-7.36878e-07
4.37134e-05
-7.25408e-07
4.25461e-05
-7.12093e-07
4.13956e-05
-6.99212e-07
4.02596e-05
-6.899e-07
3.91312e-05
-6.87912e-07
3.79989e-05
-6.97122e-07
3.68466e-05
-7.20737e-07
3.56553e-05
-7.60324e-07
3.4406e-05
-8.14852e-07
3.30831e-05
-8.80075e-07
3.16785e-05
-9.48511e-07
3.01956e-05
-1.01024e-06
2.86508e-05
-1.05446e-06
2.70741e-05
-1.07137e-06
2.55065e-05
-1.05398e-06
2.39957e-05
-9.99182e-07
2.25915e-05
-9.07805e-07
2.13405e-05
-7.83852e-07
2.0283e-05
-6.33267e-07
1.94504e-05
-4.62713e-07
1.88647e-05
-2.7864e-07
1.85383e-05
-8.71908e-08
1.84747e-05
1.05602e-07
1.86676e-05
2.93521e-07
1.91028e-05
4.70664e-07
1.97538e-05
6.28e-07
2.05977e-05
7.66196e-07
2.15712e-05
8.5952e-07
2.27125e-05
9.65969e-07
2.38149e-05
9.73337e-07
2.5229e-05
9.89091e-07
2.29016e-06
4.88072e-05
-4.01709e-05
3.32742e-05
-1.06207e-05
2.70719e-05
-1.7019e-06
2.46482e-05
-5.21688e-07
2.38084e-05
-1.45052e-07
2.3568e-05
-4.87496e-08
2.35588e-05
-6.23692e-09
2.37212e-05
4.5752e-08
2.40385e-05
9.39963e-08
2.44752e-05
1.28043e-07
2.49954e-05
1.50334e-07
2.55744e-05
1.66209e-07
2.61955e-05
1.77966e-07
2.68432e-05
1.85341e-07
2.75018e-05
1.8806e-07
2.81575e-05
1.87031e-07
2.87736e-05
1.76226e-07
2.93377e-05
1.61927e-07
2.9843e-05
1.45121e-07
3.02812e-05
1.25223e-07
3.06468e-05
1.03658e-07
3.09399e-05
8.25544e-08
3.11641e-05
6.32231e-08
3.13245e-05
4.56387e-08
3.14248e-05
2.91947e-08
3.14678e-05
1.33351e-08
3.14558e-05
-1.97457e-09
3.13911e-05
-1.65679e-08
3.12724e-05
-3.23543e-08
3.1102e-05
-4.71042e-08
3.0882e-05
-6.11292e-08
3.0615e-05
-7.44467e-08
3.03038e-05
-8.69455e-08
2.99515e-05
-9.83757e-08
2.95613e-05
-1.08881e-07
2.91364e-05
-1.18488e-07
2.86802e-05
-1.27076e-07
2.81961e-05
-1.34628e-07
2.76874e-05
-1.41302e-07
2.71571e-05
-1.47159e-07
2.66084e-05
-1.52097e-07
2.60449e-05
-1.56017e-07
2.54698e-05
-1.58883e-07
2.48869e-05
-1.60677e-07
2.42996e-05
-1.61377e-07
2.37114e-05
-1.60976e-07
2.31259e-05
-1.59514e-07
2.25461e-05
-1.57103e-07
2.19747e-05
-1.53973e-07
2.14131e-05
-1.50535e-07
2.08613e-05
-1.47415e-07
2.03169e-05
-1.45452e-07
1.97746e-05
-1.45625e-07
1.92264e-05
-1.48901e-07
1.86617e-05
-1.56029e-07
1.80686e-05
-1.67277e-07
1.7436e-05
-1.82194e-07
1.67554e-05
-1.99492e-07
1.60239e-05
-2.17081e-07
1.5246e-05
-2.3234e-07
1.44341e-05
-2.42558e-07
1.36082e-05
-2.4544e-07
1.27937e-05
-2.39518e-07
1.20189e-05
-2.24358e-07
1.13116e-05
-2.00484e-07
1.06969e-05
-1.69105e-07
1.01954e-05
-1.31784e-07
9.82279e-06
-9.01385e-08
9.5897e-06
-4.55487e-08
9.50196e-06
5.50166e-10
9.56069e-06
4.68719e-08
9.76217e-06
9.204e-08
1.00983e-05
1.3452e-07
1.05539e-05
1.72431e-07
1.11154e-05
2.04674e-07
1.17462e-05
2.28696e-07
1.24658e-05
2.4639e-07
1.31694e-05
2.69765e-07
1.39583e-05
2.00176e-07
7.23597e-07
1.96379e-05
9.01726e-06
7.31536e-06
6.79367e-06
6.64862e-06
6.59987e-06
6.59364e-06
6.63939e-06
6.73338e-06
6.86143e-06
7.01176e-06
7.17797e-06
7.35594e-06
7.54128e-06
7.72934e-06
7.91637e-06
8.09259e-06
8.25452e-06
8.39964e-06
8.52486e-06
8.62852e-06
8.71108e-06
8.7743e-06
8.81994e-06
8.84913e-06
8.86247e-06
8.86049e-06
8.84393e-06
8.81157e-06
8.76447e-06
8.70334e-06
8.62889e-06
8.54195e-06
8.44357e-06
8.33469e-06
8.2162e-06
8.08913e-06
7.9545e-06
7.8132e-06
7.66604e-06
7.51394e-06
7.35792e-06
7.19904e-06
7.03836e-06
6.87699e-06
6.71601e-06
6.5565e-06
6.39939e-06
6.24542e-06
6.09488e-06
5.94747e-06
5.80202e-06
5.65639e-06
5.50749e-06
5.35146e-06
5.18418e-06
5.00199e-06
4.8025e-06
4.58542e-06
4.35308e-06
4.11052e-06
3.86508e-06
3.62556e-06
3.40121e-06
3.20072e-06
3.03162e-06
2.89983e-06
2.80969e-06
2.76414e-06
2.7647e-06
2.81157e-06
2.90361e-06
3.03813e-06
3.21056e-06
3.41523e-06
3.64393e-06
3.89032e-06
4.16008e-06
4.36026e-06
)
;

boundaryField
{
    inlet
    {
        type            calculated;
        value           nonuniform List<scalar> 
25
(
-0.00119618
-0.00105581
-0.000931914
-0.000822558
-0.000726034
-0.000640837
-0.000565637
-0.000499262
-0.000440675
-0.000388964
-0.00034332
-0.000303033
-0.000267473
-0.000236086
-0.000208382
-0.00018393
-0.000162346
-0.000143295
-0.00012648
-0.000111638
-9.8538e-05
-8.69749e-05
-7.67687e-05
-6.77602e-05
-5.98088e-05
)
;
    }
    outlet
    {
        type            calculated;
        value           nonuniform List<scalar> 
25
(
0.000910907
0.00100095
0.000998128
0.000929843
0.000832262
0.000732848
0.000644732
0.00056943
0.000503746
0.000444325
0.000389011
0.000336885
0.000287973
0.000242868
0.000202323
0.000166845
0.000136486
0.000110872
8.93033e-05
7.0899e-05
5.48e-05
4.03678e-05
2.72859e-05
1.55249e-05
5.08385e-06
)
;
    }
    fixedWalls
    {
        type            calculated;
        value           uniform 0;
    }
    frontAndBack
    {
        type            empty;
        value           nonuniform 0();
    }
}


// ************************************************************************* //
