/*--------------------------------*- C++ -*----------------------------------*\
| =========                 |                                                 |
| \\      /  F ield         | OpenFOAM: The Open Source CFD Toolbox           |
|  \\    /   O peration     | Version:  v1912                                 |
|   \\  /    A nd           | Website:  www.openfoam.com                      |
|    \\/     M anipulation  |                                                 |
\*---------------------------------------------------------------------------*/
FoamFile
{
    version     2.0;
    format      ascii;
    class       volScalarField;
    location    "400";
    object      epsilon;
}
// * * * * * * * * * * * * * * * * * * * * * * * * * * * * * * * * * * * * * //

dimensions      [0 2 -3 0 0 0 0];


internalField   nonuniform List<scalar> 
4000
(
3.53836e-07
2.1594e-07
5.98824e-08
1.62827e-08
1.15667e-08
9.43953e-09
7.71166e-09
7.70059e-09
8.72874e-09
9.71929e-09
9.92741e-09
7.84013e-09
7.47203e-09
8.03656e-09
9.94797e-09
1.22647e-08
1.8447e-08
1.3208e-07
2.83948e-07
4.0556e-07
4.92741e-07
3.75512e-07
2.32548e-07
1.56063e-07
8.03919e-08
2.08307e-08
1.88422e-08
1.96381e-08
2.03721e-08
2.35243e-08
2.12485e-08
2.03475e-08
1.97417e-08
1.91611e-08
2.22883e-08
8.60396e-08
1.58388e-07
2.47083e-07
4.12462e-07
5.26503e-07
5.7927e-07
4.92522e-07
3.77514e-07
2.57084e-07
1.57345e-07
7.70415e-08
2.68874e-08
2.75637e-08
3.06417e-08
3.49325e-08
3.27503e-08
2.9702e-08
2.76678e-08
2.87568e-08
9.56711e-08
1.717e-07
2.69821e-07
3.95533e-07
5.20973e-07
6.08042e-07
6.35468e-07
5.7306e-07
4.52599e-07
3.03904e-07
1.95538e-07
1.1965e-07
7.03206e-08
3.41659e-08
3.6866e-08
4.26733e-08
4.11893e-08
3.57621e-08
3.81222e-08
7.93423e-08
1.34651e-07
2.12756e-07
3.29542e-07
4.7732e-07
6.01632e-07
6.62673e-07
6.7853e-07
6.48498e-07
5.57668e-07
4.18785e-07
2.79012e-07
1.84629e-07
1.21603e-07
8.23902e-08
5.73652e-08
3.93349e-08
3.85407e-08
5.86569e-08
8.77195e-08
1.37229e-07
2.0724e-07
3.11194e-07
4.52552e-07
5.88043e-07
6.78279e-07
7.05458e-07
7.17345e-07
7.26087e-07
6.87123e-07
6.14706e-07
5.37407e-07
4.62373e-07
3.89816e-07
3.0622e-07
2.35466e-07
1.89512e-07
1.98281e-07
2.56385e-07
3.35325e-07
4.19833e-07
4.96148e-07
5.73716e-07
6.51347e-07
7.21355e-07
7.57496e-07
7.44527e-07
7.591e-07
8.15939e-07
8.41619e-07
8.39327e-07
8.23839e-07
7.93767e-07
7.48335e-07
6.88907e-07
6.21237e-07
5.4766e-07
5.57748e-07
6.393e-07
7.13464e-07
7.78846e-07
8.29059e-07
8.62083e-07
8.78298e-07
8.78763e-07
8.49438e-07
7.8688e-07
8.08318e-07
9.20519e-07
1.01469e-06
1.08093e-06
1.1257e-06
1.1429e-06
1.12942e-06
1.08487e-06
1.01057e-06
9.02131e-07
9.10467e-07
1.02461e-06
1.1081e-06
1.16047e-06
1.17997e-06
1.16633e-06
1.1225e-06
1.05454e-06
9.56057e-07
8.36807e-07
8.71814e-07
1.05529e-06
1.22429e-06
1.36156e-06
1.46974e-06
1.53781e-06
1.55883e-06
1.53082e-06
1.44716e-06
1.29396e-06
1.3008e-06
1.45891e-06
1.55529e-06
1.5942e-06
1.58065e-06
1.5161e-06
1.40811e-06
1.26816e-06
1.09348e-06
9.01293e-07
9.65975e-07
1.23085e-06
1.47651e-06
1.678e-06
1.84504e-06
1.97219e-06
2.05489e-06
2.08314e-06
2.03594e-06
1.8564e-06
1.86214e-06
2.04598e-06
2.10588e-06
2.08821e-06
2.013e-06
1.89022e-06
1.72449e-06
1.52128e-06
1.27041e-06
9.96743e-07
2.16208e-07
1.56156e-07
3.85095e-08
3.12541e-08
3.05226e-08
2.33827e-08
1.37307e-08
1.26183e-08
2.02721e-08
1.39179e-08
1.69343e-08
1.17438e-08
1.22591e-08
1.53779e-08
2.61904e-08
3.22903e-08
3.30739e-08
8.21873e-08
2.12482e-07
2.88537e-07
3.75706e-07
3.89994e-07
2.6647e-07
2.11628e-07
1.67351e-07
5.58531e-08
2.68507e-08
2.08091e-08
2.01899e-08
1.97631e-08
1.96934e-08
1.97076e-08
2.20312e-08
2.95501e-08
6.93315e-08
1.68624e-07
2.03746e-07
2.7412e-07
4.4566e-07
4.16034e-07
4.92506e-07
5.99704e-07
4.50794e-07
2.99841e-07
2.04172e-07
1.37672e-07
7.89073e-08
3.41733e-08
2.92908e-08
2.84031e-08
2.79161e-08
2.98278e-08
3.76688e-08
9.94202e-08
1.5502e-07
2.22524e-07
3.27573e-07
5.02098e-07
6.60431e-07
5.24486e-07
5.73032e-07
5.73369e-07
4.84033e-07
3.36919e-07
2.22104e-07
1.48123e-07
1.01145e-07
7.27222e-08
4.8324e-08
3.93685e-08
3.90294e-08
5.10086e-08
7.85353e-08
1.10133e-07
1.61397e-07
2.39519e-07
3.62107e-07
5.13003e-07
6.08815e-07
6.04361e-07
6.48458e-07
6.06157e-07
5.40749e-07
4.22629e-07
2.73514e-07
1.81156e-07
1.24078e-07
8.96217e-08
7.16774e-08
6.54018e-08
6.51854e-08
7.28734e-08
9.34381e-08
1.32467e-07
1.93545e-07
2.90625e-07
4.42056e-07
5.62752e-07
6.34406e-07
6.79829e-07
7.26047e-07
6.69264e-07
6.24143e-07
5.42698e-07
4.35787e-07
3.26028e-07
2.51506e-07
1.89104e-07
1.42496e-07
1.18701e-07
1.21517e-07
1.4962e-07
2.00452e-07
2.66209e-07
3.44883e-07
4.63321e-07
5.67782e-07
6.49676e-07
6.97528e-07
7.57816e-07
8.15903e-07
7.53488e-07
7.32517e-07
6.95533e-07
6.53408e-07
5.75238e-07
4.62796e-07
3.74648e-07
3.16644e-07
2.79415e-07
2.84653e-07
3.26089e-07
3.87041e-07
4.84742e-07
6.01367e-07
6.78682e-07
7.23082e-07
7.61235e-07
7.83522e-07
8.48283e-07
9.20476e-07
8.82442e-07
9.03886e-07
9.20347e-07
9.45637e-07
9.44323e-07
8.93235e-07
7.90623e-07
6.71685e-07
5.46071e-07
5.57295e-07
6.89526e-07
8.14439e-07
9.16176e-07
9.71746e-07
9.76561e-07
9.54109e-07
9.38613e-07
9.16426e-07
9.53966e-07
1.05524e-06
1.14617e-06
1.29382e-06
1.41613e-06
1.52545e-06
1.59167e-06
1.58487e-06
1.50818e-06
1.35912e-06
1.12517e-06
1.13077e-06
1.36984e-06
1.53578e-06
1.62489e-06
1.63883e-06
1.57423e-06
1.46491e-06
1.34096e-06
1.18828e-06
1.09128e-06
1.23079e-06
1.58534e-06
1.93095e-06
2.23249e-06
2.49761e-06
2.71314e-06
2.86501e-06
2.93473e-06
2.89065e-06
2.67767e-06
2.68117e-06
2.90224e-06
2.96434e-06
2.90942e-06
2.76743e-06
2.55688e-06
2.29239e-06
1.98744e-06
1.63405e-06
1.26771e-06
6.14666e-08
3.98248e-08
3.69256e-08
4.59631e-08
5.11411e-08
3.53867e-08
2.07466e-08
1.5647e-08
1.47991e-08
1.45757e-08
1.48218e-08
1.47158e-08
1.74895e-08
2.30027e-08
4.21295e-08
5.40693e-08
4.57971e-08
4.22918e-08
9.44029e-08
1.4573e-07
2.32579e-07
2.65655e-07
2.35086e-07
2.13541e-07
1.67445e-07
6.36143e-08
3.54418e-08
2.63553e-08
2.35404e-08
2.34279e-08
2.3532e-08
2.41559e-08
2.99071e-08
4.03585e-08
8.13751e-08
1.7121e-07
2.0651e-07
2.26572e-07
2.72433e-07
2.52731e-07
3.77327e-07
4.50659e-07
3.5687e-07
2.62139e-07
1.92768e-07
1.43131e-07
9.09804e-08
4.67022e-08
3.57864e-08
3.40867e-08
3.4137e-08
3.7553e-08
5.77451e-08
1.09278e-07
1.60299e-07
2.13242e-07
2.9053e-07
4.02341e-07
5.08296e-07
3.99872e-07
4.52414e-07
4.84037e-07
4.26253e-07
3.08891e-07
2.15337e-07
1.52955e-07
1.12365e-07
8.51129e-08
6.07534e-08
5.07328e-08
5.12313e-08
6.45001e-08
9.06052e-08
1.21151e-07
1.66913e-07
2.33607e-07
3.31401e-07
4.49726e-07
5.1684e-07
4.82415e-07
5.5751e-07
5.40778e-07
4.79863e-07
3.75488e-07
2.57711e-07
1.78239e-07
1.28203e-07
9.84311e-08
8.43964e-08
8.16976e-08
8.12684e-08
8.43813e-08
1.00983e-07
1.34183e-07
1.87238e-07
2.69432e-07
3.89243e-07
4.9325e-07
5.64664e-07
5.91523e-07
6.87016e-07
6.24159e-07
5.50967e-07
4.50571e-07
3.3706e-07
2.47503e-07
1.87416e-07
1.43351e-07
1.11689e-07
9.65039e-08
9.65799e-08
1.13558e-07
1.47903e-07
1.94536e-07
2.57639e-07
3.5242e-07
4.68168e-07
5.72292e-07
6.50907e-07
7.22528e-07
8.41547e-07
7.32507e-07
6.70842e-07
5.72447e-07
4.59156e-07
3.73641e-07
2.96791e-07
2.34363e-07
1.88344e-07
1.60202e-07
1.61927e-07
1.92046e-07
2.4005e-07
3.06206e-07
3.85597e-07
4.74219e-07
5.94863e-07
6.97925e-07
7.62398e-07
8.77822e-07
1.01462e-06
9.03864e-07
9.20941e-07
8.7487e-07
7.68427e-07
6.59452e-07
5.88817e-07
4.99803e-07
4.03704e-07
3.10534e-07
3.13547e-07
4.12236e-07
5.13366e-07
6.04278e-07
6.7635e-07
7.95956e-07
9.08037e-07
9.58086e-07
9.39563e-07
1.05229e-06
1.22421e-06
1.2938e-06
1.59263e-06
1.88383e-06
2.11526e-06
2.25834e-06
2.22272e-06
2.02776e-06
1.65899e-06
1.13505e-06
1.14524e-06
1.69511e-06
2.08871e-06
2.29414e-06
2.33091e-06
2.17899e-06
1.94352e-06
1.64827e-06
1.34196e-06
1.26551e-06
1.47643e-06
1.93091e-06
2.38241e-06
2.79301e-06
3.1655e-06
3.48018e-06
3.71014e-06
3.82754e-06
3.79038e-06
3.52288e-06
3.52277e-06
3.80317e-06
3.86354e-06
3.76429e-06
3.54563e-06
3.23584e-06
2.86306e-06
2.44756e-06
1.98635e-06
1.51785e-06
1.63771e-08
3.12465e-08
4.63122e-08
5.94097e-08
5.97342e-08
4.18757e-08
2.94876e-08
2.2956e-08
2.06533e-08
2.11714e-08
2.07859e-08
2.13203e-08
2.5456e-08
3.38416e-08
4.90691e-08
6.39752e-08
6.1603e-08
4.62128e-08
3.40946e-08
1.96911e-08
1.56319e-07
2.11434e-07
2.13444e-07
1.8738e-07
1.32835e-07
6.10631e-08
4.11029e-08
3.18193e-08
2.90855e-08
3.00667e-08
3.01616e-08
3.07266e-08
3.60935e-08
4.80358e-08
7.446e-08
1.40915e-07
1.85479e-07
2.0516e-07
2.01667e-07
1.61623e-07
2.56959e-07
2.99606e-07
2.62031e-07
2.1034e-07
1.64434e-07
1.30973e-07
8.37755e-08
5.20949e-08
4.22112e-08
4.11904e-08
4.16487e-08
4.52896e-08
6.11517e-08
1.01469e-07
1.47904e-07
1.83456e-07
2.33725e-07
2.91951e-07
3.32186e-07
2.74469e-07
3.03564e-07
3.36698e-07
3.08757e-07
2.42796e-07
1.83392e-07
1.40252e-07
1.1115e-07
8.58821e-08
6.61801e-08
5.88449e-08
5.96756e-08
6.93028e-08
9.11268e-08
1.18788e-07
1.53682e-07
2.01266e-07
2.6502e-07
3.33743e-07
3.68207e-07
3.37187e-07
4.18465e-07
4.22528e-07
3.75401e-07
2.99235e-07
2.21425e-07
1.63677e-07
1.24807e-07
1.02027e-07
9.12256e-08
8.70039e-08
8.63683e-08
9.0468e-08
1.03752e-07
1.30102e-07
1.72134e-07
2.32766e-07
3.12936e-07
3.91565e-07
4.45967e-07
4.57797e-07
6.14513e-07
5.4265e-07
4.50539e-07
3.58142e-07
2.73268e-07
2.06456e-07
1.59518e-07
1.26663e-07
1.04734e-07
9.50246e-08
9.43751e-08
1.05313e-07
1.29441e-07
1.64487e-07
2.13946e-07
2.84408e-07
3.72983e-07
4.7011e-07
5.70188e-07
6.52717e-07
8.39209e-07
6.95499e-07
5.72431e-07
4.5133e-07
3.61974e-07
2.93605e-07
2.38166e-07
1.91619e-07
1.52369e-07
1.26206e-07
1.26597e-07
1.54729e-07
1.96214e-07
2.44975e-07
3.02348e-07
3.74004e-07
4.68156e-07
5.96817e-07
7.24023e-07
8.77453e-07
1.08083e-06
9.20314e-07
8.74873e-07
7.27782e-07
6.82421e-07
6.4697e-07
6.03652e-07
5.25981e-07
4.15509e-07
2.97369e-07
2.97189e-07
4.26542e-07
5.46353e-07
6.27962e-07
6.71348e-07
7.08517e-07
7.59405e-07
9.10128e-07
9.54088e-07
1.12037e-06
1.36145e-06
1.41609e-06
1.88384e-06
2.41527e-06
2.75729e-06
3.0719e-06
3.22114e-06
3.09264e-06
2.61927e-06
1.91215e-06
1.89762e-06
2.66521e-06
3.17928e-06
3.32448e-06
3.17121e-06
2.84532e-06
2.48634e-06
1.94587e-06
1.46626e-06
1.4056e-06
1.67789e-06
2.23241e-06
2.79296e-06
3.32356e-06
3.8225e-06
4.26468e-06
4.60432e-06
4.79538e-06
4.78397e-06
4.52084e-06
4.50967e-06
4.79613e-06
4.83578e-06
4.66578e-06
4.33822e-06
3.90068e-06
3.40004e-06
2.86295e-06
2.29105e-06
1.72104e-06
1.1523e-08
3.0369e-08
5.10727e-08
5.98032e-08
5.6875e-08
4.37977e-08
3.44984e-08
2.8626e-08
2.66334e-08
2.82834e-08
2.78026e-08
2.80135e-08
3.2406e-08
4.02941e-08
5.10834e-08
6.30363e-08
6.41829e-08
5.53374e-08
3.36843e-08
1.28184e-08
8.07966e-08
1.67766e-07
1.67647e-07
1.32967e-07
8.68387e-08
5.4757e-08
4.18584e-08
3.60427e-08
3.63716e-08
4.15586e-08
4.09449e-08
3.7946e-08
4.02264e-08
4.90752e-08
6.53361e-08
9.96055e-08
1.40568e-07
1.70536e-07
1.68874e-07
9.29749e-08
1.57268e-07
2.04086e-07
1.92704e-07
1.64438e-07
1.38657e-07
1.07325e-07
7.01969e-08
5.11207e-08
4.66266e-08
4.90481e-08
4.91063e-08
4.89136e-08
5.80547e-08
8.51071e-08
1.24712e-07
1.55244e-07
1.84308e-07
2.15042e-07
2.25901e-07
1.77428e-07
1.95232e-07
2.21889e-07
2.15175e-07
1.83334e-07
1.50089e-07
1.228e-07
1.0072e-07
7.89475e-08
6.61037e-08
6.36811e-08
6.40926e-08
6.8378e-08
8.44051e-08
1.08339e-07
1.34041e-07
1.65405e-07
2.02267e-07
2.36217e-07
2.44194e-07
2.18664e-07
2.78661e-07
2.73281e-07
2.5754e-07
2.21345e-07
1.78512e-07
1.42059e-07
1.15512e-07
9.95677e-08
9.16507e-08
8.77642e-08
8.74349e-08
9.10791e-08
1.00767e-07
1.19847e-07
1.49585e-07
1.88774e-07
2.33839e-07
2.72115e-07
2.94557e-07
3.16224e-07
5.37182e-07
4.35612e-07
3.36934e-07
2.73201e-07
2.19222e-07
1.74469e-07
1.40777e-07
1.17687e-07
1.04248e-07
1.03103e-07
1.02526e-07
1.0468e-07
1.19992e-07
1.45038e-07
1.80894e-07
2.28295e-07
2.85388e-07
3.54535e-07
4.65188e-07
5.74288e-07
8.23681e-07
6.53338e-07
4.59105e-07
3.61936e-07
3.01943e-07
2.56309e-07
2.18899e-07
1.86212e-07
1.5601e-07
1.37859e-07
1.38806e-07
1.59854e-07
1.92427e-07
2.2664e-07
2.65294e-07
3.12732e-07
3.74945e-07
4.76183e-07
6.79721e-07
8.61151e-07
1.12559e-06
9.456e-07
7.68471e-07
6.82422e-07
7.1274e-07
7.47363e-07
7.48414e-07
6.89075e-07
5.60002e-07
3.97916e-07
3.97499e-07
5.76103e-07
7.19748e-07
7.8434e-07
7.81984e-07
7.43797e-07
7.0952e-07
7.98692e-07
9.76951e-07
1.16461e-06
1.46962e-06
1.52541e-06
2.1153e-06
2.75737e-06
3.52428e-06
4.24373e-06
4.67247e-06
4.65941e-06
4.05559e-06
2.96808e-06
2.94092e-06
4.08701e-06
4.76159e-06
4.79648e-06
4.36751e-06
3.6335e-06
2.84893e-06
2.18273e-06
1.57582e-06
1.51423e-06
1.84492e-06
2.4975e-06
3.16541e-06
3.82246e-06
4.48888e-06
5.08757e-06
5.56802e-06
5.87953e-06
5.96035e-06
5.782e-06
5.75954e-06
5.96377e-06
5.91686e-06
5.63055e-06
5.16481e-06
4.57127e-06
3.90164e-06
3.23633e-06
2.55588e-06
1.88719e-06
9.36968e-09
2.34198e-08
3.46974e-08
4.18532e-08
4.37567e-08
3.99512e-08
3.57072e-08
3.27762e-08
3.29403e-08
3.70533e-08
3.6247e-08
3.46104e-08
3.71123e-08
4.18428e-08
4.71609e-08
5.11367e-08
4.91747e-08
4.21135e-08
2.70164e-08
1.00977e-08
2.06735e-08
5.59492e-08
6.3686e-08
6.10812e-08
5.4658e-08
4.58207e-08
3.97732e-08
3.79863e-08
4.26392e-08
5.37538e-08
5.12642e-08
4.28735e-08
4.15421e-08
4.60933e-08
5.44826e-08
6.53444e-08
7.44304e-08
8.20133e-08
7.33822e-08
2.28228e-08
7.65707e-08
1.37736e-07
1.43126e-07
1.30887e-07
1.07245e-07
7.86009e-08
5.74843e-08
4.82921e-08
4.91951e-08
5.72496e-08
5.55193e-08
4.99896e-08
5.33452e-08
6.84927e-08
9.54012e-08
1.25529e-07
1.49454e-07
1.62395e-07
1.58042e-07
1.01518e-07
1.19212e-07
1.47918e-07
1.52763e-07
1.40121e-07
1.22729e-07
1.04985e-07
8.55686e-08
6.96429e-08
6.36617e-08
6.77639e-08
6.7041e-08
6.52533e-08
7.44249e-08
9.30774e-08
1.1435e-07
1.34673e-07
1.55115e-07
1.69324e-07
1.64994e-07
1.39676e-07
1.8437e-07
1.80919e-07
1.78036e-07
1.63544e-07
1.41995e-07
1.20754e-07
1.04119e-07
9.30822e-08
8.78262e-08
9.0015e-08
8.95286e-08
8.77222e-08
9.3922e-08
1.07164e-07
1.26416e-07
1.50034e-07
1.73298e-07
1.89173e-07
1.95809e-07
2.09414e-07
4.62156e-07
3.25845e-07
2.47359e-07
2.06353e-07
1.74419e-07
1.46716e-07
1.24802e-07
1.10494e-07
1.04883e-07
1.15158e-07
1.14566e-07
1.05286e-07
1.12336e-07
1.28232e-07
1.51798e-07
1.81103e-07
2.14584e-07
2.58404e-07
3.45006e-07
4.95831e-07
7.93573e-07
5.7511e-07
3.73574e-07
2.93549e-07
2.56276e-07
2.31929e-07
2.12253e-07
1.94404e-07
1.77634e-07
1.80151e-07
1.83437e-07
1.84413e-07
2.0285e-07
2.21275e-07
2.41017e-07
2.65317e-07
3.02751e-07
3.86124e-07
6.01614e-07
8.27984e-07
1.14277e-06
9.44274e-07
6.59479e-07
6.46973e-07
7.47358e-07
8.47959e-07
8.99289e-07
8.61028e-07
7.08811e-07
5.10081e-07
5.12441e-07
7.30565e-07
8.99755e-07
9.43594e-07
8.89573e-07
7.82287e-07
6.72484e-07
6.78602e-07
9.73752e-07
1.17889e-06
1.53769e-06
1.59163e-06
2.25843e-06
3.07207e-06
4.24388e-06
5.281e-06
5.94512e-06
5.99636e-06
5.10492e-06
3.66036e-06
3.63648e-06
5.13247e-06
6.10289e-06
6.07968e-06
5.41852e-06
4.37351e-06
3.17789e-06
2.33647e-06
1.64141e-06
1.57977e-06
1.97208e-06
2.71303e-06
3.48007e-06
4.2646e-06
5.08753e-06
5.84477e-06
6.48525e-06
6.94926e-06
7.17769e-06
7.16695e-06
7.13331e-06
7.17111e-06
6.97842e-06
6.54143e-06
5.91745e-06
5.16721e-06
4.34108e-06
3.54727e-06
2.76714e-06
2.01063e-06
7.71371e-09
1.48109e-08
2.0431e-08
2.92577e-08
3.44034e-08
3.56656e-08
3.57592e-08
3.66979e-08
4.05228e-08
4.97092e-08
4.82157e-08
4.20258e-08
4.08905e-08
4.13748e-08
4.19019e-08
4.04352e-08
3.40656e-08
2.3568e-08
1.55931e-08
8.07262e-09
1.85404e-08
2.68195e-08
3.55871e-08
4.11091e-08
4.17599e-08
3.97168e-08
3.86351e-08
4.14562e-08
5.30765e-08
8.11525e-08
7.52314e-08
5.14262e-08
4.38844e-08
4.33846e-08
4.61075e-08
4.91794e-08
4.82155e-08
4.08653e-08
2.98255e-08
1.92347e-08
2.65656e-08
7.79577e-08
9.0747e-08
8.36093e-08
7.00699e-08
5.74269e-08
4.93215e-08
4.75413e-08
5.60831e-08
8.23691e-08
7.70332e-08
5.48454e-08
5.05969e-08
5.61991e-08
6.87324e-08
8.6108e-08
1.03565e-07
1.12322e-07
1.04029e-07
3.10502e-08
6.98373e-08
1.00879e-07
1.12154e-07
1.10995e-07
1.00614e-07
8.55212e-08
7.10948e-08
6.27239e-08
6.69996e-08
1.00021e-07
9.40966e-08
6.65503e-08
6.60112e-08
7.71932e-08
9.35346e-08
1.09346e-07
1.2019e-07
1.23076e-07
1.12641e-07
8.20845e-08
1.21416e-07
1.23825e-07
1.27983e-07
1.24646e-07
1.15408e-07
1.0407e-07
9.31434e-08
8.57271e-08
8.88388e-08
1.33436e-07
1.2593e-07
8.77486e-08
8.63338e-08
9.4931e-08
1.07433e-07
1.20404e-07
1.31064e-07
1.3548e-07
1.33846e-07
1.3831e-07
3.89545e-07
2.51299e-07
1.87264e-07
1.59399e-07
1.40697e-07
1.24764e-07
1.12285e-07
1.04977e-07
1.11397e-07
1.7973e-07
1.72693e-07
1.10749e-07
1.06064e-07
1.14622e-07
1.28215e-07
1.45094e-07
1.64603e-07
1.94409e-07
2.65504e-07
4.19076e-07
7.48081e-07
4.62571e-07
2.9669e-07
2.38096e-07
2.18845e-07
2.12225e-07
2.08782e-07
2.06406e-07
2.11225e-07
2.91692e-07
2.9493e-07
2.20718e-07
2.16586e-07
2.18534e-07
2.20991e-07
2.26333e-07
2.44748e-07
3.0567e-07
4.83166e-07
7.77604e-07
1.12927e-06
8.93132e-07
5.88793e-07
6.03642e-07
7.48409e-07
8.99288e-07
9.90404e-07
9.57559e-07
7.70565e-07
6.005e-07
6.06408e-07
7.94705e-07
9.99477e-07
1.03873e-06
9.44636e-07
7.85444e-07
6.29513e-07
6.06305e-07
9.19044e-07
1.15996e-06
1.55873e-06
1.58481e-06
2.22273e-06
3.2213e-06
4.67272e-06
5.94523e-06
6.7949e-06
6.73372e-06
5.25678e-06
3.70315e-06
3.70526e-06
5.26046e-06
6.82712e-06
6.93411e-06
6.09754e-06
4.8155e-06
3.33872e-06
2.30297e-06
1.62865e-06
1.59439e-06
2.05481e-06
2.86491e-06
3.71003e-06
4.60423e-06
5.56796e-06
6.4852e-06
7.30105e-06
7.96166e-06
8.44718e-06
8.81605e-06
8.76476e-06
8.42625e-06
7.97722e-06
7.34374e-06
6.54546e-06
5.63636e-06
4.67103e-06
3.76714e-06
2.9098e-06
2.08654e-06
7.29542e-09
1.42367e-08
1.68607e-08
2.27862e-08
2.84072e-08
3.26187e-08
3.66089e-08
4.23856e-08
5.11324e-08
6.56791e-08
6.3163e-08
5.18641e-08
4.56894e-08
4.09688e-08
3.72416e-08
3.26155e-08
2.57023e-08
1.81303e-08
1.31901e-08
7.63898e-09
1.91568e-08
2.07714e-08
2.65429e-08
3.1743e-08
3.58682e-08
3.78748e-08
4.1392e-08
5.10948e-08
7.60322e-08
1.29397e-07
1.16946e-07
6.99287e-08
5.11137e-08
4.39225e-08
4.15181e-08
4.01844e-08
3.62241e-08
3.03225e-08
2.23251e-08
1.96906e-08
2.69757e-08
3.37061e-08
4.6265e-08
5.18747e-08
5.09837e-08
4.82115e-08
4.75014e-08
5.47423e-08
8.58438e-08
2.28263e-07
2.08987e-07
7.86437e-08
5.48455e-08
5.07613e-08
5.35448e-08
5.85139e-08
6.21673e-08
5.96794e-08
3.85419e-08
2.81103e-08
3.36006e-08
7.24355e-08
8.47916e-08
8.56592e-08
7.88062e-08
6.9559e-08
6.26845e-08
6.5607e-08
1.11471e-07
4.37308e-07
3.99259e-07
1.01376e-07
6.60279e-08
6.63202e-08
7.50017e-08
8.54474e-08
9.2557e-08
9.20935e-08
7.96084e-08
4.02058e-08
8.23347e-08
8.94571e-08
9.82345e-08
1.01857e-07
9.94368e-08
9.29985e-08
8.56882e-08
8.63758e-08
1.55349e-07
8.03583e-07
7.06192e-07
1.39607e-07
8.56126e-08
8.67461e-08
9.45162e-08
1.01477e-07
1.04514e-07
1.01785e-07
9.41471e-08
8.84975e-08
3.06014e-07
1.88903e-07
1.43208e-07
1.26541e-07
1.1759e-07
1.10429e-07
1.04945e-07
1.08846e-07
2.06545e-07
1.23878e-06
1.123e-06
1.89911e-07
1.0826e-07
1.06169e-07
1.12352e-07
1.19957e-07
1.29403e-07
1.47723e-07
1.99871e-07
3.33944e-07
6.88608e-07
3.74398e-07
2.34242e-07
1.91535e-07
1.86145e-07
1.94356e-07
2.06383e-07
2.28034e-07
3.59349e-07
1.59679e-06
1.49303e-06
3.58208e-07
2.38935e-07
2.16323e-07
2.02487e-07
1.9224e-07
1.96167e-07
2.39657e-07
3.85708e-07
7.1181e-07
1.08472e-06
7.90442e-07
4.9971e-07
5.25915e-07
6.89038e-07
8.61014e-07
9.57553e-07
8.97344e-07
7.87237e-07
1.82225e-06
1.74019e-06
8.06133e-07
9.38055e-07
1.00276e-06
9.03661e-07
7.23269e-07
5.49476e-07
5.15204e-07
8.13896e-07
1.10766e-06
1.53074e-06
1.5081e-06
2.02755e-06
3.09257e-06
4.65954e-06
5.99647e-06
6.73372e-06
6.06231e-06
4.29344e-06
6.01931e-06
5.85991e-06
4.37629e-06
6.16243e-06
6.85753e-06
6.13885e-06
4.79306e-06
3.20328e-06
2.10001e-06
1.54005e-06
1.55611e-06
2.0831e-06
2.93467e-06
3.82745e-06
4.79528e-06
5.87944e-06
6.94915e-06
7.96155e-06
8.91604e-06
9.95189e-06
1.14704e-05
1.13541e-05
9.91346e-06
8.91234e-06
7.98031e-06
6.98526e-06
5.92474e-06
4.84192e-06
3.86608e-06
2.96422e-06
2.10446e-06
6.80961e-09
1.31992e-08
1.67557e-08
2.08306e-08
2.63542e-08
3.259e-08
4.0241e-08
5.09694e-08
5.98718e-08
7.40817e-08
7.15016e-08
5.97588e-08
5.21536e-08
4.23357e-08
3.49023e-08
2.83083e-08
2.16394e-08
1.5996e-08
1.33849e-08
7.72641e-09
1.993e-08
1.94769e-08
2.35995e-08
2.89829e-08
3.61325e-08
4.24771e-08
5.29326e-08
7.59144e-08
1.26044e-07
8.46392e-07
7.68393e-07
1.15523e-07
7.07575e-08
5.20098e-08
4.31718e-08
3.8051e-08
3.08358e-08
2.45383e-08
2.01642e-08
1.99963e-08
2.95836e-08
2.87786e-08
3.55121e-08
4.19409e-08
4.64672e-08
4.90963e-08
5.60047e-08
8.57663e-08
2.81301e-07
3.16605e-06
2.94963e-06
2.58614e-07
7.9759e-08
5.57776e-08
5.06112e-08
4.95072e-08
4.58774e-08
3.82291e-08
3.03976e-08
2.9935e-08
3.6112e-08
4.74717e-08
6.0241e-08
6.59034e-08
6.5941e-08
6.35575e-08
6.69265e-08
1.11408e-07
5.97278e-07
6.60449e-06
6.2111e-06
5.40838e-07
1.02873e-07
6.76029e-08
6.60549e-08
6.92779e-08
7.04044e-08
6.56944e-08
5.20434e-08
3.54901e-08
5.7036e-08
7.13761e-08
8.41122e-08
9.10052e-08
9.14882e-08
8.77142e-08
8.87665e-08
1.55286e-07
1.20832e-06
1.14446e-05
1.07896e-05
1.04764e-06
1.41422e-07
8.89318e-08
8.87451e-08
9.21745e-08
9.15343e-08
8.52328e-08
7.33463e-08
5.95571e-08
2.3472e-07
1.42075e-07
1.11479e-07
1.04586e-07
1.04127e-07
1.04793e-07
1.11337e-07
2.06488e-07
1.86276e-06
1.63114e-05
1.53333e-05
1.63736e-06
1.90962e-07
1.11366e-07
1.0559e-07
1.04873e-07
1.05547e-07
1.14002e-07
1.50028e-07
2.56183e-07
6.20887e-07
3.16344e-07
1.8818e-07
1.52263e-07
1.55927e-07
1.77569e-07
2.11178e-07
3.59287e-07
2.43165e-06
1.92056e-05
1.8005e-05
2.18832e-06
3.56731e-07
2.19918e-07
1.84154e-07
1.60136e-07
1.55149e-07
1.91807e-07
3.24455e-07
6.37362e-07
1.01044e-06
6.71442e-07
4.03561e-07
4.15403e-07
5.59923e-07
7.08776e-07
7.70562e-07
7.87208e-07
2.70126e-06
1.82635e-05
1.71302e-05
2.48298e-06
8.08156e-07
8.01894e-07
7.38271e-07
5.82492e-07
4.30462e-07
4.13622e-07
6.87178e-07
1.02324e-06
1.44716e-06
1.35909e-06
1.65853e-06
2.61925e-06
4.05564e-06
5.10514e-06
5.25716e-06
4.29359e-06
5.76104e-06
1.44203e-05
1.37959e-05
5.58248e-06
4.37928e-06
5.31686e-06
5.18718e-06
4.12711e-06
2.6818e-06
1.70455e-06
1.37172e-06
1.45803e-06
2.03601e-06
2.89069e-06
3.79036e-06
4.78389e-06
5.96023e-06
7.17749e-06
8.44683e-06
9.95144e-06
1.2216e-05
1.55796e-05
1.54013e-05
1.21007e-05
9.90304e-06
8.42291e-06
7.17309e-06
5.9669e-06
4.7962e-06
3.79985e-06
2.89745e-06
2.04254e-06
9.98983e-09
1.20508e-08
1.65915e-08
2.1363e-08
2.78664e-08
3.64493e-08
4.9111e-08
6.521e-08
7.38003e-08
8.22452e-08
7.98166e-08
7.19807e-08
6.37149e-08
4.86198e-08
3.65462e-08
2.80429e-08
2.11577e-08
1.63817e-08
1.14856e-08
1.13763e-08
2.23875e-08
1.99576e-08
2.35059e-08
3.00354e-08
4.13009e-08
5.35855e-08
8.09341e-08
1.2913e-07
8.4582e-07
1.22043e-06
1.17005e-06
7.80151e-07
1.18902e-07
7.64722e-08
5.19127e-08
4.13292e-08
3.03032e-08
2.34466e-08
1.98042e-08
2.22826e-08
3.27868e-08
2.79008e-08
3.38384e-08
4.09073e-08
4.88566e-08
5.71308e-08
8.22344e-08
2.27975e-07
3.16411e-06
2.6992e-06
2.64072e-06
2.96427e-06
2.11427e-07
7.86155e-08
5.6369e-08
4.98651e-08
4.22086e-08
3.47248e-08
2.8188e-08
3.34171e-08
4.1574e-08
3.87993e-08
5.03314e-08
5.85892e-08
6.35198e-08
6.7642e-08
9.98839e-08
4.36973e-07
6.60167e-06
4.68455e-06
4.67834e-06
6.215e-06
4.0381e-07
9.58614e-08
6.78508e-08
6.49335e-08
6.0604e-08
5.2122e-08
3.95976e-08
4.14739e-08
3.90135e-08
6.46994e-08
8.12907e-08
8.67586e-08
8.7591e-08
8.98814e-08
1.33281e-07
8.0299e-07
1.14408e-05
7.29051e-06
7.41516e-06
1.0765e-05
7.15715e-07
1.27598e-07
9.03383e-08
8.84896e-08
8.77516e-08
8.24654e-08
6.50586e-08
3.94311e-08
1.88376e-07
1.18201e-07
9.6216e-08
9.48469e-08
1.0296e-07
1.15034e-07
1.79576e-07
1.23807e-06
1.63064e-05
1.03263e-05
1.06499e-05
1.52729e-05
1.12333e-06
1.72945e-07
1.14501e-07
1.02467e-07
9.47207e-08
9.76275e-08
1.23524e-07
2.02595e-07
5.47319e-07
2.792e-07
1.6004e-07
1.26093e-07
1.37766e-07
1.80068e-07
2.91576e-07
1.59598e-06
1.91999e-05
1.33021e-05
1.38767e-05
1.78998e-05
1.47958e-06
2.92067e-07
1.82682e-07
1.38854e-07
1.26957e-07
1.62134e-07
2.84212e-07
5.5506e-07
9.02084e-07
5.45912e-07
3.10453e-07
2.97311e-07
3.97867e-07
5.10057e-07
6.00431e-07
1.82139e-06
1.82576e-05
1.48158e-05
1.55744e-05
1.69944e-05
1.72256e-06
6.10927e-07
5.19921e-07
4.02889e-07
2.99576e-07
3.12612e-07
5.5161e-07
9.01981e-07
1.29404e-06
1.12524e-06
1.13515e-06
1.91242e-06
2.96845e-06
3.6609e-06
3.70315e-06
6.01787e-06
1.44164e-05
1.53127e-05
1.59766e-05
1.3689e-05
5.81487e-06
3.69661e-06
3.66233e-06
2.9554e-06
1.89815e-06
1.13229e-06
1.11719e-06
1.2867e-06
1.85658e-06
2.67781e-06
3.52296e-06
4.52088e-06
5.78192e-06
7.16662e-06
8.81524e-06
1.14687e-05
1.55772e-05
1.63668e-05
1.6831e-05
1.53419e-05
1.12994e-05
8.72429e-06
7.10907e-06
5.73974e-06
4.48808e-06
3.49752e-06
2.6577e-06
1.84201e-06
1.15709e-08
1.24852e-08
1.64308e-08
2.10535e-08
2.74704e-08
3.57846e-08
4.78146e-08
6.28704e-08
7.13151e-08
7.97126e-08
7.90927e-08
7.10098e-08
6.3001e-08
4.79052e-08
3.58892e-08
2.74482e-08
2.06989e-08
1.63972e-08
1.66271e-08
8.01811e-09
2.2582e-08
2.00935e-08
2.35969e-08
3.01774e-08
4.07993e-08
5.11851e-08
7.51224e-08
1.16748e-07
7.6773e-07
1.16935e-06
1.17742e-06
7.9478e-07
1.21213e-07
7.71337e-08
5.18153e-08
4.07604e-08
2.97126e-08
2.3517e-08
1.92455e-08
2.03516e-08
3.23969e-08
2.77463e-08
3.40166e-08
4.14778e-08
4.89994e-08
5.54475e-08
7.69254e-08
2.08668e-07
2.94694e-06
2.63942e-06
2.6271e-06
2.97874e-06
2.12264e-07
7.81675e-08
5.56134e-08
4.87225e-08
4.12111e-08
3.39853e-08
2.79043e-08
3.29377e-08
4.08826e-08
3.87022e-08
5.1018e-08
5.95335e-08
6.39926e-08
6.69409e-08
9.3928e-08
3.98558e-07
6.20487e-06
4.67658e-06
4.60499e-06
6.21517e-06
4.03116e-07
9.45176e-08
6.63877e-08
6.33528e-08
5.90823e-08
5.08738e-08
3.90458e-08
4.0936e-08
3.84081e-08
6.47197e-08
8.10369e-08
8.62135e-08
8.73097e-08
8.94011e-08
1.25688e-07
7.04696e-07
1.07777e-05
7.41325e-06
7.23594e-06
1.07682e-05
7.2101e-07
1.25557e-07
8.84083e-08
8.68266e-08
8.6236e-08
8.08321e-08
6.37942e-08
4.01515e-08
1.97971e-07
1.21354e-07
9.64672e-08
9.42696e-08
1.02402e-07
1.14414e-07
1.72367e-07
1.12055e-06
1.53152e-05
1.06483e-05
1.03282e-05
1.53061e-05
1.12031e-06
1.69728e-07
1.12452e-07
1.01117e-07
9.40136e-08
9.7531e-08
1.2478e-07
2.07117e-07
5.57861e-07
2.84729e-07
1.61943e-07
1.26591e-07
1.3876e-07
1.83316e-07
2.94576e-07
1.49032e-06
1.79832e-05
1.38759e-05
1.33927e-05
1.79744e-05
1.47245e-06
2.85141e-07
1.78772e-07
1.36609e-07
1.25897e-07
1.62058e-07
2.84987e-07
5.54655e-07
9.10676e-07
5.57548e-07
3.13682e-07
2.97301e-07
3.97575e-07
5.12442e-07
6.06218e-07
1.73783e-06
1.71101e-05
1.55753e-05
1.49858e-05
1.70583e-05
1.70944e-06
5.98753e-07
5.09393e-07
3.94555e-07
2.94551e-07
3.10656e-07
5.51475e-07
8.96348e-07
1.30101e-06
1.13096e-06
1.14561e-06
1.89799e-06
2.9411e-06
3.63627e-06
3.70416e-06
5.85553e-06
1.37839e-05
1.59781e-05
1.53966e-05
1.36687e-05
5.77132e-06
3.65014e-06
3.61766e-06
2.91157e-06
1.86531e-06
1.11799e-06
1.10624e-06
1.2749e-06
1.86234e-06
2.6813e-06
3.5228e-06
4.50937e-06
5.75877e-06
7.13186e-06
8.76241e-06
1.13503e-05
1.53962e-05
1.68334e-05
1.63358e-05
1.51201e-05
1.11474e-05
8.61088e-06
7.02111e-06
5.66921e-06
4.43296e-06
3.45697e-06
2.62768e-06
1.8216e-06
7.7434e-09
1.35498e-08
1.59385e-08
2.1263e-08
2.76801e-08
3.43412e-08
4.18646e-08
5.17666e-08
5.96773e-08
7.1926e-08
7.10241e-08
5.76866e-08
4.97715e-08
3.99706e-08
3.27884e-08
2.65895e-08
2.04856e-08
1.53874e-08
1.21477e-08
8.46422e-09
2.02142e-08
1.99756e-08
2.43904e-08
3.06757e-08
3.78434e-08
4.28071e-08
5.13558e-08
6.98454e-08
1.15396e-07
7.79791e-07
7.95114e-07
1.16874e-07
7.09654e-08
5.09861e-08
4.17386e-08
3.63705e-08
2.93076e-08
2.35183e-08
1.96177e-08
1.99749e-08
2.94747e-08
2.97621e-08
3.74808e-08
4.521e-08
4.88735e-08
4.99519e-08
5.47958e-08
7.85603e-08
2.58328e-07
2.96302e-06
2.97947e-06
2.59376e-07
7.97058e-08
5.43543e-08
4.87266e-08
4.70947e-08
4.32935e-08
3.6426e-08
2.9422e-08
2.94139e-08
3.5599e-08
5.08202e-08
6.44147e-08
6.92427e-08
6.83294e-08
6.52012e-08
6.64832e-08
1.01226e-07
5.40024e-07
6.21118e-06
6.21615e-06
5.41829e-07
1.02597e-07
6.55258e-08
6.35314e-08
6.64272e-08
6.72382e-08
6.25332e-08
4.99796e-08
3.48505e-08
5.85664e-08
7.27694e-08
8.42794e-08
9.03685e-08
9.09868e-08
8.76365e-08
8.76513e-08
1.39354e-07
1.04572e-06
1.07561e-05
1.07687e-05
1.07226e-06
1.41576e-07
8.6734e-08
8.65415e-08
9.0069e-08
8.95174e-08
8.32887e-08
7.19538e-08
5.9434e-08
2.56901e-07
1.49776e-07
1.13595e-07
1.05273e-07
1.04603e-07
1.05192e-07
1.10624e-07
1.89539e-07
1.63399e-06
1.52577e-05
1.53057e-05
1.65555e-06
1.89869e-07
1.09139e-07
1.03702e-07
1.03379e-07
1.04526e-07
1.1356e-07
1.50513e-07
2.57989e-07
6.39556e-07
3.26253e-07
1.92143e-07
1.54763e-07
1.5982e-07
1.84299e-07
2.20494e-07
3.57617e-07
2.18427e-06
1.78802e-05
1.79728e-05
2.19641e-06
3.48011e-07
2.13392e-07
1.79439e-07
1.56813e-07
1.52906e-07
1.90198e-07
3.22326e-07
6.299e-07
1.02481e-06
6.89882e-07
4.12449e-07
4.26689e-07
5.76128e-07
7.30448e-07
7.94481e-07
8.05654e-07
2.47917e-06
1.69751e-05
1.70558e-05
2.47623e-06
7.90607e-07
7.83111e-07
7.18289e-07
5.65991e-07
4.18903e-07
4.05968e-07
6.78335e-07
1.00732e-06
1.45901e-06
1.36998e-06
1.69558e-06
2.66536e-06
4.08658e-06
5.1317e-06
5.25954e-06
4.37492e-06
5.57729e-06
1.36775e-05
1.36667e-05
5.48719e-06
4.31636e-06
5.26907e-06
5.10096e-06
4.04644e-06
2.61378e-06
1.66163e-06
1.3453e-06
1.43294e-06
2.04591e-06
2.90209e-06
3.80287e-06
4.79557e-06
5.96281e-06
7.16969e-06
8.4243e-06
9.91076e-06
1.20967e-05
1.53368e-05
1.51188e-05
1.18964e-05
9.7495e-06
8.30157e-06
7.06825e-06
5.87658e-06
4.72079e-06
3.74018e-06
2.85197e-06
2.00938e-06
7.80746e-09
1.35064e-08
1.76148e-08
2.51233e-08
3.21358e-08
3.69796e-08
4.0833e-08
4.56489e-08
5.2099e-08
6.36657e-08
6.30281e-08
4.98121e-08
4.26519e-08
3.76846e-08
3.40658e-08
2.98517e-08
2.36711e-08
1.69488e-08
1.2395e-08
7.6942e-09
1.96956e-08
2.21456e-08
2.99772e-08
3.60436e-08
4.01809e-08
4.15013e-08
4.38425e-08
5.10679e-08
7.06953e-08
1.18827e-07
1.21259e-07
7.09985e-08
4.97722e-08
4.16395e-08
3.88617e-08
3.73941e-08
3.33716e-08
2.798e-08
2.13554e-08
1.94157e-08
2.75563e-08
3.75615e-08
5.7712e-08
6.11761e-08
5.80661e-08
5.33398e-08
5.05812e-08
5.48138e-08
7.96846e-08
2.11274e-07
2.12357e-07
7.97414e-08
5.35533e-08
4.81547e-08
4.99347e-08
5.38226e-08
5.63478e-08
5.26595e-08
3.61123e-08
2.74328e-08
3.79217e-08
7.84745e-08
9.05683e-08
9.11098e-08
8.43986e-08
7.44139e-08
6.59904e-08
6.59838e-08
1.02737e-07
4.03382e-07
4.03265e-07
1.02637e-07
6.44309e-08
6.34059e-08
7.10938e-08
8.07582e-08
8.75655e-08
8.70856e-08
7.49404e-08
3.81802e-08
8.77038e-08
9.3383e-08
1.00916e-07
1.03685e-07
1.00702e-07
9.38588e-08
8.62729e-08
8.55335e-08
1.41184e-07
7.14635e-07
7.21112e-07
1.41611e-07
8.4379e-08
8.48925e-08
9.22867e-08
9.88703e-08
1.01677e-07
9.89616e-08
9.18102e-08
8.69856e-08
3.35824e-07
2.00641e-07
1.47944e-07
1.29414e-07
1.19936e-07
1.12268e-07
1.05983e-07
1.08151e-07
1.90612e-07
1.12137e-06
1.12022e-06
1.89891e-07
1.06899e-07
1.04473e-07
1.10436e-07
1.18016e-07
1.2767e-07
1.46283e-07
1.97953e-07
3.29015e-07
7.13732e-07
3.87216e-07
2.40137e-07
1.9622e-07
1.92362e-07
2.02718e-07
2.16391e-07
2.38667e-07
3.56177e-07
1.47728e-06
1.47214e-06
3.48011e-07
2.31862e-07
2.10624e-07
1.97772e-07
1.88477e-07
1.93078e-07
2.36195e-07
3.79464e-07
6.98694e-07
1.10827e-06
8.14753e-07
5.13524e-07
5.46382e-07
7.19588e-07
8.99416e-07
9.9906e-07
9.37685e-07
8.07679e-07
1.72044e-06
1.70893e-06
7.90635e-07
9.18669e-07
9.77276e-07
8.77577e-07
7.01549e-07
5.33667e-07
5.0274e-07
7.96538e-07
1.08616e-06
1.55535e-06
1.53587e-06
2.08898e-06
3.1791e-06
4.76067e-06
6.10144e-06
6.8256e-06
6.16135e-06
4.37779e-06
5.81042e-06
5.77054e-06
4.3168e-06
6.13568e-06
6.77059e-06
6.0186e-06
4.67712e-06
3.11267e-06
2.03967e-06
1.50432e-06
1.52503e-06
2.10574e-06
2.96407e-06
3.86308e-06
4.83504e-06
5.91576e-06
6.97698e-06
7.97547e-06
8.91021e-06
9.90024e-06
1.12954e-05
1.11466e-05
9.74938e-06
8.77806e-06
7.86034e-06
6.87414e-06
5.82411e-06
4.75531e-06
3.79622e-06
2.9108e-06
2.06668e-06
8.21088e-09
1.55893e-08
2.25634e-08
3.35069e-08
4.01345e-08
4.17985e-08
4.13599e-08
4.09419e-08
4.22892e-08
4.85837e-08
4.79438e-08
4.00421e-08
3.7731e-08
3.76823e-08
3.80795e-08
3.68882e-08
3.114e-08
2.17079e-08
1.48694e-08
7.91507e-09
1.91847e-08
2.98047e-08
4.05065e-08
4.80769e-08
4.90751e-08
4.60866e-08
4.33725e-08
4.39001e-08
5.19737e-08
7.64429e-08
7.71709e-08
5.10231e-08
4.16552e-08
4.01468e-08
4.21677e-08
4.49043e-08
4.39535e-08
3.76598e-08
2.79882e-08
1.87467e-08
2.86712e-08
9.93396e-08
1.09403e-07
1.01592e-07
8.51986e-08
6.85521e-08
5.62286e-08
5.07589e-08
5.57412e-08
7.85558e-08
7.82186e-08
5.43892e-08
4.81684e-08
5.17869e-08
6.19699e-08
7.69563e-08
9.26735e-08
1.01002e-07
9.18289e-08
2.78745e-08
7.92372e-08
1.10097e-07
1.21145e-07
1.18787e-07
1.08352e-07
9.31008e-08
7.72092e-08
6.6313e-08
6.75596e-08
9.57685e-08
9.45734e-08
6.55613e-08
6.34196e-08
7.30329e-08
8.80906e-08
1.03187e-07
1.13487e-07
1.15637e-07
1.05298e-07
7.66226e-08
1.3725e-07
1.32426e-07
1.34132e-07
1.3006e-07
1.19807e-07
1.07125e-07
9.48906e-08
8.66942e-08
8.88589e-08
1.27463e-07
1.25615e-07
8.67671e-08
8.49055e-08
9.27916e-08
1.0434e-07
1.16372e-07
1.26328e-07
1.30681e-07
1.29389e-07
1.34377e-07
4.20077e-07
2.66323e-07
1.94542e-07
1.64449e-07
1.44986e-07
1.28173e-07
1.14553e-07
1.06097e-07
1.11263e-07
1.72736e-07
1.69772e-07
1.09164e-07
1.04481e-07
1.12494e-07
1.25493e-07
1.41903e-07
1.61315e-07
1.91073e-07
2.6057e-07
4.08085e-07
7.79053e-07
4.84949e-07
3.06261e-07
2.44934e-07
2.26535e-07
2.21126e-07
2.1836e-07
2.16141e-07
2.19723e-07
2.91774e-07
2.85134e-07
2.13411e-07
2.10632e-07
2.12903e-07
2.15717e-07
2.21545e-07
2.40271e-07
2.99964e-07
4.72034e-07
7.60042e-07
1.16057e-06
9.16303e-07
6.04296e-07
6.27808e-07
7.83973e-07
9.43073e-07
1.03819e-06
1.00234e-06
8.0165e-07
6.10697e-07
5.98748e-07
7.83174e-07
9.77299e-07
1.01033e-06
9.16874e-07
7.62432e-07
6.12254e-07
5.91192e-07
8.96116e-07
1.13458e-06
1.59419e-06
1.62487e-06
2.294e-06
3.32377e-06
4.795e-06
6.07774e-06
6.93213e-06
6.85589e-06
5.31586e-06
3.69524e-06
3.65033e-06
5.26973e-06
6.77071e-06
6.82102e-06
5.96674e-06
4.69694e-06
3.24765e-06
2.23783e-06
1.58795e-06
1.55967e-06
2.08802e-06
2.90906e-06
3.7637e-06
4.66489e-06
5.62934e-06
6.53997e-06
7.34211e-06
7.9785e-06
8.42081e-06
8.72166e-06
8.61062e-06
8.30157e-06
7.86036e-06
7.22926e-06
6.43473e-06
5.53362e-06
4.58113e-06
3.69303e-06
2.85241e-06
2.04611e-06
1.00091e-08
2.59872e-08
4.15853e-08
4.88292e-08
5.10205e-08
4.71674e-08
4.18989e-08
3.72119e-08
3.48572e-08
3.64961e-08
3.59333e-08
3.28792e-08
3.41622e-08
3.81505e-08
4.31445e-08
4.73007e-08
4.56818e-08
3.90242e-08
2.5282e-08
9.71935e-09
2.2315e-08
6.95653e-08
8.15299e-08
7.4533e-08
6.53865e-08
5.45172e-08
4.61265e-08
4.1516e-08
4.3155e-08
5.19123e-08
5.18679e-08
4.17944e-08
3.88968e-08
4.21758e-08
4.95789e-08
5.99521e-08
6.86681e-08
7.51167e-08
6.62509e-08
2.16816e-08
9.55489e-08
1.55073e-07
1.60369e-07
1.48011e-07
1.24829e-07
9.55334e-08
6.88251e-08
5.35729e-08
5.05958e-08
5.63509e-08
5.56588e-08
4.87639e-08
4.99508e-08
6.19766e-08
8.59114e-08
1.15136e-07
1.38612e-07
1.50838e-07
1.46195e-07
9.06116e-08
1.3452e-07
1.61377e-07
1.66929e-07
1.53722e-07
1.34073e-07
1.14382e-07
9.35675e-08
7.50174e-08
6.60399e-08
6.78283e-08
6.64297e-08
6.35641e-08
7.11109e-08
8.80939e-08
1.08127e-07
1.26954e-07
1.45702e-07
1.58913e-07
1.54462e-07
1.2929e-07
2.07219e-07
1.93504e-07
1.87191e-07
1.72105e-07
1.49566e-07
1.26395e-07
1.07402e-07
9.44683e-08
8.86936e-08
9.03153e-08
8.84617e-08
8.65751e-08
9.23053e-08
1.04345e-07
1.22132e-07
1.44316e-07
1.66525e-07
1.81946e-07
1.88207e-07
2.00206e-07
4.96315e-07
3.44952e-07
2.57621e-07
2.13901e-07
1.80847e-07
1.51751e-07
1.28166e-07
1.12301e-07
1.05527e-07
1.14446e-07
1.12498e-07
1.03725e-07
1.10448e-07
1.25497e-07
1.47982e-07
1.76211e-07
2.08883e-07
2.51963e-07
3.36183e-07
4.80676e-07
8.29185e-07
6.0148e-07
3.85582e-07
3.0226e-07
2.65166e-07
2.40872e-07
2.20851e-07
2.02373e-07
1.84062e-07
1.82595e-07
1.78784e-07
1.79453e-07
1.97781e-07
2.1572e-07
2.34947e-07
2.58721e-07
2.95621e-07
3.7696e-07
5.852e-07
8.06921e-07
1.18e-06
9.71752e-07
6.7622e-07
6.71036e-07
7.81493e-07
8.88999e-07
9.44126e-07
9.03322e-07
7.38106e-07
5.19852e-07
5.09413e-07
7.18321e-07
8.77601e-07
9.16889e-07
8.63394e-07
7.5948e-07
6.54036e-07
6.61326e-07
9.48902e-07
1.15099e-06
1.58057e-06
1.63865e-06
2.33037e-06
3.17002e-06
4.36567e-06
5.41637e-06
6.09556e-06
6.13724e-06
5.18606e-06
3.66173e-06
3.61819e-06
5.10135e-06
6.01871e-06
5.96684e-06
5.30015e-06
4.27034e-06
3.09662e-06
2.27279e-06
1.59886e-06
1.54319e-06
2.01277e-06
2.76701e-06
3.54496e-06
4.33726e-06
5.16357e-06
5.91603e-06
6.54396e-06
6.98373e-06
7.17147e-06
7.10732e-06
7.0211e-06
7.06832e-06
6.87419e-06
6.43475e-06
5.81192e-06
5.06789e-06
4.25302e-06
3.47297e-06
2.70866e-06
1.9691e-06
1.23083e-08
3.20178e-08
5.37391e-08
6.38321e-08
6.30274e-08
5.11691e-08
4.04231e-08
3.25733e-08
2.82583e-08
2.79129e-08
2.74642e-08
2.66443e-08
2.99599e-08
3.70552e-08
4.74271e-08
6.00543e-08
6.19702e-08
5.30162e-08
3.21411e-08
1.20989e-08
8.62416e-08
1.68718e-07
1.71332e-07
1.41082e-07
9.98015e-08
6.54408e-08
4.92248e-08
4.02003e-08
3.80497e-08
4.13271e-08
4.08166e-08
3.64409e-08
3.74751e-08
4.49275e-08
6.00157e-08
9.4254e-08
1.37228e-07
1.68311e-07
1.66231e-07
8.59644e-08
1.71611e-07
2.22562e-07
2.13347e-07
1.83572e-07
1.55308e-07
1.25651e-07
8.62613e-08
5.85792e-08
4.95108e-08
4.98678e-08
4.87826e-08
4.71588e-08
5.38315e-08
7.69287e-08
1.15105e-07
1.45534e-07
1.72944e-07
2.02002e-07
2.12614e-07
1.66594e-07
2.12635e-07
2.39521e-07
2.33652e-07
2.01334e-07
1.65463e-07
1.34709e-07
1.09367e-07
8.5473e-08
6.928e-08
6.49336e-08
6.34122e-08
6.64659e-08
8.07652e-08
1.03171e-07
1.2693e-07
1.56098e-07
1.90746e-07
2.23025e-07
2.30226e-07
2.05424e-07
3.11178e-07
2.90577e-07
2.69381e-07
2.32744e-07
1.88768e-07
1.5003e-07
1.20385e-07
1.01436e-07
9.21222e-08
8.84915e-08
8.68968e-08
9.01093e-08
9.88882e-08
1.16372e-07
1.44308e-07
1.81699e-07
2.25069e-07
2.62066e-07
2.82471e-07
2.98916e-07
5.73815e-07
4.63359e-07
3.5239e-07
2.84364e-07
2.28256e-07
1.81069e-07
1.45065e-07
1.19928e-07
1.04835e-07
1.02446e-07
1.01167e-07
1.03401e-07
1.1803e-07
1.41908e-07
1.76209e-07
2.21592e-07
2.76437e-07
3.43107e-07
4.49466e-07
5.55083e-07
8.62134e-07
6.78692e-07
4.74142e-07
3.73887e-07
3.12602e-07
2.65196e-07
2.26245e-07
1.92192e-07
1.60114e-07
1.38836e-07
1.36615e-07
1.56815e-07
1.88483e-07
2.21549e-07
2.5872e-07
3.04072e-07
3.64008e-07
4.62423e-07
6.61389e-07
8.37467e-07
1.16629e-06
9.76491e-07
7.9564e-07
7.08088e-07
7.43297e-07
7.81807e-07
7.85096e-07
7.23106e-07
5.82446e-07
4.02879e-07
3.94533e-07
5.65972e-07
7.01559e-07
7.62452e-07
7.59489e-07
7.21549e-07
6.87657e-07
7.73178e-07
9.51941e-07
1.13546e-06
1.51597e-06
1.57397e-06
2.17834e-06
2.84394e-06
3.6317e-06
4.37169e-06
4.81399e-06
4.79198e-06
4.12627e-06
2.95507e-06
2.91176e-06
4.04652e-06
4.67718e-06
4.69709e-06
4.27043e-06
3.5484e-06
2.77571e-06
2.12578e-06
1.53409e-06
1.47758e-06
1.88997e-06
2.55645e-06
3.23517e-06
3.89976e-06
4.57014e-06
5.16595e-06
5.6351e-06
5.92351e-06
5.96569e-06
5.73862e-06
5.66924e-06
5.87665e-06
5.82416e-06
5.53363e-06
5.06789e-06
4.47909e-06
3.81848e-06
3.16479e-06
2.4986e-06
1.84598e-06
1.85665e-08
3.30111e-08
4.55983e-08
6.15428e-08
6.41399e-08
4.92068e-08
3.40076e-08
2.56349e-08
2.16403e-08
2.10205e-08
2.07712e-08
2.04923e-08
2.36074e-08
3.12996e-08
4.59401e-08
6.20651e-08
6.05544e-08
4.60646e-08
3.23853e-08
1.78503e-08
1.58541e-07
2.03525e-07
2.06409e-07
1.85555e-07
1.40755e-07
7.45873e-08
4.8257e-08
3.62444e-08
3.08567e-08
3.03205e-08
2.98406e-08
2.92911e-08
3.34416e-08
4.40685e-08
6.89707e-08
1.37558e-07
1.8487e-07
2.0603e-07
2.0219e-07
1.5584e-07
2.69656e-07
3.27653e-07
2.90661e-07
2.33865e-07
1.8441e-07
1.49542e-07
1.03746e-07
6.2279e-08
4.58921e-08
4.22579e-08
4.12522e-08
4.3325e-08
5.63919e-08
9.26355e-08
1.38512e-07
1.72902e-07
2.2034e-07
2.74266e-07
3.11969e-07
2.63379e-07
3.29402e-07
3.62168e-07
3.31479e-07
2.6512e-07
2.0235e-07
1.55169e-07
1.20197e-07
9.25735e-08
7.04269e-08
6.06491e-08
5.91242e-08
6.72657e-08
8.75697e-08
1.13457e-07
1.45639e-07
1.90711e-07
2.51463e-07
3.17472e-07
3.48483e-07
3.18515e-07
4.52554e-07
4.42015e-07
3.89188e-07
3.12916e-07
2.33844e-07
1.73306e-07
1.31062e-07
1.04485e-07
9.1488e-08
8.77738e-08
8.6311e-08
8.95585e-08
1.01698e-07
1.26322e-07
1.66504e-07
2.25055e-07
3.02925e-07
3.79211e-07
4.30686e-07
4.36762e-07
6.5138e-07
5.67765e-07
4.68119e-07
3.72939e-07
2.85363e-07
2.14571e-07
1.64602e-07
1.29409e-07
1.05544e-07
9.47275e-08
9.40576e-08
1.0454e-07
1.27683e-07
1.61323e-07
2.08879e-07
2.76424e-07
3.61401e-07
4.55448e-07
5.52535e-07
6.30481e-07
8.78289e-07
7.2303e-07
5.94737e-07
4.68036e-07
3.74835e-07
3.02677e-07
2.44729e-07
1.96187e-07
1.55185e-07
1.26976e-07
1.25884e-07
1.52888e-07
1.93075e-07
2.40279e-07
2.95622e-07
3.63998e-07
4.53958e-07
5.77094e-07
7.03585e-07
8.52229e-07
1.12243e-06
9.53987e-07
9.0776e-07
7.589e-07
7.09107e-07
6.72186e-07
6.2937e-07
5.49476e-07
4.30518e-07
2.99599e-07
2.94497e-07
4.1883e-07
5.33645e-07
6.12269e-07
6.54056e-07
6.87674e-07
7.32143e-07
8.80983e-07
9.27859e-07
1.09109e-06
1.40796e-06
1.46464e-06
1.94295e-06
2.48539e-06
2.84758e-06
3.17675e-06
3.33799e-06
3.2029e-06
2.68154e-06
1.89796e-06
1.86532e-06
2.61355e-06
3.1126e-06
3.24776e-06
3.09676e-06
2.7758e-06
2.42624e-06
1.89355e-06
1.42561e-06
1.37032e-06
1.72425e-06
2.292e-06
2.86247e-06
3.39926e-06
3.90072e-06
4.34011e-06
4.67008e-06
4.84104e-06
4.79537e-06
4.48739e-06
4.43296e-06
4.72081e-06
4.75532e-06
4.58113e-06
4.253e-06
3.81846e-06
3.32424e-06
2.79641e-06
2.23693e-06
1.68161e-06
1.33779e-07
8.37844e-08
4.23444e-08
4.60246e-08
5.51585e-08
4.22699e-08
2.34876e-08
1.80943e-08
1.63466e-08
1.65597e-08
1.6343e-08
1.61061e-08
1.71135e-08
2.16906e-08
3.90088e-08
5.29711e-08
4.6095e-08
3.98405e-08
6.65516e-08
1.07554e-07
2.47441e-07
2.7413e-07
2.2647e-07
2.05156e-07
1.70668e-07
8.23222e-08
4.089e-08
3.03592e-08
2.45569e-08
2.38696e-08
2.32717e-08
2.37077e-08
2.79839e-08
3.77184e-08
7.57106e-08
1.68929e-07
2.06447e-07
2.25754e-07
2.64355e-07
2.37933e-07
3.95386e-07
5.02528e-07
4.02639e-07
2.92136e-07
2.1516e-07
1.62436e-07
1.12473e-07
5.98717e-08
3.83032e-08
3.46964e-08
3.40683e-08
3.64667e-08
5.26143e-08
1.009e-07
1.50652e-07
2.01962e-07
2.74247e-07
3.76409e-07
4.74309e-07
3.84802e-07
4.77226e-07
5.13244e-07
4.49871e-07
3.33875e-07
2.36315e-07
1.6938e-07
1.23097e-07
9.21291e-08
6.57589e-08
5.21405e-08
5.09384e-08
6.25463e-08
8.70506e-08
1.1557e-07
1.58819e-07
2.22978e-07
3.17478e-07
4.33086e-07
4.95035e-07
4.63537e-07
5.88006e-07
5.6278e-07
4.9323e-07
3.91555e-07
2.72133e-07
1.89196e-07
1.35498e-07
1.01796e-07
8.52048e-08
8.24697e-08
8.09303e-08
8.33203e-08
9.89671e-08
1.30666e-07
1.81926e-07
2.62069e-07
3.79266e-07
4.81317e-07
5.4729e-07
5.70038e-07
7.2133e-07
6.49656e-07
5.72261e-07
4.7009e-07
3.54549e-07
2.58439e-07
1.94467e-07
1.478e-07
1.14054e-07
9.76308e-08
9.75553e-08
1.13547e-07
1.46279e-07
1.91085e-07
2.51968e-07
3.43095e-07
4.55473e-07
5.55815e-07
6.31523e-07
6.99153e-07
8.78711e-07
7.61153e-07
6.97818e-07
5.96707e-07
4.76116e-07
3.86131e-07
3.05753e-07
2.39756e-07
1.91896e-07
1.62166e-07
1.6201e-07
1.90143e-07
2.36168e-07
2.99964e-07
3.76965e-07
4.62413e-07
5.77093e-07
6.76226e-07
7.39616e-07
8.52394e-07
1.05445e-06
9.38468e-07
9.57869e-07
9.09866e-07
7.98402e-07
6.78465e-07
6.06295e-07
5.15297e-07
4.13728e-07
3.12657e-07
3.10565e-07
4.05859e-07
5.02676e-07
5.91181e-07
6.61345e-07
7.73239e-07
8.80985e-07
9.27958e-07
9.11489e-07
1.02401e-06
1.26802e-06
1.34072e-06
1.64786e-06
1.9453e-06
2.18209e-06
2.33593e-06
2.30274e-06
2.10003e-06
1.70458e-06
1.13225e-06
1.11777e-06
1.6613e-06
2.0395e-06
2.23783e-06
2.27286e-06
2.12581e-06
1.89355e-06
1.60212e-06
1.30317e-06
1.23275e-06
1.52107e-06
1.98711e-06
2.44709e-06
2.86236e-06
3.23566e-06
3.54658e-06
3.76649e-06
3.86547e-06
3.79928e-06
3.49712e-06
3.4569e-06
3.74017e-06
3.7962e-06
3.69299e-06
3.47293e-06
3.16474e-06
2.79638e-06
2.38804e-06
1.93717e-06
1.48159e-06
2.84997e-07
2.13371e-07
9.49549e-08
3.4084e-08
3.3592e-08
2.70625e-08
1.56472e-08
1.30371e-08
1.22142e-08
1.65358e-08
1.20394e-08
1.24994e-08
1.3291e-08
1.50305e-08
2.5225e-08
3.19978e-08
3.23528e-08
6.50343e-08
1.87094e-07
2.5506e-07
4.12746e-07
4.46513e-07
2.7283e-07
2.0167e-07
1.68886e-07
7.35651e-08
2.98248e-08
2.2342e-08
1.99803e-08
1.93287e-08
1.99681e-08
1.9736e-08
2.14669e-08
2.81227e-08
6.65215e-08
1.66925e-07
2.03107e-07
2.65274e-07
4.18118e-07
3.96418e-07
5.21074e-07
6.60797e-07
5.08749e-07
3.32408e-07
2.25998e-07
1.58096e-07
1.04272e-07
3.86635e-08
3.03143e-08
2.82244e-08
2.79434e-08
2.94439e-08
3.60798e-08
9.16155e-08
1.46016e-07
2.12594e-07
3.11934e-07
4.74053e-07
6.25331e-07
5.03822e-07
6.01657e-07
6.08985e-07
5.17037e-07
3.68353e-07
2.44277e-07
1.65041e-07
1.12678e-07
7.9688e-08
5.20995e-08
3.96003e-08
3.90604e-08
4.99402e-08
7.48712e-08
1.05195e-07
1.54344e-07
2.30163e-07
3.4847e-07
4.95017e-07
5.86449e-07
5.83124e-07
6.78263e-07
6.34473e-07
5.64723e-07
4.46004e-07
2.9462e-07
1.95878e-07
1.3392e-07
9.41998e-08
7.33681e-08
6.49972e-08
6.38368e-08
7.19471e-08
9.17875e-08
1.29345e-07
1.88164e-07
2.82457e-07
4.30814e-07
5.47398e-07
6.1461e-07
6.57748e-07
7.5745e-07
6.9753e-07
6.50918e-07
5.70219e-07
4.65289e-07
3.45153e-07
2.65689e-07
2.00067e-07
1.50194e-07
1.23514e-07
1.24725e-07
1.50409e-07
1.97887e-07
2.60552e-07
3.3618e-07
4.4945e-07
5.52591e-07
6.31586e-07
6.76795e-07
7.34785e-07
8.4937e-07
7.83464e-07
7.62344e-07
7.2399e-07
6.79736e-07
6.01759e-07
4.83418e-07
3.85888e-07
3.2463e-07
2.84275e-07
2.84862e-07
3.222e-07
3.79376e-07
4.71975e-07
5.85171e-07
6.61371e-07
7.03583e-07
7.39632e-07
7.60379e-07
8.24132e-07
9.55962e-07
9.16308e-07
9.39439e-07
9.53977e-07
9.76867e-07
9.73714e-07
9.191e-07
8.14095e-07
6.87413e-07
5.5175e-07
5.51326e-07
6.78166e-07
7.96407e-07
8.96039e-07
9.48846e-07
9.51899e-07
9.27825e-07
9.11478e-07
8.89404e-07
9.28113e-07
1.09335e-06
1.1881e-06
1.34174e-06
1.466e-06
1.57556e-06
1.64121e-06
1.62855e-06
1.54001e-06
1.37166e-06
1.1172e-06
1.10619e-06
1.34524e-06
1.50425e-06
1.58789e-06
1.59881e-06
1.53405e-06
1.42558e-06
1.30315e-06
1.15421e-06
1.06246e-06
1.27024e-06
1.6338e-06
1.98602e-06
2.29065e-06
2.55544e-06
2.7667e-06
2.90937e-06
2.96382e-06
2.89707e-06
2.65749e-06
2.62766e-06
2.85198e-06
2.91077e-06
2.85235e-06
2.7086e-06
2.49853e-06
2.23688e-06
1.93714e-06
1.59186e-06
1.23625e-06
4.06058e-07
2.89338e-07
1.46268e-07
1.96746e-08
1.28146e-08
1.01264e-08
8.14803e-09
7.79922e-09
8.22052e-09
8.06615e-09
1.19846e-08
7.61085e-09
7.56656e-09
7.90267e-09
9.70363e-09
1.20938e-08
1.78562e-08
1.07154e-07
2.5493e-07
3.81812e-07
5.26707e-07
4.16368e-07
2.53111e-07
1.61679e-07
9.30219e-08
2.28689e-08
1.9289e-08
1.97355e-08
2.0184e-08
1.98156e-08
2.25515e-08
2.00846e-08
1.94138e-08
1.87797e-08
2.17204e-08
8.59715e-08
1.56214e-07
2.38308e-07
3.9656e-07
5.06879e-07
6.08112e-07
5.24638e-07
3.9994e-07
2.74494e-07
1.77482e-07
1.01613e-07
3.11317e-08
2.79497e-08
2.98446e-08
3.31208e-08
3.29886e-08
2.94136e-08
2.74791e-08
2.78833e-08
9.0338e-08
1.66535e-07
2.63519e-07
3.84945e-07
5.03886e-07
5.88717e-07
6.62675e-07
6.04421e-07
4.82464e-07
3.37227e-07
2.18689e-07
1.3972e-07
8.21713e-08
4.0298e-08
3.53685e-08
4.14103e-08
4.08973e-08
3.47891e-08
3.8026e-08
7.6458e-08
1.29042e-07
2.05206e-07
3.18334e-07
4.63605e-07
5.83152e-07
6.42949e-07
7.05424e-07
6.79835e-07
5.91556e-07
4.57868e-07
3.16363e-07
2.09585e-07
1.38522e-07
8.86486e-08
5.96041e-08
3.94956e-08
4.00987e-08
5.93773e-08
8.69086e-08
1.34259e-07
2.0002e-07
2.98632e-07
4.3661e-07
5.70057e-07
6.57756e-07
6.85093e-07
7.44471e-07
7.57786e-07
7.22535e-07
6.52781e-07
5.7443e-07
4.96063e-07
4.19335e-07
3.34355e-07
2.56536e-07
2.02597e-07
2.06979e-07
2.57705e-07
3.28792e-07
4.07976e-07
4.8059e-07
5.54997e-07
6.30417e-07
6.99135e-07
7.34778e-07
7.23444e-07
7.86809e-07
8.48223e-07
8.77786e-07
8.77454e-07
8.61204e-07
8.28106e-07
7.77771e-07
7.12014e-07
6.37576e-07
5.55185e-07
5.54521e-07
6.29764e-07
6.98572e-07
7.59936e-07
8.06829e-07
8.37383e-07
8.52164e-07
8.52359e-07
8.24112e-07
7.64944e-07
8.36721e-07
9.53875e-07
1.0522e-06
1.1203e-06
1.16457e-06
1.17889e-06
1.16e-06
1.10772e-06
1.02331e-06
9.02076e-07
8.96277e-07
1.00725e-06
1.08607e-06
1.13449e-06
1.1509e-06
1.13537e-06
1.09102e-06
1.02396e-06
9.28081e-07
8.13881e-07
9.01191e-07
1.09116e-06
1.26536e-06
1.40545e-06
1.51408e-06
1.57965e-06
1.59432e-06
1.55605e-06
1.45797e-06
1.28674e-06
1.27487e-06
1.43291e-06
1.52497e-06
1.55959e-06
1.5431e-06
1.47749e-06
1.37023e-06
1.23269e-06
1.06243e-06
8.77067e-07
9.96622e-07
1.26754e-06
1.51764e-06
1.72079e-06
1.88693e-06
2.01037e-06
2.08629e-06
2.10422e-06
2.0423e-06
1.84196e-06
1.82162e-06
2.0094e-06
2.06665e-06
2.04605e-06
1.96902e-06
1.8459e-06
1.68153e-06
1.48153e-06
1.23621e-06
9.70669e-07
)
;

boundaryField
{
    floor
    {
        lowReCorrection 0;
        type            epsilonWallFunction;
        value           nonuniform List<scalar> 
400
(
3.53836e-07
2.16208e-07
6.14666e-08
1.63771e-08
1.1523e-08
9.36968e-09
7.71371e-09
7.29542e-09
6.80961e-09
9.98983e-09
1.15709e-08
7.7434e-09
7.80746e-09
8.21088e-09
1.00091e-08
1.23083e-08
1.85665e-08
1.33779e-07
2.84997e-07
4.06058e-07
2.1594e-07
1.56156e-07
3.98248e-08
3.12465e-08
3.0369e-08
2.34198e-08
1.48109e-08
1.42367e-08
1.31992e-08
1.20508e-08
1.24852e-08
1.35498e-08
1.35064e-08
1.55893e-08
2.59872e-08
3.20178e-08
3.30111e-08
8.37844e-08
2.13371e-07
2.89338e-07
5.98824e-08
3.85095e-08
3.69256e-08
4.63122e-08
5.10727e-08
3.46974e-08
2.0431e-08
1.68607e-08
1.67557e-08
1.65915e-08
1.64308e-08
1.59385e-08
1.76148e-08
2.25634e-08
4.15853e-08
5.37391e-08
4.55983e-08
4.23444e-08
9.49549e-08
1.46268e-07
1.62827e-08
3.12541e-08
4.59631e-08
5.94097e-08
5.98032e-08
4.18532e-08
2.92577e-08
2.27862e-08
2.08306e-08
2.1363e-08
2.10535e-08
2.1263e-08
2.51233e-08
3.35069e-08
4.88292e-08
6.38321e-08
6.15428e-08
4.60246e-08
3.4084e-08
1.96746e-08
1.15667e-08
3.05226e-08
5.11411e-08
5.97342e-08
5.6875e-08
4.37567e-08
3.44034e-08
2.84072e-08
2.63542e-08
2.78664e-08
2.74704e-08
2.76801e-08
3.21358e-08
4.01345e-08
5.10205e-08
6.30274e-08
6.41399e-08
5.51585e-08
3.3592e-08
1.28146e-08
9.43953e-09
2.33827e-08
3.53867e-08
4.18757e-08
4.37977e-08
3.99512e-08
3.56656e-08
3.26187e-08
3.259e-08
3.64493e-08
3.57846e-08
3.43412e-08
3.69796e-08
4.17985e-08
4.71674e-08
5.11691e-08
4.92068e-08
4.22699e-08
2.70625e-08
1.01264e-08
7.71166e-09
1.37307e-08
2.07466e-08
2.94876e-08
3.44984e-08
3.57072e-08
3.57592e-08
3.66089e-08
4.0241e-08
4.9111e-08
4.78146e-08
4.18646e-08
4.0833e-08
4.13599e-08
4.18989e-08
4.04231e-08
3.40076e-08
2.34876e-08
1.56472e-08
8.14803e-09
7.70059e-09
1.26183e-08
1.5647e-08
2.2956e-08
2.8626e-08
3.27762e-08
3.66979e-08
4.23856e-08
5.09694e-08
6.521e-08
6.28704e-08
5.17666e-08
4.56489e-08
4.09419e-08
3.72119e-08
3.25733e-08
2.56349e-08
1.80943e-08
1.30371e-08
7.79922e-09
8.72874e-09
2.02721e-08
1.47991e-08
2.06533e-08
2.66334e-08
3.29403e-08
4.05228e-08
5.11324e-08
5.98718e-08
7.38003e-08
7.13151e-08
5.96773e-08
5.2099e-08
4.22892e-08
3.48572e-08
2.82583e-08
2.16403e-08
1.63466e-08
1.22142e-08
8.22052e-09
9.71929e-09
1.39179e-08
1.45757e-08
2.11714e-08
2.82834e-08
3.70533e-08
4.97092e-08
6.56791e-08
7.40817e-08
8.22452e-08
7.97126e-08
7.1926e-08
6.36657e-08
4.85837e-08
3.64961e-08
2.79129e-08
2.10205e-08
1.65597e-08
1.65358e-08
8.06615e-09
9.92741e-09
1.69343e-08
1.48218e-08
2.07859e-08
2.78026e-08
3.6247e-08
4.82157e-08
6.3163e-08
7.15016e-08
7.98166e-08
7.90927e-08
7.10241e-08
6.30281e-08
4.79438e-08
3.59333e-08
2.74642e-08
2.07712e-08
1.6343e-08
1.20394e-08
1.19846e-08
7.84013e-09
1.17438e-08
1.47158e-08
2.13203e-08
2.80135e-08
3.46104e-08
4.20258e-08
5.18641e-08
5.97588e-08
7.19807e-08
7.10098e-08
5.76866e-08
4.98121e-08
4.00421e-08
3.28792e-08
2.66443e-08
2.04923e-08
1.61061e-08
1.24994e-08
7.61085e-09
7.47203e-09
1.22591e-08
1.74895e-08
2.5456e-08
3.2406e-08
3.71123e-08
4.08905e-08
4.56894e-08
5.21536e-08
6.37149e-08
6.3001e-08
4.97715e-08
4.26519e-08
3.7731e-08
3.41622e-08
2.99599e-08
2.36074e-08
1.71135e-08
1.3291e-08
7.56656e-09
8.03656e-09
1.53779e-08
2.30027e-08
3.38416e-08
4.02941e-08
4.18428e-08
4.13748e-08
4.09688e-08
4.23357e-08
4.86198e-08
4.79052e-08
3.99706e-08
3.76846e-08
3.76823e-08
3.81505e-08
3.70552e-08
3.12996e-08
2.16906e-08
1.50305e-08
7.90267e-09
9.94797e-09
2.61904e-08
4.21295e-08
4.90691e-08
5.10834e-08
4.71609e-08
4.19019e-08
3.72416e-08
3.49023e-08
3.65462e-08
3.58892e-08
3.27884e-08
3.40658e-08
3.80795e-08
4.31445e-08
4.74271e-08
4.59401e-08
3.90088e-08
2.5225e-08
9.70363e-09
1.22647e-08
3.22903e-08
5.40693e-08
6.39752e-08
6.30363e-08
5.11367e-08
4.04352e-08
3.26155e-08
2.83083e-08
2.80429e-08
2.74482e-08
2.65895e-08
2.98517e-08
3.68882e-08
4.73007e-08
6.00543e-08
6.20651e-08
5.29711e-08
3.19978e-08
1.20938e-08
1.8447e-08
3.30739e-08
4.57971e-08
6.1603e-08
6.41829e-08
4.91747e-08
3.40656e-08
2.57023e-08
2.16394e-08
2.11577e-08
2.06989e-08
2.04856e-08
2.36711e-08
3.114e-08
4.56818e-08
6.19702e-08
6.05544e-08
4.6095e-08
3.23528e-08
1.78562e-08
1.3208e-07
8.21873e-08
4.22918e-08
4.62128e-08
5.53374e-08
4.21135e-08
2.3568e-08
1.81303e-08
1.5996e-08
1.63817e-08
1.63972e-08
1.53874e-08
1.69488e-08
2.17079e-08
3.90242e-08
5.30162e-08
4.60646e-08
3.98405e-08
6.50343e-08
1.07154e-07
2.83948e-07
2.12482e-07
9.44029e-08
3.40946e-08
3.36843e-08
2.70164e-08
1.55931e-08
1.31901e-08
1.33849e-08
1.14856e-08
1.66271e-08
1.21477e-08
1.2395e-08
1.48694e-08
2.5282e-08
3.21411e-08
3.23853e-08
6.65516e-08
1.87094e-07
2.5493e-07
4.0556e-07
2.88537e-07
1.4573e-07
1.96911e-08
1.28184e-08
1.00977e-08
8.07262e-09
7.63898e-09
7.72641e-09
1.13763e-08
8.01811e-09
8.46422e-09
7.6942e-09
7.91507e-09
9.71935e-09
1.20989e-08
1.78503e-08
1.07554e-07
2.5506e-07
3.81812e-07
)
;
    }
    ceiling
    {
        lowReCorrection 0;
        type            epsilonWallFunction;
        value           nonuniform List<scalar> 
400
(
9.65975e-07
1.23079e-06
1.47643e-06
1.67789e-06
1.84492e-06
1.97208e-06
2.05481e-06
2.0831e-06
2.03601e-06
1.85658e-06
1.86234e-06
2.04591e-06
2.10574e-06
2.08802e-06
2.01277e-06
1.88997e-06
1.72425e-06
1.52107e-06
1.27024e-06
9.96622e-07
1.23085e-06
1.58534e-06
1.93091e-06
2.23241e-06
2.4975e-06
2.71303e-06
2.86491e-06
2.93467e-06
2.89069e-06
2.67781e-06
2.6813e-06
2.90209e-06
2.96407e-06
2.90906e-06
2.76701e-06
2.55645e-06
2.292e-06
1.98711e-06
1.6338e-06
1.26754e-06
1.47651e-06
1.93095e-06
2.38241e-06
2.79296e-06
3.16541e-06
3.48007e-06
3.71003e-06
3.82745e-06
3.79036e-06
3.52296e-06
3.5228e-06
3.80287e-06
3.86308e-06
3.7637e-06
3.54496e-06
3.23517e-06
2.86247e-06
2.44709e-06
1.98602e-06
1.51764e-06
1.678e-06
2.23249e-06
2.79301e-06
3.32356e-06
3.82246e-06
4.2646e-06
4.60423e-06
4.79528e-06
4.78389e-06
4.52088e-06
4.50937e-06
4.79557e-06
4.83504e-06
4.66489e-06
4.33726e-06
3.89976e-06
3.39926e-06
2.86236e-06
2.29065e-06
1.72079e-06
1.84504e-06
2.49761e-06
3.1655e-06
3.8225e-06
4.48888e-06
5.08753e-06
5.56796e-06
5.87944e-06
5.96023e-06
5.78192e-06
5.75877e-06
5.96281e-06
5.91576e-06
5.62934e-06
5.16357e-06
4.57014e-06
3.90072e-06
3.23566e-06
2.55544e-06
1.88693e-06
1.97219e-06
2.71314e-06
3.48018e-06
4.26468e-06
5.08757e-06
5.84477e-06
6.4852e-06
6.94915e-06
7.17749e-06
7.16662e-06
7.13186e-06
7.16969e-06
6.97698e-06
6.53997e-06
5.91603e-06
5.16595e-06
4.34011e-06
3.54658e-06
2.7667e-06
2.01037e-06
2.05489e-06
2.86501e-06
3.71014e-06
4.60432e-06
5.56802e-06
6.48525e-06
7.30105e-06
7.96155e-06
8.44683e-06
8.81524e-06
8.76241e-06
8.4243e-06
7.97547e-06
7.34211e-06
6.54396e-06
5.6351e-06
4.67008e-06
3.76649e-06
2.90937e-06
2.08629e-06
2.08314e-06
2.93473e-06
3.82754e-06
4.79538e-06
5.87953e-06
6.94926e-06
7.96166e-06
8.91604e-06
9.95144e-06
1.14687e-05
1.13503e-05
9.91076e-06
8.91021e-06
7.9785e-06
6.98373e-06
5.92351e-06
4.84104e-06
3.86547e-06
2.96382e-06
2.10422e-06
2.03594e-06
2.89065e-06
3.79038e-06
4.78397e-06
5.96035e-06
7.17769e-06
8.44718e-06
9.95189e-06
1.2216e-05
1.55772e-05
1.53962e-05
1.20967e-05
9.90024e-06
8.42081e-06
7.17147e-06
5.96569e-06
4.79537e-06
3.79928e-06
2.89707e-06
2.0423e-06
1.8564e-06
2.67767e-06
3.52288e-06
4.52084e-06
5.782e-06
7.16695e-06
8.81605e-06
1.14704e-05
1.55796e-05
1.63668e-05
1.68334e-05
1.53368e-05
1.12954e-05
8.72166e-06
7.10732e-06
5.73862e-06
4.48739e-06
3.49712e-06
2.65749e-06
1.84196e-06
1.86214e-06
2.68117e-06
3.52277e-06
4.50967e-06
5.75954e-06
7.13331e-06
8.76476e-06
1.13541e-05
1.54013e-05
1.6831e-05
1.63358e-05
1.51188e-05
1.11466e-05
8.61062e-06
7.0211e-06
5.66924e-06
4.43296e-06
3.4569e-06
2.62766e-06
1.82162e-06
2.04598e-06
2.90224e-06
3.80317e-06
4.79613e-06
5.96377e-06
7.17111e-06
8.42625e-06
9.91346e-06
1.21007e-05
1.53419e-05
1.51201e-05
1.18964e-05
9.74938e-06
8.30157e-06
7.06832e-06
5.87665e-06
4.72081e-06
3.74017e-06
2.85198e-06
2.0094e-06
2.10588e-06
2.96434e-06
3.86354e-06
4.83578e-06
5.91686e-06
6.97842e-06
7.97722e-06
8.91234e-06
9.90304e-06
1.12994e-05
1.11474e-05
9.7495e-06
8.77806e-06
7.86036e-06
6.87419e-06
5.82416e-06
4.75532e-06
3.7962e-06
2.91077e-06
2.06665e-06
2.08821e-06
2.90942e-06
3.76429e-06
4.66578e-06
5.63055e-06
6.54143e-06
7.34374e-06
7.98031e-06
8.42291e-06
8.72429e-06
8.61088e-06
8.30157e-06
7.86034e-06
7.22926e-06
6.43475e-06
5.53363e-06
4.58113e-06
3.69299e-06
2.85235e-06
2.04605e-06
2.013e-06
2.76743e-06
3.54563e-06
4.33822e-06
5.16481e-06
5.91745e-06
6.54546e-06
6.98526e-06
7.17309e-06
7.10907e-06
7.02111e-06
7.06825e-06
6.87414e-06
6.43473e-06
5.81192e-06
5.06789e-06
4.253e-06
3.47293e-06
2.7086e-06
1.96902e-06
1.89022e-06
2.55688e-06
3.23584e-06
3.90068e-06
4.57127e-06
5.16721e-06
5.63636e-06
5.92474e-06
5.9669e-06
5.73974e-06
5.66921e-06
5.87658e-06
5.82411e-06
5.53362e-06
5.06789e-06
4.47909e-06
3.81846e-06
3.16474e-06
2.49853e-06
1.8459e-06
1.72449e-06
2.29239e-06
2.86306e-06
3.40004e-06
3.90164e-06
4.34108e-06
4.67103e-06
4.84192e-06
4.7962e-06
4.48808e-06
4.43296e-06
4.72079e-06
4.75531e-06
4.58113e-06
4.25302e-06
3.81848e-06
3.32424e-06
2.79638e-06
2.23688e-06
1.68153e-06
1.52128e-06
1.98744e-06
2.44756e-06
2.86295e-06
3.23633e-06
3.54727e-06
3.76714e-06
3.86608e-06
3.79985e-06
3.49752e-06
3.45697e-06
3.74018e-06
3.79622e-06
3.69303e-06
3.47297e-06
3.16479e-06
2.79641e-06
2.38804e-06
1.93714e-06
1.48153e-06
1.27041e-06
1.63405e-06
1.98635e-06
2.29105e-06
2.55588e-06
2.76714e-06
2.9098e-06
2.96422e-06
2.89745e-06
2.6577e-06
2.62768e-06
2.85197e-06
2.9108e-06
2.85241e-06
2.70866e-06
2.4986e-06
2.23693e-06
1.93717e-06
1.59186e-06
1.23621e-06
9.96743e-07
1.26771e-06
1.51785e-06
1.72104e-06
1.88719e-06
2.01063e-06
2.08654e-06
2.10446e-06
2.04254e-06
1.84201e-06
1.8216e-06
2.00938e-06
2.06668e-06
2.04611e-06
1.9691e-06
1.84598e-06
1.68161e-06
1.48159e-06
1.23625e-06
9.70669e-07
)
;
    }
    fixedWalls
    {
        lowReCorrection 0;
        type            epsilonWallFunction;
        value           nonuniform List<scalar> 
800
(
3.53836e-07
4.92741e-07
5.7927e-07
6.35468e-07
6.7853e-07
7.17345e-07
7.591e-07
8.08318e-07
8.71814e-07
9.65975e-07
2.16208e-07
3.75706e-07
4.92506e-07
5.73032e-07
6.48458e-07
7.26047e-07
8.15903e-07
9.20476e-07
1.05524e-06
1.23079e-06
6.14666e-08
2.32579e-07
3.77327e-07
4.52414e-07
5.5751e-07
6.87016e-07
8.41547e-07
1.01462e-06
1.22421e-06
1.47643e-06
1.63771e-08
1.56319e-07
2.56959e-07
3.03564e-07
4.18465e-07
6.14513e-07
8.39209e-07
1.08083e-06
1.36145e-06
1.67789e-06
1.1523e-08
8.07966e-08
1.57268e-07
1.95232e-07
2.78661e-07
5.37182e-07
8.23681e-07
1.12559e-06
1.46962e-06
1.84492e-06
9.36968e-09
2.06735e-08
7.65707e-08
1.19212e-07
1.8437e-07
4.62156e-07
7.93573e-07
1.14277e-06
1.53769e-06
1.97208e-06
7.71371e-09
1.85404e-08
2.65656e-08
6.98373e-08
1.21416e-07
3.89545e-07
7.48081e-07
1.12927e-06
1.55873e-06
2.05481e-06
7.29542e-09
1.91568e-08
2.69757e-08
3.36006e-08
8.23347e-08
3.06014e-07
6.88608e-07
1.08472e-06
1.53074e-06
2.0831e-06
6.80961e-09
1.993e-08
2.95836e-08
3.6112e-08
5.7036e-08
2.3472e-07
6.20887e-07
1.01044e-06
1.44716e-06
2.03601e-06
9.98983e-09
2.23875e-08
3.27868e-08
4.1574e-08
3.90135e-08
1.88376e-07
5.47319e-07
9.02084e-07
1.29404e-06
1.85658e-06
1.15709e-08
2.2582e-08
3.23969e-08
4.08826e-08
3.84081e-08
1.97971e-07
5.57861e-07
9.10676e-07
1.30101e-06
1.86234e-06
7.7434e-09
2.02142e-08
2.94747e-08
3.5599e-08
5.85664e-08
2.56901e-07
6.39556e-07
1.02481e-06
1.45901e-06
2.04591e-06
7.80746e-09
1.96956e-08
2.75563e-08
3.79217e-08
8.77038e-08
3.35824e-07
7.13732e-07
1.10827e-06
1.55535e-06
2.10574e-06
8.21088e-09
1.91847e-08
2.86712e-08
7.92372e-08
1.3725e-07
4.20077e-07
7.79053e-07
1.16057e-06
1.59419e-06
2.08802e-06
1.00091e-08
2.2315e-08
9.55489e-08
1.3452e-07
2.07219e-07
4.96315e-07
8.29185e-07
1.18e-06
1.58057e-06
2.01277e-06
1.23083e-08
8.62416e-08
1.71611e-07
2.12635e-07
3.11178e-07
5.73815e-07
8.62134e-07
1.16629e-06
1.51597e-06
1.88997e-06
1.85665e-08
1.58541e-07
2.69656e-07
3.29402e-07
4.52554e-07
6.5138e-07
8.78289e-07
1.12243e-06
1.40796e-06
1.72425e-06
1.33779e-07
2.47441e-07
3.95386e-07
4.77226e-07
5.88006e-07
7.2133e-07
8.78711e-07
1.05445e-06
1.26802e-06
1.52107e-06
2.84997e-07
4.12746e-07
5.21074e-07
6.01657e-07
6.78263e-07
7.5745e-07
8.4937e-07
9.55962e-07
1.09335e-06
1.27024e-06
4.06058e-07
5.26707e-07
6.08112e-07
6.62675e-07
7.05424e-07
7.44471e-07
7.86809e-07
8.36721e-07
9.01191e-07
9.96622e-07
4.0556e-07
5.26503e-07
6.08042e-07
6.62673e-07
7.05458e-07
7.44527e-07
7.8688e-07
8.36807e-07
9.01293e-07
9.96743e-07
2.88537e-07
4.16034e-07
5.24486e-07
6.04361e-07
6.79829e-07
7.57816e-07
8.48283e-07
9.53966e-07
1.09128e-06
1.26771e-06
1.4573e-07
2.52731e-07
3.99872e-07
4.82415e-07
5.91523e-07
7.22528e-07
8.77822e-07
1.05229e-06
1.26551e-06
1.51785e-06
1.96911e-08
1.61623e-07
2.74469e-07
3.37187e-07
4.57797e-07
6.52717e-07
8.77453e-07
1.12037e-06
1.4056e-06
1.72104e-06
1.28184e-08
9.29749e-08
1.77428e-07
2.18664e-07
3.16224e-07
5.74288e-07
8.61151e-07
1.16461e-06
1.51423e-06
1.88719e-06
1.00977e-08
2.28228e-08
1.01518e-07
1.39676e-07
2.09414e-07
4.95831e-07
8.27984e-07
1.17889e-06
1.57977e-06
2.01063e-06
8.07262e-09
1.92347e-08
3.10502e-08
8.20845e-08
1.3831e-07
4.19076e-07
7.77604e-07
1.15996e-06
1.59439e-06
2.08654e-06
7.63898e-09
1.96906e-08
2.81103e-08
4.02058e-08
8.84975e-08
3.33944e-07
7.1181e-07
1.10766e-06
1.55611e-06
2.10446e-06
7.72641e-09
1.99963e-08
2.9935e-08
3.54901e-08
5.95571e-08
2.56183e-07
6.37362e-07
1.02324e-06
1.45803e-06
2.04254e-06
1.13763e-08
2.22826e-08
3.34171e-08
4.14739e-08
3.94311e-08
2.02595e-07
5.5506e-07
9.01981e-07
1.2867e-06
1.84201e-06
8.01811e-09
2.03516e-08
3.29377e-08
4.0936e-08
4.01515e-08
2.07117e-07
5.54655e-07
8.96348e-07
1.2749e-06
1.8216e-06
8.46422e-09
1.99749e-08
2.94139e-08
3.48505e-08
5.9434e-08
2.57989e-07
6.299e-07
1.00732e-06
1.43294e-06
2.00938e-06
7.6942e-09
1.94157e-08
2.74328e-08
3.81802e-08
8.69856e-08
3.29015e-07
6.98694e-07
1.08616e-06
1.52503e-06
2.06668e-06
7.91507e-09
1.87467e-08
2.78745e-08
7.66226e-08
1.34377e-07
4.08085e-07
7.60042e-07
1.13458e-06
1.55967e-06
2.04611e-06
9.71935e-09
2.16816e-08
9.06116e-08
1.2929e-07
2.00206e-07
4.80676e-07
8.06921e-07
1.15099e-06
1.54319e-06
1.9691e-06
1.20989e-08
8.59644e-08
1.66594e-07
2.05424e-07
2.98916e-07
5.55083e-07
8.37467e-07
1.13546e-06
1.47758e-06
1.84598e-06
1.78503e-08
1.5584e-07
2.63379e-07
3.18515e-07
4.36762e-07
6.30481e-07
8.52229e-07
1.09109e-06
1.37032e-06
1.68161e-06
1.07554e-07
2.37933e-07
3.84802e-07
4.63537e-07
5.70038e-07
6.99153e-07
8.52394e-07
1.02401e-06
1.23275e-06
1.48159e-06
2.5506e-07
3.96418e-07
5.03822e-07
5.83124e-07
6.57748e-07
7.34785e-07
8.24132e-07
9.28113e-07
1.06246e-06
1.23625e-06
3.81812e-07
5.06879e-07
5.88717e-07
6.42949e-07
6.85093e-07
7.23444e-07
7.64944e-07
8.13881e-07
8.77067e-07
9.70669e-07
3.53836e-07
4.92741e-07
5.7927e-07
6.35468e-07
6.7853e-07
7.17345e-07
7.591e-07
8.08318e-07
8.71814e-07
9.65975e-07
2.1594e-07
3.75512e-07
4.92522e-07
5.7306e-07
6.48498e-07
7.26087e-07
8.15939e-07
9.20519e-07
1.05529e-06
1.23085e-06
5.98824e-08
2.32548e-07
3.77514e-07
4.52599e-07
5.57668e-07
6.87123e-07
8.41619e-07
1.01469e-06
1.22429e-06
1.47651e-06
1.62827e-08
1.56063e-07
2.57084e-07
3.03904e-07
4.18785e-07
6.14706e-07
8.39327e-07
1.08093e-06
1.36156e-06
1.678e-06
1.15667e-08
8.03919e-08
1.57345e-07
1.95538e-07
2.79012e-07
5.37407e-07
8.23839e-07
1.1257e-06
1.46974e-06
1.84504e-06
9.43953e-09
2.08307e-08
7.70415e-08
1.1965e-07
1.84629e-07
4.62373e-07
7.93767e-07
1.1429e-06
1.53781e-06
1.97219e-06
7.71166e-09
1.88422e-08
2.68874e-08
7.03206e-08
1.21603e-07
3.89816e-07
7.48335e-07
1.12942e-06
1.55883e-06
2.05489e-06
7.70059e-09
1.96381e-08
2.75637e-08
3.41659e-08
8.23902e-08
3.0622e-07
6.88907e-07
1.08487e-06
1.53082e-06
2.08314e-06
8.72874e-09
2.03721e-08
3.06417e-08
3.6866e-08
5.73652e-08
2.35466e-07
6.21237e-07
1.01057e-06
1.44716e-06
2.03594e-06
9.71929e-09
2.35243e-08
3.49325e-08
4.26733e-08
3.93349e-08
1.89512e-07
5.4766e-07
9.02131e-07
1.29396e-06
1.8564e-06
9.92741e-09
2.12485e-08
3.27503e-08
4.11893e-08
3.85407e-08
1.98281e-07
5.57748e-07
9.10467e-07
1.3008e-06
1.86214e-06
7.84013e-09
2.03475e-08
2.9702e-08
3.57621e-08
5.86569e-08
2.56385e-07
6.393e-07
1.02461e-06
1.45891e-06
2.04598e-06
7.47203e-09
1.97417e-08
2.76678e-08
3.81222e-08
8.77195e-08
3.35325e-07
7.13464e-07
1.1081e-06
1.55529e-06
2.10588e-06
8.03656e-09
1.91611e-08
2.87568e-08
7.93423e-08
1.37229e-07
4.19833e-07
7.78846e-07
1.16047e-06
1.5942e-06
2.08821e-06
9.94797e-09
2.22883e-08
9.56711e-08
1.34651e-07
2.0724e-07
4.96148e-07
8.29059e-07
1.17997e-06
1.58065e-06
2.013e-06
1.22647e-08
8.60396e-08
1.717e-07
2.12756e-07
3.11194e-07
5.73716e-07
8.62083e-07
1.16633e-06
1.5161e-06
1.89022e-06
1.8447e-08
1.58388e-07
2.69821e-07
3.29542e-07
4.52552e-07
6.51347e-07
8.78298e-07
1.1225e-06
1.40811e-06
1.72449e-06
1.3208e-07
2.47083e-07
3.95533e-07
4.7732e-07
5.88043e-07
7.21355e-07
8.78763e-07
1.05454e-06
1.26816e-06
1.52128e-06
2.83948e-07
4.12462e-07
5.20973e-07
6.01632e-07
6.78279e-07
7.57496e-07
8.49438e-07
9.56057e-07
1.09348e-06
1.27041e-06
4.0556e-07
5.26503e-07
6.08042e-07
6.62673e-07
7.05458e-07
7.44527e-07
7.8688e-07
8.36807e-07
9.01293e-07
9.96743e-07
4.06058e-07
5.26707e-07
6.08112e-07
6.62675e-07
7.05424e-07
7.44471e-07
7.86809e-07
8.36721e-07
9.01191e-07
9.96622e-07
2.89338e-07
4.16368e-07
5.24638e-07
6.04421e-07
6.79835e-07
7.57786e-07
8.48223e-07
9.53875e-07
1.09116e-06
1.26754e-06
1.46268e-07
2.53111e-07
3.9994e-07
4.82464e-07
5.91556e-07
7.22535e-07
8.77786e-07
1.0522e-06
1.26536e-06
1.51764e-06
1.96746e-08
1.61679e-07
2.74494e-07
3.37227e-07
4.57868e-07
6.52781e-07
8.77454e-07
1.1203e-06
1.40545e-06
1.72079e-06
1.28146e-08
9.30219e-08
1.77482e-07
2.18689e-07
3.16363e-07
5.7443e-07
8.61204e-07
1.16457e-06
1.51408e-06
1.88693e-06
1.01264e-08
2.28689e-08
1.01613e-07
1.3972e-07
2.09585e-07
4.96063e-07
8.28106e-07
1.17889e-06
1.57965e-06
2.01037e-06
8.14803e-09
1.9289e-08
3.11317e-08
8.21713e-08
1.38522e-07
4.19335e-07
7.77771e-07
1.16e-06
1.59432e-06
2.08629e-06
7.79922e-09
1.97355e-08
2.79497e-08
4.0298e-08
8.86486e-08
3.34355e-07
7.12014e-07
1.10772e-06
1.55605e-06
2.10422e-06
8.22052e-09
2.0184e-08
2.98446e-08
3.53685e-08
5.96041e-08
2.56536e-07
6.37576e-07
1.02331e-06
1.45797e-06
2.0423e-06
8.06615e-09
1.98156e-08
3.31208e-08
4.14103e-08
3.94956e-08
2.02597e-07
5.55185e-07
9.02076e-07
1.28674e-06
1.84196e-06
1.19846e-08
2.25515e-08
3.29886e-08
4.08973e-08
4.00987e-08
2.06979e-07
5.54521e-07
8.96277e-07
1.27487e-06
1.82162e-06
7.61085e-09
2.00846e-08
2.94136e-08
3.47891e-08
5.93773e-08
2.57705e-07
6.29764e-07
1.00725e-06
1.43291e-06
2.0094e-06
7.56656e-09
1.94138e-08
2.74791e-08
3.8026e-08
8.69086e-08
3.28792e-07
6.98572e-07
1.08607e-06
1.52497e-06
2.06665e-06
7.90267e-09
1.87797e-08
2.78833e-08
7.6458e-08
1.34259e-07
4.07976e-07
7.59936e-07
1.13449e-06
1.55959e-06
2.04605e-06
9.70363e-09
2.17204e-08
9.0338e-08
1.29042e-07
2.0002e-07
4.8059e-07
8.06829e-07
1.1509e-06
1.5431e-06
1.96902e-06
1.20938e-08
8.59715e-08
1.66535e-07
2.05206e-07
2.98632e-07
5.54997e-07
8.37383e-07
1.13537e-06
1.47749e-06
1.8459e-06
1.78562e-08
1.56214e-07
2.63519e-07
3.18334e-07
4.3661e-07
6.30417e-07
8.52164e-07
1.09102e-06
1.37023e-06
1.68153e-06
1.07154e-07
2.38308e-07
3.84945e-07
4.63605e-07
5.70057e-07
6.99135e-07
8.52359e-07
1.02396e-06
1.23269e-06
1.48153e-06
2.5493e-07
3.9656e-07
5.03886e-07
5.83152e-07
6.57756e-07
7.34778e-07
8.24112e-07
9.28081e-07
1.06243e-06
1.23621e-06
3.81812e-07
5.06879e-07
5.88717e-07
6.42949e-07
6.85093e-07
7.23444e-07
7.64944e-07
8.13881e-07
8.77067e-07
9.70669e-07
)
;
    }
}


// ************************************************************************* //
