/*--------------------------------*- C++ -*----------------------------------*\
| =========                 |                                                 |
| \\      /  F ield         | OpenFOAM: The Open Source CFD Toolbox           |
|  \\    /   O peration     | Version:  v1912                                 |
|   \\  /    A nd           | Website:  www.openfoam.com                      |
|    \\/     M anipulation  |                                                 |
\*---------------------------------------------------------------------------*/
FoamFile
{
    version     2.0;
    format      ascii;
    class       volScalarField;
    location    "400";
    object      T;
}
// * * * * * * * * * * * * * * * * * * * * * * * * * * * * * * * * * * * * * //

dimensions      [0 0 0 1 0 0 0];


internalField   nonuniform List<scalar> 
4000
(
300.468
300.453
300.414
300.402
300.406
300.412
300.412
300.413
300.414
300.415
300.417
300.413
300.412
300.412
300.412
300.406
300.403
300.435
300.461
300.469
300.477
300.476
300.459
300.45
300.447
300.446
300.448
300.448
300.449
300.45
300.449
300.449
300.448
300.448
300.446
300.446
300.449
300.461
300.478
300.477
300.478
300.482
300.482
300.474
300.465
300.459
300.458
300.459
300.46
300.46
300.46
300.459
300.459
300.458
300.46
300.464
300.473
300.482
300.481
300.477
300.479
300.484
300.487
300.485
300.476
300.469
300.466
300.465
300.465
300.466
300.466
300.465
300.465
300.467
300.47
300.477
300.486
300.487
300.483
300.478
300.479
300.485
300.49
300.492
300.488
300.482
300.477
300.475
300.474
300.474
300.474
300.475
300.476
300.478
300.483
300.489
300.492
300.489
300.484
300.478
300.479
300.486
300.491
300.494
300.496
300.497
300.497
300.495
300.493
300.491
300.491
300.494
300.496
300.497
300.496
300.496
300.494
300.49
300.485
300.479
300.48
300.486
300.491
300.495
300.497
300.499
300.501
300.501
300.501
300.501
300.501
300.501
300.501
300.5
300.499
300.497
300.494
300.491
300.485
300.479
300.479
300.486
300.491
300.495
300.498
300.5
300.502
300.503
300.503
300.502
300.502
300.503
300.502
300.501
300.499
300.497
300.494
300.491
300.485
300.479
300.479
300.485
300.491
300.494
300.498
300.5
300.502
300.504
300.504
300.503
300.503
300.504
300.503
300.502
300.5
300.497
300.494
300.49
300.485
300.478
300.476
300.482
300.487
300.492
300.496
300.499
300.502
300.504
300.505
300.503
300.503
300.504
300.503
300.501
300.498
300.495
300.491
300.487
300.481
300.475
300.453
300.44
300.398
300.398
300.406
300.413
300.412
300.412
300.417
300.414
300.416
300.412
300.412
300.413
300.413
300.406
300.4
300.418
300.45
300.461
300.476
300.464
300.455
300.45
300.447
300.445
300.447
300.448
300.448
300.448
300.448
300.449
300.448
300.447
300.444
300.446
300.448
300.454
300.47
300.478
300.482
300.482
300.48
300.472
300.464
300.459
300.458
300.458
300.459
300.46
300.46
300.459
300.458
300.458
300.459
300.464
300.471
300.479
300.482
300.481
300.484
300.485
300.486
300.483
300.475
300.469
300.466
300.465
300.465
300.466
300.466
300.465
300.465
300.466
300.47
300.476
300.483
300.486
300.484
300.483
300.485
300.487
300.489
300.49
300.485
300.479
300.475
300.473
300.473
300.473
300.473
300.473
300.474
300.476
300.48
300.486
300.49
300.489
300.486
300.484
300.486
300.488
300.491
300.493
300.493
300.49
300.489
300.487
300.486
300.485
300.485
300.486
300.487
300.489
300.491
300.493
300.493
300.491
300.487
300.485
300.486
300.489
300.493
300.496
300.497
300.497
300.496
300.495
300.495
300.494
300.494
300.494
300.495
300.496
300.497
300.496
300.495
300.492
300.489
300.485
300.486
300.491
300.495
300.498
300.5
300.501
300.501
300.501
300.501
300.5
300.5
300.501
300.501
300.501
300.5
300.499
300.497
300.494
300.49
300.485
300.485
300.491
300.496
300.499
300.502
300.504
300.505
300.507
300.507
300.507
300.507
300.507
300.506
300.505
300.503
300.501
300.499
300.495
300.491
300.485
300.482
300.489
300.494
300.498
300.503
300.507
300.51
300.512
300.514
300.513
300.512
300.513
300.512
300.509
300.506
300.502
300.498
300.493
300.488
300.481
300.415
300.399
300.392
300.398
300.407
300.414
300.414
300.413
300.412
300.412
300.412
300.413
300.414
300.414
300.414
300.407
300.399
300.397
300.422
300.438
300.459
300.454
300.451
300.449
300.446
300.444
300.447
300.449
300.449
300.449
300.449
300.449
300.449
300.447
300.443
300.445
300.447
300.449
300.454
300.462
300.482
300.48
300.475
300.468
300.461
300.458
300.457
300.458
300.46
300.461
300.461
300.46
300.458
300.457
300.459
300.462
300.468
300.474
300.479
300.482
300.487
300.486
300.485
300.48
300.473
300.468
300.466
300.465
300.465
300.467
300.467
300.465
300.465
300.466
300.469
300.474
300.48
300.485
300.486
300.487
300.49
300.489
300.489
300.487
300.482
300.478
300.474
300.473
300.472
300.472
300.472
300.472
300.473
300.475
300.478
300.483
300.488
300.489
300.488
300.489
300.491
300.491
300.491
300.491
300.49
300.487
300.484
300.483
300.482
300.481
300.481
300.482
300.483
300.484
300.487
300.49
300.491
300.491
300.49
300.49
300.491
300.493
300.494
300.494
300.494
300.493
300.492
300.491
300.49
300.489
300.489
300.49
300.49
300.492
300.493
300.494
300.494
300.493
300.492
300.491
300.491
300.495
300.497
300.498
300.498
300.497
300.497
300.496
300.496
300.495
300.495
300.495
300.496
300.497
300.497
300.498
300.497
300.496
300.494
300.491
300.491
300.496
300.499
300.501
300.502
300.503
300.503
300.503
300.503
300.501
300.501
300.502
300.503
300.503
300.503
300.502
300.5
300.498
300.495
300.49
300.487
300.494
300.499
300.504
300.509
300.513
300.517
300.52
300.521
300.52
300.52
300.521
300.519
300.516
300.512
300.508
300.503
300.498
300.493
300.487
300.401
300.398
300.398
300.404
300.411
300.415
300.415
300.415
300.414
300.414
300.414
300.414
300.415
300.415
300.415
300.411
300.404
300.399
300.4
300.404
300.45
300.45
300.449
300.447
300.444
300.444
300.448
300.449
300.45
300.45
300.45
300.45
300.449
300.447
300.443
300.443
300.445
300.447
300.447
300.449
300.474
300.472
300.468
300.463
300.459
300.457
300.457
300.459
300.461
300.462
300.461
300.46
300.458
300.457
300.458
300.459
300.463
300.468
300.471
300.473
300.485
300.483
300.48
300.475
300.47
300.467
300.465
300.465
300.466
300.467
300.467
300.466
300.465
300.466
300.467
300.471
300.476
300.481
300.484
300.486
300.492
300.49
300.487
300.484
300.48
300.476
300.473
300.472
300.471
300.472
300.472
300.472
300.472
300.474
300.477
300.481
300.485
300.488
300.49
300.492
300.494
300.493
300.491
300.49
300.487
300.484
300.482
300.48
300.48
300.479
300.479
300.48
300.481
300.482
300.485
300.488
300.49
300.491
300.493
300.494
300.495
300.496
300.494
300.493
300.492
300.49
300.489
300.487
300.487
300.486
300.486
300.486
300.487
300.489
300.49
300.492
300.493
300.494
300.495
300.494
300.495
300.498
300.498
300.497
300.496
300.495
300.494
300.493
300.492
300.491
300.491
300.492
300.493
300.494
300.494
300.495
300.496
300.497
300.497
300.494
300.494
300.499
300.501
300.501
300.501
300.501
300.502
300.502
300.501
300.499
300.499
300.501
300.501
300.501
300.501
300.5
300.501
300.5
300.499
300.494
300.492
300.498
300.504
300.509
300.514
300.519
300.523
300.527
300.529
300.528
300.528
300.529
300.527
300.523
300.518
300.513
300.508
300.503
300.498
300.491
300.406
300.406
300.407
300.411
300.415
300.416
300.416
300.416
300.415
300.415
300.414
300.415
300.416
300.417
300.417
300.414
300.411
300.408
300.406
300.406
300.447
300.447
300.446
300.444
300.443
300.446
300.449
300.45
300.45
300.45
300.45
300.45
300.45
300.448
300.445
300.442
300.443
300.444
300.445
300.446
300.465
300.464
300.461
300.459
300.457
300.456
300.457
300.459
300.461
300.462
300.462
300.461
300.459
300.457
300.457
300.457
300.459
300.462
300.464
300.465
300.476
300.475
300.473
300.47
300.467
300.465
300.464
300.465
300.466
300.468
300.468
300.466
300.465
300.465
300.466
300.468
300.471
300.474
300.476
300.477
300.488
300.485
300.482
300.48
300.477
300.474
300.472
300.472
300.471
300.472
300.472
300.471
300.472
300.473
300.475
300.478
300.481
300.484
300.486
300.49
300.496
300.493
300.49
300.487
300.485
300.482
300.48
300.479
300.478
300.478
300.478
300.478
300.479
300.48
300.483
300.485
300.488
300.49
300.493
300.496
300.497
300.497
300.494
300.492
300.49
300.488
300.487
300.486
300.485
300.484
300.484
300.484
300.485
300.487
300.488
300.49
300.492
300.494
300.496
300.497
300.498
300.5
300.498
300.496
300.494
300.493
300.492
300.492
300.491
300.49
300.489
300.49
300.491
300.492
300.493
300.494
300.495
300.498
300.499
300.497
300.498
300.502
300.502
300.501
300.501
300.501
300.502
300.503
300.502
300.5
300.5
300.502
300.502
300.502
300.501
300.5
300.5
300.502
300.501
300.497
300.496
300.503
300.509
300.514
300.519
300.525
300.531
300.536
300.539
300.539
300.539
300.539
300.535
300.53
300.525
300.519
300.513
300.508
300.502
300.495
300.412
300.413
300.414
300.415
300.416
300.417
300.417
300.417
300.416
300.416
300.416
300.417
300.418
300.418
300.418
300.417
300.415
300.414
300.413
300.412
300.446
300.445
300.444
300.444
300.446
300.448
300.45
300.451
300.451
300.451
300.451
300.451
300.45
300.449
300.447
300.445
300.443
300.443
300.444
300.446
300.459
300.459
300.458
300.457
300.456
300.457
300.458
300.46
300.462
300.463
300.462
300.461
300.459
300.458
300.456
300.457
300.458
300.459
300.46
300.46
300.469
300.469
300.468
300.467
300.465
300.464
300.464
300.465
300.467
300.468
300.468
300.466
300.465
300.464
300.465
300.466
300.468
300.469
300.47
300.47
300.482
300.479
300.478
300.476
300.474
300.473
300.472
300.471
300.471
300.472
300.472
300.471
300.471
300.472
300.473
300.475
300.477
300.479
300.48
300.483
300.497
300.49
300.487
300.484
300.482
300.481
300.479
300.478
300.477
300.477
300.477
300.477
300.478
300.479
300.481
300.483
300.485
300.487
300.491
300.496
300.499
300.497
300.493
300.49
300.488
300.487
300.485
300.484
300.483
300.483
300.483
300.483
300.484
300.485
300.486
300.488
300.49
300.493
300.497
300.499
300.5
300.501
300.497
300.495
300.493
300.492
300.491
300.491
300.49
300.488
300.488
300.49
300.49
300.491
300.492
300.493
300.494
300.497
300.5
300.499
300.5
300.504
300.503
300.501
300.501
300.503
300.504
300.504
300.504
300.502
300.502
300.504
300.504
300.503
300.502
300.501
300.501
300.503
300.503
300.499
300.499
300.507
300.513
300.519
300.525
300.532
300.539
300.546
300.551
300.553
300.552
300.55
300.545
300.539
300.532
300.525
300.518
300.512
300.506
300.498
300.412
300.414
300.414
300.415
300.416
300.417
300.418
300.418
300.418
300.417
300.418
300.418
300.419
300.419
300.418
300.417
300.416
300.414
300.413
300.412
300.448
300.447
300.447
300.448
300.449
300.45
300.451
300.451
300.452
300.451
300.452
300.452
300.451
300.45
300.449
300.448
300.447
300.447
300.447
300.448
300.458
300.458
300.457
300.457
300.457
300.458
300.46
300.461
300.462
300.463
300.463
300.462
300.46
300.459
300.458
300.457
300.457
300.457
300.458
300.458
300.466
300.466
300.466
300.465
300.464
300.464
300.465
300.466
300.467
300.468
300.468
300.467
300.466
300.465
300.464
300.465
300.466
300.466
300.467
300.467
300.477
300.475
300.474
300.473
300.472
300.472
300.471
300.471
300.471
300.472
300.472
300.471
300.471
300.471
300.472
300.473
300.474
300.475
300.476
300.478
300.497
300.489
300.484
300.482
300.48
300.479
300.478
300.477
300.477
300.476
300.476
300.476
300.477
300.478
300.479
300.48
300.482
300.484
300.489
300.497
300.501
300.496
300.492
300.489
300.487
300.485
300.484
300.483
300.482
300.482
300.482
300.482
300.483
300.484
300.485
300.486
300.488
300.492
300.496
300.5
300.502
300.501
300.497
300.494
300.492
300.491
300.491
300.49
300.489
300.488
300.488
300.489
300.49
300.49
300.491
300.492
300.493
300.496
300.501
300.501
300.502
300.505
300.503
300.502
300.502
300.504
300.505
300.506
300.506
300.508
300.508
300.506
300.506
300.505
300.503
300.502
300.501
300.503
300.505
300.502
300.502
300.51
300.517
300.523
300.531
300.539
300.548
300.557
300.565
300.57
300.569
300.564
300.556
300.548
300.539
300.53
300.523
300.516
300.509
300.501
300.412
300.415
300.414
300.414
300.415
300.417
300.418
300.419
300.42
300.42
300.421
300.42
300.42
300.419
300.418
300.416
300.415
300.414
300.413
300.413
300.448
300.448
300.449
300.449
300.45
300.451
300.451
300.452
300.452
300.453
300.453
300.452
300.452
300.451
300.451
300.45
300.449
300.449
300.448
300.448
300.459
300.458
300.458
300.459
300.459
300.46
300.461
300.462
300.462
300.464
300.464
300.462
300.461
300.46
300.46
300.459
300.458
300.458
300.458
300.459
300.465
300.465
300.465
300.465
300.465
300.465
300.466
300.467
300.468
300.47
300.47
300.467
300.466
300.466
300.465
300.465
300.465
300.465
300.465
300.466
300.475
300.473
300.473
300.472
300.472
300.471
300.471
300.471
300.472
300.475
300.474
300.471
300.471
300.471
300.471
300.472
300.472
300.473
300.474
300.476
300.495
300.487
300.483
300.48
300.479
300.478
300.477
300.477
300.476
300.479
300.479
300.476
300.476
300.477
300.478
300.479
300.48
300.483
300.487
300.496
300.501
300.495
300.491
300.487
300.486
300.484
300.483
300.482
300.482
300.484
300.483
300.481
300.482
300.483
300.484
300.485
300.487
300.49
300.495
300.501
300.503
300.501
300.496
300.493
300.492
300.491
300.49
300.489
300.489
300.491
300.49
300.488
300.489
300.49
300.49
300.491
300.493
300.496
300.501
300.502
300.504
300.507
300.503
300.502
300.503
300.504
300.506
300.508
300.511
300.526
300.526
300.511
300.508
300.506
300.504
300.502
300.501
300.503
300.506
300.503
300.504
300.512
300.52
300.527
300.536
300.546
300.557
300.569
300.581
300.593
300.592
300.58
300.568
300.556
300.545
300.535
300.526
300.519
300.512
300.503
300.41
300.414
300.414
300.414
300.415
300.416
300.418
300.42
300.42
300.427
300.428
300.421
300.42
300.418
300.417
300.415
300.414
300.414
300.414
300.413
300.449
300.449
300.449
300.45
300.45
300.451
300.452
300.452
300.453
300.467
300.467
300.453
300.452
300.452
300.451
300.451
300.45
300.449
300.449
300.449
300.459
300.46
300.46
300.461
300.461
300.462
300.462
300.462
300.464
300.48
300.479
300.464
300.462
300.462
300.461
300.461
300.46
300.46
300.459
300.46
300.465
300.465
300.465
300.466
300.466
300.467
300.467
300.468
300.47
300.49
300.489
300.47
300.467
300.467
300.467
300.466
300.466
300.465
300.465
300.465
300.474
300.473
300.472
300.471
300.471
300.471
300.471
300.472
300.476
300.498
300.497
300.475
300.471
300.471
300.471
300.471
300.472
300.472
300.473
300.475
300.493
300.486
300.482
300.48
300.478
300.477
300.477
300.476
300.48
300.505
300.503
300.48
300.476
300.476
300.477
300.478
300.48
300.482
300.486
300.494
300.501
300.495
300.49
300.487
300.485
300.483
300.482
300.482
300.485
300.51
300.508
300.484
300.481
300.482
300.483
300.484
300.486
300.489
300.494
300.501
300.503
300.501
300.496
300.492
300.491
300.49
300.489
300.489
300.493
300.526
300.524
300.492
300.488
300.489
300.489
300.49
300.492
300.495
300.5
300.502
300.504
300.507
300.503
300.501
300.502
300.504
300.506
300.511
300.525
300.571
300.57
300.525
300.511
300.506
300.503
300.502
300.501
300.502
300.506
300.504
300.505
300.514
300.521
300.529
300.539
300.551
300.565
300.581
300.601
300.63
300.627
300.6
300.58
300.564
300.55
300.539
300.529
300.521
300.513
300.504
300.416
300.412
300.414
300.414
300.414
300.416
300.417
300.42
300.427
301.121
301.116
300.428
300.421
300.418
300.416
300.415
300.414
300.414
300.412
300.42
300.449
300.449
300.449
300.45
300.45
300.451
300.451
300.453
300.467
300.923
300.917
300.467
300.453
300.452
300.451
300.45
300.45
300.449
300.449
300.449
300.46
300.46
300.461
300.462
300.462
300.463
300.463
300.464
300.48
300.839
300.833
300.479
300.464
300.463
300.463
300.462
300.462
300.461
300.46
300.46
300.466
300.466
300.467
300.467
300.468
300.468
300.468
300.47
300.49
300.792
300.785
300.489
300.47
300.468
300.468
300.468
300.467
300.467
300.466
300.466
300.474
300.473
300.472
300.472
300.472
300.472
300.472
300.475
300.498
300.761
300.754
300.497
300.474
300.472
300.472
300.472
300.472
300.472
300.473
300.474
300.491
300.485
300.481
300.479
300.478
300.477
300.476
300.479
300.505
300.737
300.73
300.503
300.479
300.476
300.477
300.478
300.479
300.482
300.485
300.492
300.501
300.494
300.489
300.486
300.484
300.483
300.482
300.484
300.51
300.72
300.713
300.508
300.483
300.482
300.482
300.484
300.486
300.489
300.494
300.5
300.502
300.499
300.495
300.491
300.49
300.488
300.488
300.491
300.526
300.712
300.705
300.524
300.49
300.487
300.488
300.489
300.491
300.494
300.499
300.502
300.503
300.507
300.501
300.499
300.5
300.502
300.508
300.526
300.571
300.705
300.699
300.569
300.525
300.507
300.501
300.5
300.499
300.5
300.506
300.503
300.503
300.513
300.52
300.528
300.539
300.553
300.57
300.593
300.63
300.697
300.691
300.627
300.592
300.569
300.552
300.538
300.527
300.519
300.512
300.503
300.419
300.413
300.414
300.414
300.414
300.416
300.418
300.421
300.428
301.116
301.115
300.427
300.42
300.418
300.416
300.415
300.414
300.414
300.417
300.411
300.449
300.449
300.449
300.45
300.45
300.451
300.452
300.453
300.467
300.917
300.917
300.467
300.453
300.452
300.451
300.45
300.45
300.449
300.448
300.448
300.46
300.46
300.461
300.461
300.462
300.462
300.463
300.464
300.479
300.832
300.832
300.479
300.464
300.463
300.463
300.462
300.462
300.461
300.46
300.46
300.466
300.466
300.467
300.467
300.468
300.468
300.468
300.47
300.489
300.785
300.786
300.489
300.47
300.468
300.468
300.468
300.467
300.467
300.466
300.466
300.474
300.473
300.472
300.472
300.472
300.472
300.472
300.474
300.497
300.754
300.754
300.497
300.475
300.472
300.472
300.472
300.472
300.472
300.473
300.474
300.491
300.485
300.481
300.479
300.478
300.477
300.476
300.479
300.503
300.73
300.731
300.503
300.479
300.476
300.477
300.478
300.479
300.482
300.485
300.492
300.501
300.494
300.489
300.486
300.484
300.483
300.482
300.483
300.508
300.713
300.713
300.508
300.483
300.482
300.482
300.484
300.486
300.489
300.494
300.5
300.502
300.5
300.495
300.491
300.489
300.488
300.488
300.49
300.524
300.705
300.705
300.524
300.49
300.487
300.488
300.489
300.491
300.494
300.499
300.501
300.503
300.507
300.501
300.499
300.5
300.502
300.508
300.526
300.57
300.699
300.699
300.569
300.525
300.507
300.501
300.499
300.499
300.5
300.506
300.502
300.503
300.512
300.52
300.528
300.539
300.552
300.569
300.592
300.627
300.691
300.692
300.627
300.591
300.568
300.551
300.538
300.527
300.519
300.512
300.502
300.412
300.414
300.413
300.414
300.415
300.417
300.418
300.42
300.421
300.428
300.427
300.42
300.42
300.418
300.416
300.415
300.414
300.414
300.414
300.415
300.449
300.449
300.449
300.45
300.45
300.451
300.452
300.452
300.453
300.467
300.467
300.453
300.452
300.452
300.451
300.45
300.45
300.449
300.449
300.449
300.459
300.459
300.46
300.46
300.461
300.461
300.462
300.462
300.464
300.479
300.479
300.464
300.462
300.462
300.461
300.461
300.461
300.46
300.459
300.46
300.465
300.465
300.465
300.466
300.466
300.466
300.467
300.467
300.47
300.489
300.489
300.47
300.468
300.467
300.467
300.466
300.466
300.465
300.465
300.465
300.475
300.473
300.472
300.472
300.471
300.471
300.471
300.471
300.475
300.497
300.497
300.475
300.472
300.471
300.471
300.471
300.472
300.472
300.473
300.475
300.494
300.486
300.482
300.48
300.478
300.477
300.476
300.476
300.48
300.503
300.503
300.48
300.476
300.477
300.477
300.479
300.48
300.482
300.486
300.494
300.501
300.494
300.49
300.486
300.484
300.483
300.482
300.481
300.484
300.508
300.508
300.484
300.482
300.482
300.483
300.484
300.486
300.489
300.494
300.501
300.503
300.501
300.495
300.492
300.49
300.49
300.489
300.488
300.492
300.524
300.524
300.492
300.488
300.489
300.489
300.49
300.492
300.495
300.5
300.502
300.504
300.507
300.502
300.501
300.502
300.504
300.506
300.511
300.525
300.569
300.569
300.524
300.51
300.506
300.503
300.502
300.5
300.502
300.506
300.503
300.504
300.513
300.521
300.529
300.539
300.55
300.564
300.58
300.6
300.627
300.627
300.599
300.579
300.564
300.55
300.538
300.528
300.52
300.513
300.504
300.412
300.413
300.414
300.415
300.416
300.418
300.419
300.42
300.42
300.421
300.42
300.42
300.419
300.418
300.417
300.416
300.415
300.414
300.413
300.413
300.448
300.448
300.449
300.449
300.45
300.45
300.451
300.452
300.452
300.453
300.453
300.452
300.452
300.451
300.451
300.45
300.449
300.449
300.448
300.448
300.459
300.458
300.458
300.458
300.459
300.459
300.46
300.461
300.462
300.464
300.464
300.462
300.462
300.461
300.46
300.459
300.459
300.458
300.458
300.459
300.465
300.465
300.465
300.465
300.465
300.465
300.466
300.466
300.467
300.47
300.47
300.468
300.467
300.466
300.465
300.465
300.465
300.465
300.465
300.466
300.476
300.474
300.473
300.472
300.472
300.471
300.471
300.471
300.471
300.474
300.475
300.472
300.471
300.471
300.471
300.472
300.472
300.473
300.474
300.476
300.496
300.487
300.483
300.481
300.479
300.478
300.477
300.476
300.476
300.479
300.479
300.476
300.477
300.477
300.478
300.479
300.481
300.483
300.487
300.496
300.501
300.495
300.49
300.487
300.485
300.484
300.483
300.482
300.481
300.483
300.483
300.482
300.482
300.483
300.484
300.485
300.487
300.49
300.495
300.5
300.502
300.501
300.496
300.493
300.491
300.49
300.49
300.489
300.488
300.49
300.49
300.488
300.489
300.49
300.49
300.491
300.493
300.496
300.501
300.502
300.503
300.506
300.503
300.501
300.502
300.504
300.506
300.508
300.511
300.525
300.525
300.51
300.507
300.506
300.504
300.502
300.501
300.503
300.506
300.503
300.503
300.512
300.519
300.527
300.535
300.545
300.556
300.568
300.58
300.592
300.591
300.579
300.567
300.556
300.545
300.535
300.526
300.519
300.512
300.503
300.412
300.413
300.414
300.415
300.417
300.418
300.419
300.419
300.418
300.418
300.418
300.418
300.418
300.418
300.418
300.417
300.415
300.414
300.413
300.412
300.448
300.447
300.447
300.447
300.448
300.449
300.45
300.451
300.452
300.452
300.452
300.452
300.451
300.45
300.449
300.448
300.448
300.447
300.447
300.448
300.458
300.458
300.457
300.457
300.457
300.458
300.459
300.46
300.462
300.463
300.463
300.462
300.461
300.459
300.458
300.457
300.457
300.457
300.458
300.458
300.467
300.466
300.466
300.466
300.465
300.464
300.465
300.466
300.467
300.468
300.468
300.467
300.466
300.465
300.464
300.465
300.465
300.466
300.466
300.467
300.478
300.476
300.475
300.474
300.473
300.472
300.471
300.471
300.471
300.472
300.472
300.471
300.471
300.471
300.472
300.473
300.474
300.475
300.476
300.478
300.497
300.489
300.484
300.482
300.48
300.479
300.478
300.477
300.476
300.476
300.476
300.477
300.477
300.478
300.479
300.48
300.482
300.484
300.489
300.497
300.5
300.496
300.492
300.489
300.487
300.485
300.484
300.483
300.482
300.482
300.482
300.482
300.483
300.484
300.485
300.486
300.488
300.491
300.496
300.5
300.501
300.501
300.497
300.494
300.492
300.491
300.49
300.49
300.489
300.487
300.487
300.489
300.49
300.49
300.491
300.492
300.493
300.496
300.501
300.501
300.502
300.505
300.503
300.501
300.502
300.503
300.505
300.506
300.506
300.507
300.507
300.506
300.506
300.505
300.503
300.502
300.501
300.503
300.505
300.501
300.501
300.509
300.516
300.523
300.53
300.539
300.548
300.556
300.564
300.569
300.568
300.564
300.556
300.547
300.538
300.53
300.523
300.516
300.509
300.501
300.412
300.413
300.414
300.415
300.417
300.418
300.419
300.418
300.417
300.416
300.416
300.416
300.417
300.418
300.418
300.417
300.416
300.414
300.413
300.412
300.446
300.444
300.443
300.443
300.445
300.447
300.449
300.451
300.451
300.451
300.451
300.451
300.451
300.449
300.448
300.445
300.444
300.444
300.445
300.446
300.46
300.459
300.459
300.458
300.457
300.456
300.458
300.46
300.461
300.463
300.463
300.462
300.46
300.458
300.457
300.457
300.458
300.459
300.46
300.46
300.47
300.47
300.469
300.467
300.466
300.465
300.464
300.465
300.467
300.468
300.468
300.467
300.465
300.464
300.465
300.466
300.467
300.469
300.47
300.47
300.483
300.48
300.478
300.477
300.475
300.473
300.472
300.471
300.471
300.472
300.472
300.471
300.471
300.472
300.473
300.474
300.476
300.478
300.48
300.483
300.496
300.491
300.487
300.485
300.483
300.481
300.479
300.478
300.477
300.477
300.477
300.477
300.478
300.479
300.481
300.482
300.484
300.487
300.49
300.496
300.499
300.497
300.493
300.49
300.488
300.486
300.485
300.484
300.483
300.482
300.482
300.483
300.484
300.485
300.486
300.488
300.49
300.493
300.496
300.498
300.499
300.5
300.497
300.494
300.493
300.492
300.491
300.49
300.489
300.488
300.488
300.489
300.49
300.491
300.492
300.493
300.494
300.497
300.5
300.499
300.5
300.503
300.503
300.501
300.501
300.502
300.503
300.504
300.503
300.501
300.501
300.503
300.504
300.503
300.502
300.501
300.5
300.502
300.503
300.499
300.498
300.506
300.512
300.518
300.525
300.532
300.539
300.545
300.55
300.552
300.551
300.55
300.545
300.538
300.531
300.524
300.518
300.512
300.506
300.498
300.406
300.406
300.407
300.411
300.414
300.417
300.417
300.416
300.415
300.415
300.415
300.415
300.416
300.417
300.417
300.415
300.411
300.408
300.406
300.406
300.446
300.446
300.445
300.443
300.442
300.445
300.448
300.45
300.451
300.45
300.45
300.45
300.45
300.448
300.445
300.443
300.444
300.445
300.446
300.447
300.464
300.464
300.462
300.459
300.458
300.457
300.457
300.459
300.461
300.462
300.462
300.461
300.459
300.457
300.457
300.458
300.459
300.462
300.464
300.465
300.477
300.476
300.474
300.471
300.468
300.466
300.465
300.465
300.466
300.468
300.468
300.466
300.465
300.465
300.466
300.468
300.471
300.474
300.476
300.477
300.489
300.485
300.483
300.481
300.478
300.475
300.473
300.472
300.471
300.472
300.472
300.471
300.472
300.473
300.474
300.477
300.48
300.483
300.485
300.489
300.496
300.493
300.49
300.488
300.485
300.483
300.48
300.479
300.478
300.478
300.478
300.479
300.479
300.48
300.482
300.485
300.487
300.49
300.493
300.495
300.497
300.496
300.494
300.492
300.49
300.488
300.486
300.485
300.484
300.484
300.484
300.484
300.485
300.486
300.488
300.49
300.492
300.494
300.496
300.497
300.497
300.499
300.498
300.495
300.494
300.493
300.492
300.491
300.49
300.489
300.489
300.49
300.491
300.492
300.493
300.494
300.495
300.497
300.499
300.497
300.497
300.501
300.502
300.5
300.5
300.501
300.502
300.502
300.502
300.5
300.499
300.502
300.502
300.502
300.501
300.5
300.5
300.502
300.501
300.497
300.495
300.502
300.508
300.513
300.519
300.525
300.53
300.535
300.538
300.538
300.538
300.538
300.535
300.53
300.524
300.519
300.513
300.508
300.502
300.495
300.403
300.4
300.399
300.404
300.411
300.416
300.416
300.415
300.414
300.414
300.414
300.414
300.415
300.415
300.416
300.411
300.405
300.399
300.4
300.403
300.449
300.448
300.447
300.445
300.443
300.443
300.447
300.449
300.45
300.45
300.45
300.45
300.449
300.448
300.444
300.444
300.446
300.448
300.448
300.449
300.473
300.471
300.468
300.463
300.459
300.458
300.457
300.458
300.46
300.462
300.462
300.461
300.459
300.457
300.458
300.459
300.463
300.468
300.471
300.474
300.486
300.483
300.48
300.476
300.471
300.468
300.466
300.465
300.466
300.467
300.467
300.466
300.465
300.465
300.467
300.471
300.476
300.48
300.483
300.486
300.492
300.49
300.488
300.485
300.481
300.477
300.474
300.472
300.472
300.472
300.472
300.472
300.472
300.474
300.476
300.48
300.484
300.488
300.489
300.492
300.494
300.493
300.491
300.49
300.488
300.485
300.482
300.48
300.48
300.479
300.479
300.48
300.481
300.482
300.484
300.487
300.49
300.491
300.493
300.493
300.494
300.495
300.494
300.493
300.492
300.49
300.488
300.487
300.486
300.486
300.486
300.486
300.487
300.488
300.49
300.492
300.493
300.494
300.495
300.494
300.494
300.497
300.497
300.496
300.495
300.494
300.493
300.493
300.492
300.491
300.491
300.492
300.493
300.493
300.494
300.495
300.496
300.497
300.497
300.494
300.494
300.499
300.5
300.501
300.5
300.501
300.501
300.501
300.501
300.499
300.499
300.5
300.501
300.501
300.5
300.5
300.501
300.5
300.499
300.494
300.491
300.498
300.503
300.508
300.513
300.518
300.523
300.526
300.528
300.527
300.527
300.528
300.526
300.523
300.518
300.513
300.508
300.503
300.498
300.491
300.435
300.418
300.397
300.399
300.408
300.414
300.414
300.414
300.414
300.414
300.414
300.414
300.414
300.414
300.414
300.407
300.399
300.396
300.412
300.429
300.461
300.454
300.449
300.447
300.445
300.443
300.447
300.449
300.449
300.449
300.449
300.449
300.449
300.447
300.444
300.445
300.448
300.45
300.453
300.46
300.482
300.479
300.474
300.468
300.462
300.459
300.457
300.458
300.46
300.461
300.461
300.46
300.458
300.457
300.459
300.462
300.468
300.475
300.479
300.482
300.487
300.486
300.485
300.481
300.474
300.469
300.466
300.465
300.465
300.467
300.467
300.465
300.465
300.466
300.469
300.474
300.48
300.485
300.486
300.487
300.489
300.489
300.488
300.488
300.484
300.479
300.475
300.473
300.472
300.472
300.472
300.472
300.473
300.475
300.478
300.483
300.488
300.488
300.489
300.489
300.49
300.491
300.491
300.491
300.49
300.487
300.484
300.483
300.482
300.482
300.482
300.482
300.483
300.484
300.487
300.49
300.491
300.491
300.49
300.49
300.491
300.492
300.493
300.494
300.494
300.493
300.492
300.49
300.489
300.489
300.489
300.489
300.49
300.491
300.493
300.494
300.494
300.493
300.492
300.491
300.491
300.494
300.496
300.497
300.498
300.497
300.496
300.496
300.495
300.494
300.494
300.495
300.496
300.496
300.497
300.497
300.497
300.496
300.494
300.491
300.49
300.495
300.498
300.5
300.502
300.503
300.503
300.503
300.502
300.5
300.5
300.502
300.503
300.503
300.502
300.502
300.5
300.498
300.495
300.49
300.487
300.493
300.498
300.503
300.508
300.512
300.516
300.519
300.521
300.519
300.519
300.52
300.519
300.516
300.512
300.508
300.503
300.499
300.493
300.487
300.461
300.451
300.422
300.4
300.406
300.413
300.413
300.413
300.413
300.417
300.413
300.413
300.414
300.413
300.413
300.406
300.399
300.412
300.447
300.458
300.478
300.47
300.454
300.447
300.445
300.444
300.447
300.448
300.449
300.448
300.449
300.449
300.448
300.447
300.445
300.446
300.448
300.454
300.468
300.477
300.481
300.482
300.479
300.471
300.464
300.46
300.458
300.458
300.459
300.46
300.46
300.459
300.458
300.458
300.46
300.464
300.472
300.479
300.482
300.481
300.483
300.484
300.486
300.484
300.476
300.47
300.467
300.465
300.465
300.466
300.466
300.465
300.465
300.466
300.47
300.476
300.483
300.486
300.484
300.483
300.484
300.486
300.488
300.49
300.486
300.48
300.476
300.474
300.473
300.473
300.473
300.473
300.474
300.476
300.48
300.485
300.489
300.488
300.486
300.484
300.485
300.487
300.49
300.493
300.493
300.491
300.489
300.487
300.486
300.485
300.485
300.486
300.487
300.489
300.49
300.493
300.493
300.49
300.487
300.485
300.485
300.489
300.492
300.495
300.496
300.497
300.496
300.495
300.494
300.494
300.494
300.494
300.495
300.496
300.496
300.496
300.495
300.492
300.489
300.485
300.485
300.49
300.494
300.497
300.499
300.5
300.501
300.501
300.5
300.499
300.499
300.5
300.501
300.501
300.5
300.499
300.497
300.494
300.49
300.485
300.485
300.491
300.495
300.499
300.501
300.503
300.505
300.506
300.506
300.506
300.506
300.506
300.506
300.505
300.503
300.501
300.499
300.495
300.491
300.485
300.481
300.488
300.493
300.498
300.502
300.506
300.509
300.512
300.513
300.512
300.512
300.513
300.512
300.509
300.506
300.502
300.498
300.493
300.488
300.482
300.469
300.461
300.438
300.404
300.406
300.412
300.412
300.413
300.414
300.412
300.42
300.413
300.413
300.412
300.412
300.406
300.403
300.429
300.458
300.468
300.477
300.478
300.462
300.45
300.446
300.446
300.448
300.448
300.448
300.447
300.449
300.449
300.448
300.448
300.446
300.447
300.45
300.46
300.477
300.477
300.477
300.481
300.482
300.473
300.465
300.46
300.458
300.459
300.46
300.46
300.46
300.46
300.459
300.458
300.46
300.465
300.474
300.482
300.481
300.477
300.478
300.483
300.487
300.486
300.477
300.47
300.467
300.466
300.465
300.466
300.466
300.465
300.466
300.467
300.47
300.477
300.486
300.487
300.483
300.478
300.478
300.484
300.489
300.492
300.49
300.483
300.478
300.476
300.475
300.474
300.474
300.475
300.476
300.478
300.483
300.489
300.492
300.489
300.484
300.478
300.479
300.485
300.49
300.494
300.496
300.496
300.497
300.496
300.494
300.492
300.492
300.494
300.496
300.497
300.496
300.495
300.493
300.49
300.485
300.479
300.479
300.485
300.491
300.494
300.497
300.499
300.5
300.501
300.501
300.5
300.5
300.501
300.5
300.5
300.498
300.497
300.494
300.491
300.485
300.479
300.479
300.485
300.49
300.494
300.497
300.499
300.501
300.502
300.502
300.502
300.501
300.502
300.502
300.501
300.499
300.497
300.494
300.491
300.485
300.479
300.478
300.485
300.49
300.494
300.497
300.499
300.502
300.503
300.504
300.502
300.502
300.503
300.503
300.501
300.499
300.497
300.494
300.49
300.485
300.478
300.475
300.481
300.487
300.491
300.495
300.498
300.501
300.503
300.504
300.503
300.502
300.504
300.503
300.501
300.498
300.495
300.491
300.487
300.482
300.475
)
;

boundaryField
{
    floor
    {
        type            fixedValue;
        value           nonuniform List<scalar> 
400
(
300
300
300
300
300
300
300
300
300
300
300
300
300
300
300
300
300
300
300
300
300
300
300
300
300
300
300
300
300
300
300
300
300
300
300
300
300
300
300
300
300
300
300
300
300
300
300
300
300
300
300
300
300
300
300
300
300
300
300
300
300
300
300
300
300
300
300
300
300
300
300
300
300
300
300
300
300
300
300
300
300
300
300
300
300
300
300
300
300
300
300
300
300
300
300
300
300
300
300
300
300
300
300
300
300
300
300
300
300
300
300
300
300
300
300
300
300
300
300
300
300
300
300
300
300
300
300
300
300
300
300
300
300
300
300
300
300
300
300
300
300
300
300
300
300
300
300
300
300
300
300
300
300
300
300
300
300
300
300
300
300
300
300
300
300
300
300
300
300
300
300
300
300
300
300
300
300
300
300
300
300
300
300
300
300
300
300
300
300
600
600
300
300
300
300
300
300
300
300
300
300
300
300
300
300
300
300
300
300
600
600
300
300
300
300
300
300
300
300
300
300
300
300
300
300
300
300
300
300
300
300
300
300
300
300
300
300
300
300
300
300
300
300
300
300
300
300
300
300
300
300
300
300
300
300
300
300
300
300
300
300
300
300
300
300
300
300
300
300
300
300
300
300
300
300
300
300
300
300
300
300
300
300
300
300
300
300
300
300
300
300
300
300
300
300
300
300
300
300
300
300
300
300
300
300
300
300
300
300
300
300
300
300
300
300
300
300
300
300
300
300
300
300
300
300
300
300
300
300
300
300
300
300
300
300
300
300
300
300
300
300
300
300
300
300
300
300
300
300
300
300
300
300
300
300
300
300
300
300
300
300
300
300
300
300
300
300
300
300
300
300
300
300
300
300
300
300
300
300
300
300
300
300
300
300
300
300
300
300
300
300
300
300
300
300
300
300
300
300
300
)
;
    }
    ceiling
    {
        type            fixedValue;
        value           uniform 300;
    }
    fixedWalls
    {
        type            zeroGradient;
    }
}


// ************************************************************************* //
