/*--------------------------------*- C++ -*----------------------------------*\
| =========                 |                                                 |
| \\      /  F ield         | OpenFOAM: The Open Source CFD Toolbox           |
|  \\    /   O peration     | Version:  v1912                                 |
|   \\  /    A nd           | Website:  www.openfoam.com                      |
|    \\/     M anipulation  |                                                 |
\*---------------------------------------------------------------------------*/
FoamFile
{
    version     2.0;
    format      ascii;
    class       surfaceScalarField;
    location    "275";
    object      phi;
}
// * * * * * * * * * * * * * * * * * * * * * * * * * * * * * * * * * * * * * //

dimensions      [0 3 -1 0 0 0 0];
oriented        oriented;


internalField   nonuniform List<scalar> 
3895
(
0.000814744
0.000381432
0.000499356
0.000315388
0.000251557
0.000247799
6.48541e-05
0.000186703
-6.22065e-05
0.000127061
-0.000127357
6.51501e-05
-0.000137689
1.03326e-05
-0.000113681
-2.40086e-05
-9.02235e-05
-2.34571e-05
-8.46537e-05
-5.56974e-06
-6.59816e-05
-1.86721e-05
-4.4834e-05
-2.11476e-05
-4.03201e-05
-4.51383e-06
-4.72202e-05
6.90001e-06
-4.07087e-05
-6.51149e-06
-2.20733e-05
-1.86353e-05
-1.00022e-05
-1.20711e-05
-6.09915e-06
-3.90306e-06
-4.85436e-06
-1.24479e-06
-1.70663e-06
-3.14774e-06
6.60359e-06
-8.31022e-06
1.89928e-05
-1.23892e-05
3.21378e-05
-1.3145e-05
4.27186e-05
-1.05808e-05
4.91105e-05
-6.39187e-06
5.12136e-05
-2.10315e-06
4.94265e-05
1.78716e-06
4.52116e-05
4.21486e-06
4.04986e-05
4.71305e-06
3.60585e-05
4.44003e-06
3.2141e-05
3.91751e-06
2.88755e-05
3.26553e-06
2.64044e-05
2.47111e-06
2.49402e-05
1.46414e-06
2.49159e-05
2.43672e-08
2.6668e-05
-1.75213e-06
2.9973e-05
-3.30502e-06
3.45547e-05
-4.58167e-06
3.99419e-05
-5.3872e-06
4.53506e-05
-5.40876e-06
4.97488e-05
-4.39812e-06
5.19349e-05
-2.18613e-06
4.93484e-05
2.58648e-06
4.16586e-05
7.68977e-06
2.83139e-05
1.33447e-05
8.84435e-06
1.94696e-05
-1.62715e-05
2.51159e-05
-4.65328e-05
3.02612e-05
-8.14809e-05
3.49481e-05
-0.000121444
3.99632e-05
-0.000167416
4.59722e-05
-0.000219796
5.23802e-05
-0.000278268
5.8472e-05
-0.000343186
6.49173e-05
-0.000415416
7.22304e-05
-0.000493708
7.82914e-05
-0.000573131
7.94237e-05
-0.000645815
7.26834e-05
-0.000702562
5.67478e-05
-0.000731256
2.86934e-05
-0.00072278
-8.47588e-06
-0.000688493
-3.42872e-05
-0.000631612
-5.68812e-05
-0.000559004
-7.26077e-05
-0.000477082
-8.19223e-05
-0.000390539
-8.65427e-05
-0.000302122
-8.84166e-05
-0.000212959
-8.91633e-05
-0.000123277
-8.96819e-05
-3.2903e-05
-9.03741e-05
5.83573e-05
-9.12603e-05
0.000150648
-9.2291e-05
0.000243979
-9.33302e-05
0.000337374
-9.3396e-05
0.000429799
-9.24242e-05
0.000520742
-9.09436e-05
0.000609896
-8.91537e-05
0.000699783
-8.98869e-05
0.00079022
-9.04371e-05
-0.00011229
0.00108795
0.000349296
0.00104738
0.000355952
0.000933268
0.000361913
0.000775726
0.000344245
0.000598397
0.00030439
0.000410352
0.000253195
0.000221231
0.000199454
5.38588e-05
0.000143363
-6.05493e-05
9.09509e-05
-0.000110352
4.42331e-05
-0.000132015
2.99123e-06
-0.000124322
-2.88411e-05
-0.000107145
-2.1691e-05
-0.000110436
1.01909e-05
-0.000108144
-8.80276e-06
-9.80732e-05
-2.87066e-05
-8.6006e-05
-2.41384e-05
-8.81841e-05
-1.72496e-06
-9.56041e-05
6.17525e-06
-0.000100137
1.3856e-06
-9.86707e-05
-9.77701e-06
-9.20219e-05
-1.9038e-05
-8.24067e-05
-2.27601e-05
-7.06817e-05
-2.23059e-05
-5.87383e-05
-1.83352e-05
-4.80278e-05
-1.28137e-05
-3.89461e-05
-7.29457e-06
-3.20186e-05
-2.71259e-06
-2.83187e-05
1.01312e-06
-2.76761e-05
3.79748e-06
-2.92803e-05
5.52167e-06
-3.24618e-05
6.44708e-06
-3.64486e-05
6.45787e-06
-4.04473e-05
5.46283e-06
-4.38501e-05
3.42719e-06
-4.59248e-05
3.22536e-07
-4.63242e-05
-2.90564e-06
-4.54035e-05
-5.50233e-06
-4.39354e-05
-6.85534e-06
-4.30284e-05
-6.31576e-06
-4.41742e-05
-3.25232e-06
-4.99847e-05
3.62442e-06
-5.98926e-05
1.24944e-05
-7.55946e-05
2.33917e-05
-9.78198e-05
3.557e-05
-0.000126095
4.77447e-05
-0.000159282
5.83028e-05
-0.000195099
6.60783e-05
-0.000231002
7.08512e-05
-0.000264212
7.31734e-05
-0.000292099
7.38587e-05
-0.000313165
7.34464e-05
-0.000326842
7.21491e-05
-0.000332621
7.06964e-05
-0.000329377
6.89865e-05
-0.00031563
6.45438e-05
-0.000289572
5.33661e-05
-0.000249331
3.24419e-05
-0.000198759
6.17617e-06
-0.000137959
-3.21066e-05
-7.66766e-05
-6.97584e-05
-1.14267e-05
-9.9537e-05
5.2476e-05
-0.000120784
0.000114719
-0.00013485
0.000175471
-0.000142675
0.00023519
-0.000146262
0.000294406
-0.000147632
0.00035351
-0.000148267
0.000412824
-0.000148996
0.000472484
-0.000150035
0.000532387
-0.000151163
0.000591996
-0.0001519
0.000650349
-0.000151683
0.000707004
-0.000150051
0.000761563
-0.000146983
0.000813642
-0.000143023
0.000863569
-0.00013908
0.000910825
-0.000137143
0.000957872
-0.000137485
-0.000149915
0.000975282
0.000305927
0.00102604
0.000305194
0.00106097
0.000326986
0.00105861
0.000346603
0.00101216
0.000350844
0.000925018
0.000340333
0.000805704
0.000318768
0.000661697
0.00028737
0.000504787
0.00024786
0.000345559
0.000203461
0.000189951
0.000158599
4.72872e-05
0.000113823
-4.89176e-05
7.45137e-05
-8.53527e-05
4.6626e-05
-0.000106768
1.26125e-05
-0.000117381
-1.80933e-05
-0.00010956
-3.19598e-05
-0.000104553
-6.73156e-06
-0.000116487
1.81093e-05
-0.000129833
1.47311e-05
-0.000140894
1.28439e-06
-0.000150077
-9.85481e-06
-0.000152951
-1.98869e-05
-0.000150649
-2.46071e-05
-0.00014585
-2.3135e-05
-0.000140372
-1.82915e-05
-0.000135926
-1.174e-05
-0.000134013
-4.62621e-06
-0.000134529
1.52936e-06
-0.000137552
6.82064e-06
-0.000143276
1.12458e-05
-0.000150972
1.41425e-05
-0.000159648
1.51338e-05
-0.000168083
1.38985e-05
-0.000175073
1.04166e-05
-0.000179907
5.15641e-06
-0.000181791
-1.02141e-06
-0.000180645
-6.64838e-06
-0.00017699
-1.05104e-05
-0.000172235
-1.10704e-05
-0.000168405
-7.08202e-06
-0.000165896
1.11497e-06
-0.000167253
1.38512e-05
-0.000173392
2.9531e-05
-0.000184851
4.70293e-05
-0.000200809
6.37025e-05
-0.000219208
7.67015e-05
-0.000236735
8.36049e-05
-0.000249071
8.3188e-05
-0.000251631
7.5733e-05
-0.000240338
6.25661e-05
-0.000213407
4.6515e-05
-0.000170115
2.88573e-05
-0.00011093
1.15109e-05
-3.72634e-05
-4.67978e-06
4.73009e-05
-2.00205e-05
0.000136147
-3.54796e-05
0.000221959
-5.33707e-05
0.000302662
-7.45265e-05
0.000369962
-9.94064e-05
0.000424781
-0.000124577
0.000471304
-0.00014606
0.000512754
-0.000162234
0.000551399
-0.000173496
0.000589336
-0.000180612
0.000627599
-0.000184524
0.000666356
-0.000186389
0.000705279
-0.00018719
0.00074378
-0.000187497
0.000781165
-0.00018742
0.000816704
-0.000186702
0.000849708
-0.000184903
0.000879647
-0.000181623
0.000906294
-0.000176698
0.000929658
-0.000170347
0.000949855
-0.00016322
0.000967194
-0.000156419
0.000981349
-0.000151298
0.000993365
-0.000149501
-0.000154441
0.000857109
0.000271376
0.000897356
0.000264947
0.000950166
0.000274176
0.00100471
0.000292061
0.00104637
0.00030918
0.0010653
0.000321408
0.00105661
0.000327454
0.00101788
0.000326103
0.000949442
0.000316296
0.000854908
0.000297995
0.000740668
0.00027284
0.000611617
0.000242874
0.000476262
0.000209868
0.000348125
0.000174764
0.000223272
0.000137466
0.000101993
0.000103185
2.62262e-07
6.97713e-05
-5.13089e-05
4.48396e-05
-6.42906e-05
3.1091e-05
-6.9285e-05
1.97255e-05
-7.82138e-05
1.02132e-05
-9.03599e-05
2.29129e-06
-0.000105982
-4.26524e-06
-0.000122774
-7.81451e-06
-0.000135897
-1.00122e-05
-0.000144205
-9.9838e-06
-0.000149285
-6.65977e-06
-0.000153018
-8.92831e-07
-0.000157236
5.74756e-06
-0.000162395
1.1979e-05
-0.000168828
1.76791e-05
-0.000176399
2.17133e-05
-0.000184403
2.31381e-05
-0.000191757
2.12523e-05
-0.00019702
1.56799e-05
-0.000198299
6.43482e-06
-0.000196391
-2.92909e-06
-0.000189203
-1.38365e-05
-0.000176922
-2.2791e-05
-0.000160555
-2.74377e-05
-0.000141477
-2.61596e-05
-0.00012233
-1.80327e-05
-0.000104257
-4.22195e-06
-8.70221e-05
1.22965e-05
-7.27832e-05
3.27904e-05
-6.10583e-05
5.19775e-05
-5.05933e-05
6.62365e-05
-3.94956e-05
7.25073e-05
-2.5071e-05
6.87633e-05
-3.52954e-06
5.41916e-05
2.94865e-05
2.95501e-05
7.45488e-05
1.45264e-06
0.000131714
-2.83078e-05
0.000200067
-5.68418e-05
0.000276757
-8.13702e-05
0.00035837
-0.000101633
0.000441423
-0.000118533
0.000521738
-0.000133686
0.000595616
-0.000148404
0.000659396
-0.000163186
0.00071215
-0.000177331
0.000755543
-0.000189453
0.000791938
-0.000198628
0.000823182
-0.00020474
0.000850707
-0.000208138
0.000875531
-0.000209348
0.000898117
-0.000208975
0.000918464
-0.000207537
0.000936271
-0.000205304
0.000951122
-0.00020227
0.000962648
-0.000198228
0.00097066
-0.000192915
0.000975218
-0.000186181
0.000976619
-0.000178099
0.000975315
-0.000169043
0.00097176
-0.000159665
0.0009663
-0.000150959
0.000958874
-0.000143872
0.000949477
-0.000140104
-0.000140149
0.000759397
0.000238012
0.000790536
0.000233808
0.000828353
0.00023636
0.000874989
0.000245425
0.000927007
0.000257162
0.000978876
0.000269539
0.00102441
0.000281917
0.00105754
0.000292981
0.00107315
0.000300685
0.00106778
0.000303358
0.00104029
0.000300333
0.000991342
0.000291822
0.000922905
0.000278306
0.000838409
0.000259259
0.000740966
0.000234909
0.000635945
0.000208206
0.000531353
0.000174363
0.000433299
0.000142894
0.000348679
0.000115711
0.000276268
9.21367e-05
0.00021404
7.24412e-05
0.000160075
5.62563e-05
0.000112406
4.34033e-05
7.14393e-05
3.31525e-05
3.68924e-05
2.45347e-05
9.60547e-06
1.73031e-05
-8.85383e-06
1.17995e-05
-1.84636e-05
8.71695e-06
-2.11891e-05
8.47301e-06
-2.03859e-05
1.11758e-05
-1.8311e-05
1.56042e-05
-1.6221e-05
1.96233e-05
-1.43132e-05
2.12303e-05
-1.20872e-05
1.90263e-05
-8.32362e-06
1.19163e-05
-2.77041e-06
8.81601e-07
5.86496e-06
-1.15645e-05
1.72128e-05
-2.51844e-05
3.17455e-05
-3.73237e-05
5.01319e-05
-4.58241e-05
7.28771e-05
-4.89048e-05
0.000100365
-4.55207e-05
0.000131868
-3.57252e-05
0.000165114
-2.09491e-05
0.000201096
-3.19183e-06
0.000239328
1.37457e-05
0.000280074
2.5491e-05
0.000324063
2.8518e-05
0.000372252
2.05739e-05
0.000424687
1.75649e-06
0.000479811
-2.55736e-05
0.000538243
-5.69788e-05
0.000598541
-8.86066e-05
0.000658853
-0.000117153
0.000717991
-0.000140509
0.000774645
-0.000158288
0.000827478
-0.000171366
0.000875025
-0.000181233
0.000915936
-0.000189315
0.000949218
-0.000196468
0.000974708
-0.000202821
0.0009932
-0.000207946
0.00100593
-0.000211358
0.00101406
-0.000212874
0.00101854
-0.000212618
0.00102006
-0.000210866
0.00101901
-0.000207924
0.00101552
-0.000204049
0.00100959
-0.000199373
0.00100121
-0.000193885
0.000990462
-0.000187482
0.00097761
-0.000180064
0.000963056
-0.000171626
0.000947289
-0.000162333
0.00093079
-0.000152544
0.000913916
-0.000142791
0.000896794
-0.000133837
0.000879245
-0.000126323
0.000860735
-0.000121594
-0.000119344
0.000672434
0.000206415
0.000702275
0.000203967
0.000733373
0.000205262
0.000767842
0.000210956
0.000806619
0.000218384
0.000850044
0.000226113
0.000897312
0.000234649
0.000946043
0.00024425
0.000992649
0.000254079
0.00103305
0.000262956
0.00106347
0.000269913
0.00108112
0.000274174
0.00108433
0.000275092
0.00107187
0.000271726
0.00104336
0.000263419
0.00100052
0.000251046
0.000948337
0.000226542
0.000890867
0.000200364
0.000831161
0.000175417
0.00077165
0.000151648
0.000714406
0.000129685
0.000660653
0.00011001
0.000611264
9.27922e-05
0.000566629
7.77875e-05
0.000526528
6.4636e-05
0.000490588
5.32431e-05
0.000458656
4.37313e-05
0.000431192
3.61809e-05
0.000409118
3.05466e-05
0.000393673
2.66208e-05
0.000385567
2.37106e-05
0.000384492
2.06986e-05
0.000389299
1.64229e-05
0.000398495
9.8307e-06
0.000410229
1.82556e-07
0.000423069
-1.19593e-05
0.000436382
-2.48773e-05
0.000448408
-3.721e-05
0.00045846
-4.73761e-05
0.000466708
-5.40719e-05
0.000474284
-5.64805e-05
0.00048321
-5.44465e-05
0.000496031
-4.85468e-05
0.000515122
-4.00397e-05
0.00054255
-3.06205e-05
0.000578969
-2.26729e-05
0.000623574
-1.91142e-05
0.000674692
-2.25995e-05
0.000729929
-3.46629e-05
0.000786476
-5.47911e-05
0.000841421
-8.05181e-05
0.000892729
-0.000108288
0.000938809
-0.000134686
0.000978815
-0.000157159
0.00101263
-0.000174324
0.0010404
-0.000186056
0.00106229
-0.000193254
0.00107834
-0.000197286
0.00108851
-0.000199488
0.00109283
-0.000200784
0.00109157
-0.000201557
0.00108536
-0.000201744
0.00107511
-0.000201102
0.0010617
-0.000199464
0.0010459
-0.000196824
0.00102832
-0.000193282
0.00100937
-0.000188971
0.00098932
-0.000184004
0.000968383
-0.000178436
0.000946753
-0.000172256
0.000924681
-0.00016541
0.000902474
-0.000157857
0.00088047
-0.000149623
0.000858979
-0.000140841
0.000838215
-0.00013178
0.000818239
-0.000122815
0.000798918
-0.000114516
0.00077987
-0.000107275
0.000760544
-0.000102268
-9.86277e-05
0.000594386
0.000177667
0.00062317
0.000175182
0.000652324
0.000176109
0.000682117
0.000181163
0.000712928
0.000187573
0.000745619
0.000193422
0.00078119
0.000199078
0.000820208
0.000205232
0.000862432
0.000211854
0.000906737
0.000218651
0.000951257
0.000225393
0.000993711
0.00023172
0.00103177
0.000237038
0.00106302
0.000240474
0.00108529
0.000241145
0.00109745
0.00023889
0.00109961
0.00022438
0.00109347
0.000206501
0.00108059
0.000188296
0.00106247
0.000169775
0.00104074
0.000151409
0.00101697
0.000133779
0.000992502
0.000117263
0.000968298
0.000101991
0.000944945
8.79887e-05
0.000922849
7.53393e-05
0.000902404
6.41761e-05
0.000884056
5.45295e-05
0.000868365
4.6237e-05
0.000856091
3.8895e-05
0.000847995
3.18069e-05
0.000844583
2.4111e-05
0.000845968
1.50376e-05
0.000851587
4.2111e-06
0.000860499
-8.72904e-06
0.000870903
-2.23635e-05
0.000881601
-3.55747e-05
0.000891461
-4.70703e-05
0.00089981
-5.57253e-05
0.000906481
-6.07422e-05
0.000911837
-6.18364e-05
0.000916721
-5.9331e-05
0.000922351
-5.41767e-05
0.000930183
-4.78722e-05
0.000941845
-4.22817e-05
0.000958637
-3.94652e-05
0.00098091
-4.13878e-05
0.00100771
-4.93987e-05
0.00103681
-6.37647e-05
0.0010654
-8.3379e-05
0.00109084
-0.000105956
0.00111123
-0.000128681
0.00112555
-0.000149005
0.00113358
-0.000165193
0.00113576
-0.000176497
0.00113282
-0.000183121
0.00112555
-0.000185983
0.00111457
-0.000186301
0.0011003
-0.000185224
0.00108309
-0.000183572
0.00106328
-0.000181743
0.00104131
-0.000179782
0.00101775
-0.000177542
0.000993157
-0.000174867
0.00096801
-0.000171677
0.000942697
-0.000167969
0.0009175
-0.000163775
0.000892621
-0.000159125
0.000868213
-0.000154027
0.000844415
-0.000148458
0.000821374
-0.000142369
0.000799237
-0.00013572
0.000778127
-0.000128513
0.000758109
-0.000120823
0.000739156
-0.000112827
0.000721126
-0.000104784
0.00070376
-9.71495e-05
0.000686614
-9.01292e-05
0.000669307
-8.49616e-05
-7.99453e-05
0.000525111
0.000151817
0.000551937
0.000148356
0.000579147
0.000148898
0.000606469
0.000153841
0.00063401
0.000160033
0.000661959
0.000165473
0.000690636
0.0001704
0.000720617
0.000175251
0.000752553
0.000179918
0.000786904
0.000184301
0.00082377
0.000188526
0.000862803
0.000192687
0.000903185
0.000196655
0.000943626
0.000200033
0.000982481
0.00020229
0.00101823
0.000203141
0.00104856
0.000194052
0.00107306
0.000182001
0.00109195
0.000169408
0.0011056
0.000156125
0.00111462
0.000142385
0.00111979
0.000128607
0.00112192
0.000115139
0.00112172
0.000102194
0.0011198
8.99058e-05
0.00111672
7.84206e-05
0.00111302
6.78751e-05
0.00110925
5.82937e-05
0.00110599
4.95026e-05
0.00110378
4.11073e-05
0.00110306
3.25261e-05
0.00110403
2.31334e-05
0.0011066
1.24754e-05
0.00111013
6.74119e-07
0.00111387
-1.24675e-05
0.00111695
-2.54403e-05
0.00111882
-3.74479e-05
0.00111919
-4.74359e-05
0.00111806
-5.46018e-05
0.00111582
-5.84936e-05
0.00111311
-5.91284e-05
0.0011108
-5.70241e-05
0.00110979
-5.31693e-05
0.00111084
-4.89232e-05
0.00111442
-4.58558e-05
0.0011205
-4.55503e-05
0.00112846
-4.93452e-05
0.00113703
-5.79694e-05
0.00114452
-7.12505e-05
0.00114916
-8.80235e-05
0.00114957
-0.000106362
0.00114498
-0.00012409
0.00113532
-0.000139352
0.00112111
-0.000150977
0.00110319
-0.000158582
0.00108254
-0.000162474
0.00106001
-0.000163448
0.0010362
-0.000162489
0.00101149
-0.000160513
0.000986101
-0.000158187
0.000960219
-0.000155861
0.000934048
-0.000153611
0.000907852
-0.000151346
0.00088191
-0.000148926
0.000856476
-0.000146243
0.000831748
-0.00014324
0.000807862
-0.000139889
0.000784909
-0.000136172
0.000762943
-0.000132061
0.000741999
-0.000127514
0.000722101
-0.000122471
0.000703256
-0.000116875
0.00068544
-0.000110697
0.000668579
-0.000103962
0.000652538
-9.67854e-05
0.00063711
-8.9357e-05
0.000622033
-8.20722e-05
0.000606922
-7.50179e-05
0.000591534
-6.95739e-05
-6.31167e-05
0.00046394
0.000128552
0.00048864
0.000123657
0.000513481
0.000124057
0.000538161
0.000129161
0.000563126
0.000135068
0.000588451
0.000140149
0.000613978
0.000144873
0.000639775
0.000149454
0.0006661
0.000153594
0.00069327
0.00015713
0.00072165
0.000160147
0.000751581
0.000162755
0.000783263
0.000164973
0.00081661
0.000166687
0.00085119
0.00016771
0.000886374
0.000167957
0.000920032
0.000160394
0.000951277
0.000150755
0.000979726
0.000140959
0.00100509
0.000130764
0.00102725
0.000120217
0.00104632
0.000109544
0.00106249
9.89674e-05
0.00107604
8.86416e-05
0.00108727
7.86778e-05
0.0010965
6.91892e-05
0.00110411
6.02701e-05
0.00111048
5.19204e-05
0.001116
4.3982e-05
0.00112098
3.61327e-05
0.00112556
2.79408e-05
0.00112971
1.8987e-05
0.00113314
9.04096e-06
0.00113557
-1.75549e-06
0.00113628
-1.31797e-05
0.00113512
-2.42818e-05
0.00113197
-3.42941e-05
0.00112698
-4.24454e-05
0.00112055
-4.81738e-05
0.00111329
-5.12314e-05
0.00110591
-5.17522e-05
0.00109915
-5.02557e-05
0.00109358
-4.76036e-05
0.00108957
-4.49105e-05
0.00108712
-4.34109e-05
0.00108586
-4.42869e-05
0.00108497
-4.84589e-05
0.00108333
-5.6331e-05
0.00107969
-6.76113e-05
0.00107297
-8.12983e-05
0.0010625
-9.58875e-05
0.00104815
-0.000109748
0.00103032
-0.000121516
0.00100969
-0.000130348
0.000987101
-0.000135994
0.000963339
-0.000138712
0.000939019
-0.000139127
0.000914544
-0.000138015
0.000890139
-0.000136108
0.000865911
-0.000133959
0.000841933
-0.000131882
0.00081829
-0.000129969
0.000795104
-0.00012816
0.000772514
-0.000126335
0.000750645
-0.000124375
0.000729596
-0.00012219
0.000709427
-0.00011972
0.000690167
-0.000116912
0.000671821
-0.000113716
0.000654376
-0.000110068
0.000637803
-0.000105897
0.000622055
-0.000101127
0.000607058
-9.56999e-05
0.000592696
-8.96004e-05
0.000578814
-8.29033e-05
0.000565225
-7.57683e-05
0.000551712
-6.85587e-05
0.000538006
-6.13124e-05
0.000523907
-5.54746e-05
-4.76904e-05
0.000410014
0.000107502
0.000432754
0.000100916
0.000455184
0.000101627
0.000477154
0.00010719
0.000499458
0.000112764
0.000522208
0.000117399
0.000545211
0.00012187
0.000568452
0.000126213
0.000591956
0.000130089
0.00061571
0.000133376
0.000639757
0.0001361
0.00066424
0.000138272
0.000689355
0.000139859
0.00071526
0.000140782
0.000742018
0.000140952
0.000769605
0.00014037
0.000796735
0.000133264
0.000822924
0.000124566
0.000847938
0.000115946
0.000871487
0.000107215
0.000893332
9.83716e-05
0.000913331
8.95444e-05
0.00093143
8.08692e-05
0.000947634
7.24368e-05
0.000962002
6.43101e-05
0.000974642
5.65493e-05
0.000985716
4.91959e-05
0.000995415
4.22211e-05
0.00100391
3.54832e-05
0.00101132
2.87282e-05
0.00101762
2.16424e-05
0.00102266
1.39419e-05
0.0010262
5.504e-06
0.00102798
-3.53518e-06
0.00102769
-1.28892e-05
0.00102531
-2.19011e-05
0.00102093
-2.99152e-05
0.00101485
-3.63693e-05
0.00100755
-4.08755e-05
0.000999623
-4.32998e-05
0.000991679
-4.38082e-05
0.000984284
-4.28607e-05
0.000977848
-4.11676e-05
0.000972551
-3.96136e-05
0.000968288
-3.91481e-05
0.000964649
-4.06481e-05
0.000960949
-4.47586e-05
0.000956337
-5.17187e-05
0.00094997
-6.12446e-05
0.000941206
-7.25345e-05
0.000929741
-8.4422e-05
0.000915638
-9.56455e-05
0.000899255
-0.000105132
0.000881106
-0.000112199
0.000861738
-0.000116626
0.000841637
-0.000118612
0.000821175
-0.000118665
0.000800598
-0.000117438
0.000780058
-0.000115568
0.000759647
-0.000113548
0.000739439
-0.000111674
0.000719517
-0.000110047
0.000699982
-0.000108624
0.000680937
-0.000107291
0.00066248
-0.000105917
0.000644679
-0.000104389
0.000627576
-0.000102617
0.000611185
-0.000100522
0.0005955
-9.80304e-05
0.000580496
-9.50642e-05
0.000566134
-9.15362e-05
0.000552357
-8.73503e-05
0.000539079
-8.24217e-05
0.000526186
-7.67069e-05
0.00051354
-7.02581e-05
0.000501008
-6.3236e-05
0.000488434
-5.5985e-05
0.000475683
-4.85609e-05
0.000462515
-4.23066e-05
-3.35194e-05
0.000362528
8.82943e-05
0.000383496
7.99476e-05
0.000403598
8.1526e-05
0.000423066
8.77224e-05
0.000442883
9.29467e-05
0.000463083
9.7199e-05
0.000483532
0.000101421
0.000504308
0.000105437
0.000525436
0.000108961
0.000546829
0.000111984
0.0005684
0.000114529
0.000590106
0.000116566
0.000611931
0.000118033
0.000633875
0.000118838
0.000655939
0.000118888
0.000678143
0.000118166
0.000699581
0.000111826
0.000720059
0.000104088
0.000739579
9.64253e-05
0.000758064
8.87302e-05
0.000775417
8.10189e-05
0.000791563
7.33984e-05
0.000806455
6.59765e-05
0.000820071
5.88209e-05
0.000832411
5.197e-05
0.000843509
4.54517e-05
0.000853432
3.92731e-05
0.000862265
3.33875e-05
0.000870082
2.76667e-05
0.000876902
2.19076e-05
0.000882668
1.5877e-05
0.000887229
9.38034e-06
0.000890393
2.34017e-06
0.000891976
-5.11821e-06
0.00089182
-1.27334e-05
0.000889915
-1.99955e-05
0.000886379
-2.63798e-05
0.000881473
-3.14633e-05
0.000875575
-3.49777e-05
0.000869138
-3.68626e-05
0.000862627
-3.72974e-05
0.000856457
-3.66901e-05
0.000850925
-3.56354e-05
0.000846158
-3.48472e-05
0.00084208
-3.50696e-05
0.000838399
-3.69672e-05
0.000834645
-4.10047e-05
0.000830248
-4.73216e-05
0.000824652
-5.56493e-05
0.000817435
-6.53176e-05
0.000808382
-7.53689e-05
0.000797497
-8.47601e-05
0.000784952
-9.25868e-05
0.00077101
-9.8258e-05
0.000755962
-0.000101577
0.000740076
-0.000102726
0.000723585
-0.000102174
0.000706679
-0.000100532
0.000689514
-9.84024e-05
0.000672223
-9.62575e-05
0.000654931
-9.43821e-05
0.000637757
-9.28736e-05
0.00062082
-9.16871e-05
0.000604227
-9.06974e-05
0.000588065
-8.97551e-05
0.000572395
-8.87195e-05
0.00055725
-8.74718e-05
0.000542638
-8.59092e-05
0.000528548
-8.39408e-05
0.000514956
-8.14719e-05
0.000501823
-7.84037e-05
0.000489096
-7.46234e-05
0.000476703
-7.00282e-05
0.000464558
-6.4562e-05
0.000452574
-5.82739e-05
0.000440686
-5.1348e-05
0.000428811
-4.41099e-05
0.000416931
-3.66816e-05
0.000404732
-3.01077e-05
-2.07797e-05
0.000320758
7.05695e-05
0.000340087
6.06182e-05
0.000357963
6.36502e-05
0.000375208
7.04776e-05
0.000392822
7.53318e-05
0.000410695
7.93268e-05
0.000428764
8.33514e-05
0.000447173
8.70281e-05
0.000465955
9.01796e-05
0.000485046
9.28925e-05
0.000504379
9.51959e-05
0.000523891
9.70541e-05
0.000543508
9.84162e-05
0.00056314
9.92058e-05
0.000582693
9.93345e-05
0.000602094
9.8765e-05
0.000620496
9.34235e-05
0.000637742
8.68418e-05
0.000653891
8.02764e-05
0.000668959
7.36628e-05
0.000682946
6.70314e-05
0.000695862
6.04829e-05
0.000707721
5.4117e-05
0.000718546
4.79964e-05
0.000728363
4.21528e-05
0.000737214
3.66002e-05
0.000745157
3.13302e-05
0.000752255
2.62897e-05
0.000758559
2.13634e-05
0.000764081
1.63856e-05
0.000768778
1.11797e-05
0.000772547
5.61119e-06
0.000775247
-3.59802e-07
0.000776743
-6.61389e-06
0.000776907
-1.2898e-05
0.000775716
-1.88038e-05
0.000773245
-2.39094e-05
0.000769672
-2.78898e-05
0.000765259
-3.05648e-05
0.000760329
-3.19332e-05
0.000755224
-3.21918e-05
0.000750254
-3.17201e-05
0.000745656
-3.10372e-05
0.000741549
-3.07408e-05
0.000737911
-3.14314e-05
0.000734567
-3.36233e-05
0.000731213
-3.76503e-05
0.000727464
-4.35727e-05
0.000722931
-5.11166e-05
0.000717296
-5.96817e-05
0.000710357
-6.843e-05
0.000702042
-7.64459e-05
0.000692381
-8.29253e-05
0.000681461
-8.73379e-05
0.000669403
-8.95195e-05
0.00065635
-8.9673e-05
0.000642461
-8.82849e-05
0.00062791
-8.59811e-05
0.000612877
-8.33693e-05
0.000597539
-8.0919e-05
0.00058206
-7.89039e-05
0.000566592
-7.74053e-05
0.000551263
-7.63582e-05
0.00053618
-7.56137e-05
0.000521419
-7.49946e-05
0.000507031
-7.43313e-05
0.000493038
-7.34785e-05
0.00047944
-7.23114e-05
0.000466224
-7.07255e-05
0.000453369
-6.86165e-05
0.000440847
-6.58814e-05
0.000428626
-6.24028e-05
0.000416675
-5.80766e-05
0.000404963
-5.28508e-05
0.000393473
-4.67834e-05
0.000382212
-4.00871e-05
0.000371157
-3.30545e-05
0.000360375
-2.59002e-05
0.000349472
-1.92049e-05
-9.83416e-06
0.000284047
5.39959e-05
0.000301804
4.28607e-05
0.000317588
4.78668e-05
0.000332894
5.51708e-05
0.000348562
5.96645e-05
0.00036436
6.35283e-05
0.000380327
6.73843e-05
0.000396621
7.07344e-05
0.000413251
7.35495e-05
0.000430167
7.59764e-05
0.000447332
7.80312e-05
0.000464705
7.96806e-05
0.000482228
8.08936e-05
0.000499818
8.16163e-05
0.000517374
8.17784e-05
0.000534796
8.13423e-05
0.000551278
7.69415e-05
0.000566639
7.14812e-05
0.000580913
6.60019e-05
0.000594119
6.04572e-05
0.000606272
5.48787e-05
0.000617398
4.93567e-05
0.000627533
4.39816e-05
0.000636719
3.8811e-05
0.000645
3.38721e-05
0.000652428
2.91718e-05
0.000659064
2.46938e-05
0.00066497
2.0384e-05
0.000670195
1.61382e-05
0.000674762
1.18192e-05
0.000678648
7.29334e-06
0.00068179
2.46926e-06
0.000684085
-2.65542e-06
0.000685425
-7.95337e-06
0.00068571
-1.31835e-05
0.00068491
-1.80039e-05
0.00068307
-2.20689e-05
0.000680307
-2.51268e-05
0.000676807
-2.70652e-05
0.000672808
-2.79334e-05
0.000668565
-2.79496e-05
0.000664325
-2.74801e-05
0.000660283
-2.69949e-05
0.000656553
-2.70108e-05
0.000653146
-2.8024e-05
0.00064996
-3.04373e-05
0.000646794
-3.44849e-05
0.000643383
-4.01612e-05
0.000639442
-4.71755e-05
0.000634718
-5.49579e-05
0.000629019
-6.27307e-05
0.000622216
-6.96434e-05
0.000614236
-7.4945e-05
0.000605047
-7.81489e-05
0.000594665
-7.9138e-05
0.000583166
-7.81735e-05
0.000570684
-7.58034e-05
0.000557406
-7.27031e-05
0.000543543
-6.95063e-05
0.000529307
-6.66823e-05
0.000514888
-6.4485e-05
0.000500447
-6.29649e-05
0.000486112
-6.20233e-05
0.000471976
-6.14778e-05
0.000458101
-6.11195e-05
0.00044452
-6.07502e-05
0.000431244
-6.02023e-05
0.000418267
-5.93348e-05
0.000405579
-5.80376e-05
0.00039317
-5.62072e-05
0.000381038
-5.37493e-05
0.000369193
-5.05573e-05
0.000357657
-4.65409e-05
0.000346468
-4.16621e-05
0.000335671
-3.59862e-05
0.000325327
-2.97434e-05
0.000315444
-2.31708e-05
0.000306134
-1.65907e-05
0.000296947
-1.00175e-05
-1.03829e-06
0.000251798
3.8284e-05
0.000267991
2.66674e-05
0.000281862
3.39965e-05
0.000295503
4.15299e-05
0.000309435
4.57317e-05
0.000323394
4.95691e-05
0.000337525
5.32534e-05
0.000351969
5.62905e-05
0.000366705
5.88134e-05
0.000381689
6.09927e-05
0.000396895
6.28252e-05
0.000412293
6.42823e-05
0.000427838
6.53488e-05
0.000443467
6.5987e-05
0.000459103
6.61426e-05
0.00047466
6.57851e-05
0.000489409
6.21929e-05
0.000503171
5.77188e-05
0.000515966
5.32069e-05
0.000527801
4.86228e-05
0.000538683
4.39963e-05
0.000548633
3.94071e-05
0.000557679
3.49352e-05
0.000565859
3.06314e-05
0.000573213
2.65173e-05
0.000579792
2.25934e-05
0.000585648
1.88379e-05
0.000590835
1.5197e-05
0.000595398
1.15745e-05
0.000599363
7.85516e-06
0.000602717
3.93868e-06
0.000605419
-2.33001e-07
0.000607398
-4.63382e-06
0.000608572
-9.12703e-06
0.000608869
-1.34808e-05
0.000608261
-1.73961e-05
0.000606775
-2.05824e-05
0.000604492
-2.28444e-05
0.00060155
-2.41231e-05
0.000598128
-2.45109e-05
0.000594427
-2.42486e-05
0.000590645
-2.36987e-05
0.000586949
-2.32988e-05
0.000583444
-2.3506e-05
0.000580158
-2.47379e-05
0.000577031
-2.73105e-05
0.000573924
-3.13775e-05
0.000570637
-3.68745e-05
0.000566944
-4.34818e-05
0.000562615
-5.06296e-05
0.000557444
-5.75594e-05
0.000551251
-6.34502e-05
0.000543896
-6.75905e-05
0.000535298
-6.95508e-05
0.000525453
-6.92923e-05
0.000514446
-6.71672e-05
0.000502449
-6.38057e-05
0.000489683
-5.99376e-05
0.000476391
-5.62137e-05
0.000462796
-5.30876e-05
0.000449088
-5.07766e-05
0.00043541
-4.92876e-05
0.000421867
-4.84799e-05
0.000408524
-4.81352e-05
0.000395421
-4.80157e-05
0.000382571
-4.79006e-05
0.000369977
-4.76079e-05
0.000357632
-4.69902e-05
0.000345536
-4.59417e-05
0.000333699
-4.43701e-05
0.000322151
-4.2201e-05
0.000310943
-3.935e-05
0.000300151
-3.57485e-05
0.000289863
-3.13742e-05
0.000280166
-2.62892e-05
0.000271147
-2.07244e-05
0.000262815
-1.48386e-05
0.000255304
-9.0799e-06
0.000248146
-2.86003e-06
5.44455e-06
0.000223468
2.31983e-05
0.000238065
1.20706e-05
0.000250246
2.18151e-05
0.000262461
2.93149e-05
0.000274841
3.33515e-05
0.000287181
3.72299e-05
0.000299712
4.07217e-05
0.000312539
4.34638e-05
0.000325618
4.57341e-05
0.000338914
4.76972e-05
0.000352405
4.9334e-05
0.000366063
5.0624e-05
0.000379848
5.15641e-05
0.000393708
5.21275e-05
0.000407579
5.2271e-05
0.000421393
5.19714e-05
0.000434502
4.90838e-05
0.000446747
4.54733e-05
0.000458145
4.18093e-05
0.000468701
3.8067e-05
0.000478421
3.42762e-05
0.000487319
3.0509e-05
0.000495417
2.68371e-05
0.000502744
2.33048e-05
0.000509333
1.99285e-05
0.000515223
1.67029e-05
0.000520459
1.36022e-05
0.000525083
1.05731e-05
0.000529133
7.52418e-06
0.000532629
4.3588e-06
0.000535568
9.9993e-07
0.000537922
-2.58692e-06
0.00053964
-6.35201e-06
0.000540661
-1.0148e-05
0.000540928
-1.37478e-05
0.000540412
-1.68802e-05
0.000539126
-1.92959e-05
0.000537126
-2.08445e-05
0.000534515
-2.15123e-05
0.000531435
-2.14307e-05
0.00052805
-2.08637e-05
0.000524526
-2.01747e-05
0.000521004
-1.97775e-05
0.00051758
-2.00811e-05
0.000514278
-2.14367e-05
0.000511053
-2.40853e-05
0.000507783
-2.81075e-05
0.000504287
-3.33789e-05
0.000500347
-3.95409e-05
0.000495726
-4.6009e-05
0.000490202
-5.20355e-05
0.000483589
-5.68376e-05
0.00047577
-5.97706e-05
0.000466715
-6.0496e-05
0.000456499
-5.90764e-05
0.000445287
-5.59552e-05
0.000433305
-5.1824e-05
0.000420802
-4.74344e-05
0.00040801
-4.34219e-05
0.000395122
-4.02e-05
0.000382282
-3.79358e-05
0.000369583
-3.65885e-05
0.000357081
-3.59789e-05
0.000344807
-3.58606e-05
0.000332769
-3.59774e-05
0.000320966
-3.60977e-05
0.000309394
-3.60364e-05
0.000298053
-3.5649e-05
0.000286953
-3.48416e-05
0.000276122
-3.35389e-05
0.000265613
-3.16919e-05
0.000255508
-2.9245e-05
0.000245915
-2.61558e-05
0.000236957
-2.24162e-05
0.000228741
-1.80732e-05
0.000221361
-1.3344e-05
0.000214811
-8.28888e-06
0.000209235
-3.50363e-06
0.000204186
2.18826e-06
9.67314e-06
0.00019856
8.56736e-06
0.000211522
-8.90577e-07
0.000222269
1.10682e-05
0.000233252
1.83318e-05
0.000244239
2.23647e-05
0.000255161
2.63076e-05
0.000266298
2.95843e-05
0.000277704
3.2058e-05
0.000289326
3.41123e-05
0.000301137
3.58865e-05
0.000313119
3.73515e-05
0.000325246
3.84975e-05
0.000337479
3.9331e-05
0.000349773
3.98334e-05
0.000362073
3.99707e-05
0.000374319
3.97258e-05
0.000385936
3.74664e-05
0.000396784
3.46251e-05
0.000406879
3.17151e-05
0.000416226
2.87193e-05
0.000424834
2.56685e-05
0.000432714
2.26296e-05
0.000439882
1.96683e-05
0.000446363
1.6824e-05
0.000452183
1.41085e-05
0.000457374
1.15119e-05
0.00046197
9.00611e-06
0.000466005
6.53864e-06
0.000469507
4.02165e-06
0.000472496
1.37044e-06
0.000474969
-1.4734e-06
0.000476902
-4.52009e-06
0.00047825
-7.69953e-06
0.000478957
-1.08549e-05
0.000478972
-1.37634e-05
0.000478268
-1.61755e-05
0.00047685
-1.7878e-05
0.000474767
-1.87617e-05
0.000472109
-1.88548e-05
0.000469002
-1.83232e-05
0.000465588
-1.74498e-05
0.000462009
-1.65954e-05
0.000458378
-1.61471e-05
0.000454763
-1.6466e-05
0.000451166
-1.78392e-05
0.000447516
-2.04357e-05
0.000443676
-2.4267e-05
0.00043945
-2.91527e-05
0.000434611
-3.47023e-05
0.000428935
-4.03331e-05
0.000422238
-4.53381e-05
0.000414414
-4.90135e-05
0.000405462
-5.08185e-05
0.000395488
-5.05222e-05
0.000384685
-4.8274e-05
0.000373297
-4.45664e-05
0.00036157
-4.00977e-05
0.000349726
-3.55904e-05
0.000337934
-3.16296e-05
0.000326306
-2.85719e-05
0.000314903
-2.65332e-05
0.000303749
-2.54343e-05
0.000292842
-2.50721e-05
0.00028217
-2.51888e-05
0.000271718
-2.55252e-05
0.000261473
-2.58523e-05
0.000251428
-2.59915e-05
0.000241586
-2.58076e-05
0.000231965
-2.52208e-05
0.000222603
-2.41763e-05
0.000213566
-2.26547e-05
0.000204956
-2.06355e-05
0.000196905
-1.81051e-05
0.000189555
-1.5066e-05
0.00018302
-1.15383e-05
0.00017739
-7.71391e-06
0.000172644
-3.54256e-06
0.00016891
2.30556e-07
0.00016583
5.26848e-06
1.18849e-05
0.000176567
-5.65313e-06
0.000187955
-1.22789e-05
0.000197512
1.51118e-06
0.000207404
8.43937e-06
0.000217124
1.26447e-05
0.00022678
1.66514e-05
0.000236651
1.97139e-05
0.000246743
2.19661e-05
0.000257006
2.38489e-05
0.000267424
2.54681e-05
0.000277984
2.67915e-05
0.000288662
2.78204e-05
0.000299423
2.85697e-05
0.000310228
2.90284e-05
0.000321028
2.91709e-05
0.000331767
2.89867e-05
0.000341939
2.72939e-05
0.000351419
2.51452e-05
0.000360219
2.29153e-05
0.000368345
2.05936e-05
0.000375802
1.82116e-05
0.000382598
1.58328e-05
0.000388749
1.35177e-05
0.000394272
1.13013e-05
0.000399188
9.1918e-06
0.000403524
7.17604e-06
0.000407306
5.22448e-06
0.000410556
3.28814e-06
0.0004133
1.27827e-06
0.000415546
-8.75659e-07
0.00041728
-3.20709e-06
0.000418469
-5.70904e-06
0.000419068
-8.29907e-06
0.000419031
-1.08174e-05
0.000418319
-1.30518e-05
0.000416923
-1.47792e-05
0.000414869
-1.58241e-05
0.000412224
-1.61173e-05
0.000409091
-1.57218e-05
0.000405593
-1.48253e-05
0.000401858
-1.37146e-05
0.000397995
-1.27323e-05
0.000394075
-1.22274e-05
0.000390116
-1.25063e-05
0.000386069
-1.37921e-05
0.000381821
-1.61882e-05
0.000377203
-1.96491e-05
0.000372009
-2.39588e-05
0.000366031
-2.87241e-05
0.0003591
-3.34024e-05
0.000351133
-3.73705e-05
0.000342158
-4.00385e-05
0.000332323
-4.09839e-05
0.000321868
-4.00666e-05
0.000311072
-3.7478e-05
0.000300204
-3.36992e-05
0.000289483
-2.93763e-05
0.000279052
-2.51595e-05
0.000268984
-2.15616e-05
0.000259291
-1.88792e-05
0.000249946
-1.71878e-05
0.0002409
-1.63879e-05
0.000232099
-1.62717e-05
0.000223498
-1.6588e-05
0.000215062
-1.70894e-05
0.00020677
-1.756e-05
0.000198613
-1.78338e-05
0.000190594
-1.77888e-05
0.000182736
-1.73631e-05
0.000175088
-1.65286e-05
0.000167734
-1.53009e-05
0.000160796
-1.36972e-05
0.000154419
-1.17279e-05
0.00014875
-9.39663e-06
0.000143896
-6.68493e-06
0.000139937
-3.75444e-06
0.000136837
-4.42546e-07
0.000134694
2.37359e-06
0.000133285
6.67713e-06
1.24389e-05
0.000157032
-1.93897e-05
0.000167043
-2.22895e-05
0.000175621
-7.06716e-06
0.000184411
-3.50382e-07
0.000192823
4.23194e-06
0.000201132
8.34271e-06
0.000209589
1.12566e-05
0.000218184
1.33713e-05
0.00022689
1.51429e-05
0.00023571
1.66479e-05
0.000244642
1.78599e-05
0.000253668
1.87946e-05
0.000262761
1.94767e-05
0.000271885
1.99044e-05
0.000280994
2.00623e-05
0.000290033
1.99473e-05
0.00029857
1.8757e-05
0.000306492
1.72228e-05
0.000313805
1.56027e-05
0.000320508
1.38906e-05
0.000326601
1.21181e-05
0.00033209
1.03443e-05
0.000336983
8.62404e-06
0.000341297
6.98764e-06
0.000345049
5.43985e-06
0.00034826
3.965e-06
0.00035095
2.5348e-06
0.000353132
1.10523e-06
0.000354822
-4.11137e-07
0.000356006
-2.05962e-06
0.000356659
-3.86026e-06
0.000356751
-5.80072e-06
0.000356245
-7.7929e-06
0.000355113
-9.68636e-06
0.000353352
-1.12908e-05
0.00035099
-1.24172e-05
0.000348095
-1.29287e-05
0.000344767
-1.2789e-05
0.000341125
-1.20797e-05
0.000337289
-1.09897e-05
0.000333361
-9.78645e-06
0.000329404
-8.77532e-06
0.000325431
-8.2545e-06
0.000321397
-8.47186e-06
0.000317196
-9.59182e-06
0.000312675
-1.16664e-05
0.000307642
-1.46166e-05
0.000301903
-1.82201e-05
0.000295296
-2.21166e-05
0.000287732
-2.58389e-05
0.000279238
-2.88759e-05
0.000269964
-3.07646e-05
0.000260171
-3.11906e-05
0.000250177
-3.00727e-05
0.000240295
-2.75967e-05
0.000230778
-2.41815e-05
0.000221781
-2.03799e-05
0.000213366
-1.67446e-05
0.000205512
-1.37076e-05
0.000198145
-1.15121e-05
0.000191165
-1.02075e-05
0.000184468
-9.69081e-06
0.000177963
-9.76658e-06
0.000171579
-1.0204e-05
0.000165267
-1.07775e-05
0.000158999
-1.12921e-05
0.000152767
-1.16012e-05
0.000146582
-1.16043e-05
0.000140485
-1.12658e-05
0.000134546
-1.059e-05
0.000128871
-9.62552e-06
0.000123591
-8.41724e-06
0.000118848
-6.98448e-06
0.000114771
-5.32023e-06
0.00011145
-3.36344e-06
0.000108945
-1.24931e-06
0.000107217
1.2848e-06
0.000106331
3.26016e-06
0.000106221
6.7864e-06
1.17459e-05
0.000139698
-3.26071e-05
0.000148437
-3.10289e-05
0.000155933
-1.45627e-05
0.000163128
-7.54607e-06
0.000169634
-2.27338e-06
0.000175932
2.04382e-06
0.0001823
4.88891e-06
0.00018876
6.91118e-06
0.000195331
8.57249e-06
0.000202037
9.94195e-06
0.000208881
1.10152e-05
0.000215847
1.18284e-05
0.000222905
1.24189e-05
0.000230014
1.27957e-05
0.000237122
1.29543e-05
0.00024417
1.28989e-05
0.000250806
1.21209e-05
0.00025693
1.1099e-05
0.000262535
9.99844e-06
0.00026761
8.8155e-06
0.000272148
7.5793e-06
0.000276151
6.34175e-06
0.000279625
5.14977e-06
0.000282585
4.02771e-06
0.000285048
2.97719e-06
0.000287031
1.98162e-06
0.000288551
1.01495e-06
0.000289611
4.52934e-08
0.000290214
-1.01428e-06
0.000290336
-2.18114e-06
0.000289956
-3.4804e-06
0.000289045
-4.89017e-06
0.000287583
-6.33021e-06
0.000285567
-7.67053e-06
0.000283028
-8.75248e-06
0.000280036
-9.42494e-06
0.000276693
-9.58595e-06
0.000273124
-9.21966e-06
0.000269453
-8.40843e-06
0.000265784
-7.32081e-06
0.000262183
-6.18553e-06
0.000258664
-5.25622e-06
0.000255183
-4.7735e-06
0.00025164
-4.92865e-06
0.000247886
-5.83814e-06
0.00024374
-7.52041e-06
0.000239009
-9.88601e-06
0.000233522
-1.2733e-05
0.000227164
-1.57589e-05
0.000219918
-1.85922e-05
0.000211886
-2.08443e-05
0.000203296
-2.21745e-05
0.000194464
-2.23585e-05
0.000185736
-2.13448e-05
0.00017742
-1.92806e-05
0.000169732
-1.64936e-05
0.000162775
-1.34224e-05
0.000156542
-1.05124e-05
0.00015095
-8.11525e-06
0.000145865
-6.42755e-06
0.000141141
-5.48313e-06
0.000136638
-5.18763e-06
0.000132239
-5.36815e-06
0.000127859
-5.82361e-06
0.000123441
-6.35941e-06
0.00011896
-6.81142e-06
0.000114423
-7.06343e-06
0.000109865
-7.04685e-06
0.000105355
-6.75538e-06
0.000100985
-6.22049e-06
9.68672e-05
-5.50761e-06
9.31194e-05
-4.66942e-06
8.98534e-05
-3.7185e-06
8.71659e-05
-2.6327e-06
8.51222e-05
-1.31981e-06
8.37668e-05
1.0615e-07
8.30845e-05
1.96707e-06
8.30898e-05
3.25485e-06
8.38889e-05
5.98728e-06
1.02109e-05
0.000124195
-4.51636e-05
0.000131114
-3.79478e-05
0.000136333
-1.97824e-05
0.000140507
-1.17195e-05
0.000143879
-5.64605e-06
0.000147207
-1.28388e-06
0.00015077
1.32577e-06
0.0001546
3.08197e-06
0.000158707
4.46541e-06
0.000163088
5.5602e-06
0.000167715
6.38896e-06
0.00017254
7.00272e-06
0.000177515
7.44447e-06
0.000182582
7.72825e-06
0.000187681
7.8552e-06
0.000192748
7.83272e-06
0.000197509
7.35942e-06
0.00020188
6.72814e-06
0.000205842
6.03578e-06
0.000209379
5.27873e-06
0.000212478
4.48071e-06
0.000215136
3.68352e-06
0.000217362
2.92383e-06
0.00021917
2.21935e-06
0.000220578
1.56917e-06
0.000221602
9.57886e-07
0.000222252
3.64721e-07
0.000222534
-2.36735e-07
0.000222434
-9.14385e-07
0.000221934
-1.68076e-06
0.000221007
-2.55312e-06
0.000219627
-3.51082e-06
0.000217786
-4.48878e-06
0.0002155
-5.38455e-06
0.000212824
-6.07595e-06
0.000209848
-6.44956e-06
0.000206694
-6.43211e-06
0.000203492
-6.01764e-06
0.000200359
-5.27555e-06
0.000197379
-4.34021e-06
0.000194584
-3.39048e-06
0.000191949
-2.62171e-06
0.000189392
-2.21636e-06
0.000186778
-2.3145e-06
0.000183935
-2.99548e-06
0.000180674
-4.2589e-06
0.00017681
-6.022e-06
0.000172197
-8.11996e-06
0.00016676
-1.03217e-05
0.000160525
-1.23581e-05
0.00015364
-1.39586e-05
0.000146357
-1.4892e-05
0.000139003
-1.50043e-05
0.000131912
-1.42539e-05
0.000125367
-1.2735e-05
0.000119549
-1.06761e-05
0.000114525
-8.39811e-06
0.000110252
-6.23925e-06
0.000106609
-4.47307e-06
0.000103436
-3.2538e-06
0.000100558
-2.60525e-06
9.78184e-05
-2.44828e-06
9.50904e-05
-2.64016e-06
9.22855e-05
-3.01869e-06
8.93568e-05
-3.43066e-06
8.62989e-05
-3.75354e-06
8.31441e-05
-3.90869e-06
7.99571e-05
-3.85979e-06
7.68225e-05
-3.62081e-06
7.38351e-05
-3.23308e-06
7.10859e-05
-2.75844e-06
6.86574e-05
-2.24087e-06
6.66199e-05
-1.68102e-06
6.50349e-05
-1.04774e-06
6.3955e-05
-2.39928e-07
6.34122e-05
6.49033e-07
6.34383e-05
1.94096e-06
6.39835e-05
2.70963e-06
6.53127e-05
4.65811e-06
8.19622e-06
0.000109445
-5.60708e-05
0.000112552
-4.10545e-05
0.000113318
-2.05484e-05
0.000113021
-1.14224e-05
0.000112714
-5.33921e-06
0.00011315
-1.72039e-06
0.000114329
1.47537e-07
0.000116081
1.32916e-06
0.000118299
2.24752e-06
0.000120898
2.96119e-06
0.000123799
3.48866e-06
0.000126928
3.8731e-06
0.000130224
4.14883e-06
0.000133626
4.32649e-06
0.000137074
4.40732e-06
0.000140508
4.398e-06
0.000143734
4.1335e-06
0.000146685
3.77768e-06
0.00014934
3.3809e-06
0.000151679
2.93935e-06
0.000153689
2.47023e-06
0.000155369
2.00394e-06
0.000156727
1.56627e-06
0.000157777
1.16849e-06
0.000158538
8.08353e-07
0.000159023
4.73454e-07
0.00015924
1.47679e-07
0.00015919
-1.86633e-07
0.000158855
-5.79504e-07
0.000158213
-1.03919e-06
0.000157236
-1.57601e-06
0.0001559
-2.17519e-06
0.000154202
-2.79012e-06
0.000152166
-3.3483e-06
0.000149854
-3.76432e-06
0.000147364
-3.95978e-06
0.000144817
-3.8847e-06
0.000142335
-3.5362e-06
0.000140023
-2.96379e-06
0.000137945
-2.26214e-06
0.000136112
-1.5572e-06
0.000134477
-9.86117e-07
0.000132937
-6.76439e-07
0.000131345
-7.23223e-07
0.000129528
-1.1779e-06
0.000127301
-2.03187e-06
0.000124499
-3.22032e-06
0.000121004
-4.62441e-06
0.000116769
-6.08754e-06
0.000111848
-7.43651e-06
0.000106393
-8.50351e-06
0.000100646
-9.1455e-06
9.49029e-05
-9.26092e-06
8.94593e-05
-8.81035e-06
8.45622e-05
-7.83796e-06
8.0368e-05
-6.48191e-06
7.69248e-05
-4.95487e-06
7.4179e-05
-3.49346e-06
7.20013e-05
-2.29532e-06
7.02216e-05
-1.4741e-06
6.8663e-05
-1.04666e-06
6.71691e-05
-9.5442e-07
6.56207e-05
-1.09176e-06
6.39449e-05
-1.34293e-06
6.21166e-05
-1.60233e-06
6.01542e-05
-1.79114e-06
5.81099e-05
-1.86436e-06
5.60575e-05
-1.80742e-06
5.40763e-05
-1.63961e-06
5.22393e-05
-1.39604e-06
5.06033e-05
-1.12253e-06
4.92109e-05
-8.48402e-07
4.80969e-05
-5.6699e-07
4.72973e-05
-2.48193e-07
4.68618e-05
1.95631e-07
4.68151e-05
6.95702e-07
4.72399e-05
1.51615e-06
4.80168e-05
1.93276e-06
4.95282e-05
3.14668e-06
6.0074e-06
9.33264e-05
-6.24223e-05
8.9754e-05
-3.74821e-05
8.50015e-05
-1.57959e-05
8.10073e-05
-7.42821e-06
7.86468e-05
-2.97865e-06
7.78352e-05
-9.08859e-07
7.79964e-05
-1.36391e-08
7.87542e-05
5.71406e-07
7.99419e-05
1.05977e-06
8.14626e-05
1.44049e-06
8.32364e-05
1.71485e-06
8.51976e-05
1.91193e-06
8.72928e-05
2.05366e-06
8.9474e-05
2.14521e-06
9.16949e-05
2.18648e-06
9.39108e-05
2.18205e-06
9.59921e-05
2.05226e-06
9.78929e-05
1.87689e-06
9.95961e-05
1.67772e-06
0.000101084
1.45171e-06
0.000102344
1.20997e-06
0.000103376
9.71876e-07
0.000104189
7.53091e-07
0.000104798
5.59441e-07
0.000105218
3.88453e-07
0.00010546
2.31835e-07
0.000105529
7.87566e-08
0.000105423
-8.05266e-08
0.000105121
-2.78181e-07
0.000104601
-5.18878e-07
0.000103834
-8.08598e-07
0.000102798
-1.13919e-06
0.00010149
-1.48242e-06
9.99357e-05
-1.79421e-06
9.8194e-05
-2.02261e-06
9.6354e-05
-2.11978e-06
9.45239e-05
-2.05456e-06
9.28116e-05
-1.82396e-06
9.13045e-05
-1.4567e-06
9.00516e-05
-1.00918e-06
8.90524e-05
-5.58001e-07
8.82534e-05
-1.87137e-07
8.75525e-05
2.44129e-08
8.68097e-05
1.96344e-08
8.58648e-05
-2.33056e-07
8.45574e-05
-7.24431e-07
8.27506e-05
-1.41349e-06
8.03539e-05
-2.22774e-06
7.73436e-05
-3.07722e-06
7.37739e-05
-3.86681e-06
6.97773e-05
-4.5069e-06
6.55512e-05
-4.91941e-06
6.13326e-05
-5.04238e-06
5.73633e-05
-4.84101e-06
5.38502e-05
-4.32491e-06
5.09306e-05
-3.56227e-06
4.86502e-05
-2.6745e-06
4.69636e-05
-1.80686e-06
4.57537e-05
-1.0854e-06
4.48649e-05
-5.85331e-07
4.41372e-05
-3.18893e-07
4.34339e-05
-2.51206e-07
4.26585e-05
-3.16262e-07
4.17603e-05
-4.44738e-07
4.07331e-05
-5.75201e-07
3.96068e-05
-6.6483e-07
3.84339e-05
-6.91448e-07
3.72769e-05
-6.50427e-07
3.61934e-05
-5.56129e-07
3.52278e-05
-4.30421e-07
3.44061e-05
-3.00802e-07
3.37412e-05
-1.83519e-07
3.32456e-05
-7.14138e-08
3.294e-05
5.74799e-08
3.28728e-05
2.62757e-07
3.30635e-05
5.05055e-07
3.36286e-05
9.51043e-07
3.43969e-05
1.16441e-06
3.57932e-05
1.75042e-06
3.89292e-06
7.34701e-05
-5.91237e-05
6.21413e-05
-2.61533e-05
5.42489e-05
-7.90353e-06
4.97653e-05
-2.94458e-06
4.77704e-05
-9.83756e-07
4.71492e-05
-2.8764e-07
4.71489e-05
-1.33854e-08
4.75093e-05
2.11051e-07
4.8154e-05
4.15022e-07
4.90248e-05
5.69775e-07
5.00626e-05
6.76998e-07
5.12211e-05
7.53462e-07
5.24655e-05
8.09246e-07
5.37653e-05
8.45361e-07
5.50907e-05
8.61151e-07
5.64136e-05
8.59118e-07
5.76569e-05
8.08957e-07
5.8793e-05
7.40825e-07
5.98091e-05
6.61559e-07
6.06913e-05
5.69564e-07
6.14305e-05
4.70761e-07
6.20275e-05
3.74882e-07
6.24913e-05
2.89252e-07
6.28348e-05
2.15971e-07
6.30699e-05
1.53309e-07
6.32046e-05
9.71404e-08
6.32409e-05
4.24404e-08
6.31757e-05
-1.53164e-08
6.29904e-05
-9.28316e-08
6.26626e-05
-1.91081e-07
6.21682e-05
-3.14177e-07
6.1488e-05
-4.59053e-07
6.06184e-05
-6.12782e-07
5.95788e-05
-7.54616e-07
5.84159e-05
-8.59665e-07
5.72005e-05
-9.04444e-07
5.60187e-05
-8.72711e-07
5.49559e-05
-7.61201e-07
5.4081e-05
-5.8175e-07
5.34317e-05
-3.59874e-07
5.30059e-05
-1.32255e-07
5.27571e-05
6.16432e-08
5.26002e-05
1.81329e-07
5.2421e-05
1.98856e-07
5.20902e-05
9.77285e-08
5.14821e-05
-1.16327e-07
5.0494e-05
-4.25396e-07
4.90614e-05
-7.95113e-07
4.71697e-05
-1.18556e-06
4.48589e-05
-1.55603e-06
4.22209e-05
-1.8689e-06
3.93915e-05
-2.08998e-06
3.65373e-05
-2.18814e-06
3.38361e-05
-2.13984e-06
3.14507e-05
-1.93946e-06
2.94986e-05
-1.61026e-06
2.80296e-05
-1.2055e-06
2.70184e-05
-7.95609e-07
2.63778e-05
-4.44797e-07
2.59862e-05
-1.93778e-07
2.57184e-05
-5.11042e-08
2.54696e-05
-2.36936e-09
2.51697e-05
-1.63043e-08
2.4786e-05
-6.11022e-08
2.43196e-05
-1.08777e-07
2.37957e-05
-1.40914e-07
2.32526e-05
-1.48358e-07
2.27317e-05
-1.29554e-07
2.22669e-05
-9.13373e-08
2.18798e-05
-4.33161e-08
2.15773e-05
1.68005e-09
2.13571e-05
3.6672e-08
2.12203e-05
6.54466e-08
2.11779e-05
9.99077e-08
2.12719e-05
1.68754e-07
2.15162e-05
2.60743e-07
2.20279e-05
4.39287e-07
2.2638e-05
5.54325e-07
2.36923e-05
6.96169e-07
2.05327e-06
4.88073e-05
-4.01708e-05
3.32746e-05
-1.06206e-05
2.70728e-05
-1.70175e-06
2.46497e-05
-5.21477e-07
2.38107e-05
-1.44762e-07
2.35714e-05
-4.83558e-08
2.35637e-05
-5.70429e-09
2.37283e-05
4.64793e-08
2.40484e-05
9.49681e-08
2.44888e-05
1.29328e-07
2.50138e-05
1.51996e-07
2.5599e-05
1.68318e-07
2.62276e-05
1.80571e-07
2.68845e-05
1.88486e-07
2.75539e-05
1.91745e-07
2.82219e-05
1.91173e-07
2.88505e-05
1.80358e-07
2.94258e-05
1.65487e-07
2.99398e-05
1.47534e-07
3.03833e-05
1.2609e-07
3.0751e-05
1.03057e-07
3.10447e-05
8.12019e-08
3.12715e-05
6.24351e-08
3.14404e-05
4.7102e-08
3.1559e-05
3.46317e-08
3.16322e-05
2.40037e-08
3.16608e-05
1.38221e-08
3.16423e-05
3.2046e-09
3.15626e-05
-1.31584e-08
3.14067e-05
-3.52167e-08
3.11571e-05
-6.45375e-08
3.0799e-05
-1.00957e-07
3.03274e-05
-1.4122e-07
2.97528e-05
-1.79945e-07
2.91033e-05
-2.10191e-07
2.84239e-05
-2.25075e-07
2.77705e-05
-2.19279e-07
2.72001e-05
-1.90844e-07
2.67604e-05
-1.41976e-07
2.64794e-05
-7.89243e-08
2.63585e-05
-1.13804e-08
2.63707e-05
4.94691e-08
2.64604e-05
9.16351e-08
2.65528e-05
1.06511e-07
2.6562e-05
8.84647e-08
2.64068e-05
3.8848e-08
2.60197e-05
-3.82904e-08
2.53585e-05
-1.33883e-07
2.44108e-05
-2.37856e-07
2.3195e-05
-3.40257e-07
2.17582e-05
-4.3206e-07
2.01728e-05
-5.04556e-07
1.8533e-05
-5.48383e-07
1.69476e-05
-5.54462e-07
1.55255e-05
-5.17362e-07
1.43551e-05
-4.39784e-07
1.3484e-05
-3.34423e-07
1.29095e-05
-2.21117e-07
1.25838e-05
-1.19049e-07
1.2432e-05
-4.20703e-08
1.2375e-05
5.91936e-09
1.2345e-05
2.76018e-08
1.22976e-05
3.11607e-08
1.22116e-05
2.48829e-08
1.20866e-05
1.61728e-08
1.19358e-05
9.89035e-09
1.17791e-05
8.42423e-09
1.16371e-05
1.23909e-08
1.15256e-05
2.02023e-08
1.14527e-05
2.95621e-08
1.14173e-05
3.70955e-08
1.1413e-05
4.09446e-08
1.14365e-05
4.19099e-08
1.14927e-05
4.37296e-08
1.1608e-05
5.34837e-08
1.17955e-05
7.32019e-08
1.21274e-05
1.07379e-07
1.25247e-05
1.57046e-07
1.30939e-05
1.27025e-07
6.49994e-07
1.9638e-05
9.01744e-06
7.31569e-06
6.79422e-06
6.64945e-06
6.6011e-06
6.59539e-06
6.64187e-06
6.73684e-06
6.86617e-06
7.01816e-06
7.18648e-06
7.36705e-06
7.55554e-06
7.74728e-06
7.93846e-06
8.11881e-06
8.2843e-06
8.43184e-06
8.55793e-06
8.66098e-06
8.74219e-06
8.80462e-06
8.85172e-06
8.88635e-06
8.91036e-06
8.92418e-06
8.92738e-06
8.91423e-06
8.87901e-06
8.81447e-06
8.71352e-06
8.5723e-06
8.39235e-06
8.18216e-06
7.95708e-06
7.73781e-06
7.54696e-06
7.40499e-06
7.32606e-06
7.31468e-06
7.36415e-06
7.45579e-06
7.5623e-06
7.65076e-06
7.68961e-06
7.65132e-06
7.51744e-06
7.27958e-06
6.93932e-06
6.50726e-06
6.00271e-06
5.45432e-06
4.89986e-06
4.3825e-06
3.94272e-06
3.60829e-06
3.38718e-06
3.26813e-06
3.22606e-06
3.23198e-06
3.25958e-06
3.29074e-06
3.31562e-06
3.33179e-06
3.34168e-06
3.35011e-06
3.3625e-06
3.3827e-06
3.41226e-06
3.44936e-06
3.4903e-06
3.53221e-06
3.57594e-06
3.62943e-06
3.70263e-06
3.81001e-06
3.96705e-06
4.09408e-06
)
;

boundaryField
{
    inlet
    {
        type            calculated;
        value           nonuniform List<scalar> 
25
(
-0.00119618
-0.00105581
-0.000931914
-0.000822558
-0.000726034
-0.000640837
-0.000565637
-0.000499262
-0.000440675
-0.000388964
-0.00034332
-0.000303033
-0.000267473
-0.000236086
-0.000208382
-0.00018393
-0.000162346
-0.000143295
-0.00012648
-0.000111638
-9.8538e-05
-8.69749e-05
-7.67687e-05
-6.77602e-05
-5.98088e-05
)
;
    }
    outlet
    {
        type            calculated;
        value           nonuniform List<scalar> 
25
(
0.00090251
0.000995497
0.000997891
0.000935186
0.00083993
0.000739827
0.000650625
0.000574705
0.00050848
0.000448344
0.000391993
0.000338527
0.000288151
0.000241664
0.000199958
0.000163618
0.000132731
0.000106914
8.5424e-05
6.73273e-05
5.1717e-05
3.79077e-05
2.55319e-05
1.44971e-05
4.74407e-06
)
;
    }
    fixedWalls
    {
        type            calculated;
        value           uniform 0;
    }
    frontAndBack
    {
        type            empty;
        value           nonuniform 0();
    }
}


// ************************************************************************* //
