/*--------------------------------*- C++ -*----------------------------------*\
| =========                 |                                                 |
| \\      /  F ield         | OpenFOAM: The Open Source CFD Toolbox           |
|  \\    /   O peration     | Version:  v1912                                 |
|   \\  /    A nd           | Website:  www.openfoam.com                      |
|    \\/     M anipulation  |                                                 |
\*---------------------------------------------------------------------------*/
FoamFile
{
    version     2.0;
    format      ascii;
    class       volVectorField;
    location    "200";
    object      U;
}
// * * * * * * * * * * * * * * * * * * * * * * * * * * * * * * * * * * * * * //

dimensions      [0 1 -1 0 0 0 0];


internalField   nonuniform List<vector> 
2000
(
(0.84616 0.187394 0)
(0.515131 0.12409 0)
(0.223442 0.0684431 0)
(0.059799 0.0174434 6.19733e-20)
(-0.00455528 -0.0232201 1.31145e-17)
(-0.0642146 -0.0384542 1.13899e-17)
(-0.0776237 -0.0372178 0)
(-0.0716194 -0.0166983 0)
(-0.0590723 0.011542 0)
(-0.0420797 0.0253041 2.58434e-17)
(-0.0414204 0.0110559 -1.58462e-17)
(-0.0273826 -0.000511094 -1.48736e-17)
(-0.0168668 -0.00276482 0)
(-0.0204357 -0.00257486 0)
(-0.0213568 -0.0025257 -1.1814e-17)
(-0.014765 -0.00128888 0)
(-0.00588292 -0.000265051 1.06578e-17)
(-0.00182858 0.00234458 6.18104e-21)
(-0.000143725 0.00262809 1.03532e-17)
(0.00195074 0.000297614 -5.09698e-18)
(0.005857 -0.00284306 9.99827e-18)
(0.0118271 -0.00483576 0)
(0.0185956 -0.00562575 0)
(0.0247219 -0.00540155 -6.89758e-23)
(0.0289385 -0.00426914 0)
(0.0310147 -0.00248581 -4.68152e-18)
(0.0307696 -0.000428725 0)
(0.0287989 0.00140022 4.67002e-18)
(0.0260536 0.00279648 0)
(0.0231602 0.00358038 0)
(0.020326 0.00375134 0)
(0.0176942 0.00342751 1.18398e-18)
(0.0155228 0.00275193 0)
(0.0141145 0.00181929 -6.04009e-19)
(0.0138858 0.000771385 2.03545e-14)
(0.0150787 -0.00038019 2.04716e-14)
(0.0175454 -0.00148535 6.37708e-19)
(0.0210276 -0.00241792 -6.49939e-19)
(0.025155 -0.00304961 0)
(0.0294202 -0.00330633 2.71615e-18)
(0.0332205 -0.00315386 0)
(0.0358541 -0.00251176 -2.81536e-18)
(0.0361688 -0.0014389 0)
(0.0334032 0.000576094 -5.7848e-18)
(0.0274732 0.00335936 2.89298e-18)
(0.0181054 0.00596522 0)
(0.00504915 0.00778594 0)
(-0.011253 0.00905278 -2.74107e-18)
(-0.0306727 0.0105094 0)
(-0.0533401 0.0127963 2.35028e-18)
(-0.0794269 0.0157376 0)
(-0.109105 0.0187575 4.23688e-18)
(-0.142212 0.0215162 -4.00914e-18)
(-0.178826 0.0227375 3.82722e-18)
(-0.218362 0.020335 -1.7023e-18)
(-0.259132 0.0127431 0)
(-0.298585 -0.000730884 1.5265e-18)
(-0.332332 -0.0196598 -1.46001e-18)
(-0.35374 -0.0409716 -3.41404e-18)
(-0.357294 -0.0582981 3.45602e-18)
(-0.346252 -0.0680548 -4.19992e-18)
(-0.325097 -0.0722094 5.25533e-18)
(-0.294443 -0.0724425 -6.61681e-18)
(-0.257623 -0.0698877 8.19564e-18)
(-0.21663 -0.0655666 4.57413e-20)
(-0.173115 -0.0600855 1.22434e-17)
(-0.127988 -0.0538379 0)
(-0.0816455 -0.0470891 0)
(-0.0343455 -0.0400588 1.35316e-19)
(0.0134392 -0.0328708 0)
(0.0619341 -0.0253055 2.21966e-17)
(0.113148 -0.0174363 0)
(0.166525 -0.00892866 1.98746e-17)
(0.222738 0.000406472 -4.82533e-19)
(0.282143 0.0106195 1.67417e-17)
(0.346612 0.021693 2.89562e-17)
(0.413046 0.0334659 6.8297e-19)
(0.49441 0.0456945 -9.77788e-18)
(0.555798 0.0568768 -6.28416e-18)
(0.706887 0.0666561 0)
(1.0153 0.210385 0)
(0.944632 0.194216 0)
(0.804469 0.17999 -3.78669e-18)
(0.654408 0.15232 7.83858e-18)
(0.509204 0.111175 0)
(0.360007 0.0683798 -7.96512e-18)
(0.21646 0.0293377 0)
(0.0820941 -0.00527002 0)
(-0.0282762 -0.0180936 0)
(-0.056269 -0.0190748 -1.89122e-17)
(-0.0668115 -0.0247448 1.72055e-17)
(-0.0717243 -0.0152899 1.57821e-17)
(-0.0635549 0.00699933 0)
(-0.0516448 0.0200796 6.90012e-18)
(-0.0558523 0.00821668 0)
(-0.0512377 -0.00551195 0)
(-0.0430012 -0.00772561 0)
(-0.0398638 -0.00533667 5.68633e-18)
(-0.043323 -0.00328289 -1.11739e-17)
(-0.0449892 -0.00366601 -5.49056e-18)
(-0.0447371 -0.00634777 0)
(-0.0418582 -0.00931904 0)
(-0.0368047 -0.0105686 0)
(-0.0302363 -0.00925199 -7.96787e-18)
(-0.0235034 -0.00607042 0)
(-0.0175903 -0.00233616 5.36685e-18)
(-0.0125886 0.00075037 2.70823e-18)
(-0.00959683 0.00266333 0)
(-0.00851289 0.00381886 0)
(-0.00889286 0.0047053 0)
(-0.0105278 0.00528784 0)
(-0.0129713 0.00525937 -6.76934e-19)
(-0.0156787 0.00424871 0)
(-0.0179614 0.00210376 3.46104e-19)
(-0.0193386 -0.000945776 1.72709e-19)
(-0.0192925 -0.00455923 0)
(-0.0176549 -0.00819548 0)
(-0.0146609 -0.0111356 7.44264e-19)
(-0.0109456 -0.0126267 0)
(-0.00749054 -0.0120562 -1.59281e-18)
(-0.00530276 -0.00908769 0)
(-0.00573218 -0.00370616 -1.72984e-18)
(-0.00923804 0.00390023 0)
(-0.0162548 0.0132955 1.57909e-18)
(-0.0274152 0.0234848 1.67053e-18)
(-0.0427056 0.033457 0)
(-0.06164 0.0428453 0)
(-0.0832676 0.0513323 -2.69393e-18)
(-0.106145 0.0582805 0)
(-0.128557 0.0631153 -1.60602e-19)
(-0.14897 0.0659659 0)
(-0.165947 0.0677431 0)
(-0.178221 0.0689739 0)
(-0.185236 0.0687687 0)
(-0.18635 0.0651286 3.67536e-18)
(-0.180612 0.0556833 0)
(-0.16885 0.0391319 -3.81285e-18)
(-0.15144 0.016627 2.07712e-18)
(-0.117624 -0.00899582 -2.18451e-18)
(-0.0740109 -0.0378532 -5.42708e-18)
(-0.0433713 -0.0670984 6.8026e-18)
(-0.0083378 -0.0880292 -8.57715e-18)
(0.0284883 -0.0999072 1.01992e-17)
(0.0650049 -0.104346 0)
(0.102124 -0.103195 -1.9013e-17)
(0.140491 -0.098294 -1.36943e-17)
(0.180119 -0.0911145 0)
(0.220852 -0.082682 7.4033e-18)
(0.262676 -0.0736844 1.54475e-17)
(0.305784 -0.0645716 0)
(0.350416 -0.0554754 0)
(0.396867 -0.0463886 0)
(0.445258 -0.037149 0)
(0.495906 -0.0275095 -1.39343e-17)
(0.549044 -0.0172914 6.02569e-18)
(0.605786 -0.00644056 -1.16489e-17)
(0.664568 0.00470245 9.96162e-18)
(0.733099 0.0155704 -3.42929e-18)
(0.787683 0.0241995 0)
(0.902119 0.0269715 0)
(0.978489 0.20154 0)
(0.978855 0.193013 -3.05436e-18)
(0.969153 0.205122 3.73567e-18)
(0.939078 0.208547 -3.30593e-18)
(0.87802 0.194624 3.129e-18)
(0.785579 0.168739 3.09183e-18)
(0.669311 0.138097 0)
(0.540954 0.106035 0)
(0.408149 0.0750605 0)
(0.285844 0.0459009 7.50633e-18)
(0.173623 0.0179428 0)
(0.0719212 -0.00647504 0)
(-0.0211236 -0.0138474 0)
(-0.0455315 -0.0032073 -7.85192e-18)
(-0.0499248 -0.0110804 0)
(-0.0586252 -0.0168874 -6.60373e-18)
(-0.060653 -0.00941572 0)
(-0.0534232 0.00945773 6.36399e-18)
(-0.0569645 0.0140724 3.09088e-18)
(-0.0644778 0.00743372 0)
(-0.0710221 -0.00206749 -2.9461e-18)
(-0.0760985 -0.0104945 0)
(-0.0778924 -0.0151102 0)
(-0.0767851 -0.0160968 5.67537e-18)
(-0.0737082 -0.0144473 0)
(-0.0700381 -0.0110019 1.43638e-18)
(-0.0670391 -0.00628481 -4.31581e-18)
(-0.0657285 -0.000969783 0)
(-0.0661772 0.00399313 0)
(-0.0686323 0.00815892 -7.11009e-19)
(-0.0729981 0.011098 0)
(-0.0785941 0.0122828 -7.95144e-21)
(-0.0845032 0.0112926 0)
(-0.089643 0.00805517 6.79589e-19)
(-0.0931209 0.00296661 8.43647e-20)
(-0.0943685 -0.00291835 0)
(-0.0928643 -0.00903594 1.76957e-19)
(-0.0886016 -0.0138685 -3.72749e-19)
(-0.082353 -0.0159247 -3.97502e-19)
(-0.075475 -0.0143457 -8.51729e-19)
(-0.0695414 -0.00872228 9.09572e-19)
(-0.0657089 0.000811127 8.43816e-19)
(-0.0649172 0.0135768 0)
(-0.067976 0.0281771 1.78722e-18)
(-0.0752802 0.0430266 -3.5869e-18)
(-0.0863906 0.0564325 0)
(-0.099884 0.0673094 -1.59392e-18)
(-0.113476 0.0750371 2.85147e-18)
(-0.124418 0.0792104 0)
(-0.130059 0.079792 -1.31984e-18)
(-0.128299 0.0771965 9.62235e-19)
(-0.117658 0.0722117 -8.97463e-19)
(-0.0973433 0.0650318 -8.92111e-19)
(-0.0677255 0.055695 0)
(-0.0302094 0.0433747 -2.44464e-18)
(0.0135464 0.0272013 -1.15011e-18)
(0.0623111 0.00660879 1.12876e-18)
(0.112917 -0.0193088 1.18486e-18)
(0.161019 -0.047049 2.17461e-18)
(0.203058 -0.0716282 0)
(0.240163 -0.0913908 0)
(0.273793 -0.106222 0)
(0.305594 -0.115911 -1.98506e-18)
(0.337051 -0.120662 0)
(0.368917 -0.121037 4.96717e-18)
(0.401598 -0.117958 0)
(0.435336 -0.112451 -2.83478e-18)
(0.470263 -0.105425 -6.13159e-18)
(0.506455 -0.0976094 0)
(0.543968 -0.0895336 -3.08608e-18)
(0.582832 -0.0815322 3.07998e-18)
(0.623061 -0.0737465 0)
(0.664662 -0.0660988 0)
(0.707749 -0.0584037 0)
(0.75239 -0.0505558 -5.56685e-18)
(0.799229 -0.0426146 0)
(0.847255 -0.0350997 -1.92762e-18)
(0.901318 -0.0286224 3.33283e-18)
(0.945122 -0.0252141 0)
(1.03021 -0.0269342 3.98013e-19)
(0.970611 0.209119 0)
(0.963917 0.194772 1.67831e-18)
(0.966431 0.198526 0)
(0.977154 0.206425 1.82894e-18)
(0.982034 0.208909 -3.2579e-18)
(0.968288 0.204296 -1.4626e-18)
(0.930731 0.193758 0)
(0.870719 0.177906 0)
(0.791056 0.156601 0)
(0.695293 0.131355 1.47144e-18)
(0.589285 0.105445 1.50713e-18)
(0.479787 0.0807216 0)
(0.368949 0.0579844 0)
(0.266432 0.0375788 0)
(0.179404 0.018427 0)
(0.100172 0.00255242 6.98787e-18)
(0.0301451 -0.00944121 -3.68825e-18)
(-0.028775 -0.00742327 0)
(-0.0305464 0.00380299 -3.56706e-18)
(-0.0349038 0.00469964 1.74774e-18)
(-0.038491 0.00163638 3.45415e-18)
(-0.0453673 -0.00403863 0)
(-0.0560191 -0.00870381 0)
(-0.0669538 -0.0105889 -3.25954e-18)
(-0.0748632 -0.00937377 0)
(-0.0794202 -0.00579626 -1.60966e-18)
(-0.0818919 -0.000871585 1.61449e-18)
(-0.083878 0.00438909 0)
(-0.0864049 0.00990638 0)
(-0.0903276 0.015158 7.79207e-19)
(-0.0957696 0.0190651 0)
(-0.102345 0.0206002 -7.45087e-19)
(-0.109111 0.018907 0)
(-0.114826 0.013659 -1.91264e-19)
(-0.118052 0.00525825 -9.26633e-20)
(-0.11851 -0.00521507 -2.2083e-20)
(-0.115719 -0.015648 -2.85278e-19)
(-0.108499 -0.0238835 4.06418e-19)
(-0.0974691 -0.0276942 4.35054e-19)
(-0.0838758 -0.0262225 1.42358e-18)
(-0.0691035 -0.0189884 -4.84074e-19)
(-0.0550162 -0.00637034 5.10474e-19)
(-0.042959 0.0104302 0)
(-0.0331464 0.0295028 1.23058e-18)
(-0.0258219 0.0484597 1.03318e-18)
(-0.0210046 0.0648069 0)
(-0.0176028 0.0762 1.9957e-18)
(-0.0138104 0.0809317 9.17863e-19)
(-0.00760376 0.0780596 0)
(0.00198768 0.0675 -2.13174e-18)
(0.0198679 0.0499748 -1.29788e-18)
(0.0468915 0.0279324 6.93572e-19)
(0.0812002 0.0038855 1.05481e-18)
(0.121774 -0.0200127 0)
(0.168965 -0.0426056 4.32156e-19)
(0.220665 -0.0634607 1.41399e-18)
(0.274538 -0.0824828 9.59274e-19)
(0.328245 -0.0998228 -9.80925e-19)
(0.379203 -0.115814 -5.63615e-19)
(0.425269 -0.129554 0)
(0.466013 -0.140299 0)
(0.502254 -0.147589 0)
(0.535184 -0.151312 2.65657e-18)
(0.565823 -0.151762 9.96425e-19)
(0.594964 -0.149462 0)
(0.623272 -0.145032 -2.36055e-18)
(0.651321 -0.13911 2.59891e-18)
(0.679548 -0.132276 -2.63234e-18)
(0.70825 -0.125007 -2.71963e-18)
(0.737599 -0.117646 1.45688e-19)
(0.767678 -0.110387 -2.94343e-18)
(0.798518 -0.103271 0)
(0.830137 -0.0962203 0)
(0.862637 -0.089119 0)
(0.896109 -0.0819455 0)
(0.931063 -0.0748282 0)
(0.966864 -0.0682899 3.78484e-18)
(1.00679 -0.0627866 -1.38898e-18)
(1.03947 -0.0601754 0)
(1.10027 -0.0606115 -4.26136e-19)
(0.972988 0.216083 0)
(0.965832 0.201814 2.04425e-18)
(0.959207 0.195611 2.6979e-19)
(0.961491 0.195563 2.06176e-18)
(0.972672 0.19756 0)
(0.985525 0.199267 -1.74318e-18)
(0.992501 0.199335 0)
(0.988447 0.196299 -3.92921e-19)
(0.970191 0.189084 0)
(0.935568 0.177628 -1.74789e-18)
(0.88462 0.162842 -1.35478e-18)
(0.819441 0.145773 -3.43088e-19)
(0.743029 0.126819 3.4081e-19)
(0.657631 0.106182 0)
(0.568538 0.0853813 3.41435e-19)
(0.478579 0.0664066 0)
(0.39263 0.0504746 2.89145e-18)
(0.313289 0.0367241 -3.81606e-19)
(0.246833 0.0249652 0)
(0.193068 0.0155931 -2.04731e-18)
(0.149163 0.00858103 0)
(0.111765 0.00373919 0)
(0.0799602 0.00045305 0)
(0.0522244 -0.00260349 0)
(0.0289967 -0.00542984 -2.41902e-19)
(0.0111516 -0.0064883 0)
(0.00025987 -0.00387579 0)
(-0.00413167 0.00218204 1.28772e-19)
(-0.00547713 0.00977278 0)
(-0.00537072 0.0173363 0)
(-0.00553036 0.0228468 0)
(-0.00630682 0.0248569 -5.7152e-20)
(-0.00710185 0.0224669 0)
(-0.0073656 0.0152953 -2.50588e-19)
(-0.00678268 0.0036995 0)
(-0.00395411 -0.0111982 2.86319e-20)
(0.000257437 -0.0259774 1.47279e-19)
(0.00620133 -0.0384908 3.08009e-20)
(0.0139674 -0.0465148 -6.71909e-20)
(0.0235493 -0.048388 -5.74553e-19)
(0.0363926 -0.0429316 -6.12217e-19)
(0.0534386 -0.0298684 6.43962e-19)
(0.0741506 -0.0102564 -1.73945e-19)
(0.0963672 0.0127708 -1.29148e-18)
(0.119534 0.0353106 1.20855e-18)
(0.143742 0.0544354 -1.43402e-19)
(0.168942 0.0675921 0)
(0.195579 0.0728943 -8.28469e-19)
(0.224492 0.069448 0)
(0.256672 0.0570721 5.53487e-19)
(0.292686 0.0367694 0)
(0.330876 0.0100803 3.70793e-19)
(0.372268 -0.0207627 0)
(0.417367 -0.0515705 -7.9178e-20)
(0.46434 -0.0795884 -3.38728e-19)
(0.511559 -0.103642 -3.6762e-19)
(0.557538 -0.123504 1.07035e-19)
(0.60079 -0.139634 0)
(0.640032 -0.152646 4.92464e-19)
(0.674443 -0.162705 -1.49888e-19)
(0.703952 -0.16971 0)
(0.729148 -0.173637 1.90444e-19)
(0.750922 -0.174673 -8.42532e-19)
(0.770197 -0.173179 -9.48968e-19)
(0.787815 -0.169602 0)
(0.804504 -0.164428 2.29883e-18)
(0.820861 -0.158152 0)
(0.837336 -0.151239 2.61712e-18)
(0.854235 -0.144067 2.73187e-18)
(0.871752 -0.136904 2.81225e-18)
(0.89001 -0.129892 3.3869e-19)
(0.909107 -0.123063 0)
(0.929159 -0.11638 0)
(0.950361 -0.109795 0)
(0.9729 -0.103338 -2.97193e-19)
(0.997264 -0.0971584 0)
(1.02297 -0.0916799 -1.73082e-18)
(1.05254 -0.0872758 1.69583e-18)
(1.07694 -0.085235 1.08133e-19)
(1.1234 -0.0855736 4.69733e-20)
(0.974194 0.218515 -1.33471e-18)
(0.970935 0.20637 1.29065e-18)
(0.96512 0.198183 -3.05291e-19)
(0.96114 0.194127 0)
(0.962201 0.191964 0)
(0.968267 0.190573 0)
(0.977783 0.189924 0)
(0.988516 0.189533 1.35556e-18)
(0.997443 0.188375 0)
(1.00093 0.185446 -1.21152e-18)
(0.995753 0.180072 -1.51241e-18)
(0.979785 0.172052 3.48038e-19)
(0.952559 0.161613 1.04763e-18)
(0.914112 0.148865 0)
(0.865273 0.134021 -1.60373e-18)
(0.807689 0.118196 0)
(0.745314 0.102884 -1.28017e-18)
(0.682698 0.0884636 3.20564e-19)
(0.621897 0.0748975 -1.33381e-18)
(0.565118 0.0625168 -1.02378e-18)
(0.513072 0.0515125 0)
(0.465864 0.0419319 0)
(0.42354 0.0336375 -7.36536e-19)
(0.385912 0.0264324 0)
(0.352445 0.0201533 -5.93506e-19)
(0.322328 0.014755 0)
(0.294989 0.0105626 0)
(0.271002 0.00855372 -1.07649e-19)
(0.252402 0.00957502 0)
(0.241171 0.0132409 0)
(0.237633 0.0176782 0)
(0.240562 0.0204446 4.94199e-20)
(0.248099 0.0195834 1.86439e-19)
(0.25859 0.0139336 1.12384e-19)
(0.26982 0.00348326 0)
(0.280493 -0.0101289 0)
(0.28956 -0.0245407 -2.32244e-20)
(0.295017 -0.0373756 -1.26334e-19)
(0.296732 -0.0471034 5.52092e-20)
(0.295182 -0.0527201 0)
(0.29172 -0.0535321 0)
(0.28904 -0.0491298 -2.95534e-19)
(0.290773 -0.0394886 1.52712e-19)
(0.300089 -0.0248573 -6.28296e-19)
(0.31894 -0.00673283 5.99538e-19)
(0.346688 0.0114556 1.33165e-19)
(0.380499 0.025585 0)
(0.418188 0.0321519 3.97933e-19)
(0.458612 0.0285201 0)
(0.501613 0.0135014 0)
(0.546944 -0.0112873 0)
(0.593317 -0.0419405 0)
(0.639334 -0.0740978 0)
(0.683722 -0.104596 6.94395e-20)
(0.724947 -0.130966 0)
(0.761997 -0.151918 3.89258e-19)
(0.794383 -0.167448 -9.91614e-20)
(0.821861 -0.178307 0)
(0.844372 -0.185441 5.54041e-19)
(0.862077 -0.189585 1.46593e-19)
(0.875434 -0.191203 7.00093e-19)
(0.885207 -0.190636 -1.91618e-19)
(0.892321 -0.188208 0)
(0.897704 -0.184254 -9.67758e-19)
(0.902192 -0.179117 0)
(0.906479 -0.173142 0)
(0.911121 -0.166658 -1.22501e-18)
(0.916534 -0.159963 0)
(0.92301 -0.153292 0)
(0.930751 -0.146804 -1.39233e-18)
(0.939908 -0.14058 -3.69066e-19)
(0.950627 -0.134634 0)
(0.963073 -0.128946 0)
(0.977471 -0.123492 0)
(0.994 -0.118302 3.31164e-19)
(1.01306 -0.113481 -1.13369e-18)
(1.03412 -0.109321 -2.54439e-19)
(1.05932 -0.106071 -1.97402e-19)
(1.08034 -0.104556 -1.22294e-19)
(1.12172 -0.104859 -2.53437e-19)
(0.974501 0.219011 4.70274e-18)
(0.973757 0.208041 -4.51357e-18)
(0.971715 0.200434 0)
(0.969161 0.196225 -2.73584e-18)
(0.967057 0.192957 0)
(0.966172 0.189339 -2.41455e-18)
(0.967429 0.185854 0)
(0.971685 0.183057 3.21574e-18)
(0.978999 0.180796 -3.99591e-18)
(0.988311 0.178573 1.82882e-18)
(0.997724 0.175895 1.71074e-18)
(1.00501 0.172313 0)
(1.00814 0.167477 -4.62317e-18)
(1.00546 0.160974 -2.94283e-18)
(0.995561 0.15246 4.14191e-18)
(0.977698 0.142229 0)
(0.952866 0.131149 1.27048e-18)
(0.923506 0.119951 0)
(0.891427 0.108736 1.26158e-18)
(0.857929 0.097416 1.25789e-18)
(0.824012 0.0862164 0)
(0.7906 0.0754917 0)
(0.758487 0.0655202 -6.89113e-19)
(0.72821 0.0564453 0)
(0.69993 0.0483741 6.78095e-19)
(0.673622 0.0415175 0)
(0.649343 0.0361291 0)
(0.627454 0.0322704 0)
(0.60879 0.0295607 0)
(0.594571 0.0272238 0)
(0.585978 0.0242649 0)
(0.583513 0.0196672 0)
(0.586659 0.0125423 1.67397e-19)
(0.594614 0.002348 -7.61776e-20)
(0.605094 -0.0101776 3.88265e-20)
(0.615878 -0.0231098 0)
(0.625618 -0.0349078 0)
(0.633237 -0.0440155 8.55714e-20)
(0.638325 -0.0492727 -3.8865e-19)
(0.640982 -0.0502127 4.24678e-19)
(0.641536 -0.0470335 0)
(0.640525 -0.0405448 1.23013e-18)
(0.638812 -0.0321181 -1.02938e-18)
(0.637621 -0.0233578 -5.19975e-19)
(0.639071 -0.0155633 -5.21333e-19)
(0.64592 -0.00972843 0)
(0.661068 -0.00719963 0)
(0.685535 -0.0100066 -1.12545e-18)
(0.718522 -0.0199472 0)
(0.757478 -0.0375751 0)
(0.798847 -0.0616698 0)
(0.838867 -0.0894665 3.83861e-19)
(0.874767 -0.117375 7.28268e-19)
(0.904943 -0.142417 0)
(0.928666 -0.162664 0)
(0.946016 -0.177424 -3.86703e-19)
(0.957645 -0.187098 0)
(0.964392 -0.192658 1.09332e-18)
(0.967095 -0.195173 6.48979e-19)
(0.966544 -0.195493 0)
(0.963536 -0.194176 7.95508e-19)
(0.958897 -0.191567 1.72501e-18)
(0.953452 -0.187917 1.91735e-18)
(0.947952 -0.183449 1.05998e-18)
(0.943031 -0.178381 -2.30952e-18)
(0.939191 -0.172925 2.49679e-18)
(0.936814 -0.167287 4.03309e-18)
(0.936171 -0.161649 0)
(0.937448 -0.156163 0)
(0.940773 -0.150938 1.56566e-18)
(0.94625 -0.146035 0)
(0.953991 -0.141475 3.10291e-18)
(0.964122 -0.137244 3.05457e-18)
(0.976809 -0.13332 0)
(0.992145 -0.129701 2.75154e-18)
(1.0104 -0.126426 -1.18922e-18)
(1.03093 -0.123665 0)
(1.05565 -0.121535 0)
(1.07637 -0.120645 0)
(1.11712 -0.12098 -2.08526e-19)
(0.974733 0.218939 -3.61772e-18)
(0.975458 0.208207 3.46239e-18)
(0.976058 0.201068 -6.71298e-18)
(0.975939 0.19738 3.09423e-18)
(0.974879 0.194479 0)
(0.973207 0.190811 2.73077e-18)
(0.971496 0.186618 -5.22282e-18)
(0.970487 0.182384 -4.84944e-18)
(0.971014 0.17819 -7.89936e-20)
(0.973734 0.174032 0)
(0.978852 0.169981 0)
(0.986034 0.16601 3.8807e-18)
(0.994464 0.16189 3.55974e-18)
(1.00297 0.15721 -3.52809e-18)
(1.01014 0.151579 -9.60817e-18)
(1.01451 0.144896 0)
(1.0152 0.137447 0)
(1.01224 0.129504 0)
(1.00612 0.120996 0)
(0.997246 0.111859 0)
(0.986078 0.102317 0)
(0.973187 0.0927272 0)
(0.959219 0.0833939 1.3364e-18)
(0.944745 0.0745222 -2.79351e-18)
(0.930206 0.0663051 0)
(0.915986 0.0589669 0)
(0.902539 0.0526562 0)
(0.890444 0.047286 0)
(0.880397 0.0424332 0)
(0.873103 0.0373574 -7.02285e-19)
(0.869074 0.0311642 0)
(0.868413 0.0230915 0)
(0.870704 0.0126915 1.76217e-20)
(0.874836 0.000204485 0)
(0.879076 -0.0134929 -3.63958e-20)
(0.882226 -0.0269292 0)
(0.883611 -0.0386944 1.6755e-19)
(0.883002 -0.0475444 0)
(0.880678 -0.0526691 7.5872e-19)
(0.877361 -0.0538297 -4.08866e-19)
(0.874026 -0.0513214 -8.91478e-19)
(0.871788 -0.0458661 -9.4623e-19)
(0.871802 -0.0384573 9.85779e-19)
(0.875005 -0.0302762 9.98448e-19)
(0.88188 -0.022898 1.93731e-18)
(0.892768 -0.0185067 1.84172e-18)
(0.908295 -0.0191972 0)
(0.928386 -0.0265076 -7.95359e-19)
(0.951849 -0.0408928 0)
(0.976467 -0.0615796 0)
(0.999628 -0.0864935 -1.02291e-18)
(1.01889 -0.112599 -3.85019e-19)
(1.03263 -0.136824 1.60317e-19)
(1.04031 -0.157006 0)
(1.04225 -0.172141 0)
(1.03934 -0.182226 0)
(1.03274 -0.187988 1.1449e-18)
(1.02354 -0.190473 -1.19525e-18)
(1.01268 -0.19069 -1.35217e-18)
(1.00089 -0.18942 0)
(0.988787 -0.187172 -1.72389e-18)
(0.976926 -0.184243 3.03676e-20)
(0.965828 -0.18082 -2.15984e-18)
(0.955951 -0.17704 2.38928e-18)
(0.947678 -0.173025 1.37261e-20)
(0.941304 -0.168889 -2.8302e-18)
(0.937046 -0.164744 -3.02941e-18)
(0.93505 -0.160697 0)
(0.935411 -0.156845 0)
(0.938199 -0.153268 0)
(0.94347 -0.150017 0)
(0.951297 -0.147107 -3.52164e-18)
(0.96176 -0.144527 -3.46455e-18)
(0.974973 -0.142238 0)
(0.990965 -0.140203 -3.11641e-18)
(1.00991 -0.138392 5.5303e-18)
(1.03107 -0.136882 0)
(1.05619 -0.135663 0)
(1.07725 -0.135335 0)
(1.11774 -0.135416 9.7648e-19)
(0.975035 0.218503 8.93712e-18)
(0.977128 0.207481 0)
(0.979625 0.200817 1.53553e-17)
(0.980945 0.197732 0)
(0.980752 0.195196 6.69421e-18)
(0.979846 0.191844 0)
(0.978667 0.187937 5.90207e-18)
(0.977198 0.183705 0)
(0.975626 0.17905 -5.42022e-18)
(0.974469 0.173974 0)
(0.974314 0.168653 9.56758e-18)
(0.975645 0.163251 -4.43584e-18)
(0.978763 0.157805 0)
(0.983693 0.15222 7.88451e-18)
(0.9901 0.146349 -1.85262e-19)
(0.997335 0.140106 -7.18816e-18)
(1.00454 0.133613 6.96002e-18)
(1.01102 0.126928 0)
(1.01638 0.11987 0)
(1.02032 0.112314 6.51822e-18)
(1.02264 0.104347 0)
(1.02334 0.096176 -3.17181e-18)
(1.02261 0.088007 0)
(1.02074 0.0800156 3.02631e-18)
(1.01804 0.0723781 0)
(1.01488 0.065262 3.1359e-18)
(1.0117 0.0587415 0)
(1.00902 0.0526939 0)
(1.00733 0.0467297 1.54711e-18)
(1.00695 0.0402166 7.35587e-19)
(1.00791 0.0324504 0)
(1.00983 0.0229081 0)
(1.01204 0.0114573 -1.05885e-18)
(1.01353 -0.00135225 0)
(1.01331 -0.0145617 0)
(1.01087 -0.0269428 0)
(1.00622 -0.0373454 -1.7634e-19)
(0.999801 -0.044889 0)
(0.992417 -0.0490987 -1.24915e-18)
(0.985141 -0.0499733 -8.9649e-19)
(0.97912 -0.0479515 9.45739e-19)
(0.975393 -0.0438479 0)
(0.974768 -0.0387821 0)
(0.97779 -0.0340701 2.07444e-18)
(0.98476 -0.0311421 -2.04425e-18)
(0.995639 -0.0314191 -1.94342e-18)
(1.00984 -0.0360974 0)
(1.02616 -0.045926 -9.16623e-20)
(1.04285 -0.0609438 1.53698e-18)
(1.05786 -0.0800495 0)
(1.06926 -0.101306 1.10666e-18)
(1.07573 -0.122414 1.18412e-18)
(1.07683 -0.141299 -9.96669e-19)
(1.07293 -0.156595 0)
(1.06497 -0.167774 0)
(1.05404 -0.175005 0)
(1.04121 -0.178941 -1.29277e-18)
(1.02737 -0.180438 0)
(1.01319 -0.18031 0)
(0.999173 -0.179186 0)
(0.98574 -0.177475 4.10449e-18)
(0.973256 -0.175405 -2.24068e-18)
(0.962063 -0.1731 0)
(0.952465 -0.170632 -2.72179e-18)
(0.944716 -0.168064 -2.9507e-18)
(0.939015 -0.165457 6.34323e-18)
(0.935501 -0.162881 -6.7398e-18)
(0.934273 -0.160408 -7.08676e-18)
(0.935399 -0.158118 0)
(0.938928 -0.156077 -7.57267e-18)
(0.944908 -0.154334 0)
(0.953405 -0.152908 0)
(0.964497 -0.151787 0)
(0.978293 -0.15092 7.22323e-18)
(0.9948 -0.150228 -6.7361e-18)
(1.01413 -0.149615 -9.11942e-18)
(1.03551 -0.149068 0)
(1.06049 -0.148483 3.94754e-18)
(1.08144 -0.148505 0)
(1.12069 -0.148055 -1.60809e-18)
(0.975434 0.217691 -1.01374e-17)
(0.979144 0.206095 -9.85656e-18)
(0.983425 0.200253 -1.76668e-17)
(0.985584 0.198008 0)
(0.985492 0.195695 -1.52165e-17)
(0.984795 0.192436 -7.24414e-18)
(0.984214 0.188757 0)
(0.983472 0.184761 1.29125e-17)
(0.982379 0.180248 1.20653e-17)
(0.981068 0.175168 0)
(0.97975 0.169613 -1.08203e-17)
(0.978671 0.163681 0)
(0.978148 0.157436 0)
(0.978521 0.150907 9.36266e-18)
(0.980019 0.144098 8.68875e-18)
(0.982717 0.137037 -1.80791e-19)
(0.986473 0.129925 1.83113e-19)
(0.991009 0.122892 0)
(0.99601 0.115812 0)
(1.00108 0.108548 -7.46871e-18)
(1.00584 0.101093 -7.55206e-18)
(1.01001 0.0935381 1.10787e-17)
(1.01349 0.0860043 3.69552e-18)
(1.01631 0.0786084 3.67223e-18)
(1.01859 0.0714656 0)
(1.02051 0.0646711 -3.53895e-18)
(1.02236 0.0582389 0)
(1.02446 0.0520271 0)
(1.02705 0.0456966 -3.51895e-18)
(1.03017 0.038754 0)
(1.03354 0.0307006 0)
(1.03661 0.0212268 0)
(1.03861 0.0104354 8.04163e-19)
(1.03883 -0.00122086 -4.16943e-19)
(1.0367 -0.0129502 2.08253e-19)
(1.03209 -0.0237939 0)
(1.0253 -0.0328919 0)
(1.01704 -0.0396502 0)
(1.00824 -0.0437912 9.43938e-19)
(1.00001 -0.0453999 1.00674e-18)
(0.993424 -0.0448961 -2.15128e-18)
(0.989426 -0.0429635 0)
(0.988716 -0.0404703 0)
(0.991689 -0.0383888 -4.65144e-18)
(0.998383 -0.0377766 -2.30843e-18)
(1.00838 -0.0397518 0)
(1.02077 -0.0452986 0)
(1.03419 -0.0549466 1.90351e-18)
(1.04696 -0.0685617 1.13275e-19)
(1.05746 -0.085225 0)
(1.06443 -0.103421 0)
(1.06724 -0.121371 -1.34458e-18)
(1.06595 -0.137452 0)
(1.06112 -0.150548 0)
(1.05349 -0.160199 0)
(1.0438 -0.166526 0)
(1.03271 -0.170061 0)
(1.02078 -0.171533 -3.5471e-18)
(1.00847 -0.171656 0)
(0.996209 -0.171002 0)
(0.984379 -0.16995 7.45527e-20)
(0.973342 -0.168713 0)
(0.963435 -0.167396 0)
(0.95496 -0.166049 0)
(0.948167 -0.164702 1.3407e-17)
(0.943253 -0.163382 -7.18276e-18)
(0.940366 -0.162125 7.62399e-18)
(0.939607 -0.160978 4.74093e-20)
(0.94105 -0.159997 0)
(0.944751 -0.159237 8.5437e-18)
(0.950763 -0.158745 -8.57903e-18)
(0.959163 -0.158544 0)
(0.970049 -0.158624 0)
(0.983541 -0.158917 -8.63517e-20)
(0.999631 -0.159293 7.58648e-18)
(1.01838 -0.159589 6.8105e-18)
(1.03901 -0.159706 0)
(1.06293 -0.159509 -4.46438e-18)
(1.08299 -0.159631 0)
(1.12011 -0.15851 1.21001e-18)
(0.975986 0.216475 0)
(0.981693 0.204219 2.26865e-17)
(0.987772 0.199654 2.02116e-17)
(0.990446 0.198422 0)
(0.990129 0.196252 8.64497e-18)
(0.989282 0.192996 -8.35075e-18)
(0.988788 0.189418 0)
(0.988303 0.185502 -1.46006e-17)
(0.987641 0.181051 0)
(0.986893 0.176065 0)
(0.986096 0.170604 0)
(0.985222 0.164697 0)
(0.984312 0.158356 0)
(0.98349 0.151584 1.81592e-19)
(0.982909 0.144391 -1.02238e-17)
(0.982721 0.136826 -1.80871e-19)
(0.983074 0.129132 1.82563e-19)
(0.984062 0.121528 0)
(0.985663 0.113976 0)
(0.987721 0.106393 0)
(0.990006 0.0987703 -2.05667e-19)
(0.992317 0.0911755 2.09406e-19)
(0.994543 0.0836944 -4.23142e-18)
(0.996654 0.0764042 -4.20566e-18)
(0.998682 0.0693693 0)
(1.00073 0.0626291 -4.27403e-18)
(1.00296 0.0561568 4.25494e-18)
(1.00555 0.0498107 0)
(1.0086 0.0433137 2.04397e-18)
(1.01202 0.0362971 2.07333e-18)
(1.0155 0.0284131 0)
(1.01845 0.0194806 0)
(1.02022 0.00960587 1.00496e-18)
(1.02027 -0.000861403 -2.03402e-20)
(1.01821 -0.0112637 -4.85799e-19)
(1.01399 -0.0208418 0)
(1.00793 -0.0289482 0)
(1.00066 -0.0351464 -1.07673e-18)
(0.992996 -0.0392577 0)
(0.985874 -0.0413916 -1.18407e-18)
(0.980216 -0.0419205 -2.31368e-20)
(0.97683 -0.0414241 0)
(0.97632 -0.0406348 2.64019e-18)
(0.979018 -0.0403862 5.32142e-18)
(0.984933 -0.0415676 2.62629e-18)
(0.993699 -0.045045 0)
(1.00453 -0.0515069 -4.97951e-18)
(1.01629 -0.0612722 0)
(1.02766 -0.0741586 -2.09811e-18)
(1.03741 -0.0893946 0)
(1.04464 -0.105736 0)
(1.04894 -0.121726 0)
(1.05028 -0.136017 0)
(1.04891 -0.147642 0)
(1.04513 -0.156168 -3.4739e-18)
(1.03923 -0.161684 3.59925e-18)
(1.0315 -0.164678 0)
(1.02232 -0.165847 4.02084e-18)
(1.01212 -0.165894 -4.50235e-18)
(1.00139 -0.165383 0)
(0.990624 -0.164685 -5.37237e-18)
(0.980292 -0.163997 0)
(0.970815 -0.163396 0)
(0.962549 -0.162896 0)
(0.955781 -0.162485 -7.57773e-18)
(0.950727 -0.162156 8.09987e-18)
(0.947543 -0.161913 -8.55812e-18)
(0.946336 -0.161777 1.79391e-17)
(0.947177 -0.161787 -9.27915e-18)
(0.950113 -0.161989 0)
(0.955199 -0.162431 9.6748e-18)
(0.962519 -0.163143 -9.59828e-18)
(0.972182 -0.164115 0)
(0.984312 -0.165257 -5.7046e-20)
(0.998889 -0.166379 -8.42101e-18)
(1.01597 -0.16727 0)
(1.0348 -0.167759 0)
(1.05686 -0.167771 -4.97688e-18)
(1.07536 -0.167783 0)
(1.11016 -0.16609 -1.34568e-18)
(0.976761 0.214805 0)
(0.984937 0.202014 -1.30596e-17)
(0.992773 0.199211 -1.14917e-17)
(0.995654 0.199001 0)
(0.994991 0.196886 1.98183e-17)
(0.993969 0.193656 1.87135e-17)
(0.993407 0.190168 0)
(0.992853 0.186242 1.68352e-17)
(0.992195 0.181734 -1.59813e-17)
(0.991606 0.176727 0)
(0.991138 0.171288 0)
(0.990722 0.165426 0)
(0.9903 0.159133 0)
(0.989856 0.152394 -1.21547e-17)
(0.989383 0.145196 -1.19088e-17)
(0.988896 0.137559 1.09654e-17)
(0.98847 0.129707 -3.2401e-17)
(0.988221 0.121877 0)
(0.988216 0.114075 0)
(0.98843 0.106259 1.03501e-17)
(0.988779 0.0984446 2.02471e-17)
(0.989186 0.0906997 -9.92184e-18)
(0.989622 0.0831028 0)
(0.990102 0.0757153 0)
(0.990681 0.0685784 -4.98251e-18)
(0.991454 0.0617045 9.82957e-18)
(0.992552 0.0550501 -9.79211e-18)
(0.994108 0.0484846 0)
(0.996188 0.0417832 0)
(0.998711 0.0346648 -2.36585e-18)
(1.00141 0.0268803 0)
(1.00381 0.0183185 2.38125e-18)
(1.0054 0.00907082 -1.14238e-18)
(1.00569 -0.000552017 -1.87554e-20)
(1.00431 -0.010005 -9.29705e-21)
(1.00119 -0.018682 0)
(0.996537 -0.0260749 0)
(0.990812 -0.0318641 -2.70467e-20)
(0.984659 -0.035954 1.30476e-18)
(0.978832 -0.0384882 4.07181e-18)
(0.974112 -0.0398249 5.65602e-18)
(0.971214 -0.040485 2.94327e-18)
(0.970701 -0.0410989 -2.99477e-18)
(0.972924 -0.0423539 -3.02698e-18)
(0.977961 -0.0449465 3.04606e-18)
(0.985577 -0.0495304 0)
(0.99519 -0.0566216 5.64138e-18)
(1.00593 -0.0664503 -5.50656e-18)
(1.01678 -0.0788414 0)
(1.02678 -0.0931526 0)
(1.0352 -0.108344 0)
(1.04162 -0.123157 0)
(1.04584 -0.136363 0)
(1.04773 -0.147014 0)
(1.04716 -0.154645 3.9167e-18)
(1.04401 -0.159325 -8.24062e-18)
(1.03833 -0.161569 -4.40629e-18)
(1.03041 -0.16213 4.73694e-18)
(1.02076 -0.161763 5.08492e-18)
(1.01003 -0.161064 -5.66434e-18)
(0.99887 -0.160407 6.22281e-18)
(0.98789 -0.159968 0)
(0.977599 -0.159792 7.42762e-18)
(0.968401 -0.159849 -8.0363e-18)
(0.960605 -0.160092 0)
(0.954431 -0.160472 -1.83463e-17)
(0.950029 -0.160964 9.68339e-18)
(0.947489 -0.161558 -2.02641e-17)
(0.946858 -0.162274 1.05042e-17)
(0.948165 -0.163145 0)
(0.951447 -0.164222 1.08747e-17)
(0.956782 -0.165541 1.08857e-17)
(0.964276 -0.167091 -1.06502e-17)
(0.974053 -0.168755 -1.02613e-17)
(0.986111 -0.170304 9.58973e-18)
(1.00059 -0.171514 0)
(1.01685 -0.17217 0)
(1.03664 -0.172345 5.71035e-18)
(1.05328 -0.172177 0)
(1.08658 -0.170286 1.55463e-18)
(0.977833 0.212618 1.71942e-17)
(0.988996 0.199654 0)
(0.998474 0.199065 -2.58817e-17)
(1.00126 0.199743 2.35011e-17)
(1.00019 0.197603 -2.23904e-17)
(0.999043 0.194453 2.14496e-17)
(0.998418 0.191059 0)
(0.99775 0.187093 1.59914e-19)
(0.996982 0.182501 1.80428e-17)
(0.996328 0.177428 0)
(0.99586 0.171938 0)
(0.995535 0.166037 0)
(0.995314 0.159723 2.96963e-17)
(0.995175 0.152985 0)
(0.99508 0.145808 2.64601e-17)
(0.994983 0.138195 0)
(0.994874 0.130345 4.9379e-17)
(0.994788 0.122487 0)
(0.994748 0.114638 0)
(0.994736 0.106771 -2.3547e-17)
(0.994702 0.0989078 -1.15342e-17)
(0.994613 0.0911131 0)
(0.994477 0.0834572 0)
(0.994342 0.0759934 0)
(0.994286 0.068752 5.62537e-18)
(0.994414 0.0617327 -5.60798e-18)
(0.994855 0.054886 -1.02195e-19)
(0.995732 0.0480929 0)
(0.997111 0.0411658 5.63389e-18)
(0.998942 0.0338838 0)
(1.00102 0.0260674 0)
(1.00298 0.0176536 -2.69461e-18)
(1.0044 0.00874794 1.36275e-18)
(1.00481 -0.000351812 -1.7844e-20)
(1.00388 -0.00918269 3.28627e-19)
(1.00149 -0.0172458 0)
(0.997759 -0.0241367 0)
(0.993028 -0.0296263 1.4126e-18)
(0.987804 -0.0336877 -1.47224e-18)
(0.982724 -0.0364994 -3.07564e-18)
(0.978476 -0.0384162 -3.2052e-18)
(0.975717 -0.0399172 -3.31848e-18)
(0.97499 -0.0415572 0)
(0.976659 -0.0439208 0)
(0.980853 -0.047587 -3.4298e-18)
(0.987428 -0.0530866 -6.84193e-18)
(0.995956 -0.0608226 0)
(1.00576 -0.0709503 1.25613e-17)
(1.01606 -0.0832828 0)
(1.02608 -0.097242 0)
(1.03521 -0.111889 -5.37483e-18)
(1.04299 -0.126045 5.08836e-18)
(1.049 -0.138491 4.86718e-18)
(1.0527 -0.148243 0)
(1.05352 -0.154811 4.7108e-18)
(1.05106 -0.158314 9.52005e-18)
(1.04526 -0.159384 -8.6286e-20)
(1.03651 -0.158906 -5.35156e-18)
(1.02551 -0.15774 0)
(1.01311 -0.156527 6.42323e-18)
(1.00015 -0.155637 6.48191e-20)
(0.987326 -0.155211 0)
(0.975217 -0.155241 -1.69555e-17)
(0.964232 -0.155647 -4.99706e-20)
(0.954664 -0.156327 0)
(0.946706 -0.157193 1.04585e-17)
(0.940474 -0.158181 0)
(0.93602 -0.159253 1.15486e-17)
(0.933355 -0.160407 -1.19642e-17)
(0.932473 -0.161666 -1.22626e-17)
(0.933389 -0.163087 -1.2435e-17)
(0.936163 -0.164713 1.24165e-17)
(0.940888 -0.166533 1.22129e-17)
(0.947704 -0.16842 0)
(0.956679 -0.170136 0)
(0.968142 -0.171488 0)
(0.981638 -0.172245 0)
(0.999353 -0.172694 0)
(1.01437 -0.172448 0)
(1.04784 -0.170893 0)
(0.979275 0.209853 2.1e-17)
(0.993933 0.197336 0)
(1.00486 0.199299 2.92658e-17)
(1.00729 0.200624 -2.20064e-20)
(1.00582 0.198425 0)
(1.0046 0.195411 -4.84959e-17)
(1.00393 0.192092 0)
(1.00317 0.188067 -2.15999e-17)
(1.00233 0.183397 2.07078e-17)
(1.00161 0.17826 -1.96993e-17)
(1.00107 0.172706 3.74556e-17)
(1.00069 0.166736 -3.56078e-17)
(1.00045 0.160357 -3.34843e-17)
(1.00033 0.153568 0)
(1.00032 0.146355 3.0628e-17)
(1.00039 0.13872 0)
(1.00051 0.130852 -5.64636e-17)
(1.00068 0.122976 2.79446e-17)
(1.00089 0.115113 0)
(1.00109 0.107243 1.33788e-17)
(1.00124 0.0993847 0)
(1.0013 0.0915921 0)
(1.00127 0.0839261 -1.32228e-17)
(1.0012 0.0764309 0)
(1.00118 0.069127 0)
(1.00129 0.0620042 0)
(1.00166 0.0550089 6.40791e-18)
(1.0024 0.0480313 0)
(1.00356 0.0409106 1.09796e-19)
(1.00512 0.0334698 6.42004e-18)
(1.00691 0.025582 0)
(1.00863 0.0172241 0)
(1.0099 0.00852908 -1.5278e-18)
(1.01033 -0.000215625 7.57132e-19)
(1.00962 -0.00860468 0)
(1.00763 -0.0162152 3.90806e-19)
(1.00442 -0.0227191 7.97339e-19)
(1.00024 -0.0279589 0)
(0.99551 -0.0319679 0)
(0.990783 -0.0349623 3.53569e-18)
(0.98669 -0.0373057 0)
(0.983851 -0.0394557 -3.79453e-18)
(0.9828 -0.0419166 3.88991e-18)
(0.98391 -0.0451972 0)
(0.987338 -0.0497832 0)
(0.993001 -0.0561008 -1.22406e-19)
(1.00057 -0.064454 0)
(1.00949 -0.0749351 -7.1373e-18)
(1.01912 -0.0873479 6.97045e-18)
(1.0288 -0.101154 0)
(1.03792 -0.115458 6.01559e-18)
(1.04583 -0.12907 2.1155e-19)
(1.05173 -0.140707 -5.45373e-18)
(1.05474 -0.149325 0)
(1.05408 -0.15446 -5.30559e-18)
(1.04937 -0.156369 -5.44227e-18)
(1.04079 -0.155881 1.15405e-17)
(1.02898 -0.154062 0)
(1.01492 -0.151877 6.80879e-18)
(0.999625 -0.149997 7.4891e-18)
(0.984024 -0.14876 6.06029e-20)
(0.968841 -0.148246 0)
(0.954603 -0.148377 2.9463e-17)
(0.941661 -0.149009 1.05811e-17)
(0.93024 -0.149989 -2.27954e-17)
(0.920468 -0.151184 0)
(0.912403 -0.152496 -2.55344e-17)
(0.906048 -0.153858 -2.66831e-17)
(0.901378 -0.155256 1.3809e-17)
(0.898358 -0.156705 1.41687e-17)
(0.896978 -0.158269 -2.87531e-17)
(0.897269 -0.159995 1.43951e-17)
(0.899302 -0.161878 0)
(0.903249 -0.163805 0)
(0.909299 -0.165561 2.56638e-17)
(0.918044 -0.167031 0)
(0.92924 -0.167972 0)
(0.945651 -0.168924 0)
(0.9597 -0.168835 0)
(0.995335 -0.168335 0)
(0.981152 0.206469 -4.59698e-17)
(0.999747 0.195259 -4.01568e-17)
(1.01186 0.199929 -3.22627e-17)
(1.01377 0.201613 -5.72823e-21)
(1.01196 0.19938 0)
(1.01073 0.196547 2.73424e-17)
(1.01003 0.19327 0)
(1.00923 0.189169 0)
(1.00835 0.18443 -2.32878e-17)
(1.00761 0.179238 2.21571e-17)
(1.00705 0.173624 -8.4642e-17)
(1.00663 0.167587 4.00646e-17)
(1.00634 0.16114 3.84778e-17)
(1.00617 0.154285 3.66162e-17)
(1.00613 0.147012 3.75724e-19)
(1.00619 0.139321 0)
(1.00633 0.131401 6.43675e-17)
(1.00655 0.123477 -3.14601e-17)
(1.00683 0.115576 0)
(1.00713 0.107682 -3.09768e-17)
(1.00739 0.0998124 0)
(1.00758 0.092013 -1.51887e-17)
(1.00769 0.0843352 1.48782e-17)
(1.00777 0.0768143 1.50112e-17)
(1.00788 0.069461 1.49532e-17)
(1.0081 0.0622567 1.49054e-17)
(1.00854 0.0551444 0)
(1.00929 0.0480212 0)
(1.0104 0.0407467 -7.26257e-18)
(1.01185 0.0331769 -7.22335e-18)
(1.01347 0.0252248 0)
(1.01504 0.0169014 0)
(1.01621 0.00835741 -1.78115e-18)
(1.01665 -0.000127042 0)
(1.01607 -0.008182 -4.41677e-19)
(1.01429 -0.0154355 -4.38029e-19)
(1.01133 -0.0216177 1.37162e-20)
(1.00737 -0.0266307 0)
(1.00279 -0.0305617 -3.86299e-18)
(0.998081 -0.0336655 3.72605e-20)
(0.993863 -0.0363211 4.16162e-18)
(0.990738 -0.0389727 4.26531e-18)
(0.989235 -0.0420848 -4.3716e-18)
(0.989725 -0.0461007 0)
(0.992372 -0.0514278 0)
(0.997105 -0.0584077 8.75254e-18)
(1.00361 -0.0672673 0)
(1.01138 -0.0780476 0)
(1.01975 -0.0905302 -1.58214e-17)
(1.02797 -0.104161 0)
(1.03517 -0.117998 0)
(1.04038 -0.130771 -6.64049e-18)
(1.04255 -0.141133 0)
(1.04086 -0.14807 -6.34963e-18)
(1.03489 -0.151271 0)
(1.02474 -0.151224 0)
(1.01105 -0.148981 -1.34307e-17)
(0.994797 -0.145762 -1.45262e-17)
(0.97707 -0.142592 7.99753e-18)
(0.958891 -0.140117 -8.71711e-18)
(0.941077 -0.138609 -9.60965e-18)
(0.924207 -0.138061 0)
(0.90865 -0.138318 -4.60666e-17)
(0.894616 -0.139169 0)
(0.882212 -0.140413 5.33243e-17)
(0.871476 -0.141878 -2.83643e-17)
(0.862405 -0.14344 2.98196e-17)
(0.854963 -0.145013 3.11702e-17)
(0.8491 -0.146574 0)
(0.844763 -0.148134 -3.31769e-17)
(0.841902 -0.149759 3.36572e-17)
(0.840501 -0.151496 -3.37236e-17)
(0.840604 -0.153354 0)
(0.842439 -0.15526 0)
(0.846364 -0.15706 8.15861e-20)
(0.853274 -0.158739 0)
(0.86311 -0.160037 0)
(0.87927 -0.161762 0)
(0.893154 -0.162065 0)
(0.93265 -0.163245 0)
(0.983507 0.202469 0)
(1.00638 0.193569 1.98167e-19)
(1.01938 0.200878 3.62567e-17)
(1.02069 0.20266 -6.6934e-17)
(1.01865 0.200483 0)
(1.01746 0.197859 0)
(1.01677 0.194585 0)
(1.01594 0.190404 2.7792e-17)
(1.01507 0.185604 0)
(1.01433 0.18036 0)
(1.01376 0.174685 4.76887e-17)
(1.01331 0.168583 -4.57588e-17)
(1.01298 0.162069 3.7845e-19)
(1.01277 0.155147 -4.1112e-17)
(1.01266 0.147808 -3.91395e-17)
(1.01265 0.140051 0)
(1.01272 0.132064 3.79833e-19)
(1.01287 0.124075 0)
(1.01307 0.116117 0)
(1.0133 0.108177 -4.044e-19)
(1.01351 0.100273 0)
(1.01365 0.0924449 1.70691e-17)
(1.01373 0.0847375 0)
(1.01377 0.0771781 -1.68681e-17)
(1.01383 0.0697703 2.10098e-19)
(1.01399 0.0624884 -1.67486e-17)
(1.01433 0.0552737 -8.45577e-18)
(1.01493 0.0480286 0)
(1.01583 0.0406298 0)
(1.01699 0.0329536 8.37344e-18)
(1.01828 0.0249504 0)
(1.01949 0.0166525 0)
(1.02027 0.0082272 4.01639e-18)
(1.02029 -4.43531e-05 0)
(1.01926 -0.00781174 9.97383e-19)
(1.01701 -0.0147412 0)
(1.01352 -0.0206114 -1.0196e-18)
(1.00899 -0.025377 -2.12195e-18)
(1.00382 -0.029177 4.34807e-18)
(0.998518 -0.0323048 -4.5182e-18)
(0.993699 -0.035156 -4.69152e-18)
(0.98995 -0.0381646 0)
(0.987759 -0.0417627 0)
(0.987439 -0.0463327 0)
(0.989077 -0.0522078 1.02286e-17)
(0.992513 -0.0596489 0)
(0.997329 -0.0688051 0)
(1.00286 -0.079645 0)
(1.00824 -0.0918796 -1.96176e-19)
(1.01239 -0.104877 0)
(1.01414 -0.117623 -8.38333e-18)
(1.01242 -0.12882 -7.99217e-18)
(1.00649 -0.137198 -7.67127e-18)
(0.996201 -0.141931 7.32944e-18)
(0.981979 -0.142954 0)
(0.964696 -0.140982 0)
(0.945415 -0.137218 7.93584e-18)
(0.925204 -0.132937 1.71673e-17)
(0.905011 -0.129139 -1.88495e-17)
(0.885572 -0.126394 0)
(0.867385 -0.124878 0)
(0.85073 -0.124496 0)
(0.835723 -0.125016 2.74021e-17)
(0.822383 -0.126176 -2.96582e-17)
(0.810678 -0.127736 -3.16319e-17)
(0.80056 -0.129502 3.3561e-17)
(0.791978 -0.131334 -3.53739e-17)
(0.784872 -0.133135 0)
(0.779174 -0.134876 3.8215e-17)
(0.774797 -0.136558 3.91778e-17)
(0.771644 -0.138238 3.98165e-17)
(0.769661 -0.139969 0)
(0.768906 -0.141791 0)
(0.769725 -0.143707 3.80835e-17)
(0.772676 -0.145646 1.18232e-19)
(0.77894 -0.147695 3.24579e-17)
(0.788539 -0.149546 0)
(0.805521 -0.152279 0)
(0.819917 -0.153247 0)
(0.864356 -0.156404 0)
(0.98634 0.197925 -6.50284e-17)
(1.01372 0.192423 5.31597e-19)
(1.02734 0.202085 -3.93642e-17)
(1.02804 0.203763 3.74127e-17)
(1.02584 0.201745 0)
(1.02463 0.199307 0)
(1.0238 0.195977 0)
(1.02278 0.191687 -3.10425e-17)
(1.02168 0.186801 0)
(1.02067 0.18147 0)
(1.01981 0.175699 5.41411e-17)
(1.01905 0.1695 -3.77418e-19)
(1.0184 0.162892 -4.87934e-17)
(1.01786 0.155879 0)
(1.01741 0.148453 0)
(1.01704 0.140613 0)
(1.01675 0.132545 -8.28238e-17)
(1.01653 0.12448 0)
(1.01635 0.116455 0)
(1.01619 0.10846 3.95477e-17)
(1.01598 0.100512 0)
(1.01569 0.0926471 0)
(1.01531 0.0849053 0)
(1.01488 0.0773085 -1.94058e-17)
(1.01443 0.0698544 -3.84657e-17)
(1.01403 0.0625133 1.92845e-17)
(1.01375 0.0552247 -9.72623e-18)
(1.01365 0.0479002 0)
(1.01373 0.0404208 9.57673e-18)
(1.01395 0.032692 -9.41508e-18)
(1.01413 0.0246883 0)
(1.014 0.0164654 0)
(1.0132 0.00820652 -6.88449e-18)
(1.01142 0.000196118 -2.29283e-18)
(1.0084 -0.00723202 -1.14034e-18)
(1.00407 -0.01378 0)
(0.99854 -0.0192745 0)
(0.992152 -0.0237225 2.40629e-18)
(0.98539 -0.0273112 5.02491e-18)
(0.978829 -0.0303679 -5.21782e-18)
(0.973049 -0.0332979 5.41751e-18)
(0.968541 -0.0365139 0)
(0.965643 -0.0404059 0)
(0.964484 -0.0453008 0)
(0.964937 -0.0514541 -1.16522e-17)
(0.966607 -0.0590352 1.16891e-17)
(0.968819 -0.0680932 0)
(0.97062 -0.0784991 0)
(0.970819 -0.0898682 -1.83238e-19)
(0.9681 -0.1015 0)
(0.96127 -0.112382 9.70128e-18)
(0.949612 -0.121337 -1.73743e-19)
(0.933207 -0.127324 1.81595e-17)
(0.912967 -0.129795 0)
(0.890329 -0.128919 0)
(0.866804 -0.125535 0)
(0.843642 -0.120867 1.93027e-17)
(0.821721 -0.116133 0)
(0.801574 -0.112238 -2.29414e-17)
(0.783457 -0.109648 0)
(0.767415 -0.108444 -2.79115e-17)
(0.753353 -0.108455 0)
(0.741107 -0.109397 0)
(0.730494 -0.110975 3.55754e-17)
(0.721355 -0.112927 0)
(0.713563 -0.115049 0)
(0.707023 -0.117194 4.21431e-17)
(0.701648 -0.119255 0)
(0.697341 -0.121188 -9.08083e-17)
(0.693996 -0.122985 4.65574e-17)
(0.69152 -0.124702 -4.72111e-17)
(0.689914 -0.126421 4.73657e-17)
(0.689353 -0.128248 -4.67118e-17)
(0.690347 -0.130279 1.14638e-19)
(0.693608 -0.132518 1.47616e-19)
(0.700478 -0.135123 -3.80831e-17)
(0.710891 -0.137686 -3.27199e-17)
(0.72952 -0.141537 0)
(0.744769 -0.143338 1.56331e-17)
(0.794522 -0.148621 -7.1198e-18)
(0.989625 0.192956 6.86099e-17)
(1.02178 0.191899 8.59753e-19)
(1.03581 0.203486 6.20314e-19)
(1.03563 0.204922 -4.16846e-17)
(1.03261 0.203043 0)
(1.0303 0.200582 3.85483e-17)
(1.02805 0.196964 0)
(1.02543 0.192358 0)
(1.02267 0.187186 0)
(1.02002 0.181582 0)
(1.01755 0.175558 3.67178e-19)
(1.01528 0.169133 5.77572e-17)
(1.01319 0.162331 0)
(1.0113 0.155155 0)
(1.00956 0.147597 0)
(1.00795 0.139652 -4.82252e-17)
(1.00645 0.131503 -3.68264e-19)
(1.00507 0.123379 0)
(1.00376 0.115318 0)
(1.00245 0.107309 0)
(1.00107 0.0993654 -4.50573e-17)
(0.999591 0.0915216 -2.23694e-17)
(0.997985 0.0838112 0)
(0.996278 0.076252 2.19616e-17)
(0.994509 0.0688382 4.40021e-17)
(0.992733 0.0615369 -2.18589e-17)
(0.990993 0.054289 -2.04049e-19)
(0.989297 0.0470111 0)
(0.987601 0.0395863 -2.18682e-17)
(0.985758 0.0319822 1.09107e-17)
(0.983497 0.0241588 0)
(0.980501 0.0161981 0)
(0.97645 0.00829752 5.25269e-18)
(0.971109 0.000735505 -2.88034e-20)
(0.964409 -0.00618136 6.57549e-19)
(0.956509 -0.0121995 0)
(0.947798 -0.0171977 -2.74472e-18)
(0.938828 -0.0212315 0)
(0.930215 -0.0245235 3.53906e-20)
(0.922536 -0.0274141 6.04772e-18)
(0.916251 -0.0303051 -6.28394e-18)
(0.911629 -0.0335907 -1.30686e-17)
(0.908727 -0.03757 0)
(0.907362 -0.0425045 -1.36654e-17)
(0.907076 -0.0485777 1.37555e-17)
(0.907147 -0.0558749 -1.35708e-17)
(0.906582 -0.0643413 0)
(0.904146 -0.0737465 -1.31612e-17)
(0.898447 -0.0836364 1.26003e-17)
(0.888149 -0.0933098 0)
(0.87235 -0.101868 0)
(0.851005 -0.10837 1.13208e-17)
(0.825167 -0.11208 -1.10041e-17)
(0.796785 -0.112716 0)
(0.768104 -0.110587 0)
(0.741028 -0.106531 0)
(0.716768 -0.101677 -4.73705e-17)
(0.695843 -0.0971073 0)
(0.678278 -0.093601 2.81096e-17)
(0.663796 -0.091517 0)
(0.651983 -0.0908635 3.402e-17)
(0.642385 -0.0914218 3.71398e-17)
(0.634566 -0.0928778 0)
(0.628153 -0.0949223 4.29817e-17)
(0.622857 -0.0972839 4.56487e-17)
(0.618469 -0.0997522 0)
(0.614838 -0.10217 -5.03336e-17)
(0.611855 -0.104424 0)
(0.609445 -0.106465 -2.16897e-20)
(0.60759 -0.108299 2.9655e-20)
(0.606344 -0.110018 0)
(0.605886 -0.111766 6.72033e-20)
(0.60655 -0.11372 5.4995e-17)
(0.608938 -0.116045 -5.28748e-17)
(0.613734 -0.118767 -4.93811e-17)
(0.622249 -0.122062 0)
(0.634158 -0.12539 3.77211e-17)
(0.654799 -0.130365 0)
(0.670819 -0.132922 -1.75747e-17)
(0.725552 -0.140318 7.95755e-18)
(0.993547 0.187732 0)
(1.03076 0.191952 5.11534e-17)
(1.04375 0.20477 4.41676e-17)
(1.03992 0.20557 -1.02028e-19)
(1.03196 0.203223 0)
(1.02393 0.199937 -8.55033e-17)
(1.0158 0.195302 0)
(1.00758 0.189768 7.82652e-17)
(0.999709 0.183805 0)
(0.99251 0.177545 0)
(0.986054 0.170998 3.42216e-19)
(0.980296 0.16418 0)
(0.975161 0.157101 -6.3062e-17)
(0.970561 0.149753 6.02993e-17)
(0.966389 0.142114 5.76435e-17)
(0.962529 0.134166 1.09868e-16)
(0.958953 0.126081 5.36688e-17)
(0.955642 0.118072 0)
(0.952497 0.11017 0)
(0.949401 0.102357 5.23535e-17)
(0.946254 0.0946403 5.16188e-17)
(0.942991 0.0870474 2.56637e-17)
(0.939596 0.0796066 0)
(0.936091 0.0723317 0)
(0.932513 0.065214 -2.54578e-17)
(0.928898 0.0582192 0)
(0.925249 0.0512921 2.54464e-17)
(0.921516 0.0443374 0)
(0.917544 0.0373044 2.54985e-17)
(0.913075 0.0301511 -1.26167e-17)
(0.90779 0.0228448 1.26254e-17)
(0.901367 0.0154844 0)
(0.893562 0.00826571 0)
(0.884309 0.00144248 3.09896e-18)
(0.873801 -0.0047212 0)
(0.862506 -0.0100246 -7.96935e-19)
(0.851103 -0.0143963 3.2411e-18)
(0.840352 -0.0179252 0)
(0.830951 -0.0208467 -6.93374e-18)
(0.823407 -0.0234901 0)
(0.817948 -0.0262203 7.50625e-18)
(0.814565 -0.0293844 1.54234e-17)
(0.813007 -0.0332246 0)
(0.812729 -0.0379317 3.23623e-17)
(0.812913 -0.0436007 -1.62818e-17)
(0.812501 -0.0502357 0)
(0.810244 -0.0577017 0)
(0.804725 -0.0657021 1.56614e-17)
(0.794509 -0.0737641 0)
(0.778424 -0.0812576 0)
(0.756002 -0.0874718 -1.44825e-17)
(0.727888 -0.0917501 2.81273e-17)
(0.695947 -0.0936499 0)
(0.662867 -0.0930842 0)
(0.631397 -0.0903982 -2.70758e-17)
(0.60362 -0.0863345 0)
(0.580632 -0.0818555 -7.56134e-20)
(0.56262 -0.0778809 -3.16624e-17)
(0.549171 -0.0750605 -3.46208e-17)
(0.539557 -0.0736657 0)
(0.532965 -0.0736611 -4.14984e-17)
(0.528612 -0.0747935 -4.49855e-17)
(0.525799 -0.0767333 0)
(0.523964 -0.079165 -1.03119e-16)
(0.522689 -0.0818191 -5.45221e-17)
(0.52169 -0.0844788 5.72522e-17)
(0.520809 -0.0869908 5.97125e-17)
(0.520013 -0.08926 -6.18863e-17)
(0.519396 -0.0912725 1.27378e-16)
(0.519167 -0.0930857 -6.50068e-17)
(0.519615 -0.0948499 -6.57195e-17)
(0.521093 -0.0967607 -6.54489e-17)
(0.523978 -0.0990268 0)
(0.528771 -0.101816 0)
(0.5359 -0.105115 0)
(0.546517 -0.109086 0)
(0.559958 -0.113066 0)
(0.582361 -0.118997 -3.34615e-17)
(0.598607 -0.122139 0)
(0.657393 -0.131453 0)
(0.9988 0.182496 0)
(1.03779 0.19202 0)
(1.04102 0.204235 4.48291e-17)
(1.02211 0.202596 4.74213e-17)
(0.998582 0.197935 0)
(0.976594 0.192314 4.74626e-17)
(0.956688 0.185638 0)
(0.938903 0.178547 -8.83158e-17)
(0.92344 0.171464 0)
(0.910263 0.164446 0)
(0.899085 0.157445 -1.57824e-16)
(0.889552 0.150421 -7.58885e-17)
(0.881344 0.143339 7.24903e-17)
(0.874185 0.136152 -6.94471e-17)
(0.86782 0.128811 -6.64887e-17)
(0.862017 0.121278 -1.2753e-16)
(0.856698 0.113695 0)
(0.851813 0.106248 6.22353e-17)
(0.847207 0.0989485 0)
(0.842714 0.0917721 -1.2239e-16)
(0.838203 0.0847178 6.10197e-17)
(0.8336 0.0778051 0)
(0.828894 0.0710564 -3.03284e-17)
(0.824118 0.0644815 0)
(0.819312 0.0580701 0)
(0.814492 0.05179 0)
(0.809617 0.0455882 0)
(0.804574 0.0393828 0)
(0.799117 0.0331665 -1.51142e-17)
(0.79293 0.0268497 0)
(0.785649 0.020444 -3.00557e-17)
(0.776964 0.0140527 -7.50673e-18)
(0.766721 0.00784506 0)
(0.755034 0.00203403 0)
(0.742337 -0.00316871 -9.47976e-19)
(0.729363 -0.00761502 9.59151e-19)
(0.71702 -0.0112715 0)
(0.706213 -0.0142411 -4.06707e-18)
(0.697663 -0.016745 0)
(0.691757 -0.019073 0)
(0.688552 -0.021538 -1.80251e-17)
(0.687783 -0.0244203 0)
(0.688828 -0.0279374 1.90096e-17)
(0.690819 -0.0322017 -1.93708e-17)
(0.692683 -0.0372289 0)
(0.693128 -0.0429505 0)
(0.690724 -0.0491826 0)
(0.683982 -0.0556047 0)
(0.671548 -0.061774 -1.86991e-17)
(0.652529 -0.0671808 0)
(0.626902 -0.0713309 1.76836e-17)
(0.595822 -0.0738355 -3.44773e-17)
(0.561604 -0.0744812 3.38879e-17)
(0.527258 -0.0732889 3.34115e-17)
(0.495726 -0.070566 3.33379e-17)
(0.469182 -0.0669118 0)
(0.448688 -0.0631117 3.6001e-17)
(0.434272 -0.0599268 7.74599e-17)
(0.425246 -0.0578916 8.42732e-17)
(0.420527 -0.0572047 -4.59034e-17)
(0.418942 -0.0577893 9.95268e-17)
(0.419405 -0.0593758 5.37028e-17)
(0.420978 -0.0616347 0)
(0.422951 -0.0642199 1.22225e-16)
(0.424836 -0.0669044 0)
(0.426374 -0.0695001 -1.34746e-16)
(0.427526 -0.0718858 7.00573e-17)
(0.428466 -0.0740226 5.85568e-21)
(0.429536 -0.0759566 -7.42628e-17)
(0.431179 -0.077801 0)
(0.433839 -0.079738 7.593e-17)
(0.437892 -0.0819671 7.53255e-17)
(0.443583 -0.0846665 0)
(0.451137 -0.0879446 -6.96842e-17)
(0.460615 -0.0917239 6.4333e-17)
(0.473016 -0.0961603 0)
(0.48734 -0.100536 0)
(0.510725 -0.107047 3.66619e-17)
(0.526225 -0.11054 0)
(0.58749 -0.121398 0)
(1.00402 0.17724 7.89446e-17)
(1.02677 0.1894 0)
(0.997034 0.196789 -9.42177e-17)
(0.944563 0.189395 0)
(0.895574 0.180303 -5.33787e-17)
(0.85683 0.171525 0)
(0.826358 0.162896 0)
(0.801893 0.154779 0)
(0.782176 0.147287 0)
(0.766256 0.140276 -9.53074e-17)
(0.753271 0.133576 9.16849e-17)
(0.742513 0.127069 -2.05191e-19)
(0.73345 0.120666 0)
(0.725676 0.114289 0)
(0.71885 0.107867 0)
(0.712682 0.101349 1.49514e-16)
(0.707062 0.094843 0)
(0.701927 0.0884968 -7.31626e-17)
(0.697106 0.0823095 0)
(0.692418 0.0762518 -2.00171e-19)
(0.687725 0.0703179 2.02031e-19)
(0.682963 0.064521 7.2368e-17)
(0.678138 0.0588781 3.60672e-17)
(0.673299 0.0533965 0)
(0.668493 0.0480668 -3.62499e-17)
(0.663727 0.042861 0)
(0.658925 0.0377355 0)
(0.653928 0.032644 0)
(0.648452 0.0275258 1.82604e-17)
(0.642117 0.0223449 -1.82309e-17)
(0.634538 0.0171304 1.81441e-17)
(0.62542 0.0119608 9.06132e-18)
(0.614685 0.00697022 0)
(0.602575 0.00232501 0)
(0.589692 -0.00181613 1.1514e-18)
(0.576938 -0.00535053 0)
(0.565357 -0.00826891 0)
(0.555925 -0.0106683 9.9037e-18)
(0.549358 -0.012736 1.02617e-17)
(0.545979 -0.0147119 -1.0601e-17)
(0.545712 -0.0168541 -1.51909e-20)
(0.548034 -0.0193807 0)
(0.552086 -0.0224439 3.47575e-20)
(0.556775 -0.0260973 0)
(0.560832 -0.0303169 0)
(0.562858 -0.0349876 -2.37429e-17)
(0.561357 -0.0399004 0)
(0.554907 -0.0447456 0)
(0.542381 -0.0491554 2.26797e-17)
(0.523232 -0.0527654 0)
(0.497768 -0.0552812 0)
(0.467322 -0.0565151 4.24509e-17)
(0.434182 -0.0563928 1.24959e-19)
(0.401245 -0.0549706 -4.07491e-17)
(0.371422 -0.0524884 -4.08206e-17)
(0.346985 -0.0494118 -4.16651e-17)
(0.329135 -0.0463691 -4.35813e-17)
(0.31794 -0.0439701 -4.64933e-17)
(0.312595 -0.0426378 -1.00559e-16)
(0.311761 -0.0425483 1.08356e-16)
(0.313975 -0.0435247 -5.83069e-17)
(0.317885 -0.0453073 -6.26775e-17)
(0.322414 -0.0475908 6.70513e-17)
(0.326814 -0.0500671 -4.02319e-20)
(0.330655 -0.0525234 -7.47011e-17)
(0.333819 -0.0548495 7.79799e-17)
(0.33645 -0.0569924 -2.67138e-20)
(0.338923 -0.0589711 8.3198e-17)
(0.341742 -0.0608728 0)
(0.345447 -0.062834 0)
(0.350485 -0.0650308 0)
(0.357124 -0.0676008 -8.44934e-17)
(0.365378 -0.0706597 0)
(0.375166 -0.0742451 -1.42128e-19)
(0.386207 -0.0782235 -7.06522e-17)
(0.399434 -0.0827567 0)
(0.41354 -0.0871667 5.22037e-17)
(0.436716 -0.0937897 0)
(0.450196 -0.0973028 0)
(0.511504 -0.1091 1.20054e-17)
(0.997056 0.17083 2.35233e-18)
(0.960103 0.177928 0)
(0.870039 0.174914 5.11769e-17)
(0.779154 0.16002 0)
(0.71385 0.14733 6.03513e-17)
(0.670903 0.137284 0)
(0.640672 0.12868 0)
(0.61772 0.121212 0)
(0.599791 0.114649 1.13713e-16)
(0.585651 0.10871 2.20323e-16)
(0.574332 0.103176 1.06524e-16)
(0.565084 0.0979004 2.053e-16)
(0.55738 0.092783 0)
(0.550831 0.087741 9.49511e-17)
(0.545121 0.0827061 9.10899e-17)
(0.539985 0.0776268 -1.74462e-16)
(0.535317 0.0725833 0)
(0.531065 0.0676823 0)
(0.52708 0.062918 0)
(0.523197 0.0582636 1.71785e-16)
(0.519296 0.0537121 -8.58127e-17)
(0.515331 0.0492722 -8.58727e-17)
(0.511331 0.0449572 -4.30672e-17)
(0.507363 0.0407732 4.31748e-17)
(0.503488 0.0367141 4.32525e-17)
(0.499707 0.0327587 0)
(0.495932 0.0288775 -4.36443e-17)
(0.491984 0.0250412 0)
(0.487556 0.0211556 -2.19049e-17)
(0.482245 0.0172451 2.19115e-17)
(0.47566 0.0133308 -2.19426e-17)
(0.467531 0.0094631 0)
(0.457825 0.00574039 1.10084e-17)
(0.44685 0.00228217 0)
(0.435271 -0.000801996 0)
(0.42404 -0.00344608 0)
(0.414228 -0.00565262 0)
(0.406814 -0.00749919 -5.99376e-18)
(0.402495 -0.00912871 -1.2388e-17)
(0.401558 -0.0107479 1.27342e-17)
(0.403815 -0.0125232 -9.1749e-21)
(0.408647 -0.014615 0)
(0.415085 -0.017124 -2.73766e-17)
(0.421927 -0.0200662 -2.79048e-17)
(0.427827 -0.0233879 0)
(0.431376 -0.0269581 2.84236e-17)
(0.431191 -0.0305793 0)
(0.426087 -0.0339862 0)
(0.41526 -0.036912 2.73909e-17)
(0.398459 -0.0391289 5.36789e-17)
(0.376094 -0.0404851 0)
(0.349293 -0.0409057 -5.10645e-17)
(0.319903 -0.0403741 -4.98029e-17)
(0.290376 -0.0389442 0)
(0.26342 -0.0367988 4.85354e-17)
(0.241412 -0.0343027 4.92476e-17)
(0.225802 -0.0319465 5.1184e-17)
(0.216853 -0.0302073 5.43243e-17)
(0.21379 -0.0294006 1.16545e-16)
(0.215175 -0.0296678 -2.36242e-20)
(0.21941 -0.0307501 -6.67573e-17)
(0.225036 -0.0324375 0)
(0.230955 -0.0344658 -7.6222e-17)
(0.23649 -0.0366223 -1.61398e-16)
(0.241335 -0.0387231 1.69382e-16)
(0.245517 -0.0407163 -8.81343e-17)
(0.249297 -0.042602 -9.10469e-17)
(0.253115 -0.0444349 0)
(0.257488 -0.0463102 -9.47015e-17)
(0.262911 -0.0483445 0)
(0.269745 -0.0506778 0)
(0.278112 -0.0533903 -9.22676e-17)
(0.287827 -0.0565336 0)
(0.298587 -0.0600968 8.32012e-17)
(0.309892 -0.0639029 -7.60887e-17)
(0.322643 -0.0681349 0)
(0.335291 -0.0721894 -5.52332e-17)
(0.356734 -0.0784016 0)
(0.366918 -0.081536 0)
(0.424718 -0.093395 -1.26551e-17)
(0.943677 0.159905 -8.26064e-17)
(0.792332 0.149735 0)
(0.646359 0.134635 5.71513e-17)
(0.546526 0.116148 0)
(0.491804 0.104377 6.82689e-17)
(0.460804 0.0963191 0)
(0.439264 0.0897763 0)
(0.42257 0.0842063 0)
(0.409554 0.0793969 4.78284e-20)
(0.399447 0.0751195 4.88614e-20)
(0.39146 0.0711862 -1.20761e-16)
(0.384982 0.0674718 -1.16675e-16)
(0.379615 0.0638932 0)
(0.375079 0.0603864 -2.16482e-16)
(0.371142 0.0568988 -1.03941e-16)
(0.367608 0.0533907 1.99427e-16)
(0.364401 0.049915 0)
(0.361486 0.0465431 9.93446e-17)
(0.358752 0.0432694 9.96061e-17)
(0.356069 0.0400735 -9.98196e-17)
(0.353344 0.0369487 0)
(0.350554 0.0339012 -1.00535e-16)
(0.34775 0.030941 5.04521e-17)
(0.345011 0.028074 -5.06924e-17)
(0.342403 0.0252976 5.09811e-17)
(0.339933 0.0225993 0)
(0.337515 0.0199599 -2.70235e-20)
(0.334979 0.0173541 0)
(0.332029 0.014718 0)
(0.32829 0.0120595 0)
(0.323401 0.00940767 -1.31541e-20)
(0.317123 0.00679381 0)
(0.309439 0.00428054 -1.31088e-17)
(0.300641 0.00194267 6.60207e-18)
(0.291336 -0.000152375 0)
(0.282385 -0.00196591 0)
(0.274756 -0.00350389 -6.93573e-18)
(0.269345 -0.00482052 0)
(0.266799 -0.00601198 0)
(0.267385 -0.00724643 1.50866e-17)
(0.27093 -0.00860088 -4.46784e-21)
(0.276846 -0.010189 -3.1737e-17)
(0.284206 -0.0120704 -3.2414e-17)
(0.291861 -0.0142359 3.29536e-17)
(0.298557 -0.0166221 0)
(0.303048 -0.019111 0)
(0.304211 -0.0215547 0)
(0.301184 -0.0237517 0)
(0.293467 -0.0255356 -3.23754e-17)
(0.280966 -0.026778 4.44821e-20)
(0.263975 -0.0274048 0)
(0.243182 -0.0273836 0)
(0.219769 -0.0267077 5.83056e-17)
(0.195533 -0.0254149 0)
(0.172765 -0.0236447 0)
(0.153773 -0.0216801 -5.64411e-17)
(0.140204 -0.0198966 0)
(0.132588 -0.0186545 -6.1236e-17)
(0.130359 -0.0181705 -1.30539e-16)
(0.132226 -0.0185142 -6.96514e-17)
(0.136689 -0.0194522 7.45056e-17)
(0.142371 -0.020823 0)
(0.148289 -0.0224271 8.4362e-17)
(0.153882 -0.024116 1.78014e-16)
(0.158939 -0.0257917 -9.31895e-17)
(0.163539 -0.0274188 9.67154e-17)
(0.167924 -0.0290133 9.94278e-17)
(0.172473 -0.0306303 0)
(0.177597 -0.0323494 -1.69254e-22)
(0.183676 -0.0342531 0)
(0.190965 -0.0364342 0)
(0.199483 -0.0389412 9.78919e-17)
(0.208962 -0.0417756 0)
(0.219023 -0.0448923 0)
(0.229093 -0.048119 7.95513e-17)
(0.239989 -0.0516375 -6.98404e-17)
(0.250073 -0.0549439 0)
(0.267993 -0.0601364 -4.44693e-17)
(0.274171 -0.0624912 0)
(0.323609 -0.0732187 0)
(0.781195 0.136259 0)
(0.508931 0.100282 6.00602e-17)
(0.371098 0.0813107 -6.46795e-17)
(0.305412 0.0672024 7.24661e-17)
(0.276732 0.0601252 -1.20446e-20)
(0.260907 0.0554834 7.3869e-17)
(0.248852 0.0516206 0)
(0.239164 0.0483132 1.42743e-16)
(0.231709 0.0454855 -1.3963e-16)
(0.22603 0.0429981 -1.36081e-16)
(0.221578 0.0407269 0)
(0.217971 0.0385901 0)
(0.214992 0.0365375 0)
(0.212488 0.0345314 1.19367e-16)
(0.210323 0.0325399 0)
(0.20838 0.0305388 -1.10387e-16)
(0.206618 0.0285572 0)
(0.205021 0.0266361 1.14227e-20)
(0.203518 0.0247718 -1.11946e-16)
(0.202021 0.0229515 0)
(0.20047 0.0211683 0)
(0.198867 0.0194273 1.14326e-16)
(0.197262 0.0177358 0)
(0.195732 0.0160991 5.80278e-17)
(0.194334 0.0145172 -5.84638e-17)
(0.193079 0.0129838 0)
(0.191907 0.0114875 5.93183e-17)
(0.190689 0.0100109 0)
(0.1892 0.00853549 0)
(0.187153 0.00704274 0)
(0.184269 0.00555274 3.02097e-17)
(0.180356 0.0040788 0)
(0.175385 0.0026602 0)
(0.169546 0.00133579 -7.65935e-18)
(0.163264 0.000139888 0)
(0.157156 -0.00090822 0)
(0.151941 -0.00181291 -8.51944e-22)
(0.148311 -0.00260466 0)
(0.146799 -0.00334152 0)
(0.147665 -0.00412881 1.46364e-21)
(0.150837 -0.00499461 1.79078e-17)
(0.155901 -0.00600312 3.67489e-17)
(0.162158 -0.00718273 3.75561e-17)
(0.168726 -0.00851866 3.81839e-17)
(0.174657 -0.0099622 0)
(0.17904 -0.0114374 3.87466e-17)
(0.181106 -0.0128485 0)
(0.180318 -0.014064 0)
(0.176395 -0.0150074 3.73691e-17)
(0.169285 -0.0156142 2.90946e-20)
(0.159092 -0.0158463 0)
(0.146052 -0.0156844 -6.8338e-17)
(0.130678 -0.0151203 -1.31666e-16)
(0.113977 -0.0141703 0)
(0.0975302 -0.0129165 6.2255e-17)
(0.0831908 -0.0115445 6.20668e-17)
(0.0724962 -0.0103074 0)
(0.0661671 -0.00945499 0)
(0.063983 -0.00912973 7.0463e-17)
(0.0650703 -0.00934255 0)
(0.0682988 -0.00995438 0)
(0.0726023 -0.0108481 0)
(0.0772291 -0.0118989 -9.05425e-17)
(0.0817551 -0.0130138 -9.51603e-17)
(0.0860125 -0.0141453 0)
(0.0900455 -0.0152799 -1.02513e-16)
(0.093995 -0.016429 -1.05081e-16)
(0.0980945 -0.0176309 1.06644e-16)
(0.102596 -0.0189279 2.1439e-16)
(0.107738 -0.020369 0)
(0.113682 -0.0220018 0)
(0.120414 -0.0238457 0)
(0.127714 -0.0258864 0)
(0.135268 -0.028081 -9.00083e-17)
(0.142581 -0.030323 8.15068e-17)
(0.150253 -0.0327457 7.09358e-17)
(0.156876 -0.0349957 -5.86941e-17)
(0.169249 -0.0386 -3.02303e-19)
(0.171761 -0.0399873 0)
(0.206833 -0.0478732 1.44633e-17)
(0.40858 0.0780679 8.41462e-17)
(0.163852 0.0347341 -1.01833e-16)
(0.114656 0.0266912 0)
(0.0943141 0.021595 5.61611e-21)
(0.0870976 0.0193615 -5.72316e-17)
(0.0827594 0.0178913 -5.69036e-17)
(0.0789455 0.0166297 0)
(0.0758341 0.0155449 -1.11574e-16)
(0.0735083 0.0146235 0)
(0.0717726 0.0138183 0)
(0.0704152 0.0130861 0)
(0.0693137 0.0123982 0)
(0.0684074 0.0117383 0)
(0.067651 0.0110944 9.87047e-17)
(0.066999 0.0104559 0)
(0.066414 0.00981461 9.29079e-17)
(0.0658843 0.00917959 9.37974e-17)
(0.0654058 0.00856422 -1.91373e-16)
(0.0649507 0.00796735 0)
(0.064484 0.00738449 9.90535e-17)
(0.0639852 0.00681193 -1.00604e-16)
(0.0634603 0.00625217 0)
(0.0629393 0.00570791 -5.17929e-17)
(0.0624593 0.00518136 -5.25174e-17)
(0.0620504 0.0046731 0)
(0.061723 0.00418157 -5.38946e-17)
(0.0614593 0.00370318 5.45166e-17)
(0.0612095 0.00323346 0)
(0.060879 0.00276917 0)
(0.0603422 0.00230457 2.79534e-17)
(0.0594701 0.00183949 -2.80986e-17)
(0.0581632 0.00137669 0)
(0.0563812 0.000931113 0)
(0.0541739 0.000512359 -7.13008e-18)
(0.051691 0.000129152 3.59712e-18)
(0.0491747 -0.000214057 0)
(0.0469303 -0.000519356 7.42471e-18)
(0.0452777 -0.000795951 0)
(0.044489 -0.00106273 0)
(0.0447386 -0.00135295 8.10413e-23)
(0.0460565 -0.00167099 3.31949e-17)
(0.0483044 -0.0020333 0)
(0.0512007 -0.0024463 0)
(0.0543656 -0.00290201 -3.55483e-17)
(0.0573867 -0.00338275 3.58965e-17)
(0.0598698 -0.00386446 -3.59523e-17)
(0.0614932 -0.00431432 0)
(0.062039 -0.00468459 3.51483e-17)
(0.0613952 -0.00495989 -3.43127e-17)
(0.0595287 -0.00511875 1.00261e-20)
(0.0564193 -0.00514576 0)
(0.0520354 -0.00503211 -1.25444e-20)
(0.0464066 -0.00477635 1.16162e-16)
(0.039783 -0.00438963 0)
(0.0327537 -0.0039055 1.24532e-20)
(0.0261737 -0.00339598 0)
(0.0208881 -0.00295112 0)
(0.0174259 -0.00266017 0)
(0.0158546 -0.0025712 5.78097e-17)
(0.0158819 -0.00266483 0)
(0.0170278 -0.00290136 6.5367e-17)
(0.0188032 -0.00323265 0)
(0.0208517 -0.00361738 0)
(0.0229599 -0.00402399 0)
(0.0250269 -0.00443848 0)
(0.0270442 -0.00485976 1.63138e-20)
(0.0290414 -0.00529402 0)
(0.0310896 -0.00575641 -1.66201e-16)
(0.0332718 -0.00625997 -8.29099e-17)
(0.0356746 -0.00681911 8.18441e-17)
(0.0383641 -0.00744968 0)
(0.0413399 -0.00815351 0)
(0.0445134 -0.00891972 0)
(0.0477482 -0.00972514 6.69569e-17)
(0.0508042 -0.0105316 5.22302e-20)
(0.0539128 -0.0113824 0)
(0.0563913 -0.0121633 4.25236e-17)
(0.061236 -0.0134195 3.24522e-17)
(0.0614573 -0.0138792 0)
(0.0756953 -0.0169437 -1.03065e-17)
)
;

boundaryField
{
    inlet
    {
        type            fixedValue;
        value           uniform (0.97437 0.22495 0);
    }
    outlet
    {
        type            zeroGradient;
    }
    fixedWalls
    {
        type            noSlip;
    }
    frontAndBack
    {
        type            empty;
    }
}


// ************************************************************************* //
