/*--------------------------------*- C++ -*----------------------------------*\
| =========                 |                                                 |
| \\      /  F ield         | OpenFOAM: The Open Source CFD Toolbox           |
|  \\    /   O peration     | Version:  v1912                                 |
|   \\  /    A nd           | Website:  www.openfoam.com                      |
|    \\/     M anipulation  |                                                 |
\*---------------------------------------------------------------------------*/
FoamFile
{
    version     2.0;
    format      ascii;
    class       volVectorField;
    location    "175";
    object      U;
}
// * * * * * * * * * * * * * * * * * * * * * * * * * * * * * * * * * * * * * //

dimensions      [0 1 -1 0 0 0 0];


internalField   nonuniform List<vector> 
2000
(
(0.843124 0.195894 0)
(0.511694 0.132652 0)
(0.222178 0.0718674 0)
(0.061131 0.0151951 7.3655e-20)
(-0.00472245 -0.0308153 1.61493e-17)
(-0.0578392 -0.046626 1.46126e-17)
(-0.0677082 -0.0369962 0)
(-0.0630654 -0.00533928 0)
(-0.0519258 0.0272133 0)
(-0.0493239 0.0242411 3.23162e-17)
(-0.0421448 0.0127321 -2.00314e-17)
(-0.0370665 0.00774944 -1.86547e-17)
(-0.0428098 0.00600688 0)
(-0.0474075 0.00556966 0)
(-0.0484941 0.00586897 -1.44384e-17)
(-0.0490413 0.00725907 0)
(-0.0511025 0.00817571 1.28126e-17)
(-0.0541533 0.00861573 -1.23849e-21)
(-0.0575632 0.00888173 1.22167e-17)
(-0.0612723 0.00928388 -5.97986e-18)
(-0.0654734 0.00991181 1.17334e-17)
(-0.0703841 0.0107816 0)
(-0.0761983 0.0118897 0)
(-0.0830892 0.0132022 6.14577e-21)
(-0.0911876 0.0146349 0)
(-0.100544 0.0160505 -5.36173e-18)
(-0.111101 0.0172781 0)
(-0.12268 0.0181452 5.15712e-18)
(-0.134988 0.0185066 0)
(-0.147642 0.0182591 0)
(-0.160222 0.0173578 0)
(-0.17232 0.015819 1.20267e-18)
(-0.183575 0.0137096 0)
(-0.19369 0.0111308 -5.90928e-19)
(-0.202452 0.0081999 1.96702e-14)
(-0.209731 0.00503687 1.95457e-14)
(-0.215467 0.00175406 6.03543e-19)
(-0.219623 -0.00155134 -6.07225e-19)
(-0.222158 -0.00478332 0)
(-0.223097 -0.00780106 2.55612e-18)
(-0.222828 -0.0105134 0)
(-0.221641 -0.0129473 -2.73138e-18)
(-0.21946 -0.0152176 0)
(-0.216295 -0.0173752 -5.8896e-18)
(-0.212124 -0.0194353 3.09026e-18)
(-0.206916 -0.021395 0)
(-0.200634 -0.0232425 0)
(-0.19324 -0.0249602 -3.60796e-18)
(-0.184698 -0.0265275 0)
(-0.174973 -0.0279216 4.03494e-18)
(-0.164038 -0.0291188 0)
(-0.151871 -0.0300933 9.25709e-18)
(-0.138454 -0.0308182 -9.91788e-18)
(-0.123771 -0.0312671 1.06516e-17)
(-0.107807 -0.0314221 -5.68734e-18)
(-0.0905567 -0.0312711 0)
(-0.0720181 -0.0307965 6.62935e-18)
(-0.0521989 -0.0299807 -7.17979e-18)
(-0.031147 -0.0288019 -1.57373e-17)
(-0.00896914 -0.0272099 1.68823e-17)
(0.0143956 -0.0251061 -1.76412e-17)
(0.039121 -0.0224926 1.77909e-17)
(0.0649967 -0.0193817 -1.78863e-17)
(0.0920609 -0.0157817 1.81887e-17)
(0.120331 -0.0116958 -2.90362e-19)
(0.149802 -0.0071227 1.78103e-17)
(0.180473 -0.00205853 0)
(0.212365 0.00350191 0)
(0.245515 0.00956473 4.19318e-19)
(0.279984 0.0161371 0)
(0.315861 0.0232269 1.66366e-17)
(0.353273 0.0308434 0)
(0.392388 0.0389927 1.5299e-17)
(0.433486 0.0476811 -6.54299e-19)
(0.476813 0.0568751 1.33176e-17)
(0.52339 0.0665721 2.32227e-17)
(0.572384 0.0764158 8.25096e-19)
(0.631733 0.0864241 -8.36625e-18)
(0.680614 0.09471 -5.62284e-18)
(0.800357 0.0970271 0)
(1.01525 0.211455 0)
(0.942826 0.196058 0)
(0.799522 0.180995 -4.45293e-18)
(0.646024 0.151799 9.4e-18)
(0.497048 0.108993 0)
(0.345477 0.0652236 -1.03289e-17)
(0.198247 0.0242618 0)
(0.058172 -0.00898822 0)
(-0.0262352 -0.0142098 0)
(-0.034584 -0.0242215 -2.38736e-17)
(-0.0513292 -0.0183295 2.21167e-17)
(-0.0489713 0.00642177 2.0578e-17)
(-0.044141 0.0222295 0)
(-0.0455141 0.0182422 8.60492e-18)
(-0.0470071 0.0110995 0)
(-0.0497461 0.0103739 0)
(-0.0537196 0.0118106 0)
(-0.0577447 0.0130008 6.79823e-18)
(-0.0615789 0.0138651 -1.32339e-17)
(-0.0653934 0.0148527 -6.45076e-18)
(-0.0694136 0.0161746 0)
(-0.0737154 0.0178367 0)
(-0.0782932 0.0198023 0)
(-0.0831251 0.0220222 -8.85348e-18)
(-0.0881766 0.0243785 0)
(-0.093375 0.0266669 5.66157e-18)
(-0.0985874 0.0286289 2.77802e-18)
(-0.103622 0.0300066 0)
(-0.108257 0.030594 0)
(-0.112283 0.0302685 0)
(-0.11553 0.0290034 0)
(-0.117886 0.0268617 -6.38069e-19)
(-0.119303 0.0239743 0)
(-0.119797 0.020513 3.14093e-19)
(-0.119432 0.0166617 1.55861e-19)
(-0.118318 0.0125936 0)
(-0.116624 0.00846526 0)
(-0.114547 0.00441735 6.37356e-19)
(-0.112156 0.000526227 0)
(-0.109637 -0.00318908 -1.32201e-18)
(-0.106808 -0.00669589 0)
(-0.103284 -0.010026 -1.38408e-18)
(-0.0990924 -0.0132782 0)
(-0.0941654 -0.0165014 1.50456e-18)
(-0.0884294 -0.0197108 1.53968e-18)
(-0.0818239 -0.0228989 0)
(-0.0742994 -0.0260443 0)
(-0.0658138 -0.0291173 -3.52542e-18)
(-0.0563314 -0.0320833 0)
(-0.0458214 -0.0349044 -3.82314e-20)
(-0.0342584 -0.0375413 0)
(-0.0216208 -0.0399545 0)
(-0.00789228 -0.0421042 0)
(0.00693816 -0.0439446 0)
(0.0228684 -0.0454349 1.00958e-17)
(0.0398925 -0.0465403 0)
(0.0580113 -0.0472239 -1.06804e-17)
(0.077222 -0.0474509 5.52127e-18)
(0.0975215 -0.0471911 -5.57248e-18)
(0.118911 -0.0464202 -1.15856e-17)
(0.14138 -0.0451082 1.18321e-17)
(0.164888 -0.0432419 -1.20563e-17)
(0.189391 -0.0407907 1.22558e-17)
(0.214904 -0.0377461 0)
(0.241446 -0.034107 -1.86776e-17)
(0.269031 -0.0298752 -1.26506e-17)
(0.297686 -0.0250555 0)
(0.327447 -0.0196547 6.12464e-18)
(0.358373 -0.0136829 1.2602e-17)
(0.390541 -0.00715221 0)
(0.424057 -7.89686e-05 0)
(0.459061 0.0075145 0)
(0.495735 0.0155921 0)
(0.534321 0.0240957 -1.079e-17)
(0.575121 0.0328967 4.60152e-18)
(0.618616 0.0418178 -9.01677e-18)
(0.664984 0.0502081 7.75447e-18)
(0.716425 0.0577429 -2.63584e-18)
(0.764689 0.060971 0)
(0.845309 0.0553647 0)
(0.978937 0.202903 0)
(0.979956 0.1965 -3.67334e-18)
(0.969218 0.209705 4.39312e-18)
(0.935919 0.213211 -3.93513e-18)
(0.869979 0.198603 3.82249e-18)
(0.771588 0.171835 3.87366e-18)
(0.649171 0.139791 0)
(0.514351 0.105393 0)
(0.376428 0.07111 0)
(0.254332 0.0381075 9.89448e-18)
(0.138952 0.00896078 0)
(0.0395467 -0.0075653 0)
(0.00010535 -0.000723399 0)
(-0.0041896 -0.0011594 -9.93689e-18)
(-0.0145855 0.00144953 0)
(-0.0188808 0.0104125 -8.47897e-18)
(-0.0223091 0.0161281 0)
(-0.0262337 0.0170186 7.81457e-18)
(-0.0300037 0.0164207 3.79424e-18)
(-0.0332142 0.0165162 0)
(-0.035784 0.0175006 -3.60328e-18)
(-0.0377785 0.0189724 0)
(-0.0391791 0.0207239 0)
(-0.0399564 0.0226741 6.73044e-18)
(-0.0401204 0.0247092 0)
(-0.039714 0.0266226 1.61837e-18)
(-0.038794 0.0281455 -4.75596e-18)
(-0.0374235 0.0290108 0)
(-0.0356743 0.0290116 0)
(-0.0336281 0.0280419 -7.51711e-19)
(-0.0313687 0.0261068 0)
(-0.0289688 0.0233064 1.68936e-21)
(-0.0264807 0.0198091 0)
(-0.023931 0.0158188 7.15699e-19)
(-0.0213204 0.0115481 8.9318e-20)
(-0.0186118 0.00718784 0)
(-0.0157134 0.00288549 1.80176e-19)
(-0.0125545 -0.00126147 -3.63878e-19)
(-0.00904096 -0.00512952 -3.68527e-19)
(-0.00514227 -0.00875884 -7.49761e-19)
(-0.000684587 -0.0123057 7.651e-19)
(0.00446153 -0.0159115 7.81109e-19)
(0.0103086 -0.0196119 0)
(0.0168704 -0.0234068 1.62752e-18)
(0.0241682 -0.02728 -3.33075e-18)
(0.0322247 -0.031204 0)
(0.0410619 -0.0351445 -1.75347e-18)
(0.0507009 -0.039062 3.61796e-18)
(0.0611608 -0.0429133 0)
(0.0724581 -0.0466529 -1.92824e-18)
(0.0846069 -0.0502336 1.97537e-18)
(0.0976175 -0.0536076 -2.03796e-18)
(0.111497 -0.0567273 -2.10257e-18)
(0.126248 -0.0595456 0)
(0.141872 -0.0620152 -4.4973e-18)
(0.158364 -0.0640893 -2.30284e-18)
(0.175721 -0.0657247 2.40411e-18)
(0.193938 -0.066883 2.43484e-18)
(0.213009 -0.0675323 5.04184e-18)
(0.232931 -0.0676501 0)
(0.253696 -0.0672249 0)
(0.275293 -0.066246 0)
(0.297718 -0.0646932 -2.7091e-18)
(0.320985 -0.0625574 0)
(0.345121 -0.0598415 5.64333e-18)
(0.370158 -0.0565562 0)
(0.396139 -0.0527178 -2.79672e-18)
(0.423125 -0.0483477 -5.70384e-18)
(0.451194 -0.0434725 0)
(0.480445 -0.0381241 -2.71682e-18)
(0.511002 -0.0323416 2.64945e-18)
(0.543015 -0.0261743 0)
(0.576668 -0.0196896 0)
(0.61218 -0.0129869 0)
(0.649791 -0.00622555 -4.36203e-18)
(0.689826 0.000332707 0)
(0.732277 0.0062087 -1.52227e-18)
(0.778417 0.0107311 2.51643e-18)
(0.821644 0.0124106 0)
(0.888721 0.00847889 3.7794e-19)
(0.970709 0.210798 0)
(0.964257 0.199169 2.07021e-18)
(0.966631 0.204804 0)
(0.976262 0.213727 2.181e-18)
(0.978819 0.216553 -3.96133e-18)
(0.961444 0.211965 -1.84056e-18)
(0.919062 0.201102 0)
(0.85331 0.183867 0)
(0.765673 0.159627 0)
(0.661621 0.131218 1.90108e-18)
(0.54784 0.102409 1.97387e-18)
(0.430134 0.0744089 0)
(0.31723 0.0489949 0)
(0.221135 0.0270895 0)
(0.142402 0.0124585 0)
(0.0868352 0.00652563 8.6608e-18)
(0.0594376 0.00710367 -4.30574e-18)
(0.048214 0.00972771 0)
(0.0415442 0.0123724 -4.17748e-18)
(0.0363742 0.0148386 2.058e-18)
(0.0325497 0.0167598 4.03575e-18)
(0.0301481 0.0179927 0)
(0.029199 0.0188767 0)
(0.0296288 0.0197798 -3.79721e-18)
(0.0313328 0.02082 0)
(0.0341776 0.0218857 -1.81136e-18)
(0.0379872 0.0227485 1.76614e-18)
(0.0425453 0.0231623 0)
(0.047614 0.0229281 0)
(0.0529624 0.0219313 8.17318e-19)
(0.0583934 0.0201501 0)
(0.0637648 0.017641 -7.81069e-19)
(0.0689957 0.0145169 0)
(0.0740671 0.0109182 -1.87889e-19)
(0.0790068 0.00699315 -9.35978e-20)
(0.0839039 0.00287163 -2.34115e-20)
(0.0888476 -0.00133833 -2.79138e-19)
(0.0939959 -0.00558142 3.71431e-19)
(0.0995161 -0.00984264 3.7269e-19)
(0.10548 -0.0140932 1.12805e-18)
(0.11197 -0.018351 -3.78169e-19)
(0.119043 -0.0226669 3.83713e-19)
(0.126719 -0.0270714 0)
(0.134998 -0.0315707 8.02009e-19)
(0.143881 -0.0361542 8.14577e-19)
(0.153371 -0.0407986 0)
(0.163468 -0.0454713 1.71917e-18)
(0.174176 -0.0501326 8.86269e-19)
(0.185496 -0.0547381 0)
(0.197431 -0.0592396 -2.81749e-18)
(0.209981 -0.0635864 -1.93699e-18)
(0.223145 -0.0677265 9.98826e-19)
(0.236921 -0.0716075 2.06585e-18)
(0.251303 -0.0751769 0)
(0.266287 -0.0783838 1.10112e-18)
(0.281868 -0.0811801 3.40977e-18)
(0.298038 -0.083522 2.34513e-18)
(0.314795 -0.0853706 -2.41555e-18)
(0.332136 -0.0866943 -1.23733e-18)
(0.350061 -0.0874696 0)
(0.368574 -0.0876815 0)
(0.387684 -0.0873199 0)
(0.407406 -0.0863783 4.07633e-18)
(0.427771 -0.0848593 1.37184e-18)
(0.44882 -0.0827758 0)
(0.470609 -0.0801489 -2.79735e-18)
(0.493207 -0.0770062 2.84532e-18)
(0.516696 -0.0733816 -2.79956e-18)
(0.541181 -0.069315 -2.77567e-18)
(0.566782 -0.0648518 5.25706e-20)
(0.593642 -0.0600448 -2.72037e-18)
(0.621924 -0.0549565 0)
(0.651815 -0.0496655 0)
(0.683521 -0.0442769 0)
(0.717241 -0.0389393 0)
(0.753224 -0.0338803 0)
(0.791336 -0.0294261 3.08544e-18)
(0.832662 -0.0261054 -1.15105e-18)
(0.870942 -0.024495 0)
(0.930398 -0.0260963 -3.91537e-19)
(0.972919 0.21779 0)
(0.965116 0.20638 2.41039e-18)
(0.957351 0.202157 3.13352e-19)
(0.958491 0.20329 2.44299e-18)
(0.968839 0.206094 0)
(0.980947 0.208572 -2.13828e-18)
(0.986624 0.209216 0)
(0.980295 0.206198 -4.87956e-19)
(0.958008 0.198056 0)
(0.917111 0.184733 -2.22005e-18)
(0.858158 0.167626 -1.74155e-18)
(0.783681 0.147344 -4.43618e-19)
(0.695918 0.1242 4.45183e-19)
(0.600627 0.0999424 0)
(0.503369 0.076813 4.54875e-19)
(0.409413 0.0562101 0)
(0.327433 0.0393554 3.75967e-18)
(0.263312 0.0272003 -4.89702e-19)
(0.217236 0.019746 0)
(0.186625 0.0161001 -2.48764e-18)
(0.167464 0.0148782 0)
(0.155818 0.0148855 0)
(0.14889 0.0153897 0)
(0.145102 0.016007 0)
(0.143699 0.0165355 -2.36445e-19)
(0.144312 0.0168646 0)
(0.146668 0.0169177 0)
(0.150468 0.0166143 1.11251e-19)
(0.155384 0.0158651 0)
(0.16109 0.0145928 0)
(0.167297 0.0127551 0)
(0.173778 0.0103522 -5.11042e-20)
(0.180366 0.00742789 0)
(0.186965 0.00403817 -2.21236e-19)
(0.193552 0.000249826 0)
(0.200179 -0.00383278 2.40749e-20)
(0.206934 -0.0081351 1.19847e-19)
(0.213897 -0.0125865 2.41193e-20)
(0.221154 -0.0171577 -4.83323e-20)
(0.228773 -0.0218248 -3.84993e-19)
(0.236808 -0.0265777 -3.88707e-19)
(0.245294 -0.0314221 3.93766e-19)
(0.254243 -0.0363618 -1.00987e-19)
(0.263651 -0.0413917 -8.15474e-19)
(0.273508 -0.0464961 8.33202e-19)
(0.283803 -0.0516502 -1.07605e-19)
(0.294523 -0.0568209 0)
(0.305656 -0.0619686 -9.0088e-19)
(0.31719 -0.0670483 0)
(0.329112 -0.0720111 9.57394e-19)
(0.341411 -0.0768053 0)
(0.354074 -0.0813774 1.02193e-18)
(0.36709 -0.0856737 0)
(0.380447 -0.0896413 -2.7428e-19)
(0.394135 -0.0932294 -1.13029e-18)
(0.408146 -0.0963909 -1.16839e-18)
(0.422476 -0.0990837 3.01966e-19)
(0.437124 -0.101272 0)
(0.452093 -0.102929 1.28323e-18)
(0.467396 -0.104034 -3.29199e-19)
(0.48305 -0.104578 0)
(0.499081 -0.104557 3.4539e-19)
(0.515527 -0.103979 -1.41809e-18)
(0.532439 -0.102856 -1.44413e-18)
(0.549883 -0.101212 0)
(0.567938 -0.0990795 2.9619e-18)
(0.586696 -0.0964958 0)
(0.606269 -0.0935054 2.98004e-18)
(0.626782 -0.0901576 2.96169e-18)
(0.648379 -0.0865067 2.92084e-18)
(0.67122 -0.0826123 3.5133e-19)
(0.695483 -0.0785412 0)
(0.721359 -0.0743703 0)
(0.749053 -0.070194 0)
(0.778744 -0.0661286 -2.73125e-19)
(0.810663 -0.0623436 0)
(0.844595 -0.0590157 -1.42971e-18)
(0.881705 -0.0565219 1.39187e-18)
(0.915648 -0.0549218 9.36603e-20)
(0.969901 -0.0547908 4.89726e-20)
(0.974031 0.220517 -1.50122e-18)
(0.969589 0.21179 1.45644e-18)
(0.961607 0.205777 -3.5502e-19)
(0.955327 0.202583 0)
(0.954928 0.20072 0)
(0.960642 0.199773 0)
(0.970531 0.199761 0)
(0.981812 0.199945 1.67646e-18)
(0.990826 0.198994 0)
(0.993065 0.195664 -1.51143e-18)
(0.98469 0.189362 -1.90069e-18)
(0.963667 0.179972 4.43099e-19)
(0.929018 0.167457 1.3311e-18)
(0.880789 0.15183 0)
(0.820375 0.133893 -2.0876e-18)
(0.750217 0.114712 0)
(0.675707 0.0955902 -1.68774e-18)
(0.603091 0.0778906 4.25185e-19)
(0.536257 0.0623715 -1.77605e-18)
(0.477618 0.0493484 -1.36891e-18)
(0.428599 0.0388902 0)
(0.389616 0.0308765 0)
(0.360118 0.0250115 -9.36804e-19)
(0.338846 0.0208714 0)
(0.324245 0.0179854 -7.00559e-19)
(0.314841 0.0159089 0)
(0.309421 0.0142609 0)
(0.307055 0.012731 -1.11126e-19)
(0.307044 0.0110793 0)
(0.308854 0.00913809 0)
(0.312056 0.00681143 0)
(0.316316 0.0040623 5.22579e-20)
(0.321363 0.000872755 2.09061e-19)
(0.326979 -0.00274016 1.28769e-19)
(0.333053 -0.00671171 0)
(0.339511 -0.010997 0)
(0.346307 -0.0155441 -2.48245e-20)
(0.353434 -0.0202982 -1.25593e-19)
(0.360905 -0.0252188 4.97458e-20)
(0.368734 -0.0302764 0)
(0.376933 -0.035451 0)
(0.385506 -0.0407298 -2.08266e-19)
(0.394444 -0.046101 1.04244e-19)
(0.40373 -0.0515486 -4.31512e-19)
(0.413341 -0.0570504 4.41e-19)
(0.423251 -0.0625778 1.11396e-19)
(0.433433 -0.0680959 0)
(0.443859 -0.0735644 4.77235e-19)
(0.454504 -0.0789379 0)
(0.46534 -0.0841673 0)
(0.476344 -0.0892011 0)
(0.487493 -0.0939863 0)
(0.498765 -0.0984704 0)
(0.510146 -0.102602 2.88255e-19)
(0.521621 -0.106334 0)
(0.533183 -0.109623 1.24226e-18)
(0.544832 -0.112431 -3.2e-19)
(0.556575 -0.114729 0)
(0.568429 -0.116497 1.36711e-18)
(0.580418 -0.117723 3.52076e-19)
(0.59258 -0.118406 1.44616e-18)
(0.604963 -0.118552 -3.71718e-19)
(0.61763 -0.118178 0)
(0.630655 -0.117311 -1.54481e-18)
(0.644129 -0.115982 0)
(0.658155 -0.114233 0)
(0.672851 -0.112111 -1.59697e-18)
(0.688348 -0.109668 0)
(0.704793 -0.106959 0)
(0.722346 -0.104043 -1.56757e-18)
(0.74118 -0.100982 -3.8697e-19)
(0.761483 -0.0978422 0)
(0.783449 -0.0946931 0)
(0.807287 -0.0916132 0)
(0.833166 -0.0886836 3.02081e-19)
(0.861331 -0.0860172 -1.04674e-18)
(0.891502 -0.0836665 -2.1982e-19)
(0.925048 -0.0818773 -1.67275e-19)
(0.955322 -0.080422 -1.03451e-19)
(1.00578 -0.079139 -2.62287e-19)
(0.974215 0.221531 5.21075e-18)
(0.971746 0.214827 -5.02546e-18)
(0.96669 0.209679 0)
(0.960969 0.206003 -3.20938e-18)
(0.956637 0.202434 0)
(0.95465 0.1986 -2.93388e-18)
(0.955724 0.195147 0)
(0.960625 0.192512 3.97046e-18)
(0.969291 0.190461 -4.96328e-18)
(0.980187 0.188429 2.28554e-18)
(0.990706 0.185833 2.14501e-18)
(0.998082 0.182151 0)
(0.999816 0.176793 -5.81535e-18)
(0.993594 0.169137 -3.71311e-18)
(0.977761 0.159123 5.27016e-18)
(0.951636 0.147071 0)
(0.916537 0.133571 1.64329e-18)
(0.875164 0.119365 0)
(0.829952 0.105038 1.66248e-18)
(0.783088 0.0910953 1.68174e-18)
(0.736607 0.07796 0)
(0.692273 0.0659206 0)
(0.651496 0.0551331 -9.10306e-19)
(0.615293 0.0456472 0)
(0.58429 0.0374286 8.84538e-19)
(0.558726 0.0303697 0)
(0.538478 0.0243041 0)
(0.523128 0.0190264 0)
(0.51207 0.0143172 0)
(0.504623 0.00996578 0)
(0.500124 0.00579018 0)
(0.497977 0.00163561 0)
(0.497724 -0.0026004 2.20845e-19)
(0.498972 -0.00699172 -1.05132e-19)
(0.501405 -0.0115849 5.32201e-20)
(0.504786 -0.0164044 0)
(0.508954 -0.0214466 0)
(0.513797 -0.0266878 1.03957e-19)
(0.519231 -0.0320957 -4.27023e-19)
(0.525187 -0.0376384 4.30921e-19)
(0.531608 -0.0432881 0)
(0.538444 -0.0490226 1.10294e-18)
(0.545646 -0.0548214 -9.02134e-19)
(0.553166 -0.0606623 -4.694e-19)
(0.560955 -0.0665192 -4.62778e-19)
(0.568964 -0.0723611 0)
(0.577147 -0.0781518 0)
(0.585456 -0.0838501 -1.52977e-18)
(0.593847 -0.0894109 0)
(0.602279 -0.0947861 0)
(0.610714 -0.0999259 0)
(0.619123 -0.10478 1.17207e-18)
(0.627477 -0.1093 2.42907e-18)
(0.635759 -0.113439 0)
(0.643959 -0.117156 0)
(0.652076 -0.120415 -1.34381e-18)
(0.660121 -0.123186 0)
(0.668116 -0.125451 2.89658e-18)
(0.676097 -0.127197 1.49946e-18)
(0.684111 -0.128423 0)
(0.692219 -0.12914 1.58879e-18)
(0.700496 -0.129364 3.26537e-18)
(0.709029 -0.129122 3.34535e-18)
(0.717919 -0.128449 1.71408e-18)
(0.727279 -0.127387 -3.47671e-18)
(0.737232 -0.125984 3.52304e-18)
(0.747913 -0.124292 5.33867e-18)
(0.759469 -0.122367 0)
(0.772055 -0.120268 0)
(0.785838 -0.118053 1.76391e-18)
(0.800995 -0.115785 0)
(0.817715 -0.113526 3.31475e-18)
(0.836191 -0.111336 3.15674e-18)
(0.856629 -0.10928 0)
(0.879192 -0.107406 2.683e-18)
(0.904155 -0.105782 -1.17147e-18)
(0.931175 -0.104365 0)
(0.96189 -0.103283 0)
(0.989215 -0.102155 0)
(1.03706 -0.100184 -2.2364e-19)
(0.974268 0.222146 -3.98633e-18)
(0.97248 0.216651 3.83258e-18)
(0.969039 0.212054 -7.56821e-18)
(0.965138 0.208417 3.63515e-18)
(0.961702 0.204786 0)
(0.958703 0.200568 3.326e-18)
(0.956149 0.195948 -6.41252e-18)
(0.954823 0.191294 -6.01654e-18)
(0.955831 0.186787 -8.73057e-20)
(0.959858 0.18252 0)
(0.966879 0.17855 0)
(0.976232 0.174763 4.85771e-18)
(0.986723 0.170761 4.47406e-18)
(0.996635 0.166014 -4.40748e-18)
(1.00402 0.160189 -1.20883e-17)
(1.00708 0.153111 0)
(1.00469 0.144805 0)
(0.99664 0.135514 0)
(0.983388 0.125492 0)
(0.965673 0.115005 0)
(0.944406 0.1043 0)
(0.920546 0.0935798 0)
(0.895035 0.0830194 1.76125e-18)
(0.868773 0.0727714 -3.62907e-18)
(0.842606 0.0629564 0)
(0.8173 0.0536499 0)
(0.793522 0.0448787 0)
(0.77181 0.0366291 0)
(0.752551 0.0288571 0)
(0.735971 0.0215002 -9.16056e-19)
(0.722137 0.0144837 0)
(0.710995 0.00773678 0)
(0.702315 0.00116658 1.2285e-20)
(0.69602 -0.00527032 0)
(0.691857 -0.0116167 -5.51231e-20)
(0.689477 -0.0178893 0)
(0.688551 -0.0241083 2.26908e-19)
(0.688809 -0.0303008 0)
(0.690037 -0.0364926 9.08478e-19)
(0.692066 -0.0427006 -4.53833e-19)
(0.694762 -0.0489314 -9.45127e-19)
(0.698012 -0.0551817 -9.3889e-19)
(0.701715 -0.0614395 9.59075e-19)
(0.705781 -0.0676844 9.82359e-19)
(0.710122 -0.0738893 2.06212e-18)
(0.714658 -0.080021 2.12048e-18)
(0.719312 -0.0860421 0)
(0.724017 -0.0919116 -1.14858e-18)
(0.728712 -0.0975862 0)
(0.733343 -0.103021 0)
(0.737867 -0.108171 -2.50405e-18)
(0.742252 -0.112993 -1.28229e-18)
(0.746475 -0.117444 3.08396e-20)
(0.750527 -0.121487 0)
(0.754411 -0.125091 0)
(0.758147 -0.12823 0)
(0.761765 -0.130887 3.13275e-18)
(0.765315 -0.133053 -3.23334e-18)
(0.768856 -0.134729 -3.35167e-18)
(0.772466 -0.135925 0)
(0.776232 -0.136661 -3.58233e-18)
(0.780254 -0.136963 -9.38441e-22)
(0.784641 -0.136867 -3.79211e-18)
(0.789511 -0.136414 3.87599e-18)
(0.794991 -0.135649 1.00281e-20)
(0.801214 -0.134625 -4.02392e-18)
(0.808318 -0.133395 -4.0664e-18)
(0.816448 -0.132015 0)
(0.825757 -0.130542 0)
(0.836403 -0.129036 0)
(0.848553 -0.127554 0)
(0.862386 -0.126154 -3.8219e-18)
(0.878082 -0.124889 -3.64205e-18)
(0.895843 -0.12381 0)
(0.915819 -0.122944 -3.09635e-18)
(0.938325 -0.122324 5.43386e-18)
(0.962952 -0.121838 0)
(0.991645 -0.121509 0)
(1.01678 -0.12088 0)
(1.06317 -0.118604 1.02965e-18)
(0.974307 0.222606 9.38062e-18)
(0.972773 0.21791 0)
(0.96991 0.213549 1.72899e-17)
(0.966846 0.209742 0)
(0.964431 0.206063 8.07979e-18)
(0.962486 0.202026 0)
(0.960481 0.197512 7.2666e-18)
(0.958356 0.19258 0)
(0.956552 0.187282 -6.75645e-18)
(0.955677 0.181712 0)
(0.956331 0.17606 1.19992e-17)
(0.959044 0.170494 -5.58539e-18)
(0.964119 0.16502 0)
(0.971417 0.159499 9.93774e-18)
(0.980323 0.153784 -1.95342e-19)
(0.989896 0.147706 -9.02589e-18)
(0.998889 0.141184 8.7384e-18)
(1.00617 0.134245 0)
(1.01111 0.12689 0)
(1.01342 0.119149 8.24285e-18)
(1.01306 0.111087 0)
(1.01019 0.102777 -4.02655e-18)
(1.00503 0.0942988 0)
(0.997896 0.0857292 3.86368e-18)
(0.989124 0.077129 0)
(0.979064 0.0685398 3.94401e-18)
(0.968062 0.0599867 0)
(0.956456 0.0514864 0)
(0.944566 0.0430517 1.96669e-18)
(0.932693 0.0346943 9.56011e-19)
(0.921109 0.0264238 0)
(0.910044 0.0182446 0)
(0.899712 0.0101633 -1.47799e-18)
(0.890113 0.00216436 0)
(0.881432 -0.00575789 0)
(0.873835 -0.0135943 0)
(0.867397 -0.021323 -2.43464e-19)
(0.862116 -0.0289263 0)
(0.857925 -0.0363952 -1.52071e-18)
(0.85471 -0.0437266 -1.03839e-18)
(0.85233 -0.0509199 1.02611e-18)
(0.850636 -0.0579742 0)
(0.849479 -0.0648863 0)
(0.848721 -0.0716487 2.25914e-18)
(0.848241 -0.0782487 -2.26694e-18)
(0.847931 -0.0846677 -2.33865e-18)
(0.847701 -0.0908817 0)
(0.847474 -0.0968623 -5.0137e-20)
(0.847192 -0.102577 2.64619e-18)
(0.846806 -0.107993 0)
(0.846286 -0.113076 2.80775e-18)
(0.845615 -0.117792 2.96288e-18)
(0.844793 -0.122113 -3.04444e-18)
(0.843835 -0.126012 0)
(0.842774 -0.129472 0)
(0.841656 -0.132479 0)
(0.840545 -0.13503 -3.58135e-18)
(0.839517 -0.137128 0)
(0.838661 -0.138785 0)
(0.838076 -0.14002 0)
(0.837867 -0.14086 8.30337e-18)
(0.838146 -0.141338 -4.27689e-18)
(0.839028 -0.141491 0)
(0.840631 -0.141363 -4.51309e-18)
(0.843075 -0.140999 -4.60115e-18)
(0.846481 -0.140449 9.36624e-18)
(0.850973 -0.139765 -9.47581e-18)
(0.856678 -0.138999 -9.53097e-18)
(0.863727 -0.138206 0)
(0.872257 -0.137442 -9.43362e-18)
(0.882414 -0.136761 0)
(0.894356 -0.136216 0)
(0.908244 -0.135856 0)
(0.924272 -0.135724 8.0213e-18)
(0.942574 -0.135833 -7.3171e-18)
(0.963507 -0.136192 -9.64055e-18)
(0.986594 -0.136647 0)
(1.01412 -0.137128 4.08576e-18)
(1.03784 -0.137153 0)
(1.08395 -0.134915 -1.77603e-18)
(0.974319 0.222965 -1.06826e-17)
(0.972879 0.218869 -1.03286e-17)
(0.970246 0.214688 -1.98709e-17)
(0.967479 0.210705 0)
(0.965408 0.206839 -1.84493e-17)
(0.964013 0.202774 -8.85003e-18)
(0.962858 0.198347 0)
(0.961675 0.193541 1.60798e-17)
(0.960426 0.188324 1.51163e-17)
(0.959156 0.182654 0)
(0.958004 0.176578 -1.3629e-17)
(0.957296 0.170204 0)
(0.957495 0.16362 0)
(0.959027 0.156861 1.17994e-17)
(0.962145 0.149959 1.09897e-17)
(0.966919 0.142929 -1.88784e-19)
(0.973051 0.135865 1.92503e-19)
(0.979951 0.128859 0)
(0.987064 0.121862 0)
(0.993928 0.114816 -9.47839e-18)
(1.00019 0.107689 -9.5361e-18)
(1.00563 0.100467 1.40032e-17)
(1.01009 0.0931492 4.64876e-18)
(1.01352 0.0857443 4.60259e-18)
(1.01591 0.0782599 0)
(1.01731 0.0706997 -4.41943e-18)
(1.01778 0.0630616 0)
(1.01742 0.05534 0)
(1.0163 0.0475288 -4.41916e-18)
(1.01452 0.0396242 0)
(1.01217 0.0316272 0)
(1.00935 0.0235446 0)
(1.00616 0.0153981 1.09731e-18)
(1.00269 0.00719886 -5.69865e-19)
(0.99887 -0.0010182 2.85679e-19)
(0.994657 -0.00923638 0)
(0.990095 -0.0174299 0)
(0.985248 -0.0255623 0)
(0.980195 -0.0335969 1.14553e-18)
(0.97501 -0.0415017 1.16442e-18)
(0.969759 -0.04925 -2.44251e-18)
(0.964491 -0.0568192 0)
(0.959235 -0.0641896 0)
(0.954004 -0.0713424 -5.18694e-18)
(0.948791 -0.0782583 -2.70317e-18)
(0.943583 -0.0849169 0)
(0.938359 -0.0912965 0)
(0.9331 -0.0973742 2.92947e-18)
(0.927791 -0.103126 5.43534e-20)
(0.922427 -0.108531 0)
(0.917016 -0.113566 0)
(0.911577 -0.118213 -3.4359e-18)
(0.906147 -0.122457 0)
(0.900777 -0.12629 0)
(0.89553 -0.129705 0)
(0.890482 -0.132704 0)
(0.885717 -0.135294 0)
(0.881327 -0.137487 -8.84773e-18)
(0.877408 -0.139303 0)
(0.874057 -0.140763 0)
(0.871374 -0.141897 2.40099e-20)
(0.869455 -0.142736 0)
(0.868398 -0.143315 0)
(0.868296 -0.143675 0)
(0.869245 -0.143858 2.19292e-17)
(0.871339 -0.143907 -1.11634e-17)
(0.874675 -0.143871 1.13104e-17)
(0.879353 -0.143798 2.41852e-21)
(0.88548 -0.143741 0)
(0.893169 -0.14375 1.1308e-17)
(0.902543 -0.143879 -1.11164e-17)
(0.913739 -0.144179 0)
(0.926902 -0.144696 0)
(0.942216 -0.145471 3.30076e-20)
(0.959802 -0.14651 8.81896e-18)
(0.980066 -0.147812 7.76118e-18)
(1.00245 -0.149204 0)
(1.02963 -0.150542 -4.9229e-18)
(1.05261 -0.151336 0)
(1.09955 -0.149507 1.40854e-18)
(0.974304 0.223274 0)
(0.972844 0.21966 2.36185e-17)
(0.970297 0.215616 2.28289e-17)
(0.967693 0.211501 0)
(0.965747 0.207458 1.05424e-17)
(0.964459 0.203259 -1.02494e-17)
(0.963552 0.198742 0)
(0.962879 0.193915 -1.82715e-17)
(0.962385 0.188767 0)
(0.96196 0.183232 0)
(0.961465 0.177274 0)
(0.960849 0.170906 0)
(0.960209 0.164145 0)
(0.959734 0.156995 1.91229e-19)
(0.959646 0.149495 -1.2921e-17)
(0.960205 0.141713 -1.87282e-19)
(0.961603 0.133859 1.89114e-19)
(0.963861 0.126141 0)
(0.966871 0.118578 0)
(0.970467 0.111143 0)
(0.974465 0.103812 -2.02891e-19)
(0.978687 0.0965555 2.06022e-19)
(0.982971 0.0893463 -5.37115e-18)
(0.98718 0.0821605 -5.31732e-18)
(0.991203 0.0749763 0)
(0.994952 0.0677711 -5.34133e-18)
(0.998361 0.0605214 5.311e-18)
(1.00137 0.0532036 0)
(1.00394 0.0457971 2.57776e-18)
(1.00603 0.0382874 2.63479e-18)
(1.0076 0.0306674 0)
(1.00862 0.0229401 0)
(1.00909 0.0151202 1.33193e-18)
(1.00899 0.0072326 -1.70112e-20)
(1.00834 -0.000675405 -6.66511e-19)
(1.00717 -0.00857278 0)
(1.00546 -0.0164411 0)
(1.00321 -0.0242577 -1.38193e-18)
(1.00043 -0.031997 0)
(0.997114 -0.0396336 -1.42494e-18)
(0.993277 -0.0471434 -6.86711e-20)
(0.988936 -0.0545031 0)
(0.984114 -0.0616895 3.04839e-18)
(0.978841 -0.0686791 6.20155e-18)
(0.973154 -0.0754482 3.16434e-18)
(0.967095 -0.0819736 0)
(0.960717 -0.0882321 -6.89784e-18)
(0.954077 -0.094202 0)
(0.94724 -0.0998637 -3.65219e-18)
(0.94028 -0.1052 0)
(0.933272 -0.110195 0)
(0.9263 -0.11484 0)
(0.919449 -0.119126 0)
(0.912806 -0.12305 0)
(0.90646 -0.126612 -9.41405e-18)
(0.900499 -0.129817 9.79729e-18)
(0.895007 -0.132672 0)
(0.890069 -0.135191 1.05317e-17)
(0.885765 -0.137388 -1.09863e-17)
(0.882172 -0.139284 0)
(0.879365 -0.140902 -1.17388e-17)
(0.87742 -0.142269 0)
(0.876411 -0.143416 0)
(0.876412 -0.144379 0)
(0.877502 -0.145195 -1.31199e-17)
(0.87976 -0.145907 1.33849e-17)
(0.883273 -0.146558 -1.35771e-17)
(0.888129 -0.147197 2.73855e-17)
(0.894425 -0.147873 -1.37333e-17)
(0.902266 -0.148636 0)
(0.911767 -0.149538 1.34466e-17)
(0.923057 -0.15063 -1.31249e-17)
(0.936273 -0.151956 0)
(0.951599 -0.153556 5.07986e-20)
(0.969146 -0.155437 -1.09147e-17)
(0.989373 -0.157593 0)
(1.01166 -0.159845 0)
(1.03904 -0.162016 -6.24679e-18)
(1.06177 -0.163557 0)
(1.11039 -0.162531 -1.76337e-18)
(0.974265 0.223567 0)
(0.972691 0.220353 -1.35112e-17)
(0.970127 0.216372 -1.30576e-17)
(0.967638 0.212139 0)
(0.965804 0.207962 2.44016e-17)
(0.964552 0.203641 2.3122e-17)
(0.963664 0.199004 0)
(0.963078 0.194071 2.12046e-17)
(0.962806 0.188862 -2.01832e-17)
(0.962796 0.183333 0)
(0.962925 0.177447 0)
(0.963069 0.17119 0)
(0.96315 0.164545 0)
(0.963125 0.157476 -1.54333e-17)
(0.962982 0.149976 -1.50446e-17)
(0.962774 0.142074 1.39376e-17)
(0.962629 0.13398 -4.1121e-17)
(0.96268 0.125935 0)
(0.963008 0.118004 0)
(0.963647 0.110197 1.31645e-17)
(0.964602 0.102521 2.58243e-17)
(0.965856 0.0949703 -1.26777e-17)
(0.967369 0.0875302 0)
(0.969087 0.0801829 0)
(0.970949 0.072907 -6.29192e-18)
(0.972891 0.0656778 1.2409e-17)
(0.974843 0.058468 -1.23538e-17)
(0.976735 0.0512499 0)
(0.978489 0.0439994 0)
(0.980029 0.0366978 -3.04441e-18)
(0.981278 0.0293341 0)
(0.982162 0.0219065 3.12369e-18)
(0.982621 0.0144227 -1.54123e-18)
(0.982589 0.00690349 -1.61488e-20)
(0.982084 -0.000641827 -8.19385e-21)
(0.981103 -0.00818863 0)
(0.979638 -0.0157124 0)
(0.977691 -0.0231894 -3.34501e-20)
(0.975268 -0.0305946 1.66163e-18)
(0.972382 -0.0379031 5.03989e-18)
(0.969055 -0.0450917 6.83721e-18)
(0.965313 -0.0521392 3.53233e-18)
(0.961189 -0.059026 -3.55849e-18)
(0.956719 -0.0657339 -3.66184e-18)
(0.951945 -0.0722457 3.83971e-18)
(0.946911 -0.0785449 0)
(0.941666 -0.0846161 8.07955e-18)
(0.936263 -0.0904444 -8.494e-18)
(0.930757 -0.0960158 0)
(0.925208 -0.101317 0)
(0.919675 -0.106337 0)
(0.91422 -0.111065 0)
(0.908907 -0.115493 0)
(0.903799 -0.119615 0)
(0.898958 -0.123427 1.1033e-17)
(0.894448 -0.126928 -2.3034e-17)
(0.890335 -0.130123 -1.20049e-17)
(0.886682 -0.133017 1.24618e-17)
(0.88356 -0.135622 1.28647e-17)
(0.881037 -0.137954 -1.33806e-17)
(0.879189 -0.140034 1.38332e-17)
(0.878092 -0.141887 0)
(0.877827 -0.143542 1.46946e-17)
(0.878477 -0.145035 -1.50885e-17)
(0.880127 -0.146402 0)
(0.882866 -0.147686 -3.14849e-17)
(0.886783 -0.148929 1.59797e-17)
(0.89197 -0.150179 -3.23292e-17)
(0.898525 -0.151483 1.62303e-17)
(0.906554 -0.152892 0)
(0.91617 -0.154456 1.60483e-17)
(0.927504 -0.156227 1.56654e-17)
(0.940698 -0.158249 -1.51658e-17)
(0.955947 -0.160566 -1.43202e-17)
(0.973368 -0.163185 1.3237e-17)
(0.993485 -0.166106 0)
(1.01563 -0.169145 0)
(1.04323 -0.172143 7.75559e-18)
(1.06577 -0.174345 0)
(1.1164 -0.174482 2.21859e-18)
(0.974202 0.223865 1.62961e-17)
(0.972436 0.220979 0)
(0.969784 0.216985 -3.02302e-17)
(0.967372 0.212638 2.92004e-17)
(0.965644 0.208361 -2.78014e-17)
(0.964441 0.203944 2.67536e-17)
(0.96357 0.199205 0)
(0.962995 0.194174 2.02098e-19)
(0.962739 0.188879 2.29787e-17)
(0.962785 0.183285 0)
(0.963067 0.177366 0)
(0.963515 0.171115 0)
(0.964069 0.164517 3.77986e-17)
(0.964657 0.157535 0)
(0.965193 0.150144 3.37372e-17)
(0.965611 0.142343 0)
(0.965887 0.134314 6.28845e-17)
(0.966046 0.126286 0)
(0.966132 0.118322 0)
(0.96619 0.11044 -3.00729e-17)
(0.966264 0.102656 -1.47699e-17)
(0.966395 0.094977 0)
(0.966609 0.0874025 0)
(0.966921 0.0799262 0)
(0.96733 0.0725369 7.16205e-18)
(0.967827 0.0652182 -7.12899e-18)
(0.968387 0.0579496 -1.07618e-19)
(0.968976 0.0507093 0)
(0.969551 0.0434767 7.19523e-18)
(0.970059 0.0362353 0)
(0.970444 0.0289741 0)
(0.970652 0.0216886 -3.57168e-18)
(0.970632 0.0143819 1.82938e-18)
(0.970338 0.0070657 -1.56456e-20)
(0.969751 -0.000270523 4.55764e-19)
(0.96884 -0.00760285 0)
(0.967587 -0.0149049 0)
(0.965985 -0.0221559 1.87199e-18)
(0.964033 -0.0293371 -1.89973e-18)
(0.961737 -0.0364299 -3.86681e-18)
(0.959106 -0.0434173 -3.94624e-18)
(0.956157 -0.0502837 -4.0379e-18)
(0.952909 -0.0570142 0)
(0.949383 -0.0635941 0)
(0.945605 -0.0700087 -4.38743e-18)
(0.941603 -0.0762431 -9.17973e-18)
(0.937409 -0.0822818 0)
(0.933056 -0.0881094 1.95167e-17)
(0.92858 -0.0937104 0)
(0.924022 -0.09907 0)
(0.919422 -0.104174 -1.09526e-17)
(0.914826 -0.109011 1.13769e-17)
(0.910284 -0.113569 1.18221e-17)
(0.905851 -0.117841 0)
(0.901584 -0.121824 1.27686e-17)
(0.89755 -0.125516 2.64504e-17)
(0.893819 -0.128921 -7.50079e-20)
(0.890467 -0.132048 -1.42225e-17)
(0.887577 -0.13491 0)
(0.885232 -0.137525 1.52767e-17)
(0.883519 -0.139916 5.33185e-20)
(0.882523 -0.142108 0)
(0.882326 -0.14413 -3.36267e-17)
(0.883007 -0.146014 -4.08444e-20)
(0.884642 -0.147795 0)
(0.887304 -0.14951 1.80299e-17)
(0.891067 -0.151196 0)
(0.896006 -0.152898 1.85446e-17)
(0.902208 -0.154659 -1.86966e-17)
(0.909768 -0.156528 -1.86886e-17)
(0.918798 -0.158556 -1.84817e-17)
(0.929435 -0.160797 1.8186e-17)
(0.941832 -0.163301 1.75551e-17)
(0.956206 -0.166121 0)
(0.972702 -0.169275 0)
(0.991909 -0.17279 0)
(1.01318 -0.176475 0)
(1.04025 -0.180312 0)
(1.06226 -0.183114 0)
(1.11405 -0.185067 0)
(0.974111 0.22418 1.87144e-17)
(0.972088 0.221553 0)
(0.96931 0.217481 3.44843e-17)
(0.966953 0.213028 2.22894e-19)
(0.965311 0.208676 0)
(0.964151 0.204172 -6.12029e-17)
(0.963308 0.199347 0)
(0.962762 0.194239 -2.77459e-17)
(0.962525 0.188875 2.66141e-17)
(0.962569 0.18322 -2.53116e-17)
(0.962848 0.177248 4.81147e-17)
(0.96332 0.170955 -4.57148e-17)
(0.963957 0.164332 -4.30305e-17)
(0.964725 0.157353 0)
(0.965565 0.149996 3.92083e-17)
(0.966413 0.142253 0)
(0.967206 0.134295 -7.22851e-17)
(0.967903 0.12634 3.57256e-17)
(0.968492 0.118441 0)
(0.968976 0.11061 1.71732e-17)
(0.969371 0.102856 0)
(0.969701 0.0951877 0)
(0.969992 0.0876055 -1.68847e-17)
(0.970265 0.0801074 0)
(0.970536 0.0726868 0)
(0.970812 0.0653329 0)
(0.971094 0.0580313 8.17457e-18)
(0.971369 0.0507656 0)
(0.971617 0.0435202 1.12079e-19)
(0.971809 0.0362819 8.28142e-18)
(0.971911 0.0290418 0)
(0.971886 0.0217955 0)
(0.9717 0.0145436 -2.074e-18)
(0.971322 0.00729088 1.04662e-18)
(0.970709 3.76407e-05 0)
(0.969832 -0.00719845 5.36171e-19)
(0.968665 -0.0143965 1.08184e-18)
(0.967198 -0.02154 0)
(0.965422 -0.0286139 0)
(0.963337 -0.035603 4.51704e-18)
(0.960944 -0.0424921 0)
(0.958249 -0.0492666 -4.70932e-18)
(0.95526 -0.0559122 4.82583e-18)
(0.951991 -0.0624143 0)
(0.948457 -0.0687585 0)
(0.944675 -0.0749299 -1.20321e-19)
(0.940668 -0.0809136 0)
(0.936462 -0.0866948 -1.11175e-17)
(0.932088 -0.0922593 1.16325e-17)
(0.927585 -0.0975938 0)
(0.922995 -0.102686 1.24063e-17)
(0.918371 -0.107528 1.01603e-19)
(0.913771 -0.11211 -1.33939e-17)
(0.909262 -0.11643 0)
(0.904919 -0.120488 -1.4469e-17)
(0.900819 -0.124285 -1.5033e-17)
(0.897044 -0.127831 3.12984e-17)
(0.893674 -0.131134 0)
(0.890787 -0.134207 1.68549e-17)
(0.888451 -0.137065 1.74392e-17)
(0.886729 -0.139725 5.96012e-20)
(0.885673 -0.142206 0)
(0.885329 -0.144527 5.73075e-17)
(0.885737 -0.146711 1.95795e-17)
(0.886941 -0.148783 -4.01902e-17)
(0.888988 -0.150773 0)
(0.891937 -0.152716 -4.16899e-17)
(0.895864 -0.154653 -4.2189e-17)
(0.900865 -0.156631 2.11817e-17)
(0.907058 -0.158702 2.11765e-17)
(0.91459 -0.160926 -4.21203e-17)
(0.923635 -0.163365 2.07505e-17)
(0.934387 -0.16608 0)
(0.947114 -0.169138 0)
(0.962005 -0.172567 3.56216e-17)
(0.979713 -0.176438 0)
(0.999639 -0.180533 0)
(1.02569 -0.185074 0)
(1.04701 -0.188257 0)
(1.09886 -0.192071 0)
(0.973989 0.22452 -4.26623e-17)
(0.971655 0.222077 -4.10271e-17)
(0.968735 0.217875 -3.9891e-17)
(0.966424 0.213334 2.29259e-19)
(0.964851 0.208921 0)
(0.96372 0.204336 3.50339e-17)
(0.962898 0.199433 0)
(0.962384 0.194262 0)
(0.962177 0.188842 -3.03476e-17)
(0.962241 0.18314 2.88561e-17)
(0.962527 0.177127 -1.10091e-16)
(0.962994 0.170797 5.20945e-17)
(0.96362 0.164141 4.9878e-17)
(0.964381 0.157139 4.73897e-17)
(0.965244 0.149771 3.90844e-19)
(0.966169 0.14203 0)
(0.967108 0.134086 8.30854e-17)
(0.968016 0.126157 -4.06357e-17)
(0.968872 0.118293 0)
(0.969664 0.110499 -3.98901e-17)
(0.97039 0.102782 0)
(0.971053 0.0951457 -1.95301e-17)
(0.971664 0.0875886 1.91627e-17)
(0.972233 0.0801081 1.92382e-17)
(0.972765 0.0726983 1.91319e-17)
(0.973263 0.06535 1.90503e-17)
(0.973725 0.0580512 0)
(0.974141 0.0507888 0)
(0.974492 0.0435504 -9.36785e-18)
(0.974754 0.0363255 -9.38015e-18)
(0.974898 0.0291073 0)
(0.974894 0.0218928 0)
(0.97471 0.0146819 -2.41264e-18)
(0.974318 0.00747859 0)
(0.973683 0.000294339 -6.10233e-19)
(0.972777 -0.00686122 -6.06259e-19)
(0.971578 -0.0139724 1.56895e-20)
(0.97007 -0.0210242 0)
(0.968248 -0.0280028 -5.08703e-18)
(0.966107 -0.0348942 6.28065e-20)
(0.963647 -0.0416844 5.27586e-18)
(0.960873 -0.0483596 5.33068e-18)
(0.957793 -0.0549066 -5.46357e-18)
(0.954418 -0.0613124 0)
(0.950763 -0.067564 0)
(0.94685 -0.0736486 1.19134e-17)
(0.942704 -0.0795536 0)
(0.938359 -0.085267 0)
(0.933855 -0.0907778 -2.64798e-17)
(0.929243 -0.0960765 0)
(0.924577 -0.101155 0)
(0.91992 -0.106009 -1.47254e-17)
(0.915338 -0.110633 0)
(0.910896 -0.115027 -1.5978e-17)
(0.906658 -0.11919 0)
(0.90268 -0.123123 0)
(0.899005 -0.126826 -3.56141e-17)
(0.895668 -0.130303 -3.69895e-17)
(0.892691 -0.133554 1.9219e-17)
(0.890086 -0.136581 -1.97283e-17)
(0.887864 -0.13939 -2.03756e-17)
(0.886036 -0.141987 0)
(0.884623 -0.144386 -8.65821e-17)
(0.883663 -0.146605 0)
(0.883217 -0.148673 9.09731e-17)
(0.883372 -0.150626 -4.64651e-17)
(0.884242 -0.152511 4.71165e-17)
(0.885971 -0.154381 4.76662e-17)
(0.888729 -0.156301 0)
(0.892709 -0.158339 -4.80412e-17)
(0.898127 -0.16057 4.74711e-17)
(0.905219 -0.163071 -4.65462e-17)
(0.914231 -0.165915 0)
(0.925473 -0.169181 0)
(0.939157 -0.172905 2.33486e-19)
(0.955983 -0.177194 0)
(0.975327 -0.181785 0)
(1.0013 -0.187157 0)
(1.02272 -0.190821 0)
(1.07601 -0.19648 0)
(0.973834 0.224891 0)
(0.971147 0.222549 -1.89125e-19)
(0.968083 0.21818 4.55939e-17)
(0.965815 0.213571 -8.82429e-17)
(0.964296 0.209108 0)
(0.963182 0.204446 0)
(0.962373 0.199473 0)
(0.961883 0.194246 3.68499e-17)
(0.961701 0.188779 0)
(0.961787 0.183037 0)
(0.962092 0.176992 6.30263e-17)
(0.962574 0.170637 -6.02827e-17)
(0.963206 0.16396 4.03477e-19)
(0.963962 0.156942 -5.40194e-17)
(0.964809 0.149563 -5.13281e-17)
(0.965717 0.141814 0)
(0.966645 0.133866 3.89422e-19)
(0.967558 0.125937 0)
(0.968442 0.118078 0)
(0.969289 0.110293 -4.04058e-19)
(0.970095 0.102588 0)
(0.970862 0.0949644 2.22021e-17)
(0.971594 0.0874205 0)
(0.972293 0.0799528 -2.18559e-17)
(0.972959 0.0725553 2.12391e-19)
(0.97359 0.0652193 -2.16292e-17)
(0.974175 0.0579341 -1.08882e-17)
(0.9747 0.0506884 0)
(0.975145 0.0434712 0)
(0.975481 0.036274 1.08828e-17)
(0.975679 0.029091 0)
(0.975707 0.0219203 0)
(0.975535 0.0147605 5.49932e-18)
(0.975135 0.00761983 0)
(0.974477 0.000507998 1.38891e-18)
(0.973538 -0.00656779 0)
(0.972297 -0.0135935 -1.403e-18)
(0.97074 -0.0205548 -2.87051e-18)
(0.96886 -0.0274385 5.76209e-18)
(0.966655 -0.0342322 -5.86184e-18)
(0.964127 -0.0409233 -5.97851e-18)
(0.961283 -0.0474998 0)
(0.958136 -0.0539504 0)
(0.954702 -0.0602643 0)
(0.951007 -0.066431 1.33568e-17)
(0.947081 -0.0724407 0)
(0.942959 -0.0782842 0)
(0.938683 -0.0839531 0)
(0.934298 -0.0894397 -1.10726e-19)
(0.929847 -0.0947365 0)
(0.925369 -0.0998361 -1.6301e-17)
(0.920897 -0.104731 -1.6902e-17)
(0.916454 -0.109412 -1.75301e-17)
(0.912047 -0.113868 1.8088e-17)
(0.907673 -0.118089 0)
(0.903318 -0.122061 0)
(0.898963 -0.125771 2.01785e-17)
(0.894589 -0.129207 4.18075e-17)
(0.89019 -0.132364 -4.32713e-17)
(0.885778 -0.135238 0)
(0.881392 -0.137836 0)
(0.877101 -0.140177 0)
(0.873013 -0.142286 4.89635e-17)
(0.869265 -0.144205 -5.036e-17)
(0.866029 -0.145982 -5.13976e-17)
(0.863499 -0.147678 5.23979e-17)
(0.861888 -0.14936 -5.3314e-17)
(0.86142 -0.151101 0)
(0.862325 -0.152977 5.40876e-17)
(0.864831 -0.155066 5.37913e-17)
(0.869165 -0.157445 5.33202e-17)
(0.875558 -0.160191 0)
(0.88423 -0.163375 0)
(0.895458 -0.167073 4.77743e-17)
(0.909407 -0.171314 2.528e-19)
(0.926759 -0.176228 3.97766e-17)
(0.946786 -0.181505 0)
(0.973829 -0.187869 0)
(0.996103 -0.192224 0)
(1.05204 -0.199837 0)
(0.973646 0.225292 -5.59967e-17)
(0.970574 0.222963 -2.04998e-19)
(0.967376 0.218411 -5.27502e-17)
(0.965149 0.213755 5.06108e-17)
(0.963671 0.209244 0)
(0.962566 0.204509 0)
(0.961764 0.199476 0)
(0.961288 0.194203 -4.21118e-17)
(0.961121 0.188694 0)
(0.96122 0.182915 0)
(0.96154 0.17684 7.28572e-17)
(0.962038 0.17046 -4.1304e-19)
(0.962684 0.163766 -6.53593e-17)
(0.963451 0.156736 0)
(0.964304 0.149352 0)
(0.965211 0.141602 0)
(0.96613 0.133655 -1.09621e-16)
(0.967028 0.125727 0)
(0.967895 0.117871 0)
(0.968725 0.11009 5.21157e-17)
(0.969519 0.102388 0)
(0.970279 0.0947685 0)
(0.971009 0.0872288 0)
(0.971712 0.079766 -2.5297e-17)
(0.972387 0.0723747 -5.00868e-17)
(0.973028 0.0650475 2.50358e-17)
(0.973625 0.057775 -1.25865e-17)
(0.974162 0.0505472 0)
(0.974614 0.0433549 1.24508e-17)
(0.974955 0.0361903 -1.23537e-17)
(0.975153 0.029049 0)
(0.975176 0.021929 0)
(0.974995 0.0148268 -9.46858e-18)
(0.974582 0.00775414 -3.18007e-18)
(0.97391 0.000717382 -1.58916e-18)
(0.972955 -0.00627719 0)
(0.971701 -0.0132175 0)
(0.970134 -0.0200906 3.25295e-18)
(0.968252 -0.0268848 6.66265e-18)
(0.966057 -0.0335893 -6.7766e-18)
(0.963559 -0.0401935 6.90929e-18)
(0.960773 -0.0466876 0)
(0.957718 -0.0530627 0)
(0.954414 -0.0593103 0)
(0.950884 -0.0654222 -1.51429e-17)
(0.947145 -0.0713895 1.57159e-17)
(0.94321 -0.0772027 0)
(0.939082 -0.0828502 0)
(0.934751 -0.0883184 -1.10017e-19)
(0.930195 -0.0935911 0)
(0.92538 -0.0986491 1.8433e-17)
(0.920263 -0.103471 -1.01684e-19)
(0.914801 -0.108034 3.97045e-17)
(0.908953 -0.112315 0)
(0.902694 -0.116295 0)
(0.896024 -0.119957 0)
(0.888973 -0.123293 4.58964e-17)
(0.881608 -0.126304 0)
(0.874036 -0.129001 -4.91341e-17)
(0.866403 -0.131407 0)
(0.858884 -0.133555 -5.23448e-17)
(0.851681 -0.13549 0)
(0.84501 -0.137263 0)
(0.839091 -0.138934 5.65617e-17)
(0.834144 -0.140566 0)
(0.830377 -0.142223 0)
(0.827988 -0.143974 5.94744e-17)
(0.827163 -0.145884 0)
(0.828075 -0.14802 -1.2009e-16)
(0.830892 -0.15045 5.97595e-17)
(0.835778 -0.153239 -5.87292e-17)
(0.842905 -0.156452 5.74352e-17)
(0.852446 -0.160152 -5.52767e-17)
(0.864639 -0.164413 2.36093e-19)
(0.87961 -0.169256 2.66199e-19)
(0.898054 -0.174839 -4.3048e-17)
(0.919144 -0.180819 -3.6917e-17)
(0.947524 -0.188127 0)
(0.970691 -0.193241 1.84625e-17)
(1.02951 -0.202635 -8.9156e-18)
(0.973426 0.225724 6.41482e-17)
(0.96995 0.223314 -2.276e-19)
(0.966633 0.218579 -2.90733e-19)
(0.964444 0.213897 -5.84835e-17)
(0.962994 0.20934 0)
(0.961892 0.204533 5.34534e-17)
(0.961093 0.199444 0)
(0.960624 0.194131 0)
(0.960463 0.18859 0)
(0.960566 0.182785 0)
(0.960889 0.17669 4.23285e-19)
(0.961393 0.170294 7.91037e-17)
(0.962047 0.163586 0)
(0.962822 0.156546 0)
(0.963684 0.149157 0)
(0.9646 0.141405 -6.48267e-17)
(0.965525 0.133458 -3.93297e-19)
(0.966425 0.125533 0)
(0.96729 0.117682 0)
(0.968117 0.109906 0)
(0.968903 0.102211 -5.95143e-17)
(0.969653 0.0945973 -2.94535e-17)
(0.970373 0.0870629 0)
(0.971064 0.079605 2.87719e-17)
(0.971726 0.0722187 5.74044e-17)
(0.972353 0.0648973 -2.84579e-17)
(0.972936 0.0576329 -2.17907e-19)
(0.973457 0.0504169 0)
(0.973893 0.0432416 -2.83944e-17)
(0.974218 0.0361006 1.42701e-17)
(0.9744 0.0289908 0)
(0.974408 0.0219116 0)
(0.974212 0.0148546 7.18044e-18)
(0.973792 0.0078353 -2.98655e-20)
(0.973121 0.00086089 9.04069e-19)
(0.972182 -0.00606217 0)
(0.970965 -0.0129253 -3.70588e-18)
(0.969462 -0.0197195 0)
(0.967673 -0.0264363 6.04059e-20)
(0.965596 -0.0330673 7.67586e-18)
(0.963228 -0.0396033 -7.82431e-18)
(0.960557 -0.0460342 -1.61059e-17)
(0.957564 -0.0523485 0)
(0.954217 -0.0585328 -1.69028e-17)
(0.950472 -0.064571 1.73628e-17)
(0.946274 -0.0704441 -1.77492e-17)
(0.941562 -0.0761307 0)
(0.93627 -0.0816068 -1.89893e-17)
(0.930341 -0.0868473 1.95053e-17)
(0.923727 -0.0918271 0)
(0.916406 -0.096523 0)
(0.908384 -0.100915 2.16236e-17)
(0.899704 -0.10499 -2.24036e-17)
(0.890446 -0.10874 0)
(0.880726 -0.112166 0)
(0.870694 -0.115279 0)
(0.860525 -0.118096 -1.03333e-16)
(0.850408 -0.120644 0)
(0.84054 -0.122956 5.51194e-17)
(0.831117 -0.125069 0)
(0.822326 -0.127026 5.85384e-17)
(0.814341 -0.128873 6.02638e-17)
(0.807328 -0.130657 0)
(0.801438 -0.132429 6.30974e-17)
(0.796816 -0.13424 6.42575e-17)
(0.793601 -0.136144 0)
(0.79193 -0.138195 -6.58425e-17)
(0.79194 -0.140453 0)
(0.793769 -0.142975 -1.42364e-19)
(0.79756 -0.145823 1.55657e-19)
(0.803461 -0.149059 0)
(0.811632 -0.152747 1.92231e-19)
(0.822237 -0.156947 6.00113e-17)
(0.835512 -0.161737 -5.66435e-17)
(0.851568 -0.167137 -5.22602e-17)
(0.871128 -0.173328 0)
(0.893263 -0.179951 3.96844e-17)
(0.922953 -0.188092 0)
(0.946877 -0.193995 -1.97344e-17)
(1.00861 -0.204976 9.41897e-18)
(0.973175 0.226183 0)
(0.969289 0.223598 7.12146e-17)
(0.96587 0.218696 6.96663e-17)
(0.963716 0.214 -2.42639e-19)
(0.962281 0.209402 0)
(0.961173 0.204538 -1.22783e-16)
(0.960373 0.199397 0)
(0.959909 0.194035 1.11918e-16)
(0.959752 0.188446 0)
(0.959855 0.182603 0)
(0.960177 0.176483 4.28786e-19)
(0.960678 0.170072 0)
(0.96133 0.163358 -8.67942e-17)
(0.962102 0.156319 8.24326e-17)
(0.962963 0.148933 7.83135e-17)
(0.963879 0.141187 1.48484e-16)
(0.964806 0.133247 7.20664e-17)
(0.965709 0.125327 0)
(0.966576 0.11748 0)
(0.967405 0.10971 6.90528e-17)
(0.968193 0.10202 6.78015e-17)
(0.968944 0.0944131 3.35405e-17)
(0.969662 0.0868872 0)
(0.97035 0.07944 0)
(0.971007 0.072067 -3.27684e-17)
(0.971627 0.064762 0)
(0.972201 0.0575176 3.24808e-17)
(0.972711 0.0503257 0)
(0.973136 0.0431788 3.24888e-17)
(0.973447 0.0360705 -1.62013e-17)
(0.973617 0.0289971 1.63576e-17)
(0.973606 0.0219623 0)
(0.973402 0.0149557 0)
(0.972993 0.00798046 4.10316e-18)
(0.972343 0.00104659 0)
(0.971412 -0.00583372 -1.04418e-18)
(0.970153 -0.0126488 4.18336e-18)
(0.96851 -0.019386 0)
(0.966419 -0.0260313 -8.57514e-18)
(0.963809 -0.0325688 0)
(0.960605 -0.0389815 8.92953e-18)
(0.956731 -0.0452504 1.81047e-17)
(0.952116 -0.0513558 0)
(0.9467 -0.0572768 3.80573e-17)
(0.940445 -0.0629926 -1.9477e-17)
(0.933335 -0.0684829 0)
(0.925381 -0.073729 0)
(0.916628 -0.0787148 2.12801e-17)
(0.907149 -0.0834279 0)
(0.897043 -0.0878601 0)
(0.886433 -0.0920081 -2.35882e-17)
(0.875454 -0.0958735 4.8808e-17)
(0.864249 -0.0994626 0)
(0.852962 -0.102786 0)
(0.841735 -0.105858 -5.40791e-17)
(0.830701 -0.108696 0)
(0.819987 -0.111321 -1.38704e-19)
(0.809715 -0.113756 -5.96655e-17)
(0.800005 -0.116027 -6.15232e-17)
(0.790974 -0.118164 0)
(0.782742 -0.1202 -6.51009e-17)
(0.775433 -0.122173 -6.66524e-17)
(0.769173 -0.124124 0)
(0.764092 -0.126099 -1.39244e-16)
(0.760323 -0.128146 -7.0731e-17)
(0.757997 -0.130318 7.17562e-17)
(0.75725 -0.132668 7.2236e-17)
(0.758216 -0.135253 -7.25949e-17)
(0.761032 -0.138132 1.44648e-16)
(0.765835 -0.141363 -7.15308e-17)
(0.772769 -0.145006 -7.03896e-17)
(0.78199 -0.149126 -6.82097e-17)
(0.793653 -0.153781 0)
(0.807994 -0.159049 0)
(0.825103 -0.164952 0)
(0.845739 -0.171685 0)
(0.868855 -0.17889 0)
(0.899791 -0.18775 -3.45103e-17)
(0.924322 -0.194454 0)
(0.98895 -0.206863 0)
(0.972899 0.226661 0)
(0.968603 0.223818 0)
(0.965099 0.218786 8.06993e-17)
(0.96298 0.214059 7.73285e-17)
(0.961555 0.209402 0)
(0.960432 0.204505 7.06138e-17)
(0.959615 0.199364 0)
(0.959138 0.194002 -1.28395e-16)
(0.958972 0.188399 0)
(0.95907 0.182528 0)
(0.959387 0.176373 -2.20942e-16)
(0.959885 0.169929 -1.05109e-16)
(0.960532 0.163185 9.93742e-17)
(0.961298 0.156126 -9.43382e-17)
(0.96215 0.148732 -8.95815e-17)
(0.963057 0.140987 -1.70607e-16)
(0.963974 0.133053 0)
(0.964869 0.125144 8.16385e-17)
(0.965731 0.117307 0)
(0.966559 0.109545 -1.57834e-16)
(0.96735 0.101859 7.81074e-17)
(0.968108 0.0942515 0)
(0.968834 0.0867207 -3.82364e-17)
(0.969527 0.0792654 0)
(0.970182 0.0718831 0)
(0.970783 0.0645698 0)
(0.971309 0.0573204 0)
(0.971729 0.0501295 0)
(0.972001 0.0429919 -1.83988e-17)
(0.972075 0.035903 0)
(0.97189 0.028859 -3.69175e-17)
(0.971385 0.0218506 -9.27798e-18)
(0.970471 0.0149241 0)
(0.969051 0.00805307 0)
(0.967025 0.00124601 -1.16452e-18)
(0.964311 -0.00547845 1.16373e-18)
(0.960838 -0.0121037 0)
(0.95656 -0.0186129 -4.76948e-18)
(0.951456 -0.0249884 0)
(0.94553 -0.0312126 0)
(0.938807 -0.0372686 -1.99138e-17)
(0.931336 -0.04314 0)
(0.92318 -0.0488134 2.0821e-17)
(0.914413 -0.0542772 -2.12232e-17)
(0.905117 -0.0595222 0)
(0.895374 -0.0645417 0)
(0.885261 -0.0693313 0)
(0.874851 -0.0738881 0)
(0.864213 -0.078211 -2.46201e-17)
(0.853409 -0.0823 0)
(0.842498 -0.0861561 2.61948e-17)
(0.831541 -0.0897815 -5.41798e-17)
(0.820602 -0.0931804 5.61928e-17)
(0.80975 -0.0963587 5.81166e-17)
(0.799066 -0.0993255 5.99601e-17)
(0.788638 -0.102093 0)
(0.778563 -0.104679 6.40308e-17)
(0.768951 -0.107103 1.32277e-16)
(0.759915 -0.109391 1.36331e-16)
(0.751577 -0.111575 -7.01999e-17)
(0.744065 -0.113689 1.44101e-16)
(0.737506 -0.115771 7.38968e-17)
(0.732034 -0.117865 0)
(0.727781 -0.120016 1.53899e-16)
(0.724878 -0.122274 0)
(0.723457 -0.124687 -1.58213e-16)
(0.723649 -0.127309 7.9759e-17)
(0.725584 -0.130195 -1.31399e-19)
(0.729393 -0.133399 -7.95239e-17)
(0.735208 -0.13698 0)
(0.743166 -0.140994 7.71861e-17)
(0.753418 -0.145503 7.51556e-17)
(0.76611 -0.150566 0)
(0.781476 -0.15626 -6.80531e-17)
(0.799588 -0.16261 6.28516e-17)
(0.82124 -0.169819 0)
(0.845259 -0.177545 0)
(0.877358 -0.187013 3.77999e-17)
(0.902343 -0.194504 0)
(0.96982 -0.208227 0)
(0.972602 0.227148 9.63178e-17)
(0.967914 0.223954 0)
(0.96432 0.218904 -1.86044e-16)
(0.962225 0.214167 0)
(0.960823 0.209363 -8.55403e-17)
(0.959711 0.204319 0)
(0.958893 0.199089 0)
(0.958405 0.193692 0)
(0.958219 0.188094 0)
(0.958292 0.182249 -1.34172e-16)
(0.958589 0.176125 1.26941e-16)
(0.959075 0.169704 -4.30963e-19)
(0.959724 0.162972 0)
(0.960502 0.155913 0)
(0.961373 0.148511 0)
(0.962288 0.140757 1.95105e-16)
(0.963179 0.132812 0)
(0.963976 0.124893 -9.25057e-17)
(0.964633 0.11705 0)
(0.965108 0.109284 -4.05839e-19)
(0.96536 0.101595 4.07309e-19)
(0.965354 0.0939806 8.70649e-17)
(0.965061 0.0864401 4.28045e-17)
(0.964455 0.0789721 0)
(0.96351 0.0715752 -4.21585e-17)
(0.962202 0.0642484 0)
(0.960508 0.056991 0)
(0.958405 0.0498031 0)
(0.955871 0.0426856 2.05857e-17)
(0.952881 0.0356403 -2.054e-17)
(0.949414 0.0286684 2.04247e-17)
(0.945458 0.0217704 1.0217e-17)
(0.940983 0.0150023 0)
(0.936012 0.00833464 0)
(0.930581 0.0017778 1.28121e-18)
(0.924725 -0.00465026 0)
(0.91848 -0.0109374 0)
(0.911875 -0.0170743 1.05294e-17)
(0.904934 -0.0230531 1.06926e-17)
(0.89767 -0.0288681 -1.08592e-17)
(0.890092 -0.0345142 -4.71221e-20)
(0.882201 -0.0399855 0)
(0.873993 -0.0452776 9.02692e-20)
(0.865468 -0.0503851 0)
(0.856624 -0.0553024 0)
(0.847469 -0.0600231 -2.49423e-17)
(0.838015 -0.0645411 0)
(0.828288 -0.0688507 0)
(0.818319 -0.0729473 2.7272e-17)
(0.808153 -0.0768277 0)
(0.797844 -0.0804912 0)
(0.787456 -0.0839395 6.04725e-17)
(0.777063 -0.0871774 1.26892e-19)
(0.766748 -0.0902132 -6.46407e-17)
(0.756603 -0.0930588 -6.70008e-17)
(0.746729 -0.09573 -6.92806e-17)
(0.737233 -0.0982464 -7.1581e-17)
(0.72823 -0.100632 -7.37775e-17)
(0.719841 -0.102914 -1.52199e-16)
(0.712192 -0.105126 1.56625e-16)
(0.70541 -0.107301 -8.03867e-17)
(0.699627 -0.109479 -8.238e-17)
(0.694974 -0.111701 8.43e-17)
(0.69158 -0.114014 9.94263e-20)
(0.689575 -0.116462 -8.72618e-17)
(0.689086 -0.119096 8.81841e-17)
(0.690236 -0.121965 1.19867e-19)
(0.693151 -0.125121 8.90356e-17)
(0.697954 -0.128618 0)
(0.70477 -0.132509 0)
(0.713727 -0.136851 0)
(0.724971 -0.141702 -8.37754e-17)
(0.738641 -0.147121 0)
(0.754967 -0.153184 -2.59366e-19)
(0.774002 -0.159919 -7.02838e-17)
(0.796579 -0.167534 0)
(0.821393 -0.175707 5.43224e-17)
(0.854538 -0.18568 0)
(0.879804 -0.1939 0)
(0.950038 -0.208876 1.41068e-17)
(0.972287 0.227673 -2.01075e-19)
(0.967277 0.223873 0)
(0.963602 0.21889 1.0738e-16)
(0.961441 0.214434 0)
(0.95998 0.209767 9.85055e-17)
(0.958844 0.204721 0)
(0.958033 0.199393 0)
(0.957551 0.193845 0)
(0.957323 0.188086 1.61823e-16)
(0.95723 0.182096 3.05966e-16)
(0.957131 0.175846 1.44878e-16)
(0.956866 0.169302 2.73335e-16)
(0.956274 0.162427 0)
(0.955206 0.155183 1.22026e-16)
(0.953544 0.14754 1.15207e-16)
(0.95119 0.139481 -2.1722e-16)
(0.948215 0.131185 0)
(0.944768 0.1229 0)
(0.940968 0.114706 0)
(0.936907 0.106626 1.97552e-16)
(0.932672 0.0986762 -9.70012e-17)
(0.92834 0.0908709 -9.56139e-17)
(0.923978 0.0832181 -4.73827e-17)
(0.919635 0.0757215 4.68539e-17)
(0.915348 0.0683805 4.62158e-17)
(0.911136 0.0611911 0)
(0.907002 0.0541472 -4.56745e-17)
(0.902934 0.047241 0)
(0.898907 0.0404646 -2.25182e-17)
(0.894883 0.0338101 2.24556e-17)
(0.890817 0.0272704 -2.25197e-17)
(0.886664 0.0208346 0)
(0.882385 0.0145218 1.12634e-17)
(0.877935 0.0083156 0)
(0.873268 0.00221957 0)
(0.868336 -0.00376003 0)
(0.863096 -0.00961994 0)
(0.857514 -0.0153541 -5.80716e-18)
(0.851564 -0.0209544 -1.17854e-17)
(0.845229 -0.0264124 1.19892e-17)
(0.838497 -0.0317203 -3.99951e-20)
(0.831366 -0.0368682 0)
(0.823837 -0.0418473 -2.56047e-17)
(0.81592 -0.0466497 -2.63583e-17)
(0.807628 -0.0512689 0)
(0.798982 -0.0556985 2.78451e-17)
(0.790008 -0.0599335 0)
(0.780742 -0.06397 0)
(0.771226 -0.0678056 3.07498e-17)
(0.761511 -0.07144 6.36386e-17)
(0.751658 -0.074875 0)
(0.741737 -0.0781148 -6.81378e-17)
(0.731828 -0.0811668 -7.05955e-17)
(0.72202 -0.0840413 0)
(0.712411 -0.0867522 7.57348e-17)
(0.703107 -0.0893168 7.83804e-17)
(0.69422 -0.0917564 8.10478e-17)
(0.68587 -0.094096 8.37997e-17)
(0.678179 -0.0963641 1.72769e-16)
(0.671275 -0.098593 8.57679e-20)
(0.665285 -0.100818 -9.14518e-17)
(0.660336 -0.103077 0)
(0.656557 -0.105412 -9.58139e-17)
(0.654071 -0.107864 -1.95509e-16)
(0.653001 -0.110479 1.98721e-16)
(0.653467 -0.113304 -1.00672e-16)
(0.655585 -0.116386 -1.014e-16)
(0.659471 -0.119774 0)
(0.665239 -0.12352 -1.01674e-16)
(0.673008 -0.127673 0)
(0.682898 -0.132287 0)
(0.695048 -0.13742 -9.66363e-17)
(0.709587 -0.143127 0)
(0.726746 -0.149485 8.79836e-17)
(0.746557 -0.156525 -8.19764e-17)
(0.769891 -0.164454 0)
(0.795309 -0.172977 -6.32885e-17)
(0.829287 -0.183343 0)
(0.854589 -0.192166 0)
(0.927339 -0.208387 -1.65836e-17)
(0.972088 0.228538 -1.26239e-16)
(0.967037 0.223791 0)
(0.963312 0.217993 1.2351e-16)
(0.960499 0.213144 0)
(0.95763 0.208329 1.12326e-16)
(0.954203 0.203178 0)
(0.949986 0.197599 0)
(0.944773 0.191522 0)
(0.938438 0.18493 4.21274e-19)
(0.931059 0.177857 4.04456e-19)
(0.922916 0.170387 -1.59341e-16)
(0.914396 0.162623 -1.50107e-16)
(0.905882 0.154658 0)
(0.897682 0.146554 -2.66787e-16)
(0.889986 0.138339 -1.25525e-16)
(0.882878 0.130019 2.36904e-16)
(0.876505 0.12176 0)
(0.870924 0.113758 1.1234e-16)
(0.866011 0.106021 1.10179e-16)
(0.861619 0.0985141 -1.08016e-16)
(0.857632 0.0912084 0)
(0.853965 0.0840805 -1.05312e-16)
(0.850555 0.0771135 5.19122e-17)
(0.847352 0.0702945 -5.14006e-17)
(0.844311 0.0636122 5.1111e-17)
(0.841393 0.0570563 0)
(0.838557 0.0506177 -1.43734e-19)
(0.835759 0.0442885 0)
(0.832953 0.0380626 0)
(0.830087 0.0319362 0)
(0.82711 0.0259117 -7.15707e-20)
(0.823975 0.0199641 0)
(0.820633 0.0141018 -1.25454e-17)
(0.817065 0.00831573 6.31919e-18)
(0.813245 0.00262327 0)
(0.809127 -0.00295874 0)
(0.804667 -0.0084251 -6.49895e-18)
(0.799826 -0.0137697 0)
(0.794574 -0.0189847 0)
(0.788895 -0.0240619 1.36671e-17)
(0.782778 -0.0289948 -3.36558e-20)
(0.776222 -0.0337772 -2.85945e-17)
(0.769232 -0.0383995 -2.9339e-17)
(0.761821 -0.0428537 3.00978e-17)
(0.754009 -0.0471339 0)
(0.745823 -0.0512354 0)
(0.737296 -0.0551543 0)
(0.728472 -0.0588883 0)
(0.7194 -0.0624369 -3.53841e-17)
(0.710142 -0.0658014 1.03891e-19)
(0.700764 -0.0689857 0)
(0.691345 -0.0719962 0)
(0.68197 -0.0748423 8.19075e-17)
(0.672733 -0.0775364 0)
(0.663737 -0.0800943 0)
(0.65509 -0.082535 -9.12647e-17)
(0.646906 -0.084881 0)
(0.639304 -0.0871581 -9.76415e-17)
(0.632406 -0.0893951 -2.01775e-16)
(0.626333 -0.091624 -1.03993e-16)
(0.62121 -0.0938792 1.07033e-16)
(0.617158 -0.0961976 0)
(0.614296 -0.0986179 1.12702e-16)
(0.612741 -0.101181 2.30187e-16)
(0.612605 -0.103928 -1.1716e-16)
(0.613999 -0.106902 1.18886e-16)
(0.617029 -0.110146 1.2027e-16)
(0.6218 -0.113709 0)
(0.628418 -0.117639 -1.55437e-19)
(0.636992 -0.121982 0)
(0.647632 -0.126787 0)
(0.660469 -0.13211 1.15906e-16)
(0.675621 -0.138003 0)
(0.693317 -0.144541 0)
(0.713564 -0.151755 9.93313e-17)
(0.73727 -0.15985 -9.03808e-17)
(0.762859 -0.168552 0)
(0.797159 -0.17914 -6.33568e-17)
(0.822047 -0.188335 0)
(0.896465 -0.205823 0)
(0.978367 0.231657 0)
(0.968378 0.227663 1.36063e-16)
(0.950688 0.21877 -1.34197e-16)
(0.929913 0.209119 1.3012e-16)
(0.908884 0.199535 2.44535e-19)
(0.888555 0.190263 1.19171e-16)
(0.869634 0.181476 0)
(0.8527 0.173181 2.14108e-16)
(0.838105 0.165355 -2.01522e-16)
(0.825938 0.157932 -1.89804e-16)
(0.816019 0.150809 0)
(0.807988 0.143869 0)
(0.801425 0.137001 0)
(0.795946 0.130115 1.49799e-16)
(0.791244 0.123139 0)
(0.787091 0.116028 -1.33449e-16)
(0.783425 0.1089 0)
(0.78021 0.101923 2.63824e-19)
(0.777347 0.0951219 -1.25422e-16)
(0.77475 0.0884783 0)
(0.772356 0.081985 0)
(0.770125 0.0756293 1.21096e-16)
(0.768029 0.0693967 0)
(0.766041 0.0632789 5.97588e-17)
(0.764138 0.0572692 -5.92837e-17)
(0.762292 0.0513613 0)
(0.760473 0.0455494 5.88251e-17)
(0.758642 0.0398285 0)
(0.756759 0.0341948 0)
(0.754775 0.0286465 0)
(0.75264 0.0231882 2.94284e-17)
(0.750296 0.0178017 0)
(0.747791 0.0124755 0)
(0.745161 0.00721666 -7.47701e-18)
(0.742294 0.00204919 0)
(0.739076 -0.00301091 0)
(0.73543 -0.00796014 -1.74384e-20)
(0.731316 -0.0127939 0)
(0.726717 -0.0175056 0)
(0.721628 -0.0220852 3.34482e-20)
(0.716058 -0.0265144 1.67254e-17)
(0.710014 -0.0308028 3.43072e-17)
(0.703515 -0.0349456 3.52587e-17)
(0.696583 -0.0389357 3.63677e-17)
(0.689246 -0.0427675 0)
(0.681541 -0.0464372 3.87562e-17)
(0.673507 -0.0499423 0)
(0.665196 -0.0532822 0)
(0.656663 -0.0564581 4.30819e-17)
(0.647973 -0.0594731 9.5968e-20)
(0.6392 -0.0623331 0)
(0.630423 -0.065046 -9.65198e-17)
(0.621733 -0.0676228 -2.00536e-16)
(0.613223 -0.0700772 0)
(0.604996 -0.0724259 1.083e-16)
(0.597157 -0.0746887 1.12378e-16)
(0.589819 -0.0768881 0)
(0.583093 -0.0790497 0)
(0.577094 -0.0812018 1.25102e-16)
(0.571936 -0.083375 0)
(0.567732 -0.0856023 0)
(0.564591 -0.0879189 0)
(0.562622 -0.0903612 -1.40992e-16)
(0.561926 -0.0929676 -1.44379e-16)
(0.562602 -0.0957772 0)
(0.564747 -0.0988301 -1.50043e-16)
(0.568456 -0.10215 -1.51857e-16)
(0.573818 -0.105782 1.5328e-16)
(0.580925 -0.109776 3.07255e-16)
(0.58987 -0.114176 0)
(0.600749 -0.119029 0)
(0.613676 -0.124382 0)
(0.628752 -0.130285 0)
(0.646191 -0.136808 -1.37058e-16)
(0.665964 -0.143975 1.28047e-16)
(0.688976 -0.151998 1.15806e-16)
(0.713565 -0.160574 -1.00754e-16)
(0.746621 -0.1711 -6.70834e-19)
(0.770294 -0.180292 0)
(0.842995 -0.198745 2.84311e-17)
(0.919209 0.209239 1.50214e-16)
(0.840506 0.192232 -3.25015e-16)
(0.78683 0.179873 0)
(0.750392 0.170069 1.40424e-19)
(0.723592 0.161531 -1.58313e-16)
(0.703509 0.153965 -1.52295e-16)
(0.688824 0.147308 0)
(0.678489 0.141354 -2.75944e-16)
(0.671375 0.135871 0)
(0.666413 0.13065 0)
(0.662765 0.125527 0)
(0.659872 0.120394 0)
(0.657421 0.115187 0)
(0.655259 0.109865 1.96086e-16)
(0.653321 0.104399 0)
(0.651558 0.0987695 1.75234e-16)
(0.650128 0.0930947 1.70595e-16)
(0.648915 0.0874967 -3.35428e-16)
(0.647822 0.081995 0)
(0.646813 0.076583 1.63247e-16)
(0.645863 0.0712664 -1.61445e-16)
(0.644958 0.0660429 0)
(0.644083 0.0609022 -7.93179e-17)
(0.643229 0.0558386 -7.87078e-17)
(0.64238 0.0508479 0)
(0.641517 0.045927 -7.80362e-17)
(0.640619 0.0410729 7.7808e-17)
(0.639657 0.0362829 0)
(0.638597 0.0315548 0)
(0.637399 0.026887 3.8881e-17)
(0.636013 0.0222783 -3.89957e-17)
(0.634436 0.0177265 0)
(0.632413 0.0132174 0)
(0.629712 0.00876438 -9.94541e-18)
(0.626381 0.00439046 5.02759e-18)
(0.6225 0.000108864 0)
(0.618129 -0.00407365 1.03443e-17)
(0.613307 -0.00815088 0)
(0.608064 -0.0121167 0)
(0.602424 -0.0159624 2.05482e-20)
(0.596404 -0.019663 4.5242e-17)
(0.590032 -0.0232311 0)
(0.583338 -0.0266692 0)
(0.576354 -0.0299756 -4.94552e-17)
(0.569116 -0.0331482 5.11909e-17)
(0.561667 -0.0361858 -5.30018e-17)
(0.554051 -0.0390882 0)
(0.546322 -0.0418567 5.71657e-17)
(0.538535 -0.0444941 -5.94205e-17)
(0.530755 -0.0470049 5.6002e-20)
(0.52305 -0.0493957 0)
(0.515494 -0.051675 -5.05879e-20)
(0.508165 -0.0538533 2.79784e-16)
(0.501147 -0.0559435 0)
(0.494527 -0.0579606 4.4722e-20)
(0.488391 -0.0599219 0)
(0.482831 -0.0618467 0)
(0.477935 -0.0637566 0)
(0.473793 -0.065675 1.77016e-16)
(0.470492 -0.0676272 0)
(0.468115 -0.06964 1.8941e-16)
(0.466743 -0.0717418 0)
(0.466452 -0.073962 0)
(0.467315 -0.0763311 0)
(0.469401 -0.0788801 0)
(0.472775 -0.081643 -9.11396e-20)
(0.477502 -0.0846249 0)
(0.483642 -0.0878507 -4.38144e-16)
(0.491252 -0.0913592 -2.19689e-16)
(0.500395 -0.0951848 2.19065e-16)
(0.511135 -0.0993595 0)
(0.523554 -0.103918 0)
(0.537717 -0.108892 0)
(0.553822 -0.114335 1.95274e-16)
(0.571773 -0.120255 3.03172e-19)
(0.592642 -0.126847 0)
(0.614252 -0.133793 1.42719e-16)
(0.644991 -0.142462 1.15402e-16)
(0.663075 -0.149413 0)
(0.726773 -0.164516 -4.02437e-17)
)
;

boundaryField
{
    inlet
    {
        type            fixedValue;
        value           uniform (0.97437 0.22495 0);
    }
    outlet
    {
        type            zeroGradient;
    }
    fixedWalls
    {
        type            noSlip;
    }
    frontAndBack
    {
        type            empty;
    }
}


// ************************************************************************* //
