/*--------------------------------*- C++ -*----------------------------------*\
| =========                 |                                                 |
| \\      /  F ield         | OpenFOAM: The Open Source CFD Toolbox           |
|  \\    /   O peration     | Version:  v1912                                 |
|   \\  /    A nd           | Website:  www.openfoam.com                      |
|    \\/     M anipulation  |                                                 |
\*---------------------------------------------------------------------------*/
FoamFile
{
    version     2.0;
    format      ascii;
    class       surfaceScalarField;
    location    "725";
    object      phi;
}
// * * * * * * * * * * * * * * * * * * * * * * * * * * * * * * * * * * * * * //

dimensions      [0 3 -1 0 0 0 0];
oriented        oriented;


internalField   nonuniform List<scalar> 
3895
(
0.000814746
0.00038143
0.000499361
0.000315385
0.000251565
0.000247796
6.4863e-05
0.000186702
-6.21962e-05
0.000127059
-0.000127327
6.51304e-05
-0.000137638
1.03119e-05
-0.000113632
-2.40064e-05
-9.03514e-05
-2.32806e-05
-8.49477e-05
-5.4037e-06
-6.61304e-05
-1.88173e-05
-4.47475e-05
-2.13829e-05
-4.0468e-05
-4.27943e-06
-4.86758e-05
8.2078e-06
-4.57207e-05
-2.95513e-06
-3.20635e-05
-1.36572e-05
-2.51509e-05
-6.91259e-06
-2.59326e-05
7.81682e-07
-2.89538e-05
3.02124e-06
-3.04973e-05
1.54351e-06
-2.91952e-05
-1.30208e-06
-2.4908e-05
-4.28724e-06
-1.85858e-05
-6.3222e-06
-1.19798e-05
-6.606e-06
-6.20382e-06
-5.77599e-06
-1.89995e-06
-4.30387e-06
8.4455e-07
-2.7445e-06
2.45569e-06
-1.61114e-06
3.51376e-06
-1.05807e-06
4.42675e-06
-9.12995e-07
5.32123e-06
-8.94475e-07
6.17121e-06
-8.49983e-07
6.95659e-06
-7.85381e-07
7.641e-06
-6.84412e-07
8.15067e-06
-5.09665e-07
8.41976e-06
-2.69096e-07
8.391e-06
2.87658e-08
7.98723e-06
4.03764e-07
7.21554e-06
7.71693e-07
6.03596e-06
1.17958e-06
4.37139e-06
1.66457e-06
2.11552e-06
2.25586e-06
-8.54839e-07
2.97036e-06
-4.66523e-06
3.81039e-06
-9.43456e-06
4.76933e-06
-1.53143e-05
5.87973e-06
-2.26352e-05
7.32095e-06
-3.21023e-05
9.46702e-06
-4.50428e-05
1.29406e-05
-6.36112e-05
1.85684e-05
-9.07108e-05
2.70996e-05
-0.000129375
3.86644e-05
-0.000181936
5.25603e-05
-0.000249329
6.73934e-05
-0.000330205
8.08764e-05
-0.000420089
8.9884e-05
-0.000511604
9.15147e-05
-0.000595829
8.4225e-05
-0.000663887
6.80579e-05
-0.000707017
4.31303e-05
-0.000714313
7.29551e-06
-0.000696335
-1.79781e-05
-0.000657355
-3.89794e-05
-0.000600977
-5.63781e-05
-0.000531128
-6.98494e-05
-0.000450873
-8.02551e-05
-0.000362216
-8.86567e-05
-0.000266716
-9.55002e-05
-0.000165984
-0.000100732
-6.17112e-05
-0.000104273
4.41441e-05
-0.000105855
0.000149634
-0.00010549
0.0002532
-0.000103565
0.0003535
-0.0001003
0.000449658
-9.61582e-05
0.000541603
-9.19448e-05
0.000629585
-8.79824e-05
0.000716735
-8.71494e-05
0.000803387
-8.66528e-05
-0.000107451
0.00108795
0.000349294
0.00104738
0.000355946
0.000933278
0.000361903
0.000775747
0.000344233
0.000598431
0.000304375
0.000410383
0.000253178
0.000221248
0.000199447
5.3877e-05
0.000143365
-6.04245e-05
9.10208e-05
-0.000110188
4.43597e-05
-0.000131881
2.87611e-06
-0.000123966
-2.92984e-05
-0.000105667
-2.2578e-05
-0.000107779
1.03197e-05
-0.00010337
-7.36465e-06
-9.07441e-05
-2.62828e-05
-7.67537e-05
-2.0903e-05
-7.88678e-05
2.89581e-06
-8.71359e-05
1.12894e-05
-9.26376e-05
7.04522e-06
-9.45937e-05
6.53964e-07
-9.09689e-05
-7.912e-06
-8.48166e-05
-1.24745e-05
-7.80795e-05
-1.33431e-05
-7.15168e-05
-1.23387e-05
-6.58585e-05
-9.96213e-06
-6.1723e-05
-6.88007e-06
-5.95691e-05
-3.76504e-06
-5.92734e-05
-1.35372e-06
-6.03286e-05
1.4215e-07
-6.25499e-05
1.3269e-06
-6.52502e-05
1.85027e-06
-6.81233e-05
2.08771e-06
-7.10912e-05
2.28354e-06
-7.4285e-05
2.68405e-06
-7.78546e-05
3.30056e-06
-8.19108e-05
4.08494e-06
-8.65008e-05
4.99383e-06
-9.17282e-05
5.99907e-06
-9.76333e-05
7.08468e-06
-0.000104219
8.25017e-06
-0.000111472
9.50936e-06
-0.000119375
1.08729e-05
-0.000127889
1.23246e-05
-0.000136938
1.38178e-05
-0.000146401
1.53426e-05
-0.000156183
1.71038e-05
-0.000166303
1.95871e-05
-0.000176897
2.35344e-05
-0.000188119
2.97903e-05
-0.000200197
3.91775e-05
-0.000213462
5.19288e-05
-0.000227936
6.70351e-05
-0.00024275
8.22073e-05
-0.000255699
9.38249e-05
-0.000262905
9.70905e-05
-0.000259548
8.81578e-05
-0.000241499
6.61753e-05
-0.000207532
3.40915e-05
-0.000166592
2.19004e-06
-0.000119977
-3.93196e-05
-6.79586e-05
-6.99966e-05
-1.33309e-05
-9.36071e-05
4.29796e-05
-0.000112689
0.000102564
-0.000129434
0.000166606
-0.000144297
0.000234977
-0.000157028
0.000306632
-0.000167156
0.000380044
-0.000174144
0.000453446
-0.000177675
0.000525322
-0.000177732
0.000594445
-0.000174613
0.000659754
-0.000168875
0.000720685
-0.000161231
0.00077708
-0.000152553
0.000829046
-0.00014391
0.000877444
-0.000136381
0.000922303
-0.000132008
0.000966338
-0.000130687
-0.000142047
0.000975282
0.000305926
0.00102604
0.000305187
0.00106097
0.000326974
0.00105862
0.000346584
0.00101217
0.00035082
0.000925048
0.000340304
0.000805752
0.000318743
0.000661765
0.000287352
0.000504929
0.000247857
0.000345844
0.000203445
0.000190168
0.000158552
4.70569e-05
0.000113812
-4.98373e-05
7.43162e-05
-8.59827e-05
4.64651e-05
-0.000105865
1.25179e-05
-0.000113867
-1.8281e-05
-0.000101861
-3.29087e-05
-9.154e-05
-7.42546e-06
-9.89931e-05
1.87424e-05
-0.000108451
1.65031e-05
-0.000114959
7.16239e-06
-0.000119599
-3.27247e-06
-0.000121682
-1.03911e-05
-0.000120594
-1.44315e-05
-0.000118978
-1.39546e-05
-0.00011872
-1.022e-05
-0.000120417
-5.18305e-06
-0.00012424
5.73368e-08
-0.000128318
2.72472e-06
-0.000132827
4.65159e-06
-0.000137347
5.84652e-06
-0.000141925
6.42817e-06
-0.000146443
6.60543e-06
-0.000150811
6.65187e-06
-0.000155096
6.96864e-06
-0.00015946
7.66463e-06
-0.000164001
8.62592e-06
-0.000168697
9.69044e-06
-0.000173471
1.07725e-05
-0.000178232
1.18465e-05
-0.000182883
1.29011e-05
-0.000187315
1.39415e-05
-0.000191404
1.49614e-05
-0.000194951
1.58713e-05
-0.000197596
1.64632e-05
-0.000198695
1.64418e-05
-0.00019724
1.56489e-05
-0.000192264
1.46111e-05
-0.000182772
1.40424e-05
-0.000167705
1.4723e-05
-0.00014569
1.71621e-05
-0.000116022
2.22613e-05
-7.78533e-05
2.88663e-05
-3.05616e-05
3.49157e-05
2.55729e-05
3.76904e-05
8.79913e-05
3.46721e-05
0.000152165
2.39843e-05
0.000211866
6.47368e-06
0.00026646
-2.05019e-05
0.000318424
-4.97741e-05
0.000360887
-8.17824e-05
0.000402159
-0.000111268
0.000445648
-0.000137096
0.000492884
-0.000159925
0.000543347
-0.000179897
0.000595663
-0.000196612
0.000648127
-0.000209492
0.000699043
-0.000218071
0.000747014
-0.000222115
0.000791026
-0.000221686
0.00083046
-0.000217166
0.000865054
-0.000209207
0.000894842
-0.000198663
0.000920121
-0.00018651
0.000941366
-0.000173797
0.000959078
-0.000161622
0.000973855
-0.000151158
0.00098557
-0.000143723
0.000995288
-0.000140406
-0.000144895
0.000857109
0.000271374
0.000897355
0.000264941
0.000950164
0.000274165
0.00100471
0.000292042
0.00104637
0.000309153
0.00106531
0.000321372
0.00105664
0.000327411
0.00101794
0.000326054
0.000949552
0.000316241
0.00085508
0.000297917
0.000740895
0.000272737
0.000611932
0.000242776
0.000476494
0.000209754
0.000348327
0.000174632
0.000223535
0.00013731
0.000102248
0.000103006
-1.40355e-07
6.94799e-05
-5.16273e-05
4.40615e-05
-6.28738e-05
2.99889e-05
-6.47358e-05
1.83651e-05
-6.70842e-05
9.51083e-06
-7.29896e-05
2.63288e-06
-8.04531e-05
-2.92759e-06
-8.89799e-05
-5.90473e-06
-9.63339e-05
-6.60067e-06
-0.000101839
-4.7152e-06
-0.000106802
-2.19678e-07
-0.000112168
5.42314e-06
-0.000117752
8.30867e-06
-0.000122892
9.79159e-06
-0.000127255
1.02099e-05
-0.000130773
9.94635e-06
-0.000133518
9.34996e-06
-0.000135326
8.45974e-06
-0.000136527
8.16955e-06
-0.000137228
8.36556e-06
-0.000137486
8.88432e-06
-0.000136994
9.19814e-06
-0.00013559
9.36883e-06
-0.000133153
9.40988e-06
-0.000129536
9.28338e-06
-0.000124561
8.96689e-06
-0.000118074
8.4744e-06
-0.000109896
7.69309e-06
-9.97826e-05
6.34986e-06
-8.75147e-05
4.17399e-06
-7.21088e-05
2.42943e-07
-5.38926e-05
-3.60516e-06
-3.16084e-05
-8.2418e-06
-3.77728e-06
-1.31081e-05
3.08641e-05
-1.74793e-05
7.43276e-05
-2.12022e-05
0.0001274
-2.42059e-05
0.000189444
-2.71286e-05
0.000258375
-3.12402e-05
0.000331198
-3.8151e-05
0.000404547
-4.93653e-05
0.000476812
-6.57912e-05
0.000543752
-8.7442e-05
0.000606051
-0.000112072
0.00066219
-0.000137922
0.00071385
-0.000162929
0.000762309
-0.000185555
0.00080746
-0.000205076
0.00084855
-0.000220987
0.000884723
-0.000232786
0.000915308
-0.000240077
0.000939938
-0.000242701
0.000958607
-0.000240783
0.000971646
-0.000234725
0.000979643
-0.000225163
0.000983343
-0.000212907
0.000983554
-0.000198874
0.000981058
-0.000184014
0.000976538
-0.000169278
0.000970504
-0.000155588
0.000963246
-0.000143901
0.000954597
-0.000135074
0.000944416
-0.000130225
-0.000130348
0.000759397
0.000238011
0.000790536
0.000233802
0.000828351
0.000236349
0.000874985
0.000245408
0.000927002
0.000257137
0.000978871
0.000269503
0.00102441
0.000281869
0.00105755
0.000292917
0.00107319
0.000300602
0.00106786
0.000303244
0.00104042
0.000300179
0.000991565
0.000291629
0.000923239
0.000278079
0.00083886
0.000259011
0.000741525
0.000234645
0.000636636
0.000207896
0.000532151
0.000173965
0.000433901
0.000142312
0.000348944
0.000114945
0.00027603
9.12796e-05
0.000213747
7.17934e-05
0.000160429
5.59517e-05
0.000114132
4.3369e-05
7.45295e-05
3.36978e-05
4.17103e-05
2.62185e-05
1.65827e-05
2.04124e-05
3.24971e-07
1.60381e-05
-7.30359e-06
1.30517e-05
-9.54435e-06
1.05494e-05
-8.32349e-06
8.57073e-06
-5.00699e-06
6.89339e-06
-4.42801e-07
5.38215e-06
4.95501e-06
3.95215e-06
1.08596e-05
2.55516e-06
1.72692e-05
1.75997e-06
2.47907e-05
8.44029e-07
3.40011e-05
-3.26083e-07
4.48393e-05
-1.64001e-06
5.75794e-05
-3.37135e-06
7.25101e-05
-5.5208e-06
8.9911e-05
-8.11748e-06
0.000110074
-1.11965e-05
0.000133322
-1.47731e-05
0.000159898
-1.88832e-05
0.000189853
-2.36047e-05
0.000223064
-2.90369e-05
0.000258512
-3.52053e-05
0.000296703
-4.17961e-05
0.000337174
-4.87136e-05
0.000379776
-5.57095e-05
0.000424751
-6.24545e-05
0.00047232
-6.87709e-05
0.000522868
-7.47545e-05
0.000576559
-8.08189e-05
0.000633039
-8.77208e-05
0.000691285
-9.63966e-05
0.000749608
-0.000107688
0.000805816
-0.000121999
0.000857483
-0.000139109
0.000903422
-0.000158012
0.000942847
-0.000177347
0.000975604
-0.000195685
0.00100178
-0.000211735
0.00102133
-0.000224626
0.00103419
-0.000233844
0.00104049
-0.000239085
0.00104064
-0.000240231
0.00103533
-0.000237387
0.00102543
-0.000230884
0.00101195
-0.000221243
0.000995908
-0.000209124
0.000978272
-0.000195271
0.000959858
-0.00018046
0.000941301
-0.000165457
0.000923022
-0.000151
0.00090521
-0.000137776
0.000887797
-0.000126488
0.000870409
-0.000117685
0.000852405
-0.000112221
-0.00011024
0.000672433
0.000206414
0.000702275
0.000203961
0.000733372
0.000205252
0.000767839
0.00021094
0.000806614
0.000218362
0.000850036
0.000226081
0.000897301
0.000234604
0.000946031
0.000244187
0.000992641
0.000253992
0.00103305
0.000262834
0.00106349
0.000269743
0.00108117
0.000273948
0.00108444
0.000274805
0.00107207
0.000271381
0.0010437
0.000263017
0.00100103
0.000250564
0.000949033
0.000225964
0.000891657
0.000199688
0.0008319
0.000174702
0.000772155
0.000151025
0.000714621
0.000129328
0.000660584
0.000109989
0.000610848
9.3105e-05
0.000566003
7.85423e-05
0.000526254
6.59674e-05
0.000491582
5.50846e-05
0.000461958
4.56621e-05
0.000437594
3.74156e-05
0.000418144
2.99998e-05
0.000403376
2.33381e-05
0.00039297
1.72993e-05
0.000386585
1.17676e-05
0.00038395
6.5873e-06
0.00038526
1.24461e-06
0.000390208
-3.18756e-06
0.000398882
-7.82988e-06
0.000411102
-1.25465e-05
0.000426761
-1.72987e-05
0.000445607
-2.22169e-05
0.000467436
-2.73499e-05
0.000492034
-3.27162e-05
0.00051917
-3.83318e-05
0.000548603
-4.42062e-05
0.000580068
-5.03485e-05
0.000613236
-5.67728e-05
0.000647681
-6.34812e-05
0.000682907
-7.04318e-05
0.000718593
-7.74822e-05
0.000754353
-8.4473e-05
0.000789882
-9.12391e-05
0.000825046
-9.76185e-05
0.000859825
-0.000103549
0.000894226
-0.000109155
0.000928174
-0.000114767
0.000961355
-0.000120902
0.000993116
-0.000128158
0.00102246
-0.000137032
0.00104819
-0.000147732
0.00106913
-0.000160044
0.0010844
-0.000173289
0.00109352
-0.000186461
0.00109633
-0.000198495
0.00109304
-0.000208446
0.00108406
-0.000215649
0.00106996
-0.000219743
0.00105146
-0.000220587
0.00102945
-0.000218214
0.00100488
-0.000212817
0.000978736
-0.000204742
0.000951941
-0.000194448
0.000925288
-0.000182471
0.000899404
-0.000169387
0.000874727
-0.000155782
0.0008515
-0.00014223
0.000829785
-0.000129284
0.00080946
-0.000117451
0.000790229
-0.000107257
0.000771577
-9.9033e-05
0.000752867
-9.3511e-05
-9.02524e-05
0.000594386
0.000177665
0.00062317
0.000175177
0.000652323
0.000176099
0.000682115
0.000181149
0.000712924
0.000187552
0.000745613
0.000193392
0.000781181
0.000199036
0.000820193
0.000205175
0.000862411
0.000211774
0.000906707
0.000218538
0.000951215
0.000225234
0.000993659
0.000231504
0.00103171
0.000236754
0.00106298
0.000240113
0.0010853
0.000240697
0.00109753
0.000238336
0.00109977
0.000223725
0.00109369
0.000205768
0.00108083
0.000187563
0.00106268
0.000169175
0.00104092
0.000151083
0.00101711
0.000133799
0.000992585
0.00011763
0.000968435
0.000102692
0.000945448
8.89543e-05
0.000924203
7.63304e-05
0.000905148
6.47164e-05
0.000888605
5.3959e-05
0.000874707
4.3898e-05
0.00086359
3.44547e-05
0.000855329
2.55607e-05
0.000849964
1.71328e-05
0.000847483
9.06782e-06
0.000847317
1.41104e-06
0.000850203
-6.07394e-06
0.000855622
-1.3249e-05
0.000863399
-2.03233e-05
0.00087339
-2.72895e-05
0.000885345
-3.41728e-05
0.000898999
-4.10039e-05
0.000914078
-4.77943e-05
0.000930291
-5.4545e-05
0.000947337
-6.12523e-05
0.000964899
-6.79112e-05
0.000982641
-7.45146e-05
0.0010002
-8.10444e-05
0.00101723
-8.74554e-05
0.0010334
-9.36576e-05
0.00104847
-9.95414e-05
0.00106224
-0.000105011
0.00107463
-0.000110006
0.00108562
-0.000114541
0.00109523
-0.000118758
0.00110339
-0.000122935
0.00110994
-0.000127454
0.00111451
-0.000132725
0.00111655
-0.000139068
0.00111541
-0.000146589
0.00111046
-0.000155101
0.00110128
-0.000164111
0.00108773
-0.000172907
0.00106996
-0.000180729
0.00104843
-0.00018691
0.00102374
-0.000190966
0.000996632
-0.000192631
0.000967857
-0.000191812
0.000938196
-0.000188553
0.000908389
-0.000183011
0.00087909
-0.000175442
0.000850825
-0.000166183
0.00082398
-0.000155626
0.000798794
-0.000144201
0.000775367
-0.000132355
0.000753675
-0.000120539
0.000733589
-0.000109198
0.000714871
-9.87329e-05
0.000697189
-8.95754e-05
0.000680042
-8.18861e-05
0.000662962
-7.64307e-05
-7.20483e-05
0.000525111
0.000151816
0.000551936
0.000148352
0.000579146
0.000148889
0.000606467
0.000153827
0.000634006
0.000160013
0.000661953
0.000165445
0.000690628
0.000170361
0.000720605
0.000175198
0.000752535
0.000179845
0.000786873
0.000184199
0.000823722
0.000188386
0.00086273
0.000192496
0.00090308
0.000196403
0.000943486
0.000199707
0.000982309
0.000201874
0.00101803
0.000202617
0.00104832
0.000193431
0.00107278
0.000181313
0.00109162
0.000168723
0.00110524
0.000155556
0.00111427
0.000142046
0.00111951
0.000128562
0.00112176
0.00011538
0.00112179
0.000102658
0.00112029
9.04559e-05
0.00111784
7.87819e-05
0.00111494
6.76186e-05
0.00111197
5.69231e-05
0.00110923
4.66404e-05
0.00110695
3.67402e-05
0.0011053
2.72084e-05
0.00110441
1.80233e-05
0.0011043
9.17356e-06
0.00110491
8.00555e-07
0.00110635
-7.51101e-06
0.00110843
-1.53309e-05
0.00111104
-2.293e-05
0.00111407
-3.03163e-05
0.00111738
-3.74849e-05
0.00112082
-4.44446e-05
0.00112422
-5.11992e-05
0.00112742
-5.77435e-05
0.00113024
-6.40693e-05
0.0011325
-7.01686e-05
0.00113401
-7.60326e-05
0.00113462
-8.16453e-05
0.00113414
-8.69759e-05
0.00113245
-9.19735e-05
0.00112949
-9.65791e-05
0.00112523
-0.000100751
0.00111971
-0.000104483
0.00111299
-0.00010783
0.00110517
-0.000110933
0.00109625
-0.000114019
0.00108618
-0.000117378
0.00107476
-0.000121301
0.00106169
-0.000126004
0.00104665
-0.000131548
0.00102934
-0.000137788
0.0010096
-0.000144369
0.000987476
-0.000150787
0.000963231
-0.000156485
0.000937282
-0.00016096
0.000910143
-0.000163828
0.000882359
-0.000164847
0.000854456
-0.000163909
0.000826913
-0.000161009
0.000800135
-0.000156233
0.000774439
-0.000149746
0.000750042
-0.000141786
0.000727065
-0.00013265
0.000705549
-0.000122684
0.000685459
-0.000112266
0.000666709
-0.000101788
0.000649156
-9.16456e-05
0.000632606
-8.21828e-05
0.000616803
-7.3772e-05
0.000601352
-6.64354e-05
0.000585928
-6.10061e-05
-5.55732e-05
0.00046394
0.000128551
0.000488639
0.000123652
0.00051348
0.000124049
0.000538159
0.000129148
0.000563122
0.00013505
0.000588445
0.000140122
0.00061397
0.000144837
0.000639764
0.000149404
0.000666083
0.000153526
0.000693245
0.000157037
0.00072161
0.00016002
0.00075152
0.000162587
0.00078317
0.000164753
0.000816474
0.000166403
0.000850999
0.000167349
0.000886112
0.000167504
0.000919682
0.000159861
0.000950825
0.00015017
0.00097917
0.000140378
0.00100445
0.000130274
0.00102659
0.000119904
0.0010457
0.000109455
0.00106199
9.9089e-05
0.00107575
8.89013e-05
0.00108727
7.8933e-05
0.00109686
6.91968e-05
0.00110478
5.96941e-05
0.00111129
5.04164e-05
0.00111658
4.1349e-05
0.00112083
3.24909e-05
0.00112418
2.38568e-05
0.00112674
1.54624e-05
0.00112859
7.32568e-06
0.00112979
-3.97298e-07
0.0011303
-8.02075e-06
0.00113017
-1.52045e-05
0.00112938
-2.2139e-05
0.0011279
-2.88367e-05
0.0011257
-3.529e-05
0.00112276
-4.14966e-05
0.00111901
-4.74555e-05
0.00111443
-5.31619e-05
0.00110897
-5.86095e-05
0.0011026
-6.3793e-05
0.00109527
-6.87068e-05
0.00108697
-7.33419e-05
0.00107767
-7.76814e-05
0.0010674
-8.16994e-05
0.00105619
-8.53688e-05
0.00104411
-8.86773e-05
0.00103127
-9.16438e-05
0.00101778
-9.43336e-05
0.00100372
-9.68708e-05
0.000989134
-9.94373e-05
0.000974007
-0.000102251
0.000958232
-0.000105526
0.000941642
-0.000109414
0.000924048
-0.000113954
0.000905296
-0.000119035
0.000885317
-0.000124391
0.000864172
-0.000129641
0.00084204
-0.000134353
0.000819194
-0.000138115
0.000795958
-0.000140591
0.000772655
-0.000141544
0.000749582
-0.000140836
0.00072699
-0.000138418
0.000705077
-0.00013432
0.000683982
-0.000128652
0.000663792
-0.000121596
0.000644546
-0.000113404
0.000626246
-0.000104384
0.000608868
-9.48879e-05
0.000592365
-8.52854e-05
0.000576667
-7.59473e-05
0.000561667
-6.71829e-05
0.000547206
-5.93107e-05
0.000533018
-5.22472e-05
0.00051882
-4.68086e-05
-4.05183e-05
0.000410014
0.000107501
0.000432754
0.000100912
0.000455183
0.00010162
0.000477152
0.000107179
0.000499455
0.000112747
0.000522203
0.000117374
0.000545203
0.000121836
0.00056844
0.000126167
0.00059194
0.000130026
0.000615686
0.00013329
0.000639722
0.000135984
0.000664189
0.000138119
0.000689281
0.000139662
0.000715152
0.000140532
0.000741864
0.000140637
0.000769388
0.00013998
0.000796434
0.000132814
0.000822522
0.000124082
0.000847429
0.000115472
0.000870887
0.000106816
0.000892682
9.81091e-05
0.000912688
8.94488e-05
0.000930854
8.09228e-05
0.000947184
7.25713e-05
0.000961716
6.44008e-05
0.00097451
5.64033e-05
0.000985636
4.85678e-05
0.00099517
4.08823e-05
0.00100318
3.33362e-05
0.00100974
2.59308e-05
0.00101492
1.86823e-05
0.00101877
1.16135e-05
0.00102134
4.75243e-06
0.00102278
-1.83522e-06
0.00102302
-8.26334e-06
0.00102222
-1.44059e-05
0.00102039
-2.03111e-05
0.00101756
-2.60041e-05
0.00101375
-3.14826e-05
0.001009
-3.67407e-05
0.00100332
-4.17761e-05
0.000996742
-4.6586e-05
0.0009893
-5.11666e-05
0.000981021
-5.55145e-05
0.00097194
-5.9626e-05
0.000962094
-6.34958e-05
0.000951526
-6.71137e-05
0.000940293
-7.04657e-05
0.000928463
-7.35394e-05
0.000916121
-7.63351e-05
0.000903356
-7.88784e-05
0.000890253
-8.12308e-05
0.000876878
-8.34963e-05
0.000863261
-8.58196e-05
0.000849378
-8.83687e-05
0.000835156
-9.13043e-05
0.000820482
-9.47392e-05
0.000805226
-9.86982e-05
0.000789282
-0.000103091
0.000772598
-0.000107707
0.000755197
-0.00011224
0.000737178
-0.000116334
0.000718697
-0.000119634
0.000699939
-0.000121833
0.000681089
-0.000122694
0.000662314
-0.000122061
0.000643755
-0.000119858
0.000625522
-0.000116087
0.000607697
-0.000110827
0.000590341
-0.00010424
0.000573498
-9.65599e-05
0.0005572
-8.80863e-05
0.000541475
-7.91627e-05
0.00052634
-7.01512e-05
0.000511799
-6.1406e-05
0.000497827
-5.32109e-05
0.000484338
-4.58212e-05
0.000471177
-3.90867e-05
0.000458029
-3.36608e-05
-2.683e-05
0.000362528
8.82933e-05
0.000383496
7.99438e-05
0.000403597
8.15192e-05
0.000423064
8.77118e-05
0.00044288
9.2931e-05
0.000463078
9.71768e-05
0.000483524
0.00010139
0.000504297
0.000105394
0.00052542
0.000108903
0.000546805
0.000111905
0.000568366
0.000114423
0.000590058
0.000116428
0.000611865
0.000117854
0.000633785
0.000118612
0.000655814
0.000118608
0.000677971
0.000117824
0.000699347
0.000111438
0.00071975
0.000103679
0.00073919
9.60326e-05
0.000757603
8.84031e-05
0.00077491
8.08011e-05
0.000791052
7.33076e-05
0.000805983
6.59913e-05
0.000819676
5.88787e-05
0.000832111
5.19657e-05
0.000843278
4.52358e-05
0.000853176
3.86703e-05
0.000861807
3.22514e-05
0.000869179
2.59644e-05
0.000875304
1.98051e-05
0.000880204
1.37826e-05
0.000883906
7.91194e-06
0.000886454
2.20439e-06
0.00088792
-3.30189e-06
0.000888323
-8.66594e-06
0.00088775
-1.38328e-05
0.000886239
-1.87999e-05
0.000883822
-2.35873e-05
0.000880537
-2.81978e-05
0.000876423
-3.26267e-05
0.000871518
-3.68712e-05
0.000865861
-4.09291e-05
0.000859492
-4.47976e-05
0.000852451
-4.84734e-05
0.000844779
-5.19532e-05
0.000836515
-5.52319e-05
0.000827703
-5.8302e-05
0.000818392
-6.11546e-05
0.000808636
-6.37836e-05
0.000798495
-6.61943e-05
0.00078803
-6.84129e-05
0.000777293
-7.04944e-05
0.000766324
-7.25268e-05
0.000755133
-7.46284e-05
0.000743698
-7.69336e-05
0.000731962
-7.95691e-05
0.000719845
-8.26217e-05
0.000707254
-8.61071e-05
0.00069411
-8.99476e-05
0.00068037
-9.39668e-05
0.000666035
-9.79051e-05
0.000651154
-0.000101453
0.000635814
-0.000104294
0.00062012
-0.000106139
0.000604183
-0.000106756
0.000588104
-0.000105982
0.000571976
-0.00010373
0.000555882
-9.99926e-05
0.0005399
-9.48447e-05
0.000524106
-8.84463e-05
0.000508582
-8.10352e-05
0.000493408
-7.29126e-05
0.000478667
-6.44219e-05
0.000464434
-5.59182e-05
0.000450764
-4.77359e-05
0.000437687
-4.01336e-05
0.000425158
-3.32922e-05
0.000413108
-2.70373e-05
0.000401147
-2.16993e-05
-1.47055e-05
0.000320758
7.05686e-05
0.000340087
6.06147e-05
0.000357962
6.3644e-05
0.000375206
7.04678e-05
0.000392819
7.53176e-05
0.00041069
7.93065e-05
0.000428757
8.33231e-05
0.000447162
8.69891e-05
0.000465939
9.01263e-05
0.000485023
9.28204e-05
0.000504347
9.50997e-05
0.000523846
9.69281e-05
0.000543446
9.82544e-05
0.000563056
9.90021e-05
0.000582581
9.90827e-05
0.000601945
9.84601e-05
0.000620301
9.30824e-05
0.000637492
8.64873e-05
0.000653584
7.99407e-05
0.000668602
7.33851e-05
0.00068256
6.68435e-05
0.000695474
6.03934e-05
0.000707363
5.41018e-05
0.000718245
4.79975e-05
0.00072813
4.20805e-05
0.000737028
3.63374e-05
0.000744947
3.07516e-05
0.000751892
2.53066e-05
0.000757869
1.99874e-05
0.000762886
1.47878e-05
0.000766956
9.71298e-06
0.000770094
4.7736e-06
0.000772337
-3.92135e-08
0.000773718
-4.68259e-06
0.000774258
-9.20623e-06
0.000773999
-1.35734e-05
0.000772974
-1.77753e-05
0.000771211
-2.18235e-05
0.000768736
-2.57231e-05
0.00076558
-2.94711e-05
0.000761773
-3.30642e-05
0.000757345
-3.65004e-05
0.000752324
-3.9777e-05
0.000746742
-4.2891e-05
0.000740627
-4.58386e-05
0.00073401
-4.86153e-05
0.000726923
-5.1215e-05
0.0007194
-5.36316e-05
0.000711479
-5.58624e-05
0.0007032
-5.7915e-05
0.000694602
-5.98151e-05
0.000685719
-6.16119e-05
0.000676574
-6.33816e-05
0.00066717
-6.5224e-05
0.000657487
-6.72504e-05
0.000647481
-6.95639e-05
0.000637093
-7.22331e-05
0.000626252
-7.52662e-05
0.000614896
-7.85915e-05
0.000602981
-8.20522e-05
0.000590493
-8.54174e-05
0.000577449
-8.84083e-05
0.000563888
-9.07334e-05
0.000549871
-9.21223e-05
0.000535468
-9.23529e-05
0.000520755
-9.12691e-05
0.000505815
-8.87911e-05
0.000490744
-8.49218e-05
0.000475649
-7.97495e-05
0.00046065
-7.34466e-05
0.000445874
-6.62598e-05
0.000431454
-5.8493e-05
0.000417515
-5.04823e-05
0.000404163
-4.25659e-05
0.000391474
-3.50476e-05
0.000379499
-2.81578e-05
0.0003682
-2.19939e-05
0.000357567
-1.64044e-05
0.000347127
-1.12585e-05
-4.46956e-06
0.000284047
5.3995e-05
0.000301804
4.28575e-05
0.000317587
4.78611e-05
0.000332893
5.51619e-05
0.000348559
5.96515e-05
0.000364356
6.35097e-05
0.00038032
6.73584e-05
0.000396611
7.06988e-05
0.000413236
7.35008e-05
0.000430146
7.59107e-05
0.000447302
7.79437e-05
0.000464664
7.95662e-05
0.000482171
8.07472e-05
0.000499741
8.14324e-05
0.000517271
8.1552e-05
0.000534662
8.10698e-05
0.000551105
7.66394e-05
0.000566422
7.11705e-05
0.000580652
6.57101e-05
0.000593821
6.02161e-05
0.000605953
5.47115e-05
0.000617081
4.92656e-05
0.000627242
4.39408e-05
0.000636473
3.87668e-05
0.000644806
3.37473e-05
0.00065227
2.88735e-05
0.000658888
2.41333e-05
0.000664681
1.95138e-05
0.000669666
1.50021e-05
0.000673861
1.05934e-05
0.000677281
6.29289e-06
0.000679948
2.1064e-06
0.000681876
-1.96746e-06
0.000683099
-5.90495e-06
0.000683623
-9.73051e-06
0.000683477
-1.34278e-05
0.000682689
-1.69866e-05
0.000681278
-2.04129e-05
0.000679266
-2.37116e-05
0.000676676
-2.6881e-05
0.00067353
-2.99179e-05
0.00066985
-3.28201e-05
0.000665658
-3.55849e-05
0.000660976
-3.82092e-05
0.000655827
-4.06895e-05
0.000650232
-4.3021e-05
0.000644216
-4.51986e-05
0.000637802
-4.72173e-05
0.000631015
-4.90759e-05
0.000623883
-5.07826e-05
0.000616429
-5.2361e-05
0.000608672
-5.38554e-05
0.000600623
-5.53321e-05
0.000592276
-5.6877e-05
0.00058361
-5.85843e-05
0.000574585
-6.05394e-05
0.000565149
-6.27967e-05
0.00055524
-6.53569e-05
0.000544799
-6.81507e-05
0.00053378
-7.10331e-05
0.000522155
-7.3793e-05
0.000509923
-7.61757e-05
0.000497104
-7.79143e-05
0.000483743
-7.87619e-05
0.000469909
-7.85185e-05
0.00045569
-7.70504e-05
0.0004412
-7.43009e-05
0.000426574
-7.02955e-05
0.000411966
-6.51421e-05
0.000397545
-5.90254e-05
0.000383479
-5.21941e-05
0.000369928
-4.49421e-05
0.000357029
-3.7583e-05
0.000344887
-3.04236e-05
0.000333565
-2.37253e-05
0.000323096
-1.76888e-05
0.000313428
-1.23263e-05
0.000304585
-7.56132e-06
0.000296036
-2.71003e-06
3.594e-06
0.000251798
3.82832e-05
0.000267991
2.66645e-05
0.000281861
3.39914e-05
0.000295501
4.15218e-05
0.000309433
4.57198e-05
0.00032339
4.95521e-05
0.000337519
5.32297e-05
0.00035196
5.62578e-05
0.000366692
5.87689e-05
0.00038167
6.09326e-05
0.000396868
6.27455e-05
0.000412256
6.41784e-05
0.000427787
6.52161e-05
0.000443398
6.5821e-05
0.000459011
6.59389e-05
0.00047454
6.55413e-05
0.000489254
6.19247e-05
0.00050298
5.74452e-05
0.000515738
5.29517e-05
0.000527543
4.84116e-05
0.000538408
4.38458e-05
0.000548359
3.93149e-05
0.000557425
3.48745e-05
0.00056564
3.05524e-05
0.000573034
2.63533e-05
0.000579636
2.22708e-05
0.000585474
1.82958e-05
0.000590569
1.44185e-05
0.000594944
1.06268e-05
0.000598619
6.91843e-06
0.000601612
3.2997e-06
0.000603943
-2.24571e-07
0.000605629
-3.65294e-06
0.000606695
-6.97112e-06
0.000607154
-1.01895e-05
0.000607028
-1.33014e-05
0.000606338
-1.62974e-05
0.000605105
-1.91796e-05
0.000603345
-2.19515e-05
0.000601076
-2.46121e-05
0.000598316
-2.71577e-05
0.000595081
-2.95852e-05
0.000591388
-3.18915e-05
0.000587251
-3.40728e-05
0.000582686
-3.61247e-05
0.000577707
-3.80419e-05
0.000572327
-3.98188e-05
0.000566561
-4.14507e-05
0.000560421
-4.29364e-05
0.000553922
-4.42836e-05
0.000547075
-4.55139e-05
0.000539887
-4.6667e-05
0.000532357
-4.7802e-05
0.000524473
-4.89939e-05
0.000516213
-5.03241e-05
0.000507539
-5.18647e-05
0.000498401
-5.36589e-05
0.000488745
-5.57014e-05
0.000478519
-5.79244e-05
0.00046768
-6.01937e-05
0.000456204
-6.2317e-05
0.000444093
-6.40651e-05
0.000431379
-6.52008e-05
0.000418127
-6.55092e-05
0.000404431
-6.48226e-05
0.000390419
-6.30387e-05
0.000376247
-6.01292e-05
0.000362094
-5.61423e-05
0.000348151
-5.11989e-05
0.00033461
-4.54843e-05
0.00032165
-3.92343e-05
0.000309424
-3.27162e-05
0.000298048
-2.62066e-05
0.000287594
-1.99698e-05
0.000278088
-1.42191e-05
0.000269529
-9.12979e-06
0.000261834
-4.63112e-06
0.000255052
-7.79439e-07
0.000248646
3.69568e-06
9.37805e-06
0.000223468
2.31975e-05
0.000238065
1.2068e-05
0.000250245
2.18105e-05
0.00026246
2.93075e-05
0.000274839
3.33406e-05
0.000287177
3.72144e-05
0.000299706
4.07001e-05
0.00031253
4.34339e-05
0.000325606
4.56933e-05
0.000338896
4.76423e-05
0.00035238
4.92613e-05
0.000366029
5.05294e-05
0.000379802
5.14435e-05
0.000393646
5.1977e-05
0.000407498
5.20872e-05
0.000421286
5.17526e-05
0.000434366
4.88448e-05
0.00044658
4.52314e-05
0.000457947
4.1585e-05
0.000468477
3.78811e-05
0.000478183
3.41403e-05
0.000487081
3.0417e-05
0.000495193
2.67616e-05
0.000502546
2.31997e-05
0.000509164
1.97357e-05
0.00051507
1.63646e-05
0.000520287
1.30794e-05
0.000524833
9.87204e-06
0.00052873
6.72979e-06
0.000531995
3.65359e-06
0.000534646
6.49063e-07
0.000536702
-2.28076e-06
0.00053818
-5.13168e-06
0.000539102
-7.89282e-06
0.00053948
-1.05674e-05
0.00053933
-1.31515e-05
0.000538669
-1.56366e-05
0.000537512
-1.80218e-05
0.000535869
-2.03087e-05
0.000533752
-2.24954e-05
0.000531172
-2.45776e-05
0.000528138
-2.6551e-05
0.000524657
-2.84113e-05
0.000520739
-3.0154e-05
0.000516388
-3.1774e-05
0.000511612
-3.32657e-05
0.000506417
-3.46236e-05
0.000500809
-3.58433e-05
0.000494797
-3.69246e-05
0.000488389
-3.78754e-05
0.000481592
-3.87166e-05
0.00047441
-3.94851e-05
0.000466843
-4.02349e-05
0.000458882
-4.10328e-05
0.000450508
-4.19502e-05
0.000441692
-4.30487e-05
0.000432396
-4.43625e-05
0.000422577
-4.58827e-05
0.000412197
-4.75447e-05
0.00040123
-4.92265e-05
0.00038967
-5.07572e-05
0.000377542
-5.19367e-05
0.000364903
-5.25619e-05
0.000351848
-5.24537e-05
0.000338505
-5.14797e-05
0.000325034
-4.95681e-05
0.000311619
-4.67141e-05
0.000298456
-4.2979e-05
0.000285741
-3.84843e-05
0.000273659
-3.34022e-05
0.000262366
-2.79417e-05
0.000251983
-2.23326e-05
0.000242583
-1.68069e-05
0.000234197
-1.15837e-05
0.000226806
-6.82845e-06
0.000220377
-2.70067e-06
0.000214795
9.50681e-07
0.000210124
3.892e-06
0.000205901
7.91905e-06
1.29652e-05
0.00019856
8.56662e-06
0.000211521
-8.92927e-07
0.000222268
1.1064e-05
0.00023325
1.8325e-05
0.000244236
2.23547e-05
0.000255157
2.62934e-05
0.000266293
2.95644e-05
0.000277696
3.20306e-05
0.000289315
3.40749e-05
0.000301121
3.58362e-05
0.000313097
3.7285e-05
0.000325215
3.84111e-05
0.000337438
3.92212e-05
0.000349718
3.96968e-05
0.000362001
3.98044e-05
0.000374225
3.95288e-05
0.000385817
3.72527e-05
0.000396638
3.44105e-05
0.000406705
3.15173e-05
0.000416031
2.85553e-05
0.000424626
2.55456e-05
0.000432504
2.25391e-05
0.000439683
1.95824e-05
0.000446183
1.66996e-05
0.000452024
1.38952e-05
0.000457224
1.11647e-05
0.000461799
8.50364e-06
0.000465766
5.90504e-06
0.000469141
3.35519e-06
0.000471939
8.55306e-07
0.000474177
-1.58904e-06
0.000475868
-3.97177e-06
0.000477023
-6.28644e-06
0.000477654
-8.52364e-06
0.000477769
-1.06829e-05
0.000477379
-1.27608e-05
0.000476491
-1.47491e-05
0.000475114
-1.66448e-05
0.000473254
-1.84481e-05
0.000470915
-2.01566e-05
0.000468103
-2.17657e-05
0.000464823
-2.32708e-05
0.000461079
-2.46679e-05
0.000456878
-2.59528e-05
0.000452225
-2.71211e-05
0.000447128
-2.81687e-05
0.000441596
-2.90914e-05
0.00043564
-2.9887e-05
0.000429272
-3.05573e-05
0.000422509
-3.11117e-05
0.000415363
-3.15711e-05
0.000407848
-3.19703e-05
0.000399972
-3.23586e-05
0.000391735
-3.27955e-05
0.000383127
-3.33429e-05
0.000374131
-3.40525e-05
0.00036472
-3.49511e-05
0.000354865
-3.60274e-05
0.000344542
-3.72218e-05
0.000333742
-3.84266e-05
0.000322478
-3.94939e-05
0.000310796
-4.02542e-05
0.000298773
-4.05387e-05
0.000286522
-4.02029e-05
0.000274187
-3.91453e-05
0.000261937
-3.73182e-05
0.000249955
-3.47313e-05
0.000238425
-3.1449e-05
0.000227524
-2.75833e-05
0.000217406
-2.32841e-05
0.000208191
-1.87275e-05
0.000199961
-1.41025e-05
0.00019275
-9.59594e-06
0.000186552
-5.38476e-06
0.000181314
-1.59063e-06
0.000176979
1.63423e-06
0.000173418
4.51193e-06
0.000170692
6.61776e-06
0.000168468
1.01426e-05
1.46011e-05
0.000176567
-5.65381e-06
0.000187955
-1.2281e-05
0.000197511
1.50734e-06
0.000207403
8.4332e-06
0.000217122
1.26356e-05
0.000226777
1.66384e-05
0.000236646
1.96957e-05
0.000246735
2.1941e-05
0.000256996
2.38147e-05
0.00026741
2.54221e-05
0.000277964
2.67308e-05
0.000288633
2.77418e-05
0.000299384
2.847e-05
0.000310177
2.89047e-05
0.00032096
2.90209e-05
0.000331679
2.88101e-05
0.000341828
2.71037e-05
0.000351282
2.49557e-05
0.000360058
2.2742e-05
0.000368163
2.04501e-05
0.000375606
1.81022e-05
0.000382399
1.57465e-05
0.000388554
1.34269e-05
0.000394088
1.11661e-05
0.000399015
8.96859e-06
0.000403348
6.83084e-06
0.000407102
4.75022e-06
0.000410285
2.7218e-06
0.000412914
7.26401e-07
0.000414999
-1.22993e-06
0.000416545
-3.1352e-06
0.000417558
-4.98425e-06
0.000418043
-6.77152e-06
0.000418008
-8.48891e-06
0.00041746
-1.01346e-05
0.000416404
-1.17052e-05
0.000414849
-1.31937e-05
0.000412801
-1.45968e-05
0.000410267
-1.59142e-05
0.000407255
-1.71444e-05
0.000403773
-1.82839e-05
0.000399831
-1.9329e-05
0.00039544
-2.02772e-05
0.000390614
-2.11259e-05
0.000385365
-2.18729e-05
0.000379712
-2.25157e-05
0.000373674
-2.30528e-05
0.000367271
-2.34843e-05
0.000360527
-2.38137e-05
0.000353467
-2.40516e-05
0.000346114
-2.4218e-05
0.000338489
-2.43446e-05
0.000330604
-2.44745e-05
0.000322468
-2.46588e-05
0.000314074
-2.49491e-05
0.000305409
-2.53873e-05
0.000296451
-2.59934e-05
0.000287178
-2.67543e-05
0.000277573
-2.7617e-05
0.000267635
-2.84889e-05
0.000257387
-2.92455e-05
0.000246879
-2.97465e-05
0.000236195
-2.98547e-05
0.000225449
-2.94563e-05
0.000214778
-2.84749e-05
0.000204341
-2.68805e-05
0.0001943
-2.46906e-05
0.000184818
-2.19667e-05
0.000176041
-1.88065e-05
0.000168092
-1.5335e-05
0.000161059
-1.16946e-05
0.000154991
-8.03456e-06
0.000149895
-4.49977e-06
0.00014574
-1.22996e-06
0.000142457
1.69231e-06
0.000139976
4.11482e-06
0.000138167
6.32164e-06
0.000137075
7.70998e-06
0.000136517
1.07004e-05
1.46466e-05
0.000157032
-1.93904e-05
0.000167042
-2.22914e-05
0.00017562
-7.07066e-06
0.00018441
-3.5602e-07
0.000192821
4.22365e-06
0.000201129
8.33093e-06
0.000209584
1.12402e-05
0.000218177
1.33486e-05
0.000226879
1.51121e-05
0.000235695
1.66066e-05
0.00024462
1.78056e-05
0.000253637
1.87245e-05
0.000262719
1.93881e-05
0.000271829
1.9795e-05
0.00028092
1.99303e-05
0.000289937
1.9793e-05
0.000298448
1.85921e-05
0.000306344
1.70602e-05
0.00031363
1.54556e-05
0.00032031
1.37699e-05
0.000326387
1.20256e-05
0.000331866
1.02679e-05
0.000336755
8.53732e-06
0.000341067
6.85468e-06
0.000344811
5.22387e-06
0.000348001
3.64163e-06
0.000350643
2.10736e-06
0.000352748
6.17484e-07
0.000354326
-8.52113e-07
0.000355377
-2.28074e-06
0.000355906
-3.66393e-06
0.000355921
-4.99897e-06
0.00035543
-6.28054e-06
0.000354443
-7.5024e-06
0.000352971
-8.66262e-06
0.000351025
-9.7587e-06
0.000348616
-1.07852e-05
0.000345759
-1.17395e-05
0.000342467
-1.26221e-05
0.000338755
-1.34323e-05
0.000334639
-1.41681e-05
0.000330137
-1.48275e-05
0.000325269
-1.54093e-05
0.000320056
-1.59126e-05
0.00031452
-1.63366e-05
0.000308685
-1.66807e-05
0.000302577
-1.69448e-05
0.000296223
-1.71304e-05
0.000289651
-1.7242e-05
0.000282889
-1.72893e-05
0.000275961
-1.729e-05
0.000268887
-1.72712e-05
0.000261681
-1.72685e-05
0.000254346
-1.73233e-05
0.000246874
-1.74768e-05
0.000239247
-1.77611e-05
0.000231444
-1.81902e-05
0.00022344
-1.87503e-05
0.000215219
-1.93957e-05
0.000206779
-2.00487e-05
0.00019814
-2.06074e-05
0.000189352
-2.09585e-05
0.000180491
-2.09937e-05
0.000171661
-2.06257e-05
0.000162985
-1.97995e-05
0.000154604
-1.84989e-05
0.000146659
-1.67463e-05
0.00013929
-1.45975e-05
0.000132618
-1.21348e-05
0.000126741
-9.45794e-06
0.000121723
-6.67653e-06
0.000117592
-3.9031e-06
0.000114336
-1.24452e-06
0.000111915
1.19105e-06
0.000110252
3.35609e-06
0.000109269
5.09708e-06
0.00010885
6.74137e-06
0.000109005
7.5545e-06
0.000109716
9.98916e-06
1.35057e-05
0.000139698
-3.26077e-05
0.000148437
-3.10306e-05
0.000155932
-1.45659e-05
0.000163127
-7.55112e-06
0.000169631
-2.28071e-06
0.000175929
2.03355e-06
0.000182294
4.87468e-06
0.000188751
6.89166e-06
0.000195317
8.54614e-06
0.000202017
9.9068e-06
0.000208853
1.09692e-05
0.000215809
1.17692e-05
0.000222852
1.23445e-05
0.000229943
1.27043e-05
0.000237029
1.28448e-05
0.00024405
1.27717e-05
0.000250656
1.19862e-05
0.000256748
1.09678e-05
0.000262322
9.88178e-06
0.00026737
8.7217e-06
0.000271887
7.5085e-06
0.000275873
6.28217e-06
0.000279333
5.07782e-06
0.000282274
3.91271e-06
0.000284709
2.78934e-06
0.000286647
1.70408e-06
0.000288095
6.58525e-07
0.000289065
-3.51673e-07
0.000289561
-1.34814e-06
0.000289589
-2.30927e-06
0.000289162
-3.23732e-06
0.000288292
-4.12831e-06
0.00028699
-4.97832e-06
0.00028527
-5.78278e-06
0.000283148
-6.54014e-06
0.000280638
-7.24881e-06
0.000277757
-7.90498e-06
0.000274525
-8.50685e-06
0.000270958
-9.05528e-06
0.000267076
-9.5506e-06
0.0002629
-9.99172e-06
0.00025845
-1.03776e-05
0.000253748
-1.07078e-05
0.000248818
-1.09824e-05
0.000243683
-1.12014e-05
0.000238367
-1.13648e-05
0.000232896
-1.14734e-05
0.000227294
-1.15287e-05
0.000221587
-1.15348e-05
0.000215798
-1.15001e-05
0.000209946
-1.14388e-05
0.000204048
-1.13724e-05
0.000198108
-1.13286e-05
0.000192124
-1.13394e-05
0.000186083
-1.14357e-05
0.000179963
-1.1641e-05
0.000173736
-1.19638e-05
0.000167377
-1.23908e-05
0.000160865
-1.28836e-05
0.000154195
-1.33794e-05
0.000147385
-1.37974e-05
0.000140477
-1.40495e-05
0.000133537
-1.40541e-05
0.000126659
-1.37478e-05
0.000119955
-1.30951e-05
0.000113547
-1.20914e-05
0.000107563
-1.07615e-05
0.000102119
-9.15402e-06
9.73184e-05
-7.33414e-06
9.32372e-05
-5.37667e-06
8.99209e-05
-3.36027e-06
8.7382e-05
-1.36424e-06
8.5601e-05
5.36486e-07
8.4529e-05
2.26308e-06
8.40912e-05
3.79388e-06
8.4209e-05
4.97932e-06
8.47879e-05
6.16247e-06
8.57898e-05
6.55254e-06
8.73587e-05
8.42029e-06
1.15752e-05
0.000124195
-4.51641e-05
0.000131113
-3.79493e-05
0.000136333
-1.97851e-05
0.000140505
-1.17237e-05
0.000143877
-5.65199e-06
0.000147202
-1.29209e-06
0.000150762
1.31452e-06
0.000154587
3.06664e-06
0.000158689
4.44484e-06
0.000163063
5.53289e-06
0.000167678
6.35333e-06
0.000172491
6.95709e-06
0.000177448
7.38741e-06
0.000182493
7.65848e-06
0.000187566
7.77205e-06
0.000192601
7.73688e-06
0.000197328
7.25898e-06
0.000201664
6.63181e-06
0.000205594
5.9521e-06
0.000209102
5.21388e-06
0.000212176
4.43405e-06
0.000214813
3.64486e-06
0.000217017
2.87385e-06
0.000218796
2.13366e-06
0.000220161
1.42486e-06
0.000221122
7.43103e-07
0.000221689
9.12684e-08
0.000221874
-5.36736e-07
0.000221684
-1.15783e-06
0.00022113
-1.7555e-06
0.000220224
-2.33122e-06
0.000218978
-2.88187e-06
0.000217404
-3.40474e-06
0.000215518
-3.89658e-06
0.000213334
-4.35638e-06
0.000210869
-4.7833e-06
0.000208138
-5.17475e-06
0.000205161
-5.52959e-06
0.000201955
-5.84884e-06
0.000198537
-6.13312e-06
0.000194927
-6.38187e-06
0.000191144
-6.5945e-06
0.000187207
-6.77096e-06
0.000183136
-6.91145e-06
0.000178951
-7.01623e-06
0.000174672
-7.08558e-06
0.000170319
-7.12009e-06
0.000165911
-7.12121e-06
0.000161469
-7.09217e-06
0.000157008
-7.03933e-06
0.000152543
-6.97342e-06
0.00014808
-6.91026e-06
0.000143622
-6.87026e-06
0.000139159
-6.8764e-06
0.000134674
-6.95059e-06
0.000130142
-7.10862e-06
0.000125533
-7.35465e-06
0.000120818
-7.67643e-06
0.000115978
-8.04304e-06
0.000111004
-8.40605e-06
0.000105912
-8.70491e-06
0.000100738
-8.87568e-06
9.5545e-05
-8.86125e-06
9.04178e-05
-8.62062e-06
8.54573e-05
-8.13462e-06
8.0773e-05
-7.40711e-06
7.64735e-05
-6.46206e-06
7.26575e-05
-5.33803e-06
6.94055e-05
-4.08213e-06
6.67741e-05
-2.74526e-06
6.47926e-05
-1.37879e-06
6.34631e-05
-3.47598e-08
6.27604e-05
1.23921e-06
6.26355e-05
2.388e-06
6.3023e-05
3.40639e-06
6.38423e-05
4.15999e-06
6.50351e-05
4.96974e-06
6.64991e-05
5.08854e-06
6.8524e-05
6.39536e-06
9.21281e-06
0.000109445
-5.60713e-05
0.000112551
-4.10557e-05
0.000113317
-2.05505e-05
0.000113019
-1.14254e-05
0.00011271
-5.34338e-06
0.000113144
-1.72611e-06
0.000114319
1.39716e-07
0.000116067
1.31854e-06
0.000118278
2.23333e-06
0.000120869
2.94241e-06
0.000123758
3.46422e-06
0.000126873
3.84191e-06
0.000130151
4.10996e-06
0.00013353
4.27916e-06
0.000136951
4.35121e-06
0.000140354
4.33377e-06
0.000143546
4.0669e-06
0.000146463
3.71496e-06
0.000149087
3.32819e-06
0.0001514
2.90092e-06
0.000153388
2.44528e-06
0.000155049
1.98472e-06
0.000156384
1.53851e-06
0.000157403
1.11443e-06
0.000158116
7.11518e-07
0.000158534
3.25586e-07
0.000158668
-4.30923e-08
0.000158528
-3.95955e-07
0.000158119
-7.49425e-07
0.000157452
-1.0886e-06
0.000156536
-1.41485e-06
0.00015538
-1.72615e-06
0.000153996
-2.02071e-06
0.000152396
-2.2964e-06
0.000150592
-2.55266e-06
0.000148598
-2.78921e-06
0.000146428
-3.00432e-06
0.000144095
-3.19736e-06
0.000141616
-3.36924e-06
0.000139003
-3.52059e-06
0.000136273
-3.65107e-06
0.000133438
-3.76027e-06
0.000130516
-3.8482e-06
0.000127519
-3.91505e-06
0.000124464
-3.96099e-06
0.000121365
-3.98627e-06
0.000118236
-3.99131e-06
0.000115092
-3.97718e-06
0.000111946
-3.94616e-06
0.000108809
-3.90267e-06
0.00010569
-3.85414e-06
0.000102591
-3.81135e-06
9.95087e-05
-3.788e-06
9.64315e-05
-3.79923e-06
9.334e-05
-3.85906e-06
9.02082e-05
-3.97685e-06
8.70072e-05
-4.15362e-06
8.37097e-05
-4.37898e-06
8.02966e-05
-4.62992e-06
7.67627e-05
-4.87218e-06
7.31224e-05
-5.06456e-06
6.9412e-05
-5.16532e-06
6.56901e-05
-5.13932e-06
6.20334e-05
-4.96389e-06
5.85304e-05
-4.63168e-06
5.52736e-05
-4.15025e-06
5.23503e-05
-3.53885e-06
4.98364e-05
-2.82409e-06
4.77901e-05
-2.03581e-06
4.62494e-05
-1.20453e-06
4.52308e-05
-3.60196e-07
4.47298e-05
4.66169e-07
4.47211e-05
1.24794e-06
4.51611e-05
1.94796e-06
4.59979e-05
2.56959e-06
4.71509e-05
3.00706e-06
4.86035e-05
3.5171e-06
5.0187e-05
3.50505e-06
5.22977e-05
4.28468e-06
6.72118e-06
9.33263e-05
-6.24226e-05
8.97535e-05
-3.74829e-05
8.50002e-05
-1.57972e-05
8.10048e-05
-7.43e-06
7.86425e-05
-2.9811e-06
7.78286e-05
-9.12216e-07
7.79866e-05
-1.82275e-08
7.874e-05
5.65165e-07
7.99218e-05
1.05144e-06
8.14348e-05
1.42949e-06
8.31984e-05
1.70056e-06
8.51466e-05
1.89374e-06
8.72255e-05
2.03106e-06
8.93869e-05
2.11779e-06
9.1584e-05
2.15413e-06
9.37725e-05
2.14525e-06
9.58248e-05
2.01453e-06
9.76976e-05
1.84216e-06
9.9376e-05
1.64985e-06
0.000100844
1.43335e-06
0.000102088
1.20049e-06
0.000103107
9.66219e-07
0.000103903
7.42112e-07
0.000104486
5.31801e-07
0.000104864
3.33584e-07
0.000105046
1.43795e-07
0.00010504
-3.75767e-08
0.000104855
-2.10734e-07
0.000104493
-3.87165e-07
0.00010396
-5.55973e-07
0.000103263
-7.18093e-07
0.00010241
-8.72501e-07
0.000101407
-1.0182e-06
0.000100265
-1.15393e-06
9.89914e-05
-1.27948e-06
9.7597e-05
-1.39485e-06
9.60917e-05
-1.49904e-06
9.44861e-05
-1.59169e-06
9.27904e-05
-1.67353e-06
9.10148e-05
-1.74502e-06
8.91696e-05
-1.80591e-06
8.72652e-05
-1.85588e-06
8.5312e-05
-1.89491e-06
8.332e-05
-1.92312e-06
8.12996e-05
-1.9406e-06
7.92608e-05
-1.94746e-06
7.72135e-05
-1.94398e-06
7.51672e-05
-1.93083e-06
7.31304e-05
-1.90943e-06
7.11103e-05
-1.88251e-06
6.91107e-05
-1.85457e-06
6.71314e-05
-1.83204e-06
6.51663e-05
-1.82295e-06
6.3203e-05
-1.83592e-06
6.12226e-05
-1.87863e-06
5.92014e-05
-1.95563e-06
5.7114e-05
-2.06625e-06
5.4938e-05
-2.20297e-06
5.2659e-05
-2.35096e-06
5.02762e-05
-2.48935e-06
4.78058e-05
-2.59415e-06
4.52828e-05
-2.64229e-06
4.27592e-05
-2.61572e-06
4.02997e-05
-2.50441e-06
3.79753e-05
-2.30728e-06
3.58562e-05
-2.03119e-06
3.40059e-05
-1.68852e-06
3.24763e-05
-1.29449e-06
3.13055e-05
-8.64991e-07
3.05164e-05
-4.15489e-07
3.01173e-05
3.88941e-08
3.0101e-05
4.82469e-07
3.04473e-05
9.01622e-07
3.11204e-05
1.27495e-06
3.20835e-05
1.60648e-06
3.32602e-05
1.8303e-06
3.46719e-05
2.10545e-06
3.61024e-05
2.07457e-06
3.79844e-05
2.40268e-06
4.34625e-06
7.347e-05
-5.91239e-05
6.21408e-05
-2.61537e-05
5.42477e-05
-7.90413e-06
4.97631e-05
-2.94539e-06
4.77669e-05
-9.84875e-07
4.71438e-05
-2.89168e-07
4.71411e-05
-1.54653e-08
4.7498e-05
2.08218e-07
4.81382e-05
4.11243e-07
4.90029e-05
5.6478e-07
5.0033e-05
6.70521e-07
5.11815e-05
7.45232e-07
5.24135e-05
7.9905e-07
5.36982e-05
8.33028e-07
5.50057e-05
8.46654e-07
5.63082e-05
8.42731e-07
5.75304e-05
7.92368e-07
5.86466e-05
7.2598e-07
5.9646e-05
6.504e-07
6.0516e-05
5.63412e-07
6.12472e-05
4.69286e-07
6.18378e-05
3.75541e-07
6.22925e-05
2.87454e-07
6.26183e-05
2.05991e-07
6.28223e-05
1.29555e-07
6.29098e-05
5.63615e-08
6.2886e-05
-1.38314e-08
6.27563e-05
-8.10127e-08
6.252e-05
-1.50824e-07
6.21813e-05
-2.1727e-07
6.17441e-05
-2.80894e-07
6.1213e-05
-3.4141e-07
6.05932e-05
-3.98379e-07
5.98904e-05
-4.51165e-07
5.91107e-05
-4.99793e-07
5.82602e-05
-5.44328e-07
5.73454e-05
-5.84293e-07
5.63733e-05
-6.19528e-07
5.53502e-05
-6.5048e-07
5.42826e-05
-6.77393e-07
5.31768e-05
-7.00077e-07
5.20392e-05
-7.18322e-07
5.08764e-05
-7.32115e-07
4.96948e-05
-7.41498e-07
4.85007e-05
-7.46502e-07
4.73004e-05
-7.47166e-07
4.61001e-05
-7.43639e-07
4.49055e-05
-7.36245e-07
4.37217e-05
-7.25707e-07
4.25526e-05
-7.13355e-07
4.13994e-05
-7.01341e-07
4.026e-05
-6.9268e-07
3.91281e-05
-6.91039e-07
3.79924e-05
-7.00243e-07
3.68373e-05
-7.23498e-07
3.56441e-05
-7.62419e-07
3.43939e-05
-8.16064e-07
3.30712e-05
-8.80302e-07
3.1668e-05
-9.47774e-07
3.01874e-05
-1.00867e-06
2.86455e-05
-1.05226e-06
2.7072e-05
-1.0688e-06
2.55076e-05
-1.0513e-06
2.39998e-05
-9.96609e-07
2.2598e-05
-9.0554e-07
2.13489e-05
-7.82051e-07
2.02924e-05
-6.32047e-07
1.94601e-05
-4.62144e-07
1.88738e-05
-2.78748e-07
1.85463e-05
-8.79431e-08
1.84809e-05
1.04295e-07
1.86715e-05
2.91804e-07
1.91044e-05
4.68776e-07
1.97532e-05
6.26128e-07
2.05951e-05
7.64554e-07
2.15672e-05
8.58231e-07
2.27075e-05
9.65112e-07
2.38093e-05
9.72812e-07
2.52232e-05
9.88826e-07
2.28962e-06
4.88072e-05
-4.01709e-05
3.32742e-05
-1.06207e-05
2.70719e-05
-1.7019e-06
2.46482e-05
-5.21688e-07
2.38084e-05
-1.45052e-07
2.3568e-05
-4.87499e-08
2.35588e-05
-6.23734e-09
2.37212e-05
4.57515e-08
2.40385e-05
9.39957e-08
2.44752e-05
1.28043e-07
2.49954e-05
1.50333e-07
2.55744e-05
1.66208e-07
2.61955e-05
1.77966e-07
2.68432e-05
1.85341e-07
2.75018e-05
1.88061e-07
2.81575e-05
1.87033e-07
2.87736e-05
1.76227e-07
2.93377e-05
1.61927e-07
2.9843e-05
1.45119e-07
3.02812e-05
1.25217e-07
3.06468e-05
1.03649e-07
3.09398e-05
8.25438e-08
3.1164e-05
6.32129e-08
3.13244e-05
4.56328e-08
3.14247e-05
2.91986e-08
3.14677e-05
1.33545e-08
3.14559e-05
-1.93759e-09
3.13913e-05
-1.65069e-08
3.12728e-05
-3.22785e-08
3.11026e-05
-4.70244e-08
3.08827e-05
-6.10647e-08
3.06157e-05
-7.44222e-08
3.03043e-05
-8.69837e-08
2.99517e-05
-9.84931e-08
2.9561e-05
-1.09079e-07
2.91354e-05
-1.18752e-07
2.86785e-05
-1.27367e-07
2.81938e-05
-1.34894e-07
2.76848e-05
-1.41485e-07
2.71546e-05
-1.47207e-07
2.66065e-05
-1.51973e-07
2.60439e-05
-1.5571e-07
2.54702e-05
-1.5841e-07
2.48888e-05
-1.60085e-07
2.4303e-05
-1.60735e-07
2.37162e-05
-1.60371e-07
2.31316e-05
-1.59033e-07
2.25522e-05
-1.56824e-07
2.19805e-05
-1.53951e-07
2.14179e-05
-1.50791e-07
2.08645e-05
-1.47933e-07
2.0318e-05
-1.46181e-07
1.97734e-05
-1.46485e-07
1.9223e-05
-1.49795e-07
1.86563e-05
-1.56855e-07
1.80619e-05
-1.67941e-07
1.74284e-05
-1.82628e-07
1.67478e-05
-1.99657e-07
1.6017e-05
-2.16974e-07
1.52403e-05
-2.31991e-07
1.44301e-05
-2.42019e-07
1.3606e-05
-2.44776e-07
1.27935e-05
-2.38798e-07
1.20206e-05
-2.23646e-07
1.13149e-05
-1.99837e-07
1.07014e-05
-1.68569e-07
1.02007e-05
-1.31396e-07
9.8285e-06
-8.99225e-08
9.59527e-06
-4.5517e-08
9.50693e-06
3.99627e-10
9.56466e-06
4.65613e-08
9.76486e-06
9.16052e-08
1.00996e-05
1.34028e-07
1.05538e-05
1.71933e-07
1.11141e-05
2.0423e-07
1.1744e-05
2.28343e-07
1.2463e-05
2.46152e-07
1.31662e-05
2.69615e-07
1.39549e-05
2.00107e-07
7.23396e-07
1.96379e-05
9.01726e-06
7.31536e-06
6.79367e-06
6.64862e-06
6.59987e-06
6.59363e-06
6.63939e-06
6.73338e-06
6.86142e-06
7.01176e-06
7.17797e-06
7.35593e-06
7.54127e-06
7.72933e-06
7.91637e-06
8.09259e-06
8.25452e-06
8.39964e-06
8.52486e-06
8.6285e-06
8.71105e-06
8.77426e-06
8.81989e-06
8.84909e-06
8.86245e-06
8.86051e-06
8.844e-06
8.81172e-06
8.7647e-06
8.70364e-06
8.62921e-06
8.54223e-06
8.44374e-06
8.33466e-06
8.21591e-06
8.08854e-06
7.95364e-06
7.81216e-06
7.66495e-06
7.51298e-06
7.35727e-06
7.19886e-06
7.03878e-06
6.87804e-06
6.71767e-06
6.55864e-06
6.40181e-06
6.24786e-06
6.09707e-06
5.94914e-06
5.80296e-06
5.65647e-06
5.50668e-06
5.34982e-06
5.18188e-06
4.99925e-06
4.7996e-06
4.58262e-06
4.35063e-06
4.10861e-06
3.86383e-06
3.62504e-06
3.40139e-06
3.20155e-06
3.03298e-06
2.90159e-06
2.81167e-06
2.76615e-06
2.76655e-06
2.81311e-06
2.90472e-06
3.03874e-06
3.21068e-06
3.41491e-06
3.64325e-06
3.8894e-06
4.15902e-06
4.35912e-06
)
;

boundaryField
{
    inlet
    {
        type            calculated;
        value           nonuniform List<scalar> 
25
(
-0.00119618
-0.00105581
-0.000931914
-0.000822558
-0.000726034
-0.000640837
-0.000565637
-0.000499262
-0.000440675
-0.000388964
-0.00034332
-0.000303033
-0.000267473
-0.000236086
-0.000208382
-0.00018393
-0.000162346
-0.000143295
-0.00012648
-0.000111638
-9.8538e-05
-8.69749e-05
-7.67687e-05
-6.77602e-05
-5.98088e-05
)
;
    }
    outlet
    {
        type            calculated;
        value           nonuniform List<scalar> 
25
(
0.000910838
0.00100093
0.000998136
0.000929869
0.000832297
0.00073288
0.000644758
0.000569453
0.000503765
0.000444341
0.000389022
0.000336891
0.000287973
0.000242862
0.000202313
0.000166832
0.000136471
0.000110857
8.92892e-05
7.08863e-05
5.47893e-05
4.03593e-05
2.72798e-05
1.55211e-05
5.08252e-06
)
;
    }
    fixedWalls
    {
        type            calculated;
        value           uniform 0;
    }
    frontAndBack
    {
        type            empty;
        value           nonuniform 0();
    }
}


// ************************************************************************* //
