/*--------------------------------*- C++ -*----------------------------------*\
| =========                 |                                                 |
| \\      /  F ield         | OpenFOAM: The Open Source CFD Toolbox           |
|  \\    /   O peration     | Version:  v1912                                 |
|   \\  /    A nd           | Website:  www.openfoam.com                      |
|    \\/     M anipulation  |                                                 |
\*---------------------------------------------------------------------------*/
FoamFile
{
    version     2.0;
    format      ascii;
    class       surfaceScalarField;
    location    "400";
    object      phi;
}
// * * * * * * * * * * * * * * * * * * * * * * * * * * * * * * * * * * * * * //

dimensions      [0 3 -1 0 0 0 0];
oriented        oriented;


internalField   nonuniform List<scalar> 
3895
(
0.000814745
0.000381432
0.000499358
0.000315387
0.00025156
0.000247798
6.4857e-05
0.000186703
-6.22058e-05
0.000127063
-0.000127356
6.51501e-05
-0.000137685
1.03286e-05
-0.000113666
-2.4019e-05
-9.02461e-05
-2.34194e-05
-8.47473e-05
-5.49889e-06
-6.59619e-05
-1.87853e-05
-4.44419e-05
-2.152e-05
-3.95844e-05
-4.85751e-06
-4.6511e-05
6.92655e-06
-4.08546e-05
-5.65636e-06
-2.43897e-05
-1.64649e-05
-1.5791e-05
-8.59872e-06
-1.53914e-05
-3.99596e-07
-1.7525e-05
2.13366e-06
-1.81274e-05
6.02346e-07
-1.64409e-05
-1.68649e-06
-1.25154e-05
-3.9255e-06
-7.8424e-06
-4.673e-06
-3.92866e-06
-3.91373e-06
-1.44668e-06
-2.48199e-06
-4.18234e-07
-1.02844e-06
-4.41652e-07
2.34196e-08
-8.70333e-07
4.28682e-07
-1.12257e-06
2.52242e-07
-9.41848e-07
-1.80726e-07
-2.87581e-07
-6.54266e-07
7.22202e-07
-1.00978e-06
1.99632e-06
-1.27412e-06
3.42642e-06
-1.43009e-06
4.8694e-06
-1.44299e-06
6.16425e-06
-1.29485e-06
7.13048e-06
-9.66227e-07
7.60895e-06
-4.78472e-07
7.39664e-06
2.12314e-07
6.37148e-06
1.02516e-06
4.4514e-06
1.92008e-06
1.56544e-06
2.88595e-06
-2.28697e-06
3.85242e-06
-7.04981e-06
4.76284e-06
-1.26363e-05
5.58653e-06
-1.90316e-05
6.39528e-06
-2.64038e-05
7.37224e-06
-3.5324e-05
8.92017e-06
-4.7005e-05
1.1681e-05
-6.35057e-05
1.65006e-05
-8.77276e-05
2.42219e-05
-0.000122914
3.51863e-05
-0.000171872
4.89577e-05
-0.000236041
6.41691e-05
-0.000314335
7.82941e-05
-0.000402536
8.82007e-05
-0.000493739
9.12038e-05
-0.000579417
8.56772e-05
-0.000650661
7.12447e-05
-0.000698508
4.78472e-05
-0.000712341
1.38326e-05
-0.00069849
-1.38511e-05
-0.000663488
-3.50024e-05
-0.000610312
-5.31758e-05
-0.000542569
-6.77425e-05
-0.000463271
-7.92984e-05
-0.000374463
-8.8808e-05
-0.000277827
-9.6636e-05
-0.000175195
-0.000102632
-6.85342e-05
-0.000106661
3.98982e-05
-0.000108432
0.000147849
-0.000107951
0.000253524
-0.000105674
0.00035547
-0.000101946
0.000452784
-9.7314e-05
0.000545416
-9.26321e-05
0.000633674
-8.82584e-05
0.000720748
-8.70736e-05
0.000807096
-8.63478e-05
-0.000106782
0.00108795
0.000349295
0.00104738
0.00035595
0.000933272
0.000361909
0.000775734
0.000344241
0.000598411
0.000304386
0.000410371
0.00025319
0.00022125
0.00019945
5.38709e-05
0.00014336
-6.05253e-05
9.09768e-05
-0.000110354
4.43303e-05
-0.00013215
3.01007e-06
-0.000124623
-2.90472e-05
-0.00010724
-2.22403e-05
-0.000109972
9.65887e-06
-0.00010677
-8.85856e-06
-9.45806e-05
-2.86543e-05
-7.95103e-05
-2.3669e-05
-7.96078e-05
-3.02108e-07
-8.61049e-05
8.63072e-06
-9.03239e-05
4.82141e-06
-9.04398e-05
-1.57062e-06
-8.53618e-05
-9.00346e-06
-7.79162e-05
-1.21186e-05
-7.01492e-05
-1.16807e-05
-6.29104e-05
-9.72079e-06
-5.69154e-05
-7.02348e-06
-5.26743e-05
-4.21767e-06
-5.05346e-05
-1.71099e-06
-5.02919e-05
9.55969e-09
-5.18611e-05
1.38841e-06
-5.44345e-05
1.91922e-06
-5.74243e-05
1.97994e-06
-6.05105e-05
1.81215e-06
-6.36154e-05
1.67483e-06
-6.68579e-05
1.79949e-06
-7.04541e-05
2.30134e-06
-7.46262e-05
3.20592e-06
-7.95792e-05
4.47453e-06
-8.54148e-05
6.0479e-06
-9.22268e-05
7.83714e-06
-0.00010005
9.74328e-06
-0.000108819
1.16551e-05
-0.000118397
1.34306e-05
-0.000128555
1.49204e-05
-0.000139001
1.6033e-05
-0.00014941
1.68039e-05
-0.000159535
1.74975e-05
-0.000169309
1.86936e-05
-0.000178799
2.11716e-05
-0.000188175
2.58763e-05
-0.00019782
3.38668e-05
-0.000208333
4.56996e-05
-0.000220153
6.07779e-05
-0.000232986
7.70019e-05
-0.000245162
9.04706e-05
-0.000253098
9.61365e-05
-0.000251933
9.00382e-05
-0.000237049
7.07937e-05
-0.000206187
4.03824e-05
-0.000166907
8.56726e-06
-0.000121483
-3.15914e-05
-7.15341e-05
-6.37999e-05
-1.84776e-05
-8.80589e-05
3.65173e-05
-0.000108171
9.50916e-05
-0.000126317
0.000158763
-0.00014297
0.000227508
-0.000157553
0.000300174
-0.000169302
0.000375014
-0.000177472
0.000450006
-0.000181653
0.000523417
-0.000181843
0.00059389
-0.000178425
0.000660302
-0.000172086
0.000722041
-0.000163685
0.000778941
-0.000154215
0.000831142
-0.000144833
0.000879547
-0.000136664
0.000924248
-0.000131774
0.000967983
-0.000130083
-0.000141021
0.000975282
0.000305927
0.00102604
0.000305191
0.00106097
0.000326981
0.00105861
0.000346595
0.00101217
0.000350835
0.000925034
0.000340321
0.000805729
0.000318756
0.000661727
0.000287361
0.00050484
0.000247864
0.000345699
0.000203471
0.000190114
0.000158595
4.72349e-05
0.000113832
-4.95242e-05
7.45188e-05
-8.64465e-05
4.65811e-05
-0.000107861
1.25564e-05
-0.000118066
-1.84502e-05
-0.0001086
-3.31347e-05
-9.9709e-05
-9.19289e-06
-0.000107047
1.59688e-05
-0.000116348
1.41223e-05
-0.000122129
4.21066e-06
-0.000125908
-5.22443e-06
-0.00012591
-1.2117e-05
-0.000122305
-1.52861e-05
-0.000118222
-1.3803e-05
-0.000115849
-9.39668e-06
-0.000116088
-3.97898e-06
-0.000118872
1.07285e-06
-0.000122808
3.94592e-06
-0.000127258
5.83831e-06
-0.000132092
6.75324e-06
-0.000136993
6.881e-06
-0.000141688
6.50713e-06
-0.00014604
6.02679e-06
-0.000150129
5.88824e-06
-0.000154136
6.30812e-06
-0.000158313
7.38341e-06
-0.000162871
9.03246e-06
-0.000167905
1.10818e-05
-0.000173397
1.33295e-05
-0.000179271
1.5617e-05
-0.000185393
1.77767e-05
-0.000191497
1.95346e-05
-0.000197123
2.05468e-05
-0.000201588
2.04984e-05
-0.000203975
1.91908e-05
-0.000203178
1.66999e-05
-0.000198299
1.38148e-05
-0.000188212
1.10852e-05
-0.000171876
9.53986e-06
-0.000148186
1.01769e-05
-0.000116589
1.41025e-05
-7.64986e-05
2.06874e-05
-2.75701e-05
2.80734e-05
2.95277e-05
3.33728e-05
9.21669e-05
3.34972e-05
0.00015629
2.59155e-05
0.000216517
1.05665e-05
0.000270648
-1.37484e-05
0.000321548
-4.2333e-05
0.000363449
-7.34921e-05
0.000402976
-0.000103327
0.000445016
-0.000130099
0.000491261
-0.000154416
0.000541342
-0.000176398
0.000593753
-0.000195381
0.000646639
-0.000210439
0.000698139
-0.000220802
0.000746719
-0.000226051
0.000791261
-0.000226196
0.000831093
-0.000221675
0.000865937
-0.000213269
0.000895839
-0.000201988
0.000921118
-0.000188964
0.000942274
-0.000175371
0.000959837
-0.000162395
0.00097443
-0.000151256
0.000985948
-0.000143293
0.000995458
-0.000139593
-0.000143728
0.000857109
0.000271375
0.000897356
0.000264945
0.000950166
0.000274172
0.00100471
0.000292053
0.00104637
0.000309169
0.0010653
0.000321393
0.00105662
0.000327435
0.0010179
0.000326081
0.000949493
0.000316274
0.000854997
0.000297967
0.000740792
0.0002728
0.000611787
0.000242837
0.000476454
0.000209851
0.000348297
0.000174738
0.00022345
0.000137404
0.000101914
0.000103086
-7.95295e-07
6.95745e-05
-5.41611e-05
4.41729e-05
-6.78719e-05
2.96796e-05
-7.17021e-05
1.79525e-05
-7.6241e-05
8.74958e-06
-8.32186e-05
1.75318e-06
-9.12472e-05
-4.08841e-06
-9.96068e-05
-6.92648e-06
-0.000105875
-7.53486e-06
-0.000109818
-5.454e-06
-0.000113183
-6.14009e-07
-0.000117349
5.23921e-06
-0.000122106
8.70345e-06
-0.000126726
1.0458e-05
-0.000130788
1.0815e-05
-0.000134071
1.01642e-05
-0.00013646
8.8958e-06
-0.000137754
7.32063e-06
-0.000138205
6.33966e-06
-0.000137957
6.06062e-06
-0.000137273
6.69868e-06
-0.000136178
7.93796e-06
-0.000134597
9.50024e-06
-0.00013234
1.10731e-05
-0.000129309
1.25862e-05
-0.000125448
1.39156e-05
-0.000120526
1.46117e-05
-0.000114138
1.4159e-05
-0.000105744
1.21042e-05
-9.45957e-05
8.04301e-06
-7.94345e-05
1.53867e-06
-6.09704e-05
-4.64935e-06
-3.77671e-05
-1.2118e-05
-8.62322e-06
-1.9604e-05
2.74727e-05
-2.5919e-05
7.2079e-05
-3.05038e-05
0.000125911
-3.31448e-05
0.000188464
-3.4479e-05
0.000257826
-3.59898e-05
0.000331008
-3.96843e-05
0.000404487
-4.75639e-05
0.000476011
-6.09574e-05
0.000542483
-8.02201e-05
0.000603764
-0.000103615
0.000659394
-0.000129122
0.000710784
-0.000154716
0.000759406
-0.000178721
0.000805176
-0.000200186
0.000847146
-0.000218368
0.000884233
-0.000232469
0.000915587
-0.000241792
0.000940738
-0.000245953
0.000959656
-0.000244968
0.000972702
-0.000239242
0.000980529
-0.000229502
0.000983957
-0.000216697
0.000983862
-0.000201893
0.000981075
-0.000186176
0.000976308
-0.000170605
0.000970082
-0.000156169
0.000962689
-0.000143864
0.000953957
-0.00013456
0.000943735
-0.000129372
-0.000129199
0.000759397
0.000238012
0.000790536
0.000233806
0.000828352
0.000236355
0.000874988
0.000245418
0.000927005
0.000257151
0.000978875
0.000269523
0.00102441
0.000281896
0.00105754
0.000292952
0.00107317
0.000300648
0.00106783
0.00030331
0.00104036
0.000300265
0.000991465
0.000291733
0.000923118
0.000278199
0.000838729
0.000259127
0.000741398
0.000234734
0.000636504
0.000207981
0.000532028
0.00017405
0.000433803
0.000142398
0.000348491
0.000114991
0.000275146
9.12982e-05
0.000212195
7.17005e-05
0.000158198
5.57502e-05
0.000110995
4.31142e-05
7.06442e-05
3.34245e-05
3.71681e-05
2.59413e-05
1.15021e-05
2.0212e-05
-5.15183e-06
1.60399e-05
-1.32328e-05
1.33202e-05
-1.5743e-05
1.12137e-05
-1.47325e-05
9.44741e-06
-1.1559e-05
7.64147e-06
-6.97404e-06
5.57925e-06
-1.34781e-06
3.26957e-06
5.07293e-06
8.99887e-07
1.21908e-05
-7.78207e-07
2.03692e-05
-2.11775e-06
3.01558e-05
-3.08797e-06
4.16823e-05
-3.58848e-06
5.50631e-05
-3.88063e-06
7.04917e-05
-4.3555e-06
8.83247e-05
-5.2467e-06
0.000108978
-6.73791e-06
0.000132732
-9.1421e-06
0.000159792
-1.29006e-05
0.000190267
-1.83709e-05
0.000223908
-2.55981e-05
0.00025976
-3.43133e-05
0.000298805
-4.36947e-05
0.000340008
-5.33209e-05
0.000382848
-6.24438e-05
0.000427325
-7.03965e-05
0.000473654
-7.68321e-05
0.000522355
-8.18461e-05
0.000573877
-8.60016e-05
0.000628217
-9.03289e-05
0.000684659
-9.61271e-05
0.000741726
-0.00010463
0.000797372
-0.000116604
0.000849236
-0.000132083
0.000895854
-0.000150233
0.000936432
-0.0001697
0.000970677
-0.000188961
0.000998521
-0.000206565
0.00101973
-0.000221396
0.00103404
-0.000232677
0.00104142
-0.000239853
0.00104223
-0.000242594
0.00103714
-0.000240866
0.00102712
-0.000234954
0.0010133
-0.000225417
0.000996804
-0.000213007
0.000978693
-0.000198586
0.000959854
-0.000183054
0.000940958
-0.00016728
0.000922437
-0.000152083
0.000904473
-0.000138206
0.000886986
-0.000126377
0.000869583
-0.000117156
0.000851613
-0.000111402
-0.000109159
0.000672434
0.000206415
0.000702275
0.000203964
0.000733372
0.000205258
0.000767841
0.000210949
0.000806617
0.000218375
0.000850041
0.000226099
0.000897308
0.000234629
0.000946039
0.000244222
0.000992648
0.000254039
0.00103306
0.0002629
0.00106349
0.000269832
0.00108116
0.000274062
0.00108442
0.00027494
0.00107203
0.000271521
0.00104362
0.000263141
0.00100093
0.000250671
0.000948927
0.000226052
0.00089158
0.000199745
0.000831848
0.000174723
0.000772132
0.000151015
0.000714562
0.000129271
0.000660416
0.000109896
0.000610519
9.30109e-05
0.000565469
7.84742e-05
0.000525462
6.59485e-05
0.000490523
5.51511e-05
0.000460707
4.58555e-05
0.000436277
3.77509e-05
0.000417028
3.04621e-05
0.00040267
2.38061e-05
0.000392721
1.75905e-05
0.000386618
1.16818e-05
0.000383956
5.93152e-06
0.000384843
1.34276e-08
0.000388908
-4.84371e-06
0.000396539
-9.74841e-06
0.000407632
-1.41814e-05
0.000422261
-1.82176e-05
0.000440453
-2.20721e-05
0.00046207
-2.59731e-05
0.000486949
-3.01255e-05
0.000514978
-3.47669e-05
0.000546004
-4.0168e-05
0.000579662
-4.65584e-05
0.000615325
-5.40339e-05
0.000652208
-6.24815e-05
0.00068947
-7.15752e-05
0.000726565
-8.07896e-05
0.000762861
-8.9617e-05
0.000798008
-9.75907e-05
0.000831953
-0.000104342
0.000864865
-0.000109744
0.000897015
-0.000113996
0.000928633
-0.00011762
0.000959706
-0.000121402
0.00098983
-0.000126251
0.00101817
-0.000132971
0.00104359
-0.000142023
0.00106487
-0.000153362
0.00108102
-0.000166386
0.00109139
-0.000180064
0.00109563
-0.000193203
0.00109374
-0.000204678
0.00108595
-0.00021361
0.0010727
-0.000219424
0.00105465
-0.000221798
0.00103268
-0.000220627
0.00100784
-0.000216027
0.000981216
-0.00020833
0.000953836
-0.000198037
0.000926588
-0.000185759
0.000900165
-0.000172163
0.000875041
-0.000157929
0.000851472
-0.000143711
0.000829514
-0.000130126
0.000809032
-0.000117724
0.000789713
-0.000107058
0.000771025
-9.84678e-05
0.000752318
-9.26947e-05
-8.92031e-05
0.000594386
0.000177666
0.00062317
0.00017518
0.000652324
0.000176105
0.000682116
0.000181157
0.000712926
0.000187564
0.000745617
0.000193409
0.000781187
0.000199059
0.000820203
0.000205206
0.000862425
0.000211817
0.000906728
0.000218597
0.000951246
0.000225314
0.000993701
0.000231606
0.00103176
0.000236878
0.00106303
0.000240251
0.00108534
0.000240833
0.00109755
0.000238461
0.00109977
0.000223829
0.00109368
0.000205841
0.00108081
0.000187593
0.00106266
0.000169162
0.0010409
0.00015103
0.00101707
0.000133724
0.000992522
0.000117563
0.000968334
0.000102662
0.000945296
8.89861e-05
0.000924006
7.64414e-05
0.00090495
6.49113e-05
0.000888485
5.42158e-05
0.000874794
4.41539e-05
0.000864008
3.45914e-05
0.000856166
2.54327e-05
0.00085124
1.66074e-05
0.000849083
8.08884e-06
0.000848884
2.13043e-07
0.000851593
-7.55364e-06
0.000856416
-1.45711e-05
0.00086338
-2.11447e-05
0.000872453
-2.72907e-05
0.000883555
-3.31749e-05
0.000896596
-3.90141e-05
0.000911474
-4.50031e-05
0.000928018
-5.13109e-05
0.000945932
-5.80822e-05
0.000964773
-6.53994e-05
0.00098397
-7.32313e-05
0.00100289
-8.14033e-05
0.00102093
-8.96093e-05
0.00103759
-9.7457e-05
0.00105255
-0.00010457
0.00106562
-0.000110659
0.00107683
-0.000115556
0.00108637
-0.000119279
0.00109445
-0.000122082
0.00110127
-0.000124434
0.00110682
-0.000126954
0.00111087
-0.0001303
0.00111292
-0.000135021
0.00111229
-0.000141398
0.00110828
-0.00014935
0.0011003
-0.000158406
0.00108804
-0.000167805
0.0010715
-0.000176665
0.00105099
-0.000184163
0.00102702
-0.000189647
0.00100029
-0.000192692
0.000971567
-0.000193074
0.000941684
-0.000190744
0.000911464
-0.000185807
0.000881645
-0.000178512
0.000852834
-0.000169226
0.000825471
-0.000158395
0.000799827
-0.000146519
0.000776016
-0.000134119
0.000754017
-0.000121712
0.000733692
-0.000109801
0.000714797
-9.88284e-05
0.00069699
-8.92503e-05
0.00067976
-8.12383e-05
0.000662628
-7.55627e-05
-7.09837e-05
0.000525111
0.000151817
0.000551937
0.000148354
0.000579147
0.000148894
0.000606469
0.000153835
0.000634009
0.000160024
0.000661957
0.000165461
0.000690633
0.000170382
0.000720613
0.000175226
0.000752547
0.000179883
0.000786893
0.000184251
0.000823754
0.000188454
0.000862778
0.000192583
0.000903148
0.000196508
0.000943575
0.000199825
0.000982412
0.000201996
0.00101814
0.000202735
0.00104843
0.000193534
0.00107288
0.000181391
0.00109171
0.000168766
0.00110531
0.000155561
0.00111432
0.000142019
0.00111953
0.000128516
0.00112175
0.000115341
0.00112176
0.000102651
0.00112025
9.04997e-05
0.00111781
7.88834e-05
0.00111495
6.77671e-05
0.00111209
5.70815e-05
0.0011095
4.67389e-05
0.00110741
3.66792e-05
0.00110596
2.6884e-05
0.0011052
1.73684e-05
0.00110509
8.20435e-06
0.00110561
-3.10035e-07
0.00110672
-8.66931e-06
0.00110837
-1.62195e-05
0.00111051
-2.32874e-05
0.00111315
-2.99294e-05
0.00111625
-3.62715e-05
0.00111972
-4.24837e-05
0.00112344
-4.87193e-05
0.00112722
-5.50949e-05
0.00113083
-6.16875e-05
0.00113394
-6.85154e-05
0.00113622
-7.55087e-05
0.00113731
-8.24992e-05
0.00113695
-8.92402e-05
0.00113494
-9.54493e-05
0.00113124
-0.000100873
0.00112592
-0.000105341
0.00111917
-0.000108798
0.00111122
-0.00011133
0.00110232
-0.000113187
0.00109265
-0.000114759
0.00108222
-0.000116524
0.00107088
-0.000118963
0.00105832
-0.000122459
0.00104412
-0.000127197
0.00102786
-0.000133098
0.00100927
-0.000139814
0.000988258
-0.00014679
0.000964966
-0.000153374
0.000939745
-0.000158941
0.000913075
-0.000162978
0.000885504
-0.000165121
0.000857591
-0.000165161
0.000829866
-0.000163019
0.000802794
-0.000158734
0.000776742
-0.000152461
0.000751971
-0.000144454
0.000728628
-0.000135052
0.000706767
-0.000124659
0.000686364
-0.000113716
0.000667334
-0.000102681
0.000649538
-9.20055e-05
0.000632784
-8.20737e-05
0.000616815
-7.32819e-05
0.000601241
-6.56636e-05
0.000585721
-6.0043e-05
-5.44625e-05
0.00046394
0.000128552
0.00048864
0.000123655
0.000513481
0.000124053
0.00053816
0.000129155
0.000563125
0.00013506
0.000588449
0.000140137
0.000613975
0.000144856
0.000639771
0.00014943
0.000666093
0.00015356
0.000693261
0.000157083
0.000721636
0.00016008
0.000751558
0.00016266
0.000783226
0.00016484
0.000816551
0.0001665
0.000851098
0.00016745
0.000886231
0.000167601
0.000919818
0.000159947
0.000950972
0.000150236
0.000979319
0.000140419
0.00100459
0.000130287
0.00102672
0.000119892
0.00104581
0.00010943
0.00106208
9.90699e-05
0.00107582
8.89068e-05
0.00108735
7.89754e-05
0.00109695
6.9277e-05
0.00110492
5.97967e-05
0.0011115
5.05042e-05
0.00111688
4.13621e-05
0.0011212
3.23539e-05
0.00112459
2.35005e-05
0.0011271
1.48582e-05
0.00112878
6.52024e-06
0.0011298
-1.33164e-06
0.00112999
-8.86184e-06
0.00112957
-1.57923e-05
0.00112854
-2.22602e-05
0.00112696
-2.83517e-05
0.00112486
-3.41674e-05
0.0011222
-3.9831e-05
0.00111894
-4.5457e-05
0.00111498
-5.11275e-05
0.00111017
-5.68853e-05
0.00110438
-6.27237e-05
0.00109744
-6.85717e-05
0.00108924
-7.42921e-05
0.0010797
-7.97004e-05
0.00106885
-8.45987e-05
0.00105679
-8.88187e-05
0.00104371
-9.22614e-05
0.00102983
-9.492e-05
0.0010154
-9.68954e-05
0.00100062
-9.84024e-05
0.000985608
-9.97522e-05
0.000970394
-0.00010131
0.000954864
-0.000103434
0.000938809
-0.000106403
0.000921961
-0.00011035
0.000904075
-0.000115211
0.000884986
-0.000120726
0.000864671
-0.000126474
0.000843245
-0.000131948
0.000820945
-0.000136642
0.000798082
-0.000140115
0.00077499
-0.000142029
0.000751988
-0.000142159
0.000729356
-0.000140387
0.000707321
-0.000136699
0.000686046
-0.000131186
0.000665634
-0.000124043
0.000646138
-0.000115556
0.00062757
-0.000106091
0.000609916
-9.60621e-05
0.000593141
-8.59065e-05
0.000577187
-7.6051e-05
0.00056196
-6.68464e-05
0.000547308
-5.86303e-05
0.000532973
-5.1329e-05
0.000518661
-4.57307e-05
-3.93539e-05
0.000410014
0.000107502
0.000432754
0.000100914
0.000455183
0.000101624
0.000477154
0.000107185
0.000499457
0.000112757
0.000522206
0.000117387
0.000545208
0.000121854
0.000568447
0.000126191
0.00059195
0.000130058
0.000615701
0.000133332
0.000639743
0.000136037
0.00066422
0.000138183
0.000689324
0.000139736
0.00071521
0.000140613
0.000741939
0.000140721
0.000769481
0.00014006
0.000796545
0.000132883
0.000822648
0.000124134
0.000847564
0.000115503
0.000871026
0.000106825
0.000892817
9.81004e-05
0.000912816
8.94314e-05
0.000930976
8.09101e-05
0.000947306
7.25768e-05
0.000961849
6.44324e-05
0.000974667
5.64588e-05
0.000985832
4.8632e-05
0.000995412
4.09237e-05
0.00100347
3.33081e-05
0.00101004
2.57792e-05
0.00101518
1.83625e-05
0.00101892
1.11136e-05
0.00102133
4.11136e-06
0.00102254
-2.53862e-06
0.00102255
-8.86765e-06
0.00102153
-1.47809e-05
0.00101958
-2.03107e-05
0.00101677
-2.55348e-05
0.00101314
-3.05372e-05
0.00100872
-3.54092e-05
0.00100349
-4.02352e-05
0.00099744
-4.50741e-05
0.000990506
-4.9951e-05
0.000982633
-5.48506e-05
0.000973772
-5.97111e-05
0.000963905
-6.44243e-05
0.000953055
-6.88513e-05
0.000941304
-7.28477e-05
0.000928781
-7.62957e-05
0.000915652
-7.91322e-05
0.0009021
-8.13678e-05
0.000888302
-8.30968e-05
0.000874397
-8.44981e-05
0.000860466
-8.58211e-05
0.000846509
-8.73526e-05
0.000832445
-8.93699e-05
0.000818129
-9.2087e-05
0.000803382
-9.56032e-05
0.000788039
-9.98679e-05
0.000771987
-0.000104674
0.000755195
-0.000109683
0.000737725
-0.000114477
0.000719705
-0.000118622
0.00070131
-0.00012172
0.000682727
-0.000123445
0.000664126
-0.000123559
0.000645657
-0.000121917
0.000627435
-0.000118477
0.000609549
-0.0001133
0.000592064
-0.000106558
0.000575033
-9.85249e-05
0.000558501
-8.95587e-05
0.000542512
-8.00731e-05
0.000527104
-7.04991e-05
0.000512301
-6.1248e-05
0.000498097
-5.26417e-05
0.000484416
-4.49493e-05
0.000471113
-3.80259e-05
0.000457858
-3.2476e-05
-2.56267e-05
0.000362528
8.8294e-05
0.000383496
7.99458e-05
0.000403597
8.1523e-05
0.000423065
8.77176e-05
0.000442882
9.29395e-05
0.000463081
9.71886e-05
0.000483529
0.000101406
0.000504304
0.000105416
0.000525429
0.000108932
0.000546819
0.000111942
0.000568386
0.00011447
0.000590085
0.000116484
0.000611901
0.00011792
0.000633831
0.000118683
0.000655873
0.000118679
0.000678043
0.000117891
0.000699431
0.000111494
0.000719845
0.00010372
0.000739292
9.60557e-05
0.000757709
8.84081e-05
0.000775018
8.07919e-05
0.000791157
7.32917e-05
0.000806089
6.59791e-05
0.000819786
5.88796e-05
0.000832234
5.19845e-05
0.000843423
4.5269e-05
0.000853352
3.87039e-05
0.000862015
3.22598e-05
0.000869411
2.59121e-05
0.000875537
1.96539e-05
0.000880395
1.35041e-05
0.000884005
7.50423e-06
0.00088641
1.70601e-06
0.000887698
-3.82682e-06
0.000887926
-9.09601e-06
0.000887205
-1.40599e-05
0.000885618
-1.87231e-05
0.000883229
-2.3146e-05
0.000880092
-2.73999e-05
0.000876239
-3.1556e-05
0.000871681
-3.56773e-05
0.000866412
-3.9806e-05
0.000860417
-4.39556e-05
0.000853673
-4.81065e-05
0.000846165
-5.22028e-05
0.000837895
-5.61546e-05
0.000828894
-5.98507e-05
0.000819226
-6.31793e-05
0.000808982
-6.60522e-05
0.000798277
-6.84271e-05
0.000787233
-7.03232e-05
0.000775964
-7.1828e-05
0.000764562
-7.30962e-05
0.000753078
-7.43367e-05
0.00074151
-7.57851e-05
0.000729807
-7.76667e-05
0.000717873
-8.01527e-05
0.000705589
-8.33198e-05
0.000692843
-8.71221e-05
0.000679553
-9.13831e-05
0.000665684
-9.58138e-05
0.000651257
-0.00010005
0.000636337
-0.000103701
0.000621013
-0.000106396
0.000605383
-0.000107815
0.00058954
-0.000107716
0.000573569
-0.000105946
0.000557545
-0.000102453
0.000541545
-9.72993e-05
0.000525649
-9.06615e-05
0.000509947
-8.28233e-05
0.000494541
-7.41533e-05
0.000479538
-6.50696e-05
0.000465037
-5.59983e-05
0.000451117
-4.73284e-05
0.000437827
-3.93516e-05
0.000425133
-3.22549e-05
0.000412971
-2.58637e-05
0.000400934
-2.0439e-05
-1.34945e-05
0.000320758
7.05692e-05
0.000340087
6.06166e-05
0.000357962
6.36474e-05
0.000375207
7.04732e-05
0.000392821
7.53253e-05
0.000410693
7.93172e-05
0.000428761
8.33377e-05
0.000447168
8.70087e-05
0.000465948
9.01522e-05
0.000485036
9.28539e-05
0.000504364
9.51416e-05
0.00052387
9.69785e-05
0.000543478
9.83119e-05
0.000563097
9.90639e-05
0.000582631
9.91447e-05
0.000602004
9.85178e-05
0.000620368
9.31298e-05
0.000637567
8.65211e-05
0.000653664
7.99588e-05
0.000668685
7.33878e-05
0.000682642
6.68343e-05
0.000695555
6.03786e-05
0.000707445
5.40894e-05
0.00071833
4.79944e-05
0.000728226
4.20891e-05
0.000737141
3.63532e-05
0.000745083
3.07619e-05
0.000752053
2.52901e-05
0.000758048
1.99167e-05
0.000763066
1.4636e-05
0.000767107
9.46299e-06
0.000770182
4.42924e-06
0.000772322
-4.3354e-07
0.000773576
-5.08079e-06
0.000773986
-9.50591e-06
0.000773615
-1.3689e-05
0.000772527
-1.76355e-05
0.000770774
-2.13927e-05
0.000768396
-2.50216e-05
0.00076542
-2.85805e-05
0.00076186
-3.21172e-05
0.000757715
-3.56613e-05
0.000752977
-3.9217e-05
0.000747631
-4.27602e-05
0.000741665
-4.62375e-05
0.000735081
-4.957e-05
0.000727894
-5.26639e-05
0.000720143
-5.54286e-05
0.000711887
-5.7796e-05
0.000703199
-5.97393e-05
0.000694161
-6.12846e-05
0.00068485
-6.25168e-05
0.000675329
-6.35758e-05
0.000665637
-6.46447e-05
0.000655778
-6.59258e-05
0.00064572
-6.76088e-05
0.000635402
-6.98344e-05
0.000624743
-7.26609e-05
0.000613661
-7.60402e-05
0.000602089
-7.9811e-05
0.000589986
-8.37108e-05
0.000577343
-8.74067e-05
0.000564176
-9.05352e-05
0.000550524
-9.27434e-05
0.000536433
-9.37245e-05
0.000521961
-9.3244e-05
0.000507175
-9.11602e-05
0.000492161
-8.74393e-05
0.000477026
-8.2164e-05
0.000461899
-7.55343e-05
0.000446928
-6.78523e-05
0.00043227
-5.94953e-05
0.000418077
-5.08769e-05
0.000404483
-4.2404e-05
0.000391584
-3.44298e-05
0.000379443
-2.72106e-05
0.00036803
-2.08423e-05
0.000357335
-1.5168e-05
0.000346865
-9.96962e-06
-3.29101e-06
0.000284047
5.39956e-05
0.000301804
4.28592e-05
0.000317587
4.78642e-05
0.000332894
5.51668e-05
0.000348561
5.96585e-05
0.000364358
6.35195e-05
0.000380324
6.73717e-05
0.000396617
7.07165e-05
0.000413244
7.35242e-05
0.000430158
7.59408e-05
0.000447318
7.79812e-05
0.000464685
7.9611e-05
0.000482199
8.0798e-05
0.000499777
8.14867e-05
0.000517315
8.16061e-05
0.000534713
8.11198e-05
0.000551163
7.66799e-05
0.000566486
7.11987e-05
0.00058072
6.57246e-05
0.00059389
6.02173e-05
0.000606022
5.47026e-05
0.000617149
4.9252e-05
0.000627309
4.39286e-05
0.000636543
3.87608e-05
0.000644884
3.37482e-05
0.000652361
2.88761e-05
0.000658997
2.41259e-05
0.000664809
1.94783e-05
0.000669808
1.4917e-05
0.000674005
1.04398e-05
0.000677405
6.06244e-06
0.000680025
1.80981e-06
0.000681882
-2.29073e-06
0.000683008
-6.20665e-06
0.000683432
-9.93023e-06
0.000683198
-1.34554e-05
0.000682355
-1.6792e-05
0.000680942
-1.99799e-05
0.000678992
-2.30716e-05
0.000676528
-2.61163e-05
0.000673562
-2.91512e-05
0.000670096
-3.21956e-05
0.000666125
-3.52459e-05
0.000661639
-3.82738e-05
0.000656627
-4.12263e-05
0.000651088
-4.40303e-05
0.000645027
-4.66035e-05
0.000638468
-4.88689e-05
0.000631444
-5.07727e-05
0.000624004
-5.2299e-05
0.0006162
-5.34807e-05
0.000608085
-5.44018e-05
0.000599703
-5.51939e-05
0.000591082
-5.60232e-05
0.000582225
-5.70689e-05
0.000573111
-5.84944e-05
0.000563693
-6.04165e-05
0.000553908
-6.28762e-05
0.000543686
-6.58184e-05
0.000532962
-6.90865e-05
0.000521683
-7.24327e-05
0.000509821
-7.55443e-05
0.000497367
-7.80807e-05
0.000484336
-7.97124e-05
0.000470768
-8.01571e-05
0.000456732
-7.9208e-05
0.000442327
-7.67551e-05
0.000427686
-7.27984e-05
0.000412974
-6.74521e-05
0.000398379
-6.09388e-05
0.000384096
-5.35689e-05
0.000370312
-4.57119e-05
0.000357191
-3.7756e-05
0.000344858
-3.00711e-05
0.000333389
-2.29608e-05
0.000322823
-1.66446e-05
0.000313107
-1.11261e-05
0.000304262
-6.32262e-06
0.000295737
-1.4449e-06
4.70554e-06
0.000251798
3.82837e-05
0.000267991
2.6666e-05
0.000281861
3.39942e-05
0.000295502
4.15262e-05
0.000309434
4.57262e-05
0.000323393
4.9561e-05
0.000337522
5.32418e-05
0.000351965
5.6274e-05
0.000366699
5.87901e-05
0.00038168
6.09598e-05
0.000396882
6.27792e-05
0.000412275
6.42184e-05
0.000427812
6.52611e-05
0.00044343
6.58687e-05
0.000459049
6.59862e-05
0.000474585
6.55846e-05
0.000489305
6.19592e-05
0.000503035
5.74688e-05
0.000515797
5.29632e-05
0.000527602
4.84116e-05
0.000538468
4.38372e-05
0.000548418
3.9302e-05
0.000557484
3.48622e-05
0.000565701
3.0544e-05
0.000573101
2.63481e-05
0.000579714
2.22632e-05
0.000585565
1.82749e-05
0.000590675
1.43686e-05
0.000595061
1.05308e-05
0.000598737
6.76377e-06
0.000601715
3.08451e-06
0.00060401
-4.85e-07
0.00060564
-3.92077e-06
0.000606631
-7.19787e-06
0.00060701
-1.03097e-05
0.000606813
-1.32576e-05
0.000606076
-1.60552e-05
0.000604834
-1.87379e-05
0.000603114
-2.13518e-05
0.000600936
-2.39387e-05
0.000598313
-2.65276e-05
0.000595246
-2.9129e-05
0.000591732
-3.17321e-05
0.000587762
-3.43032e-05
0.000583323
-3.67878e-05
0.000578408
-3.91153e-05
0.000573014
-4.12096e-05
0.000567149
-4.30032e-05
0.000560828
-4.44526e-05
0.000554081
-4.55518e-05
0.000546941
-4.63402e-05
0.000539443
-4.69039e-05
0.000531619
-4.73704e-05
0.00052349
-4.78943e-05
0.000515059
-4.86376e-05
0.000506307
-4.97427e-05
0.000497196
-5.13051e-05
0.000487669
-5.3349e-05
0.000477661
-5.58104e-05
0.000467108
-5.85339e-05
0.000455959
-6.12834e-05
0.000444182
-6.37677e-05
0.000431776
-6.56746e-05
0.000418773
-6.67094e-05
0.000405245
-6.66286e-05
0.000391304
-6.52673e-05
0.000377106
-6.25564e-05
0.000362839
-5.85314e-05
0.000348716
-5.33299e-05
0.000334959
-4.71816e-05
0.000321775
-4.03849e-05
0.000309343
-3.32794e-05
0.000297796
-2.62096e-05
0.00028722
-1.9495e-05
0.000277643
-1.33834e-05
0.000269061
-8.0631e-06
0.000261385
-3.44984e-06
0.000254657
4.05529e-07
0.000248325
4.88733e-06
1.0396e-05
0.000223468
2.3198e-05
0.000238065
1.20694e-05
0.000250246
2.1813e-05
0.000262461
2.93115e-05
0.00027484
3.33464e-05
0.000287179
3.72225e-05
0.00029971
4.07111e-05
0.000312535
4.34486e-05
0.000325613
4.57126e-05
0.000338905
4.76669e-05
0.000352393
4.92916e-05
0.000366046
5.05652e-05
0.000379824
5.14836e-05
0.000393673
5.20193e-05
0.000407531
5.21287e-05
0.000421325
5.17902e-05
0.00043441
4.88742e-05
0.000446628
4.52509e-05
0.000457997
4.15938e-05
0.000468529
3.78799e-05
0.000478235
3.41316e-05
0.000487132
3.04045e-05
0.000495245
2.6749e-05
0.0005026
2.3189e-05
0.000509223
1.97254e-05
0.000515138
1.63487e-05
0.000520365
1.30478e-05
0.000524922
9.81079e-06
0.000528828
6.62562e-06
0.000532093
3.49859e-06
0.000534731
4.46357e-07
0.000536759
-2.51251e-06
0.000538193
-5.3548e-06
0.000539055
-8.0599e-06
0.000539367
-1.06225e-05
0.000539158
-1.3048e-05
0.000538455
-1.53525e-05
0.000537286
-1.75684e-05
0.00053567
-1.97364e-05
0.000533623
-2.1892e-05
0.000531152
-2.40564e-05
0.000528255
-2.62322e-05
0.000524925
-2.84013e-05
0.000521146
-3.05246e-05
0.000516903
-3.25452e-05
0.000512182
-3.4394e-05
0.000506973
-3.60006e-05
0.000501276
-3.73064e-05
0.000495103
-3.8279e-05
0.000488474
-3.89231e-05
0.00048142
-3.92864e-05
0.000473975
-3.94589e-05
0.00046617
-3.95652e-05
0.000458026
-3.97505e-05
0.000449548
-4.01603e-05
0.000440723
-4.09172e-05
0.000431515
-4.20968e-05
0.000421873
-4.37073e-05
0.00041174
-4.56775e-05
0.000401061
-4.78554e-05
0.000389799
-5.00209e-05
0.000377942
-5.19104e-05
0.000365516
-5.32488e-05
0.000352591
-5.37846e-05
0.000339283
-5.33202e-05
0.00032575
-5.17344e-05
0.000312188
-4.89947e-05
0.000298817
-4.51604e-05
0.000285864
-4.03764e-05
0.000273542
-3.48602e-05
0.000262037
-2.88795e-05
0.000251486
-2.27292e-05
0.000241976
-1.66995e-05
0.000233538
-1.10565e-05
0.000226148
-5.99326e-06
0.000219763
-1.67843e-06
0.000214256
2.05698e-06
0.000209683
4.97837e-06
0.000205575
8.99552e-06
1.38661e-05
0.00019856
8.56707e-06
0.000211522
-8.9166e-07
0.000222268
1.10663e-05
0.000233251
1.83286e-05
0.000244238
2.236e-05
0.000255159
2.63007e-05
0.000266296
2.95744e-05
0.0002777
3.2044e-05
0.000289321
3.40924e-05
0.000301129
3.58585e-05
0.000313108
3.73124e-05
0.00032523
3.84433e-05
0.000337457
3.9257e-05
0.000349742
3.97343e-05
0.00036203
3.98408e-05
0.000374258
3.95614e-05
0.000385855
3.72777e-05
0.000396679
3.44265e-05
0.000406749
3.15238e-05
0.000416076
2.85529e-05
0.000424671
2.55366e-05
0.000432549
2.25267e-05
0.000439729
1.95694e-05
0.000446231
1.6687e-05
0.000452076
1.38806e-05
0.000457282
1.11421e-05
0.000461866
8.46357e-06
0.000465842
5.83502e-06
0.000469223
3.24507e-06
0.000472021
7.00504e-07
0.000474248
-1.78124e-06
0.000475915
-4.17947e-06
0.000477033
-6.47198e-06
0.000477614
-8.64134e-06
0.000477676
-1.06841e-05
0.000477236
-1.26082e-05
0.000476315
-1.44314e-05
0.00047493
-1.61839e-05
0.000473096
-1.79019e-05
0.000470819
-1.96151e-05
0.000468101
-2.13382e-05
0.000464936
-2.30669e-05
0.000461312
-2.47775e-05
0.000457215
-2.64277e-05
0.00045263
-2.79607e-05
0.000447548
-2.9312e-05
0.000441967
-3.04194e-05
0.000435897
-3.1236e-05
0.00042936
-3.17418e-05
0.000422389
-3.19526e-05
0.000415026
-3.19235e-05
0.000407313
-3.17458e-05
0.000399287
-3.15385e-05
0.00039097
-3.14337e-05
0.000382368
-3.15588e-05
0.000373467
-3.20158e-05
0.000364231
-3.28611e-05
0.000354614
-3.40899e-05
0.000344564
-3.56276e-05
0.00033404
-3.73314e-05
0.000323022
-3.90029e-05
0.000311524
-4.04119e-05
0.0002996
-4.13248e-05
0.00028735
-4.1535e-05
0.000274918
-4.08887e-05
0.000262486
-3.93016e-05
0.000250258
-3.67667e-05
0.000238451
-3.33538e-05
0.000227275
-2.92003e-05
0.000216913
-2.44984e-05
0.000207509
-1.94754e-05
0.000199155
-1.43753e-05
0.000191889
-9.43309e-06
0.000185697
-4.86475e-06
0.000180517
-8.13294e-07
0.000176277
2.56161e-06
0.000172835
5.49947e-06
0.00017024
7.57243e-06
0.000168159
1.10767e-05
1.53713e-05
0.000176567
-5.65341e-06
0.000187955
-1.22799e-05
0.000197512
1.50942e-06
0.000207404
8.43651e-06
0.000217123
1.26404e-05
0.000226779
1.66451e-05
0.000236649
1.97048e-05
0.000246739
2.19532e-05
0.000257001
2.38306e-05
0.000267417
2.54424e-05
0.000277974
2.67555e-05
0.000288647
2.77707e-05
0.000299402
2.8502e-05
0.000310198
2.89378e-05
0.000320986
2.90528e-05
0.000331709
2.88382e-05
0.000341862
2.71248e-05
0.00035132
2.49685e-05
0.000360098
2.27462e-05
0.000368204
2.04465e-05
0.000375648
1.80928e-05
0.000382441
1.57339e-05
0.000388597
1.34133e-05
0.000394132
1.11518e-05
0.000399062
8.95062e-06
0.000403401
6.8031e-06
0.000407161
4.70418e-06
0.000410349
2.64624e-06
0.000412981
6.13558e-07
0.000415063
-1.38159e-06
0.000416596
-3.31443e-06
0.000417585
-5.16796e-06
0.000418036
-6.92275e-06
0.000417959
-8.56508e-06
0.000417369
-1.00939e-05
0.00041628
-1.15194e-05
0.000414709
-1.28604e-05
0.000412671
-1.41455e-05
0.000410176
-1.54066e-05
0.000407229
-1.66688e-05
0.000403832
-1.79413e-05
0.000399981
-1.92157e-05
0.00039567
-2.04659e-05
0.000390892
-2.16503e-05
0.000385648
-2.27164e-05
0.000379944
-2.36079e-05
0.000373798
-2.42737e-05
0.000367241
-2.4679e-05
0.000360314
-2.48151e-05
0.000353067
-2.47055e-05
0.000345551
-2.44073e-05
0.000337812
-2.40072e-05
0.000329886
-2.36124e-05
0.00032179
-2.33379e-05
0.000313522
-2.32902e-05
0.000305056
-2.35505e-05
0.000296354
-2.41585e-05
0.000287364
-2.51004e-05
0.00027804
-2.63036e-05
0.000268348
-2.76394e-05
0.000258281
-2.89359e-05
0.000247868
-2.99984e-05
0.000237178
-3.06345e-05
0.000226322
-3.06798e-05
0.000215451
-3.00178e-05
0.000204743
-2.85934e-05
0.000194392
-2.64157e-05
0.000184594
-2.35558e-05
0.000175529
-2.01352e-05
0.000167346
-1.63154e-05
0.000160151
-1.228e-05
0.000153998
-8.22228e-06
0.00014889
-4.32545e-06
0.000144786
-7.60711e-07
0.000141601
2.37196e-06
0.000139249
4.91349e-06
0.000137585
7.16284e-06
0.000136644
8.51389e-06
0.000136242
1.14786e-05
1.52819e-05
0.000157032
-1.939e-05
0.000167042
-2.22903e-05
0.000175621
-7.06876e-06
0.00018441
-3.53002e-07
0.000192823
4.22802e-06
0.000201131
8.33699e-06
0.000209587
1.12484e-05
0.000218181
1.33595e-05
0.000226885
1.51264e-05
0.000235703
1.66246e-05
0.000244631
1.78275e-05
0.000253652
1.87499e-05
0.000262738
1.9416e-05
0.000271852
1.98235e-05
0.000280947
1.99574e-05
0.000289969
1.98163e-05
0.000298485
1.86089e-05
0.000306384
1.70696e-05
0.000313673
1.54575e-05
0.000320354
1.37649e-05
0.000326431
1.20156e-05
0.00033191
1.02552e-05
0.0003368
8.52344e-06
0.000341112
6.83938e-06
0.000344859
5.20397e-06
0.000348051
3.61142e-06
0.000350696
2.05937e-06
0.0003528
5.41882e-07
0.000354374
-9.61038e-07
0.000355414
-2.42071e-06
0.000355923
-3.82362e-06
0.00035591
-5.15515e-06
0.000355386
-6.39926e-06
0.000354367
-7.54606e-06
0.00035287
-8.59686e-06
0.000350914
-9.563e-06
0.000348517
-1.04635e-05
0.000345696
-1.13242e-05
0.000342462
-1.21729e-05
0.000338823
-1.30298e-05
0.000334783
-1.39006e-05
0.000330342
-1.47753e-05
0.000325504
-1.56283e-05
0.000320277
-1.64226e-05
0.000314673
-1.71129e-05
0.000308718
-1.7653e-05
0.000302447
-1.80028e-05
0.000295907
-1.8138e-05
0.000289148
-1.80571e-05
0.000282229
-1.77856e-05
0.000275198
-1.73765e-05
0.000268097
-1.69059e-05
0.000260949
-1.64645e-05
0.000253758
-1.6147e-05
0.000246506
-1.60386e-05
0.000239157
-1.62013e-05
0.00023166
-1.66615e-05
0.00022396
-1.74009e-05
0.00021601
-1.83532e-05
0.000207778
-1.94074e-05
0.000199262
-2.04197e-05
0.000190494
-2.12309e-05
0.000181547
-2.16877e-05
0.000172532
-2.16639e-05
0.00016359
-2.10759e-05
0.000154888
-1.98916e-05
0.000146603
-1.8131e-05
0.000138908
-1.58606e-05
0.000131956
-1.31827e-05
0.000125865
-1.02249e-05
0.000120713
-7.12793e-06
0.000116528
-4.03748e-06
0.000113292
-1.08943e-06
0.00011095
1.582e-06
0.000109406
3.91536e-06
0.00010857
5.74923e-06
0.000108309
7.42457e-06
0.000108621
8.20163e-06
0.000109491
1.06089e-05
1.40096e-05
0.000139698
-3.26074e-05
0.000148437
-3.10296e-05
0.000155932
-1.45641e-05
0.000163128
-7.54842e-06
0.000169633
-2.27686e-06
0.000175931
2.03881e-06
0.000182297
4.88178e-06
0.000188756
6.90106e-06
0.000195324
8.55826e-06
0.000202027
9.922e-06
0.000208867
1.09875e-05
0.000215826
1.17903e-05
0.000222875
1.23673e-05
0.000229971
1.27274e-05
0.000237062
1.28662e-05
0.000244089
1.27896e-05
0.000250699
1.19984e-05
0.000256795
1.09736e-05
0.000262372
9.88126e-06
0.000267421
8.71561e-06
0.000271938
7.4984e-06
0.000275923
6.2699e-06
0.000279382
5.06454e-06
0.000282324
3.89797e-06
0.000284758
2.77002e-06
0.000286694
1.67531e-06
0.000288138
6.14817e-07
0.000289101
-4.20359e-07
0.000289582
-1.4429e-06
0.00028959
-2.42872e-06
0.000289137
-3.37011e-06
0.000288236
-4.25374e-06
0.000286904
-5.06752e-06
0.000285162
-5.80467e-06
0.000283033
-6.46772e-06
0.000280538
-7.06776e-06
0.000277697
-7.62197e-06
0.000274525
-8.15235e-06
0.000271033
-8.68157e-06
0.000267229
-9.22551e-06
0.000263116
-9.78758e-06
0.000258698
-1.03577e-05
0.000253984
-1.0914e-05
0.000248987
-1.14253e-05
0.000243729
-1.18554e-05
0.000238244
-1.2168e-05
0.000232575
-1.2333e-05
0.00022677
-1.23336e-05
0.000220885
-1.21715e-05
0.000214969
-1.187e-05
0.000209066
-1.14735e-05
0.000203204
-1.10437e-05
0.000197392
-1.06529e-05
0.00019162
-1.03749e-05
0.000185856
-1.02749e-05
0.000180053
-1.03983e-05
0.000174153
-1.07614e-05
0.000168097
-1.13449e-05
0.000161836
-1.20914e-05
0.000155338
-1.29096e-05
0.000148602
-1.36842e-05
0.000141662
-1.42905e-05
0.000134587
-1.46128e-05
0.000127483
-1.45598e-05
0.000120484
-1.40771e-05
0.000113744
-1.31516e-05
0.000107422
-1.18089e-05
0.000101668
-1.01067e-05
9.66101e-05
-8.12472e-06
9.23421e-05
-5.95696e-06
8.89176e-05
-3.70337e-06
8.63473e-05
-1.46721e-06
8.46026e-05
6.55244e-07
8.36207e-05
2.56398e-06
8.33108e-05
4.22524e-06
8.35781e-05
5.48193e-06
8.43145e-05
6.68816e-06
8.54692e-05
7.04695e-06
8.71902e-05
8.88785e-06
1.19567e-05
0.000124195
-4.51638e-05
0.000131114
-3.79485e-05
0.000136333
-1.97836e-05
0.000140506
-1.17215e-05
0.000143878
-5.64888e-06
0.000147205
-1.28789e-06
0.000150767
1.32011e-06
0.000154594
3.07397e-06
0.000158698
4.45422e-06
0.000163075
5.54457e-06
0.000167695
6.36733e-06
0.000172513
6.97303e-06
0.000177475
7.40446e-06
0.000182527
7.6754e-06
0.000187606
7.78735e-06
0.000192647
7.7491e-06
0.000197378
7.26663e-06
0.000201718
6.63446e-06
0.000205649
5.94987e-06
0.000209157
5.20748e-06
0.000212231
4.42477e-06
0.000214867
3.63417e-06
0.000217068
2.86262e-06
0.000218845
2.12144e-06
0.000220206
1.409e-06
0.000221162
7.19693e-07
0.00022172
5.66342e-08
0.000221891
-5.91374e-07
0.00022168
-1.23199e-06
0.000221099
-1.84821e-06
0.000220162
-2.4329e-06
0.000218884
-2.97598e-06
0.000217286
-3.4687e-06
0.000215387
-3.90651e-06
0.000213212
-4.29214e-06
0.000210779
-4.63502e-06
0.000208106
-4.94903e-06
0.000205205
-5.2514e-06
0.000202083
-5.55953e-06
0.000198743
-5.8852e-06
0.000195186
-6.23036e-06
0.000191414
-6.58654e-06
0.000187437
-6.9364e-06
0.000183268
-7.25615e-06
0.000178931
-7.51853e-06
0.00017446
-7.69679e-06
0.000169896
-7.76931e-06
0.000165287
-7.72457e-06
0.00016068
-7.56495e-06
0.000156119
-7.30894e-06
0.000151636
-6.99041e-06
0.000147248
-6.65575e-06
0.000142954
-6.35863e-06
0.000138732
-6.15323e-06
0.000134544
-6.08641e-06
0.000130335
-6.1896e-06
0.000126045
-6.47183e-06
0.000121615
-6.91486e-06
0.000116996
-7.47241e-06
0.00011216
-8.07357e-06
0.000107108
-8.63146e-06
0.000101873
-9.05534e-06
9.65241e-05
-9.26431e-06
9.11633e-05
-9.19908e-06
8.59156e-05
-8.82937e-06
8.09189e-05
-8.15495e-06
7.63116e-05
-7.2015e-06
7.22187e-05
-6.01381e-06
6.87416e-05
-4.64767e-06
6.59504e-05
-3.16572e-06
6.38799e-05
-1.63286e-06
6.25304e-05
-1.17737e-07
6.18681e-05
1.31752e-06
6.18323e-05
2.59979e-06
6.23428e-05
3.71477e-06
6.33038e-05
4.52088e-06
6.46443e-05
5.34764e-06
6.62493e-05
5.44198e-06
6.84128e-05
6.72431e-06
9.48527e-06
0.000109445
-5.6071e-05
0.000112552
-4.10551e-05
0.000113317
-2.05493e-05
0.00011302
-1.14238e-05
0.000112712
-5.3412e-06
0.000113147
-1.7232e-06
0.000114324
1.43581e-07
0.000116074
1.32359e-06
0.000118289
2.23975e-06
0.000120883
2.95035e-06
0.000123777
3.47366e-06
0.000126897
3.85256e-06
0.00013018
4.1212e-06
0.000133566
4.2901e-06
0.000136992
4.36079e-06
0.0001404
4.34099e-06
0.000143596
4.07085e-06
0.000146515
3.71543e-06
0.00014914
3.32533e-06
0.000151452
2.89531e-06
0.000153439
2.43791e-06
0.000155096
1.97668e-06
0.000156428
1.53045e-06
0.000157444
1.10603e-06
0.000158152
7.00789e-07
0.000158562
3.09721e-07
0.000158685
-6.64642e-08
0.000158527
-4.33729e-07
0.000158096
-8.00825e-07
0.000157401
-1.15299e-06
0.000156454
-1.48535e-06
0.000155269
-1.79102e-06
0.000153864
-2.06401e-06
0.000152259
-2.30134e-06
0.000150472
-2.50524e-06
0.000148519
-2.68268e-06
0.000146414
-2.84363e-06
0.000144163
-3.0003e-06
0.000141768
-3.16492e-06
0.000139229
-3.34567e-06
0.000136542
-3.54371e-06
0.000133708
-3.75287e-06
0.000130733
-3.96098e-06
0.000127629
-4.1516e-06
0.000124416
-4.30612e-06
0.000121126
-4.40642e-06
0.000117794
-4.43795e-06
0.000114463
-4.39303e-06
0.000111171
-4.27347e-06
0.000107954
-4.09198e-06
0.000104836
-3.87174e-06
0.000101824
-3.64436e-06
9.89119e-05
-3.44624e-06
9.60726e-05
-3.31384e-06
9.32644e-05
-3.2782e-06
9.0434e-05
-3.35926e-06
8.75232e-05
-3.56099e-06
8.44767e-05
-3.86838e-06
8.12516e-05
-4.2473e-06
7.78257e-05
-4.64765e-06
7.42044e-05
-5.0102e-06
7.04246e-05
-5.27557e-06
6.6554e-05
-5.39366e-06
6.26859e-05
-5.33102e-06
5.89309e-05
-5.07434e-06
5.54053e-05
-4.62935e-06
5.22203e-05
-4.01649e-06
4.94721e-05
-3.26563e-06
4.72353e-05
-2.4109e-06
4.55587e-05
-1.48905e-06
4.4464e-05
-5.38195e-07
4.39455e-05
4.00752e-07
4.39726e-05
1.29043e-06
4.44914e-05
2.08102e-06
4.54373e-05
2.76886e-06
4.67157e-05
3.24244e-06
4.82989e-05
3.76447e-06
5.00052e-05
3.73562e-06
5.22348e-05
4.4947e-06
6.90071e-06
9.33263e-05
-6.24224e-05
8.97537e-05
-3.74825e-05
8.50009e-05
-1.57965e-05
8.10062e-05
-7.42905e-06
7.86448e-05
-2.97983e-06
7.78321e-05
-9.10515e-07
7.79917e-05
-1.59713e-08
7.87471e-05
5.6811e-07
7.99317e-05
1.05517e-06
8.1448e-05
1.43408e-06
8.32157e-05
1.70599e-06
8.51684e-05
1.89979e-06
8.72523e-05
2.03735e-06
8.94186e-05
2.12376e-06
9.16202e-05
2.15916e-06
9.38125e-05
2.14877e-06
9.58673e-05
2.01605e-06
9.77411e-05
1.84162e-06
9.9419e-05
1.64738e-06
0.000100885
1.42935e-06
0.000102127
1.19563e-06
0.000103143
9.61232e-07
0.000103936
7.37441e-07
0.000104515
5.27263e-07
0.000104887
3.2793e-07
0.000105062
1.35175e-07
0.000105046
-5.05656e-08
0.000104845
-2.32578e-07
0.000104461
-4.17455e-07
0.000103903
-5.94455e-07
0.000103178
-7.60693e-07
0.000102299
-9.12106e-07
0.00010128
-1.04505e-06
0.000100137
-1.15768e-06
9.88829e-05
-1.25138e-06
9.75307e-05
-1.33051e-06
9.60883e-05
-1.40117e-06
9.45588e-05
-1.47087e-06
9.29411e-05
-1.54721e-06
9.12308e-05
-1.63533e-06
8.9423e-05
-1.73597e-06
8.75156e-05
-1.84546e-06
8.55112e-05
-1.95657e-06
8.34192e-05
-2.05956e-06
8.12564e-05
-2.14338e-06
7.90472e-05
-2.19722e-06
7.68216e-05
-2.21228e-06
7.46123e-05
-2.18375e-06
7.24513e-05
-2.11245e-06
7.03649e-05
-2.00565e-06
6.83701e-05
-1.87695e-06
6.64708e-05
-1.74499e-06
6.46559e-05
-1.63133e-06
6.28995e-05
-1.55749e-06
6.11628e-05
-1.5415e-06
5.9398e-05
-1.59447e-06
5.75546e-05
-1.71757e-06
5.55867e-05
-1.90043e-06
5.34608e-05
-2.12143e-06
5.11633e-05
-2.35015e-06
4.87051e-05
-2.55197e-06
4.61232e-05
-2.69374e-06
4.34788e-05
-2.74923e-06
4.08506e-05
-2.70279e-06
3.83267e-05
-2.55042e-06
3.59954e-05
-2.2981e-06
3.39375e-05
-1.95862e-06
3.22203e-05
-1.54843e-06
3.08944e-05
-1.08498e-06
2.9992e-05
-5.86577e-07
2.95265e-05
-7.27403e-08
2.94913e-05
4.35936e-07
2.98634e-05
9.18383e-07
3.05986e-05
1.34574e-06
3.16502e-05
1.71727e-06
3.29295e-05
1.96321e-06
3.4448e-05
2.24597e-06
3.59778e-05
2.20574e-06
3.79542e-05
2.51836e-06
4.45096e-06
7.34701e-05
-5.91238e-05
6.21411e-05
-2.61535e-05
5.42484e-05
-7.90381e-06
4.97643e-05
-2.94496e-06
4.77688e-05
-9.84296e-07
4.71466e-05
-2.88397e-07
4.71451e-05
-1.44486e-08
4.75037e-05
2.09544e-07
4.81459e-05
4.12919e-07
4.90132e-05
5.66834e-07
5.00462e-05
6.72928e-07
5.11981e-05
7.47886e-07
5.24337e-05
8.01761e-07
5.3722e-05
8.35534e-07
5.50325e-05
8.48667e-07
5.63372e-05
8.43994e-07
5.75606e-05
7.92688e-07
5.86769e-05
7.25355e-07
5.96753e-05
6.48908e-07
6.05434e-05
5.6127e-07
6.12722e-05
4.66855e-07
6.18602e-05
3.73215e-07
6.23122e-05
2.8548e-07
6.26351e-05
2.04298e-07
6.28355e-05
1.27522e-07
6.29176e-05
5.3074e-08
6.28861e-05
-1.90587e-08
6.27442e-05
-9.06233e-08
6.24912e-05
-1.64519e-07
6.2132e-05
-2.35229e-07
6.16726e-05
-3.01295e-07
6.11215e-05
-3.6096e-07
6.04888e-05
-4.12385e-07
5.97857e-05
-4.54562e-07
5.90224e-05
-4.88111e-07
5.8207e-05
-5.15056e-07
5.73441e-05
-5.383e-07
5.64347e-05
-5.61474e-07
5.54759e-05
-5.88391e-07
5.44622e-05
-6.21695e-07
5.33882e-05
-6.61917e-07
5.22502e-05
-7.07474e-07
5.10488e-05
-7.55122e-07
4.97896e-05
-8.00393e-07
4.84843e-05
-8.38124e-07
4.71503e-05
-8.63132e-07
4.58091e-05
-8.71087e-07
4.44847e-05
-8.59419e-07
4.32004e-05
-8.28163e-07
4.19752e-05
-7.80408e-07
4.08205e-05
-7.22279e-07
3.97379e-05
-6.62385e-07
3.87174e-05
-6.10783e-07
3.77374e-05
-5.77531e-07
3.67669e-05
-5.71006e-07
3.57686e-05
-5.96164e-07
3.47042e-05
-6.53157e-07
3.35404e-05
-7.36623e-07
3.2255e-05
-8.36037e-07
3.0842e-05
-9.37129e-07
2.93143e-05
-1.02425e-06
2.77036e-05
-1.08309e-06
2.60574e-05
-1.10306e-06
2.44333e-05
-1.07863e-06
2.28922e-05
-1.00936e-06
2.14929e-05
-8.9878e-07
2.0287e-05
-7.52753e-07
1.93167e-05
-5.78103e-07
1.86134e-05
-3.81628e-07
1.81971e-05
-1.70343e-07
1.80763e-05
4.81233e-08
1.8247e-05
2.65236e-07
1.86937e-05
4.71625e-07
1.93849e-05
6.54549e-07
2.029e-05
8.12201e-07
2.13363e-05
9.16848e-07
2.25548e-05
1.02756e-06
2.37287e-05
1.03183e-06
2.52091e-05
1.03792e-06
2.3388e-06
4.88073e-05
-4.01708e-05
3.32744e-05
-1.06206e-05
2.70724e-05
-1.70182e-06
2.4649e-05
-5.21578e-07
2.38096e-05
-1.44903e-07
2.35698e-05
-4.8553e-08
2.35613e-05
-5.97936e-09
2.37248e-05
4.6088e-08
2.40433e-05
9.44207e-08
2.44815e-05
1.2856e-07
2.50035e-05
1.50935e-07
2.55846e-05
1.66863e-07
2.62077e-05
1.7862e-07
2.68573e-05
1.85925e-07
2.75175e-05
1.885e-07
2.81742e-05
1.87261e-07
2.87907e-05
1.76203e-07
2.93544e-05
1.61656e-07
2.98587e-05
1.44625e-07
3.02954e-05
1.2457e-07
3.06593e-05
1.02962e-07
3.09505e-05
8.19429e-08
3.11732e-05
6.27807e-08
3.13322e-05
4.53603e-08
3.14308e-05
2.89243e-08
3.14711e-05
1.27983e-08
3.14549e-05
-2.94002e-09
3.13831e-05
-1.87645e-08
3.12543e-05
-3.57015e-08
3.10708e-05
-5.17858e-08
3.08363e-05
-6.6764e-08
3.05555e-05
-8.02239e-08
3.02347e-05
-9.15773e-08
2.98806e-05
-1.00446e-07
2.94995e-05
-1.0699e-07
2.90961e-05
-1.1169e-07
2.86732e-05
-1.15315e-07
2.82306e-05
-1.18898e-07
2.77658e-05
-1.23574e-07
2.72743e-05
-1.30186e-07
2.67513e-05
-1.38995e-07
2.61935e-05
-1.49689e-07
2.55999e-05
-1.61486e-07
2.49728e-05
-1.73235e-07
2.43182e-05
-1.83538e-07
2.3646e-05
-1.90933e-07
2.2969e-05
-1.94122e-07
2.23018e-05
-1.92243e-07
2.16588e-05
-1.85108e-07
2.10517e-05
-1.73378e-07
2.0488e-05
-1.58573e-07
1.99686e-05
-1.42946e-07
1.9487e-05
-1.29201e-07
1.90296e-05
-1.20078e-07
1.85764e-05
-1.17875e-07
1.81042e-05
-1.23939e-07
1.75893e-05
-1.38273e-07
1.70121e-05
-1.59372e-07
1.63604e-05
-1.84379e-07
1.56328e-05
-2.09512e-07
1.48393e-05
-2.30773e-07
1.40009e-05
-2.44664e-07
1.31466e-05
-2.48778e-07
1.231e-05
-2.42047e-07
1.15253e-05
-2.24653e-07
1.08242e-05
-1.97631e-07
1.02339e-05
-1.62444e-07
9.7764e-06
-1.20637e-07
9.46842e-06
-7.36503e-08
9.32098e-06
-2.29038e-08
9.33926e-06
2.98388e-08
9.52186e-06
8.26325e-08
9.86049e-06
1.32997e-07
1.03371e-05
1.77967e-07
1.09336e-05
2.15691e-07
1.16074e-05
2.43069e-07
1.23729e-05
2.61989e-07
1.31197e-05
2.8505e-07
1.39462e-05
2.11469e-07
7.36971e-07
1.9638e-05
9.01736e-06
7.31554e-06
6.79396e-06
6.64906e-06
6.60051e-06
6.59453e-06
6.64061e-06
6.73504e-06
6.8636e-06
7.01453e-06
7.18139e-06
7.36001e-06
7.54594e-06
7.73444e-06
7.9217e-06
8.0979e-06
8.25956e-06
8.40418e-06
8.52875e-06
8.63172e-06
8.71366e-06
8.77644e-06
8.8218e-06
8.85072e-06
8.86352e-06
8.86058e-06
8.84182e-06
8.80612e-06
8.75433e-06
8.68757e-06
8.60734e-06
8.51576e-06
8.41532e-06
8.30833e-06
8.19664e-06
8.08132e-06
7.96243e-06
7.83885e-06
7.70866e-06
7.56967e-06
7.41998e-06
7.2585e-06
7.08526e-06
6.90172e-06
6.71079e-06
6.51667e-06
6.32443e-06
6.13932e-06
5.96594e-06
5.80737e-06
5.66442e-06
5.53522e-06
5.41514e-06
5.29727e-06
5.17333e-06
5.03506e-06
4.87568e-06
4.69131e-06
4.48179e-06
4.25102e-06
4.00636e-06
3.75758e-06
3.51553e-06
3.29088e-06
3.09325e-06
2.9308e-06
2.81017e-06
2.73652e-06
2.71361e-06
2.74345e-06
2.82608e-06
2.95908e-06
3.13705e-06
3.35274e-06
3.59581e-06
3.8578e-06
4.14285e-06
4.35432e-06
)
;

boundaryField
{
    inlet
    {
        type            calculated;
        value           nonuniform List<scalar> 
25
(
-0.00119618
-0.00105581
-0.000931914
-0.000822558
-0.000726034
-0.000640837
-0.000565637
-0.000499262
-0.000440675
-0.000388964
-0.00034332
-0.000303033
-0.000267473
-0.000236086
-0.000208382
-0.00018393
-0.000162346
-0.000143295
-0.00012648
-0.000111638
-9.8538e-05
-8.69749e-05
-7.67687e-05
-6.77602e-05
-5.98088e-05
)
;
    }
    outlet
    {
        type            calculated;
        value           nonuniform List<scalar> 
25
(
0.000913878
0.00100222
0.000998165
0.000929206
0.000831573
0.000732362
0.000644409
0.0005692
0.000503552
0.000444131
0.000388802
0.000336662
0.00028774
0.000242634
0.000202105
0.000166654
0.000136332
0.000110763
8.92431e-05
7.08843e-05
5.48194e-05
4.04039e-05
2.73213e-05
1.5548e-05
5.09129e-06
)
;
    }
    fixedWalls
    {
        type            calculated;
        value           uniform 0;
    }
    frontAndBack
    {
        type            empty;
        value           nonuniform 0();
    }
}


// ************************************************************************* //
