/*--------------------------------*- C++ -*----------------------------------*\
| =========                 |                                                 |
| \\      /  F ield         | OpenFOAM: The Open Source CFD Toolbox           |
|  \\    /   O peration     | Version:  v1912                                 |
|   \\  /    A nd           | Website:  www.openfoam.com                      |
|    \\/     M anipulation  |                                                 |
\*---------------------------------------------------------------------------*/
FoamFile
{
    version     2.0;
    format      ascii;
    class       surfaceScalarField;
    location    "850";
    object      phi;
}
// * * * * * * * * * * * * * * * * * * * * * * * * * * * * * * * * * * * * * //

dimensions      [0 3 -1 0 0 0 0];
oriented        oriented;


internalField   nonuniform List<scalar> 
3895
(
0.000814746
0.00038143
0.000499361
0.000315385
0.000251565
0.000247796
6.4863e-05
0.000186702
-6.21962e-05
0.000127059
-0.000127327
6.51304e-05
-0.000137639
1.0312e-05
-0.000113632
-2.40064e-05
-9.03514e-05
-2.32809e-05
-8.49474e-05
-5.40396e-06
-6.61298e-05
-1.88176e-05
-4.47459e-05
-2.13839e-05
-4.04648e-05
-4.28105e-06
-4.86702e-05
8.20544e-06
-4.57114e-05
-2.95889e-06
-3.20518e-05
-1.36595e-05
-2.51401e-05
-6.91171e-06
-2.59226e-05
7.82464e-07
-2.89437e-05
3.0211e-06
-3.04865e-05
1.54277e-06
-2.91839e-05
-1.30259e-06
-2.48967e-05
-4.28716e-06
-1.85751e-05
-6.32162e-06
-1.19705e-05
-6.60463e-06
-6.19684e-06
-5.77362e-06
-1.89651e-06
-4.30033e-06
8.43124e-07
-2.73963e-06
2.44738e-06
-1.60426e-06
3.49672e-06
-1.04933e-06
4.39938e-06
-9.02657e-07
5.28733e-06
-8.87953e-07
6.1372e-06
-8.49875e-07
6.93055e-06
-7.93347e-07
7.63017e-06
-6.99619e-07
8.16358e-06
-5.33412e-07
8.46112e-06
-2.97536e-07
8.46968e-06
-8.5602e-09
8.08659e-06
3.83085e-07
7.32143e-06
7.65165e-07
6.12965e-06
1.19178e-06
4.42964e-06
1.70001e-06
2.11303e-06
2.31661e-06
-9.40762e-07
3.05379e-06
-4.85002e-06
3.90926e-06
-9.72147e-06
4.87145e-06
-1.56926e-05
5.97108e-06
-2.30788e-05
7.38624e-06
-3.257e-05
9.49121e-06
-4.54807e-05
1.29107e-05
-6.39568e-05
1.8476e-05
-9.09027e-05
2.69459e-05
-0.000129367
3.84648e-05
-0.000181708
5.23406e-05
-0.000248881
6.71728e-05
-0.000329547
8.06665e-05
-0.00041926
8.9713e-05
-0.000510688
9.14276e-05
-0.000594936
8.42484e-05
-0.000663126
6.81893e-05
-0.000706502
4.33764e-05
-0.000714089
7.58695e-06
-0.000696385
-1.77044e-05
-0.000657712
-3.86721e-05
-0.000601632
-5.60804e-05
-0.00053203
-6.96023e-05
-0.000451944
-8.00862e-05
-0.00036336
-8.85838e-05
-0.000267829
-9.55303e-05
-0.000166972
-0.000100857
-6.24984e-05
-0.000104474
4.36061e-05
-0.000106105
0.00014936
-0.000105754
0.000253171
-0.000103811
0.000353679
-0.000100508
0.000449995
-9.63165e-05
0.000542045
-9.20502e-05
0.000630082
-8.8037e-05
0.00071724
-8.71581e-05
0.00080387
-8.66297e-05
-0.000107378
0.00108795
0.000349294
0.00104738
0.000355946
0.000933278
0.000361903
0.000775747
0.000344233
0.000598431
0.000304375
0.000410383
0.000253178
0.000221248
0.000199447
5.3877e-05
0.000143365
-6.04247e-05
9.10208e-05
-0.000110188
4.43597e-05
-0.000131882
2.87624e-06
-0.000123968
-2.92985e-05
-0.000105671
-2.25782e-05
-0.000107783
1.03177e-05
-0.000103374
-7.36724e-06
-9.07482e-05
-2.62858e-05
-7.67547e-05
-2.09052e-05
-7.88655e-05
2.89319e-06
-8.71315e-05
1.12871e-05
-9.2631e-05
7.04231e-06
-9.45852e-05
6.51595e-07
-9.09567e-05
-7.91567e-06
-8.48009e-05
-1.24774e-05
-7.80607e-05
-1.33447e-05
-7.14963e-05
-1.23381e-05
-6.58385e-05
-9.95812e-06
-6.17062e-05
-6.87185e-06
-5.95587e-05
-3.75181e-06
-5.9271e-05
-1.33706e-06
-6.03473e-05
1.73634e-07
-6.25792e-05
1.34401e-06
-6.52858e-05
1.8567e-06
-6.81566e-05
2.07747e-06
-7.1109e-05
2.25275e-06
-7.42734e-05
2.63097e-06
-7.78031e-05
3.2322e-06
-8.1825e-05
4.01337e-06
-8.6378e-05
4.93609e-06
-9.15826e-05
5.96974e-06
-9.74881e-05
7.09728e-06
-0.000104104
8.31636e-06
-0.000111423
9.63563e-06
-0.000119425
1.10553e-05
-0.000128062
1.25463e-05
-0.000137241
1.40505e-05
-0.000146821
1.5551e-05
-0.000156686
1.72517e-05
-0.000166836
1.96406e-05
-0.000177395
2.34694e-05
-0.000188511
2.95921e-05
-0.000200416
3.88516e-05
-0.000213458
5.15066e-05
-0.000227691
6.65734e-05
-0.000242292
8.17739e-05
-0.000255102
9.34768e-05
-0.000262261
9.68718e-05
-0.000258948
8.81147e-05
-0.000241007
6.63073e-05
-0.000207153
3.43355e-05
-0.000166318
2.54098e-06
-0.000119841
-3.88897e-05
-6.79738e-05
-6.9572e-05
-1.35073e-05
-9.31386e-05
4.26313e-05
-0.000112219
0.000102052
-0.000129023
0.000165982
-0.000144016
0.000234319
-0.000156921
0.000306019
-0.00016723
0.000379538
-0.000174377
0.000453085
-0.000178021
0.000525117
-0.000178136
0.000594385
-0.000175022
0.00065982
-0.000169246
0.000720846
-0.000161534
0.000777303
-0.000152773
0.000829299
-0.000144046
0.000877701
-0.000136439
0.000922543
-0.000132
0.000966542
-0.00013063
-0.000141933
0.000975282
0.000305926
0.00102604
0.000305187
0.00106097
0.000326974
0.00105862
0.000346584
0.00101217
0.00035082
0.000925048
0.000340304
0.000805752
0.000318743
0.000661765
0.000287352
0.000504928
0.000247857
0.000345844
0.000203445
0.000190168
0.000158552
4.7057e-05
0.000113812
-4.98375e-05
7.43163e-05
-8.59847e-05
4.64649e-05
-0.00010587
1.25178e-05
-0.000113875
-1.82809e-05
-0.000101872
-3.29079e-05
-9.15518e-05
-7.42687e-06
-9.90033e-05
1.87386e-05
-0.000108459
1.64985e-05
-0.000114963
7.15499e-06
-0.0001196
-3.27896e-06
-0.000121677
-1.03999e-05
-0.000120582
-1.444e-05
-0.000118959
-1.39605e-05
-0.000118698
-1.02198e-05
-0.000120398
-5.17205e-06
-0.000124227
7.81181e-08
-0.00012832
2.75549e-06
-0.000132841
4.69421e-06
-0.000137384
5.88765e-06
-0.00014198
6.45279e-06
-0.000146504
6.60101e-06
-0.000150862
6.61063e-06
-0.000155114
6.8833e-06
-0.000159425
7.54301e-06
-0.000163904
8.49248e-06
-0.000168543
9.57516e-06
-0.000173274
1.07006e-05
-0.000178017
1.18406e-05
-0.000182683
1.29825e-05
-0.000187172
1.41238e-05
-0.000191361
1.52452e-05
-0.00019505
1.62347e-05
-0.000197865
1.68661e-05
-0.000199131
1.68167e-05
-0.000197792
1.59124e-05
-0.000192862
1.47111e-05
-0.000183364
1.3971e-05
-0.000168229
1.44573e-05
-0.000146084
1.67067e-05
-0.000116222
2.16449e-05
-7.78176e-05
2.81686e-05
-3.02816e-05
3.42379e-05
2.60579e-05
3.71374e-05
8.86137e-05
3.4316e-05
0.000152872
2.38567e-05
0.000212633
6.54566e-06
0.000267196
-2.02271e-05
0.00031909
-4.93528e-05
0.000361414
-8.12144e-05
0.000402461
-0.000110619
0.000445744
-0.000136421
0.000492824
-0.0001593
0.000543205
-0.000179404
0.000595502
-0.000196313
0.000647996
-0.000209414
0.000698969
-0.000218203
0.000747006
-0.000222414
0.000791078
-0.000222092
0.000830556
-0.000217615
0.000865176
-0.000209642
0.000894971
-0.000199041
0.000920243
-0.000186806
0.00094147
-0.000174
0.000959158
-0.000161734
0.000973909
-0.00015119
0.0009856
-0.00014369
0.000995295
-0.000140324
-0.000144769
0.000857109
0.000271374
0.000897355
0.000264941
0.000950164
0.000274165
0.00100471
0.000292042
0.00104637
0.000309153
0.00106531
0.000321372
0.00105664
0.000327411
0.00101794
0.000326054
0.000949552
0.000316241
0.00085508
0.000297917
0.000740895
0.000272737
0.000611932
0.000242776
0.000476494
0.000209754
0.000348327
0.000174632
0.000223535
0.00013731
0.000102247
0.000103007
-1.42422e-07
6.94814e-05
-5.1633e-05
4.40637e-05
-6.2884e-05
2.99897e-05
-6.47488e-05
1.83633e-05
-6.70991e-05
9.50525e-06
-7.30032e-05
2.62511e-06
-8.04625e-05
-2.94056e-06
-8.89821e-05
-5.92047e-06
-9.63251e-05
-6.61755e-06
-0.00010182
-4.72479e-06
-0.000106776
-2.15784e-07
-0.000112148
5.44973e-06
-0.000117747
8.35505e-06
-0.000122909
9.85575e-06
-0.0001273
1.02784e-05
-0.000130846
9.99868e-06
-0.000133607
9.36263e-06
-0.000135416
8.41891e-06
-0.000136591
8.05827e-06
-0.000137227
8.17899e-06
-0.00013741
8.67566e-06
-0.000136854
9.01913e-06
-0.000135394
9.24046e-06
-0.000132914
9.36076e-06
-0.00012928
9.34856e-06
-0.000124331
9.17538e-06
-0.000117929
8.8429e-06
-0.000109875
8.18046e-06
-9.99075e-05
6.89881e-06
-8.77937e-05
4.70283e-06
-7.2495e-05
6.13763e-07
-5.43369e-05
-3.44701e-06
-3.20659e-05
-8.30006e-06
-4.19867e-06
-1.34099e-05
3.05273e-05
-1.80193e-05
7.40949e-05
-2.19227e-05
0.000127281
-2.50177e-05
0.000189437
-2.7918e-05
0.00025847
-3.18952e-05
0.000331369
-3.85837e-05
0.000404752
-4.95256e-05
0.000476966
-6.56691e-05
0.000543805
-8.7066e-05
0.000605955
-0.000111502
0.000661966
-0.000137225
0.000713535
-0.000162188
0.000761968
-0.000184854
0.000807161
-0.000204493
0.00084834
-0.000220583
0.000884622
-0.000232596
0.000915309
-0.000240101
0.000940015
-0.000242909
0.000958726
-0.000241125
0.000971773
-0.000235139
0.00097975
-0.000225592
0.000983412
-0.000213304
0.000983576
-0.000199205
0.000981034
-0.000184264
0.000976476
-0.000169442
0.000970412
-0.00015567
0.000963135
-0.000143914
0.000954478
-0.000135032
0.000944297
-0.000130143
-0.000130232
0.000759397
0.000238011
0.000790536
0.000233802
0.000828351
0.000236349
0.000874985
0.000245408
0.000927002
0.000257137
0.000978871
0.000269503
0.00102441
0.000281869
0.00105755
0.000292918
0.00107319
0.000300602
0.00106786
0.000303245
0.00104042
0.000300179
0.000991565
0.00029163
0.000923239
0.00027808
0.00083886
0.000259011
0.000741525
0.000234645
0.000636635
0.000207896
0.000532151
0.000173965
0.000433902
0.000142313
0.000348946
0.000114945
0.000276031
9.12789e-05
0.000213745
7.17907e-05
0.000160424
5.59462e-05
0.000114124
4.33599e-05
7.45187e-05
3.36845e-05
4.16993e-05
2.62019e-05
1.65775e-05
2.0397e-05
3.29086e-07
1.60326e-05
-7.28832e-06
1.30671e-05
-9.52766e-06
1.05944e-05
-8.31843e-06
8.64652e-06
-5.02488e-06
6.98489e-06
-4.87371e-07
5.46117e-06
4.88161e-06
3.99365e-06
1.07579e-05
2.54266e-06
1.71448e-05
1.67131e-06
2.47386e-05
5.85179e-07
3.3984e-05
-5.69668e-07
4.48535e-05
-1.85041e-06
5.76382e-05
-3.54422e-06
7.26029e-05
-5.60397e-06
9.00272e-05
-8.07576e-06
0.000110206
-1.10035e-05
0.000133477
-1.44277e-05
0.000160078
-1.84205e-05
0.00019007
-2.30932e-05
0.000223342
-2.85695e-05
0.000258837
-3.48808e-05
0.000297069
-4.16793e-05
0.000337599
-4.88299e-05
0.00038025
-5.60615e-05
0.000425235
-6.30035e-05
0.000472753
-6.94413e-05
0.000523185
-7.545e-05
0.000576707
-8.14396e-05
0.000632991
-8.81788e-05
0.000691038
-9.66307e-05
0.000749184
-0.000107671
0.000805257
-0.000121742
0.000856843
-0.000138652
0.000902757
-0.000157417
0.000942219
-0.000176687
0.000975069
-0.000195039
0.00100139
-0.000211173
0.0010211
-0.000224205
0.00103412
-0.000233599
0.00104055
-0.000239026
0.00104079
-0.000240343
0.00103551
-0.000237634
0.00102561
-0.000231219
0.00101208
-0.000221617
0.000995987
-0.000209493
0.000978284
-0.000195602
0.000959809
-0.00018073
0.000941202
-0.000165656
0.000922888
-0.000151128
0.000905055
-0.000137838
0.000887635
-0.000126493
0.000870249
-0.000117647
0.000852257
-0.000112151
-0.000110142
0.000672433
0.000206414
0.000702275
0.000203961
0.000733372
0.000205252
0.000767839
0.00021094
0.000806614
0.000218362
0.000850036
0.000226081
0.000897301
0.000234604
0.000946031
0.000244187
0.000992641
0.000253992
0.00103305
0.000262834
0.00106349
0.000269743
0.00108117
0.000273948
0.00108444
0.000274805
0.00107207
0.000271382
0.0010437
0.000263018
0.00100103
0.000250564
0.000949034
0.000225965
0.000891658
0.000199688
0.000831903
0.000174701
0.000772159
0.000151023
0.000714626
0.000129324
0.000660588
0.000109984
0.000610849
9.30986e-05
0.000565999
7.85351e-05
0.000526239
6.59611e-05
0.000491553
5.50829e-05
0.000461917
4.56694e-05
0.000437548
3.74359e-05
0.000418107
3.00351e-05
0.000403369
2.33852e-05
0.000393005
1.73488e-05
0.00038666
1.18057e-05
0.000384054
6.59922e-06
0.000385397
1.20059e-06
0.000390336
-3.26832e-06
0.000398901
-7.97993e-06
0.000411033
-1.27018e-05
0.000426612
-1.74293e-05
0.000445371
-2.23025e-05
0.000467124
-2.73569e-05
0.000491667
-3.26195e-05
0.000518789
-3.81251e-05
0.000548268
-4.39066e-05
0.000579845
-4.99979e-05
0.000613184
-5.64321e-05
0.000647834
-6.322e-05
0.000683267
-7.03133e-05
0.000719133
-7.75452e-05
0.000755027
-8.47236e-05
0.000790619
-9.1654e-05
0.000825764
-9.81481e-05
0.000860445
-0.000104122
0.000894686
-0.000109691
0.000928437
-0.00011519
0.000961412
-0.000121154
0.000992986
-0.000128205
0.00102219
-0.000136871
0.00104783
-0.000147387
0.00106874
-0.000159561
0.00108405
-0.000172729
0.00109325
-0.000185889
0.00109619
-0.000197973
0.00109304
-0.000208023
0.00108419
-0.00021536
0.0010702
-0.000219603
0.00105177
-0.000220593
0.00102977
-0.000218346
0.00100518
-0.000213044
0.000978986
-0.000205027
0.000952122
-0.000194753
0.000925395
-0.000182766
0.00089944
-0.000169647
0.000874703
-0.000155993
0.000851431
-0.000142384
0.000829685
-0.000129381
0.000809342
-0.000117495
0.000790104
-0.000107256
0.000771453
-9.8996e-05
0.000752752
-9.34492e-05
-9.01661e-05
0.000594386
0.000177665
0.00062317
0.000175177
0.000652323
0.000176099
0.000682115
0.000181149
0.000712924
0.000187552
0.000745613
0.000193392
0.000781181
0.000199036
0.000820193
0.000205175
0.000862411
0.000211774
0.000906707
0.000218538
0.000951215
0.000225234
0.00099366
0.000231504
0.00103171
0.000236754
0.00106298
0.000240114
0.0010853
0.000240697
0.00109753
0.000238336
0.00109977
0.000223725
0.00109369
0.000205768
0.00108083
0.000187561
0.00106268
0.000169172
0.00104092
0.000151079
0.00101711
0.000133794
0.000992584
0.000117626
0.00096843
0.000102689
0.000945436
8.89549e-05
0.000924182
7.63371e-05
0.00090512
6.47315e-05
0.000888573
5.39835e-05
0.000874678
4.39299e-05
0.000863575
3.44878e-05
0.000855339
2.55849e-05
0.000850009
1.71359e-05
0.00084757
9.03819e-06
0.00084742
1.35018e-06
0.000850326
-6.17365e-06
0.000855716
-1.33701e-05
0.00086345
-2.04356e-05
0.00087338
-2.73599e-05
0.000885258
-3.41798e-05
0.000898833
-4.09324e-05
0.000913852
-4.76389e-05
0.000930043
-5.43157e-05
0.000947113
-6.0977e-05
0.000964748
-6.76326e-05
0.0009826
-7.42838e-05
0.00100029
-8.09116e-05
0.00101744
-8.7459e-05
0.00103371
-9.38143e-05
0.00104882
-9.98413e-05
0.00106259
-0.000105422
0.00107492
-0.000110476
0.00108581
-0.00011501
0.00109528
-0.000119163
0.00110331
-0.000123221
0.00110974
-0.000127586
0.00111422
-0.000132687
0.00111622
-0.000138868
0.00111509
-0.000146256
0.00111021
-0.000154677
0.00110112
-0.000163647
0.00108769
-0.000172453
0.00107005
-0.000180331
0.00104862
-0.000186601
0.00102403
-0.000190767
0.000996974
-0.000192547
0.000968219
-0.000191838
0.000938545
-0.000188672
0.0009087
-0.000183198
0.000879343
-0.00017567
0.000851015
-0.000166425
0.000824107
-0.000155858
0.000798863
-0.000144404
0.000775388
-0.000132517
0.000753658
-0.000120655
0.000733544
-0.000109267
0.000714807
-9.87583e-05
0.000697115
-8.95635e-05
0.000679964
-8.18446e-05
0.000662883
-7.6369e-05
-7.19667e-05
0.000525111
0.000151816
0.000551936
0.000148352
0.000579146
0.000148889
0.000606467
0.000153827
0.000634006
0.000160013
0.000661953
0.000165445
0.000690628
0.000170362
0.000720605
0.000175198
0.000752535
0.000179845
0.000786873
0.000184199
0.000823722
0.000188386
0.00086273
0.000192496
0.00090308
0.000196403
0.000943487
0.000199707
0.000982309
0.000201875
0.00101803
0.000202617
0.00104832
0.000193431
0.00107278
0.000181312
0.00109162
0.000168722
0.00110524
0.000155554
0.00111427
0.000142043
0.00111951
0.000128558
0.00112176
0.000115378
0.00112179
0.000102657
0.00112028
9.04596e-05
0.00111783
7.87915e-05
0.00111493
6.7635e-05
0.00111196
5.69457e-05
0.00110923
4.66657e-05
0.00110695
3.67615e-05
0.00110532
2.7217e-05
0.00110445
1.80098e-05
0.00110436
9.13136e-06
0.00110497
7.36466e-07
0.0011064
-7.60071e-06
0.00110845
-1.54243e-05
0.00111102
-2.30055e-05
0.00111401
-3.03484e-05
0.00111729
-3.74573e-05
0.0011207
-4.43512e-05
0.00112411
-5.1043e-05
0.00112733
-5.75395e-05
0.0011302
-6.3845e-05
0.00113253
-6.99606e-05
0.00113412
-7.58801e-05
0.0011348
-8.15832e-05
0.00113436
-8.70272e-05
0.00113269
-9.21433e-05
0.00112971
-9.68528e-05
0.00112538
-0.000101097
0.00111976
-0.000104859
0.00111294
-0.000108188
0.001105
-0.000111226
0.00109599
-0.000114212
0.00108585
-0.000117446
0.00107441
-0.000121238
0.00106136
-0.00012582
0.00104637
-0.000131269
0.00102914
-0.000137448
0.0010095
-0.000144008
0.00098749
-0.000150441
0.000963346
-0.000156187
0.00093748
-0.000160734
0.000910401
-0.000163688
0.000882651
-0.000164797
0.000854756
-0.000163944
0.0008272
-0.000161116
0.000800394
-0.000156392
0.000774659
-0.000149936
0.000750219
-0.000141984
0.000727199
-0.000132838
0.000705641
-0.000122846
0.000685515
-0.000112391
0.000666732
-0.000101872
0.000649153
-9.16881e-05
0.000632582
-8.21874e-05
0.000616764
-7.3745e-05
0.000601303
-6.63842e-05
0.000585873
-6.09384e-05
-5.54912e-05
0.00046394
0.000128551
0.000488639
0.000123652
0.00051348
0.000124049
0.000538159
0.000129148
0.000563122
0.00013505
0.000588445
0.000140122
0.00061397
0.000144837
0.000639764
0.000149404
0.000666083
0.000153526
0.000693245
0.000157037
0.00072161
0.00016002
0.00075152
0.000162587
0.00078317
0.000164753
0.000816474
0.000166403
0.000850999
0.00016735
0.000886112
0.000167504
0.000919682
0.000159861
0.000950826
0.000150169
0.00097917
0.000140377
0.00100445
0.000130273
0.00102659
0.000119902
0.0010457
0.000109452
0.00106199
9.90878e-05
0.00107574
8.89022e-05
0.00108727
7.89374e-05
0.00109685
6.92059e-05
0.00110478
5.97083e-05
0.00111129
5.04344e-05
0.00111659
4.13673e-05
0.00112085
3.25039e-05
0.0011242
2.38577e-05
0.00112677
1.54454e-05
0.00112861
7.2892e-06
0.00112981
-4.58652e-07
0.00113029
-8.08882e-06
0.00113014
-1.52729e-05
0.00112933
-2.21879e-05
0.00112783
-2.88483e-05
0.00112562
-3.52534e-05
0.00112268
-4.14092e-05
0.00111896
-4.73231e-05
0.00111442
-5.29991e-05
0.00110901
-5.84394e-05
0.0011027
-6.36438e-05
0.00109542
-6.86074e-05
0.00108716
-7.33161e-05
0.00107787
-7.77432e-05
0.00106758
-8.1849e-05
0.00105632
-8.55922e-05
0.00104417
-8.89488e-05
0.00103124
-9.19301e-05
0.00101765
-9.45987e-05
0.00100351
-9.70811e-05
0.000988862
-9.95664e-05
0.0009737
-0.000102284
0.000957921
-0.000105459
0.000941358
-0.000109258
0.000923817
-0.000113728
0.000905135
-0.000118766
0.000885236
-0.000124109
0.000864171
-0.000129375
0.000842112
-0.000134128
0.000819327
-0.000137949
0.000796135
-0.000140496
0.000772861
-0.000141523
0.000749801
-0.000140884
0.000727209
-0.000138524
0.000705285
-0.000134468
0.000684171
-0.000128822
0.000663956
-0.000121769
0.000644681
-0.000113563
0.00062635
-0.000104516
0.000608942
-9.49828e-05
0.000592411
-8.53402e-05
0.000576686
-7.59633e-05
0.000561664
-6.71651e-05
0.000547184
-5.9266e-05
0.000532984
-5.21833e-05
0.000518777
-4.67321e-05
-4.0434e-05
0.000410014
0.000107501
0.000432754
0.000100912
0.000455183
0.00010162
0.000477152
0.000107179
0.000499455
0.000112747
0.000522203
0.000117374
0.000545203
0.000121836
0.00056844
0.000126167
0.00059194
0.000130026
0.000615686
0.00013329
0.000639722
0.000135985
0.00066419
0.000138119
0.000689281
0.000139662
0.000715152
0.000140532
0.000741864
0.000140638
0.000769388
0.00013998
0.000796435
0.000132814
0.000822522
0.000124081
0.000847429
0.000115471
0.000870887
0.000106815
0.000892681
9.81073e-05
0.000912686
8.94473e-05
0.000930852
8.09222e-05
0.000947181
7.25726e-05
0.000961714
6.44049e-05
0.000974509
5.64109e-05
0.000985638
4.8579e-05
0.000995177
4.08957e-05
0.0010032
3.33488e-05
0.00100976
2.59384e-05
0.00101494
1.86801e-05
0.00101879
1.15975e-05
0.00102135
4.72128e-06
0.00102278
-1.88207e-06
0.001023
-8.31414e-06
0.00102218
-1.44534e-05
0.00102034
-2.03418e-05
0.00101749
-2.60053e-05
0.00101369
-3.14468e-05
0.00100895
-3.66673e-05
0.00100329
-4.16712e-05
0.000996757
-4.6462e-05
0.000989359
-5.10417e-05
0.000981125
-5.541e-05
0.000972081
-5.9563e-05
0.000962255
-6.34905e-05
0.000951687
-6.71749e-05
0.00094043
-7.05919e-05
0.000928556
-7.37184e-05
0.000916154
-7.65463e-05
0.000903319
-7.90958e-05
0.000890147
-8.14268e-05
0.000876712
-8.36457e-05
0.000863049
-8.59031e-05
0.00084914
-8.83755e-05
0.000834914
-9.12335e-05
0.000820256
-9.45994e-05
0.000805034
-9.85061e-05
0.000789137
-0.000102869
0.000772507
-0.000107479
0.000755162
-0.00011203
0.000737197
-0.000116162
0.000718764
-0.000119516
0.000700045
-0.000121778
0.000681225
-0.000122703
0.000662472
-0.00012213
0.000643924
-0.000119976
0.000625692
-0.000116237
0.000607861
-0.000110991
0.000590492
-0.000104399
0.000573628
-9.66991e-05
0.000557305
-8.8193e-05
0.000541552
-7.92301e-05
0.00052639
-7.01781e-05
0.000511823
-6.13959e-05
0.000497828
-5.31704e-05
0.000484321
-4.57585e-05
0.000471148
-3.90102e-05
0.000457991
-3.35757e-05
-2.67441e-05
0.000362528
8.82933e-05
0.000383496
7.99438e-05
0.000403597
8.15192e-05
0.000423064
8.77118e-05
0.00044288
9.29311e-05
0.000463078
9.71768e-05
0.000483524
0.00010139
0.000504297
0.000105394
0.00052542
0.000108903
0.000546805
0.000111905
0.000568367
0.000114423
0.000590058
0.000116428
0.000611865
0.000117854
0.000633785
0.000118613
0.000655815
0.000118608
0.000677971
0.000117824
0.000699348
0.000111438
0.00071975
0.000103678
0.00073919
9.60318e-05
0.000757602
8.84019e-05
0.00077491
8.07999e-05
0.00079105
7.33066e-05
0.000805981
6.59912e-05
0.000819674
5.88801e-05
0.000832109
5.19693e-05
0.000843278
4.5242e-05
0.000853178
3.86789e-05
0.000861813
3.22611e-05
0.000869189
2.59729e-05
0.000875318
1.98092e-05
0.000880219
1.37788e-05
0.000883919
7.89762e-06
0.000886461
2.17951e-06
0.000887916
-3.33737e-06
0.000888306
-8.70366e-06
0.000887718
-1.38655e-05
0.000886195
-1.88181e-05
0.000883771
-2.35821e-05
0.000880489
-2.81642e-05
0.000876387
-3.25652e-05
0.000871503
-3.67877e-05
0.000865875
-4.08343e-05
0.00085954
-4.4706e-05
0.000852531
-4.84014e-05
0.000844884
-5.19163e-05
0.000836636
-5.52418e-05
0.000827824
-5.83638e-05
0.000818498
-6.12654e-05
0.000808712
-6.39325e-05
0.000798529
-6.63637e-05
0.000788015
-6.85815e-05
0.000777228
-7.06402e-05
0.000766213
-7.26301e-05
0.000754985
-7.46747e-05
0.000743525
-7.69158e-05
0.000731779
-7.94881e-05
0.000719666
-8.24862e-05
0.000707092
-8.59324e-05
0.000693977
-8.97534e-05
0.000680273
-9.37745e-05
0.000665978
-9.77353e-05
0.000651139
-0.000101323
0.000635839
-0.000104217
0.000620183
-0.000106121
0.000604278
-0.000106798
0.000588224
-0.000106077
0.000572114
-0.000103865
0.000556028
-0.00010015
0.000540044
-9.50075e-05
0.00052424
-8.8596e-05
0.000508698
-8.11567e-05
0.000493501
-7.29961e-05
0.000478734
-6.44631e-05
0.000464475
-5.59186e-05
0.00045078
-4.77014e-05
0.000437683
-4.00728e-05
0.000425138
-3.32142e-05
0.000413079
-2.69509e-05
0.000401112
-2.16083e-05
-1.46203e-05
0.000320758
7.05686e-05
0.000340087
6.06147e-05
0.000357962
6.3644e-05
0.000375206
7.04679e-05
0.000392819
7.53176e-05
0.00041069
7.93065e-05
0.000428757
8.33231e-05
0.000447162
8.69892e-05
0.000465939
9.01263e-05
0.000485023
9.28205e-05
0.000504347
9.50998e-05
0.000523846
9.69282e-05
0.000543446
9.82545e-05
0.000563057
9.90022e-05
0.000582581
9.90828e-05
0.000601945
9.84601e-05
0.000620301
9.30822e-05
0.000637492
8.64869e-05
0.000653584
7.994e-05
0.000668602
7.33842e-05
0.000682559
6.68426e-05
0.000695473
6.03928e-05
0.000707362
5.4102e-05
0.000718243
4.7999e-05
0.000728129
4.20837e-05
0.000737028
3.63425e-05
0.000744949
3.07583e-05
0.000751896
2.53137e-05
0.000757876
1.9993e-05
0.000762896
1.47894e-05
0.000766967
9.70798e-06
0.000770104
4.76014e-06
0.000772343
-5.93249e-08
0.000773716
-4.71053e-06
0.000774247
-9.23432e-06
0.000773977
-1.35955e-05
0.000772943
-1.77843e-05
0.000771174
-2.18131e-05
0.0007687
-2.56903e-05
0.000765552
-2.94174e-05
0.00076176
-3.29955e-05
0.000757352
-3.64262e-05
0.000752356
-3.97095e-05
0.000746797
-4.28432e-05
0.000740703
-4.58223e-05
0.0007341
-4.86385e-05
0.000727017
-5.12802e-05
0.000719486
-5.37344e-05
0.000711545
-5.59922e-05
0.000703238
-5.8056e-05
0.000694605
-5.99487e-05
0.000685684
-6.17197e-05
0.000676502
-6.3448e-05
0.000667066
-6.52381e-05
0.000657358
-6.72081e-05
0.000647338
-6.94683e-05
0.000636946
-7.2094e-05
0.000626112
-7.50988e-05
0.000614773
-7.84145e-05
0.000602884
-8.18853e-05
0.000590428
-8.52792e-05
0.000577419
-8.8314e-05
0.000563895
-9.06931e-05
0.000549913
-9.214e-05
0.000535542
-9.24259e-05
0.000520854
-9.13884e-05
0.000505931
-8.89423e-05
0.000490868
-8.5087e-05
0.00047577
-7.991e-05
0.000460759
-7.3585e-05
0.000445966
-6.63632e-05
0.000431523
-5.85539e-05
0.00041756
-5.04994e-05
0.000404184
-4.25432e-05
0.000391476
-3.49931e-05
0.000379485
-2.80814e-05
0.000368176
-2.19055e-05
0.000357538
-1.63125e-05
0.000347095
-1.11658e-05
-4.3879e-06
0.000284047
5.3995e-05
0.000301804
4.28575e-05
0.000317587
4.78611e-05
0.000332893
5.51619e-05
0.000348559
5.96515e-05
0.000364356
6.35097e-05
0.00038032
6.73584e-05
0.000396611
7.06988e-05
0.000413236
7.35008e-05
0.000430146
7.59107e-05
0.000447302
7.79438e-05
0.000464664
7.95663e-05
0.000482171
8.07472e-05
0.000499741
8.14325e-05
0.000517271
8.1552e-05
0.000534662
8.10697e-05
0.000551105
7.66392e-05
0.000566422
7.11701e-05
0.000580652
6.57095e-05
0.000593821
6.02153e-05
0.000605953
5.47108e-05
0.00061708
4.92654e-05
0.000627241
4.39413e-05
0.000636472
3.87684e-05
0.000644805
3.37502e-05
0.00065227
2.88778e-05
0.00065889
2.41386e-05
0.000664684
1.9519e-05
0.000669672
1.50055e-05
0.000673868
1.05931e-05
0.000677289
6.28694e-06
0.000679955
2.09393e-06
0.000681881
-1.98509e-06
0.000683098
-5.92713e-06
0.000683615
-9.75148e-06
0.000683461
-1.3442e-05
0.000682666
-1.69885e-05
0.000681251
-2.03982e-05
0.000679239
-2.36787e-05
0.000676654
-2.68324e-05
0.000673518
-2.98597e-05
0.000669853
-3.2761e-05
0.000665679
-3.55355e-05
0.000661016
-3.81804e-05
0.000655884
-4.06902e-05
0.000650302
-4.30565e-05
0.000644291
-4.5269e-05
0.000637873
-4.73169e-05
0.000631074
-4.91936e-05
0.000623922
-5.09034e-05
0.000616441
-5.24682e-05
0.000608655
-5.3933e-05
0.000600574
-5.53675e-05
0.000592199
-5.68625e-05
0.000583509
-5.85185e-05
0.000574468
-6.04278e-05
0.000565025
-6.26507e-05
0.000555119
-6.51924e-05
0.000544691
-6.79862e-05
0.000533692
-7.08872e-05
0.000522096
-7.36825e-05
0.000509895
-7.61134e-05
0.000497109
-7.79074e-05
0.000483781
-7.88113e-05
0.000469973
-7.86186e-05
0.000455775
-7.71896e-05
0.000441295
-7.44631e-05
0.00042667
-7.04623e-05
0.000412056
-6.52953e-05
0.00039762
-5.91495e-05
0.000383536
-5.22786e-05
0.000369964
-4.49822e-05
0.000357045
-3.758e-05
0.000344885
-3.03834e-05
0.000333549
-2.36573e-05
0.000323071
-1.76035e-05
0.000313399
-1.22334e-05
0.000304556
-7.4692e-06
0.00029601
-2.61973e-06
3.66975e-06
0.000251798
3.82832e-05
0.000267991
2.66645e-05
0.000281861
3.39914e-05
0.000295501
4.15218e-05
0.000309433
4.57198e-05
0.00032339
4.95522e-05
0.000337519
5.32298e-05
0.00035196
5.62579e-05
0.000366692
5.87689e-05
0.00038167
6.09327e-05
0.000396868
6.27456e-05
0.000412256
6.41785e-05
0.000427787
6.52162e-05
0.000443398
6.5821e-05
0.000459011
6.59389e-05
0.00047454
6.55413e-05
0.000489254
6.19245e-05
0.00050298
5.74448e-05
0.000515738
5.29512e-05
0.000527542
4.8411e-05
0.000538408
4.38454e-05
0.000548358
3.93149e-05
0.000557424
3.48752e-05
0.000565639
3.05541e-05
0.000573033
2.6356e-05
0.000579636
2.22745e-05
0.000585475
1.83e-05
0.000590572
1.44222e-05
0.000594949
1.06285e-05
0.000598625
6.91655e-06
0.000601619
3.29303e-06
0.000603949
-2.36423e-07
0.000605633
-3.66861e-06
0.000606695
-6.98895e-06
0.000607148
-1.02049e-05
0.000607016
-1.33093e-05
0.000606321
-1.62936e-05
0.000605083
-1.9161e-05
0.000603323
-2.19181e-05
0.000601057
-2.45668e-05
0.000598305
-2.7107e-05
0.000595081
-2.95376e-05
0.000591402
-3.18565e-05
0.000587281
-3.40594e-05
0.000582731
-3.61397e-05
0.000577763
-3.80885e-05
0.000572389
-3.9895e-05
0.000566621
-4.15493e-05
0.000560473
-4.30457e-05
0.000553959
-4.43889e-05
0.00054709
-4.55996e-05
0.000539877
-4.67193e-05
0.00053232
-4.78107e-05
0.000524412
-4.89542e-05
0.000516131
-5.02377e-05
0.000507442
-5.17392e-05
0.000498299
-5.35074e-05
0.000488647
-5.55407e-05
0.000478434
-5.77727e-05
0.000467615
-6.00684e-05
0.000456165
-6.22325e-05
0.000444083
-6.40314e-05
0.000431397
-6.5222e-05
0.000418169
-6.5583e-05
0.000404491
-6.49407e-05
0.000390489
-6.31878e-05
0.000376319
-6.02926e-05
0.000362159
-5.63023e-05
0.000348203
-5.13391e-05
0.000334645
-4.55917e-05
0.000321667
-3.93008e-05
0.000309424
-3.27394e-05
0.000298034
-2.61894e-05
0.00028757
-1.99193e-05
0.000278057
-1.41451e-05
0.000269496
-9.04254e-06
0.000261803
-4.53979e-06
0.000255025
-6.91761e-07
0.000248626
3.77989e-06
9.44633e-06
0.000223468
2.31975e-05
0.000238065
1.2068e-05
0.000250245
2.18105e-05
0.00026246
2.93075e-05
0.000274839
3.33406e-05
0.000287177
3.72144e-05
0.000299706
4.07001e-05
0.00031253
4.34339e-05
0.000325606
4.56933e-05
0.000338896
4.76424e-05
0.00035238
4.92613e-05
0.000366029
5.05295e-05
0.000379802
5.14436e-05
0.000393646
5.19771e-05
0.000407498
5.20872e-05
0.000421286
5.17526e-05
0.000434366
4.88446e-05
0.00044658
4.52311e-05
0.000457947
4.15846e-05
0.000468477
3.78807e-05
0.000478182
3.41401e-05
0.00048708
3.04172e-05
0.000495193
2.67624e-05
0.000502546
2.32013e-05
0.000509163
1.97382e-05
0.00051507
1.63677e-05
0.000520288
1.30826e-05
0.000524835
9.87443e-06
0.000528734
6.73008e-06
0.000532
3.65052e-06
0.000534651
6.41805e-07
0.000536707
-2.29217e-06
0.000538184
-5.14572e-06
0.000539102
-7.90733e-06
0.000539476
-1.05783e-05
0.000539321
-1.31544e-05
0.000538655
-1.56281e-05
0.000537494
-1.8e-05
0.00053585
-2.02744e-05
0.000533736
-2.24525e-05
0.000531162
-2.45328e-05
0.000528137
-2.65125e-05
0.000524668
-2.83879e-05
0.000520762
-3.01534e-05
0.000516424
-3.18012e-05
0.000511657
-3.33217e-05
0.000506467
-3.47047e-05
0.000500858
-3.59409e-05
0.000494839
-3.70264e-05
0.000488417
-3.7967e-05
0.000481601
-3.87836e-05
0.000474397
-3.95157e-05
0.000466808
-4.02215e-05
0.000458827
-4.09735e-05
0.000450439
-4.18491e-05
0.000441615
-4.29156e-05
0.000432319
-4.42116e-05
0.00042251
-4.57308e-05
0.000412146
-4.74089e-05
0.0004012
-4.91224e-05
0.000389664
-5.06965e-05
0.000377558
-5.19262e-05
0.000364939
-5.26027e-05
0.000351897
-5.25412e-05
0.000338561
-5.1604e-05
0.000325088
-4.97155e-05
0.000311664
-4.68686e-05
0.000298487
-4.31248e-05
0.000285755
-3.86075e-05
0.000273656
-3.34922e-05
0.000262348
-2.79927e-05
0.000251952
-2.23438e-05
0.000242545
-1.6782e-05
0.000234155
-1.15299e-05
0.000226765
-6.75515e-06
0.00022034
-2.61742e-06
0.000214765
1.03579e-06
0.000210101
3.97178e-06
0.000205887
7.99433e-06
1.30248e-05
0.00019856
8.56662e-06
0.000211521
-8.92926e-07
0.000222268
1.1064e-05
0.00023325
1.8325e-05
0.000244236
2.23547e-05
0.000255157
2.62934e-05
0.000266293
2.95644e-05
0.000277696
3.20306e-05
0.000289315
3.40749e-05
0.000301121
3.58362e-05
0.000313097
3.7285e-05
0.000325215
3.84112e-05
0.000337438
3.92212e-05
0.000349718
3.96968e-05
0.000362001
3.98044e-05
0.000374225
3.95287e-05
0.000385817
3.72525e-05
0.000396638
3.44102e-05
0.000406705
3.1517e-05
0.000416031
2.8555e-05
0.000424626
2.55455e-05
0.000432503
2.25394e-05
0.000439683
1.95833e-05
0.000446183
1.67012e-05
0.000452023
1.38974e-05
0.000457224
1.11674e-05
0.0004618
8.50612e-06
0.000465768
5.90641e-06
0.000469144
3.35437e-06
0.000471943
8.51274e-07
0.000474182
-1.59678e-06
0.000475872
-3.9828e-06
0.000477026
-6.29907e-06
0.000477654
-8.53544e-06
0.000477766
-1.06902e-05
0.000477371
-1.27596e-05
0.00047648
-1.47368e-05
0.0004751
-1.66205e-05
0.000473239
-1.84134e-05
0.000470903
-2.0116e-05
0.000468096
-2.17262e-05
0.000464824
-2.32403e-05
0.00046109
-2.46543e-05
0.000456899
-2.59623e-05
0.000452255
-2.71572e-05
0.000447164
-2.82305e-05
0.000441633
-2.91739e-05
0.000435673
-2.99807e-05
0.000429296
-3.06499e-05
0.000422519
-3.11895e-05
0.000415357
-3.16214e-05
0.000407824
-3.19836e-05
0.000399933
-3.23298e-05
0.000391684
-3.27249e-05
0.000383072
-3.32365e-05
0.000374077
-3.39211e-05
0.000364674
-3.4809e-05
0.000354834
-3.58902e-05
0.00034453
-3.71049e-05
0.00033375
-3.83429e-05
0.000322506
-3.94525e-05
0.000310839
-4.02592e-05
0.000298826
-4.0589e-05
0.000286577
-4.02926e-05
0.000274237
-3.92643e-05
0.000261976
-3.74536e-05
0.000249976
-3.48691e-05
0.000238427
-3.15757e-05
0.000227507
-2.76875e-05
0.000217373
-2.33577e-05
0.000208146
-1.87663e-05
0.000199909
-1.41065e-05
0.000192696
-9.5689e-06
0.000186499
-5.33338e-06
0.000181267
-1.52315e-06
0.00017694
1.70926e-06
0.000173389
4.58739e-06
0.000170673
6.68733e-06
0.00016846
1.02072e-05
1.46515e-05
0.000176567
-5.65381e-06
0.000187955
-1.2281e-05
0.000197511
1.50734e-06
0.000207403
8.4332e-06
0.000217122
1.26356e-05
0.000226777
1.66384e-05
0.000236646
1.96957e-05
0.000246735
2.1941e-05
0.000256996
2.38147e-05
0.00026741
2.54222e-05
0.000277964
2.67308e-05
0.000288633
2.77418e-05
0.000299384
2.84701e-05
0.000310177
2.89047e-05
0.00032096
2.90209e-05
0.000331679
2.881e-05
0.000341828
2.71035e-05
0.000351282
2.49554e-05
0.000360058
2.27417e-05
0.000368163
2.04499e-05
0.000375606
1.81022e-05
0.000382399
1.57469e-05
0.000388554
1.34279e-05
0.000394088
1.11677e-05
0.000399014
8.97068e-06
0.000403349
6.8331e-06
0.000407103
4.75205e-06
0.000410287
2.72236e-06
0.000412916
7.24723e-07
0.000415002
-1.23464e-06
0.000416549
-3.14311e-06
0.000417561
-4.99473e-06
0.000418044
-6.78272e-06
0.000418007
-8.49834e-06
0.000417456
-1.01389e-05
0.000416397
-1.1701e-05
0.000414839
-1.3179e-05
0.00041279
-1.45714e-05
0.000410257
-1.58805e-05
0.000407249
-1.71073e-05
0.000403772
-1.82499e-05
0.000399838
-1.93056e-05
0.000395454
-2.02711e-05
0.000390634
-2.1142e-05
0.00038539
-2.1913e-05
0.000379737
-2.2578e-05
0.000373695
-2.31314e-05
0.000367284
-2.35697e-05
0.000360529
-2.38945e-05
0.000353455
-2.41156e-05
0.000346088
-2.42546e-05
0.000338451
-2.43464e-05
0.000330559
-2.44383e-05
0.000322421
-2.45866e-05
0.000314032
-2.48475e-05
0.000305378
-2.52669e-05
0.000296436
-2.58673e-05
0.000287182
-2.66363e-05
0.000277597
-2.75202e-05
0.000267678
-2.84234e-05
0.000257443
-2.92181e-05
0.000246943
-2.97592e-05
0.00023626
-2.99055e-05
0.000225506
-2.95389e-05
0.000214822
-2.858e-05
0.000204365
-2.69971e-05
0.000194303
-2.4807e-05
0.000184799
-2.2072e-05
0.000176004
-1.88917e-05
0.00016804
-1.5394e-05
0.000160998
-1.17242e-05
0.000154927
-8.03511e-06
0.000149832
-4.47453e-06
0.000145683
-1.18461e-06
0.000142409
1.75075e-06
0.00013994
4.17903e-06
0.000138142
6.38548e-06
0.000137061
7.76813e-06
0.000136514
1.07537e-05
1.46879e-05
0.000157032
-1.93904e-05
0.000167042
-2.22914e-05
0.00017562
-7.07066e-06
0.00018441
-3.56016e-07
0.000192821
4.22365e-06
0.000201129
8.33094e-06
0.000209584
1.12402e-05
0.000218177
1.33486e-05
0.000226879
1.51121e-05
0.000235695
1.66066e-05
0.00024462
1.78056e-05
0.000253637
1.87245e-05
0.000262719
1.93882e-05
0.000271829
1.9795e-05
0.00028092
1.99303e-05
0.000289937
1.97929e-05
0.000298448
1.85919e-05
0.000306344
1.706e-05
0.00031363
1.54554e-05
0.00032031
1.37698e-05
0.000326387
1.20257e-05
0.000331865
1.02684e-05
0.000336755
8.5383e-06
0.000341066
6.85617e-06
0.000344811
5.22572e-06
0.000348001
3.64349e-06
0.000350644
2.10864e-06
0.000352749
6.17452e-07
0.000354328
-8.54295e-07
0.000355379
-2.28561e-06
0.000355908
-3.67149e-06
0.000355921
-5.00843e-06
0.000355429
-6.29011e-06
0.00035444
-7.50971e-06
0.000352966
-8.66476e-06
0.000351018
-9.75292e-06
0.000348609
-1.07701e-05
0.000345753
-1.17154e-05
0.000342464
-1.25915e-05
0.000338757
-1.33999e-05
0.000334647
-1.41399e-05
0.000330151
-1.48099e-05
0.000325288
-1.54078e-05
0.000320077
-1.59308e-05
0.000314539
-1.63755e-05
0.000308699
-1.67377e-05
0.000302582
-1.70143e-05
0.000296216
-1.72039e-05
0.000289631
-1.73093e-05
0.000282855
-1.73404e-05
0.000275917
-1.73165e-05
0.000268838
-1.72673e-05
0.000261632
-1.72326e-05
0.000254304
-1.72578e-05
0.000246844
-1.73879e-05
0.000239236
-1.76584e-05
0.000231453
-1.80847e-05
0.00022347
-1.86536e-05
0.000215268
-1.93181e-05
0.000206843
-1.99983e-05
0.000198214
-2.05888e-05
0.000189428
-2.09728e-05
0.00018056
-2.10383e-05
0.000171717
-2.0695e-05
0.000163022
-1.98858e-05
0.000154618
-1.85932e-05
0.000146651
-1.68394e-05
0.00013926
-1.46812e-05
0.000132571
-1.22022e-05
0.000126681
-9.50428e-06
0.000121656
-6.6994e-06
0.000117524
-3.90274e-06
0.000114273
-1.22343e-06
0.00011186
1.22835e-06
0.000110207
3.40387e-06
0.000109236
5.14926e-06
0.000108829
6.7929e-06
0.000108996
7.60099e-06
0.000109718
1.00313e-05
1.35383e-05
0.000139698
-3.26077e-05
0.000148437
-3.10306e-05
0.000155932
-1.45659e-05
0.000163127
-7.55111e-06
0.000169631
-2.2807e-06
0.000175929
2.03356e-06
0.000182294
4.87469e-06
0.000188751
6.89167e-06
0.000195317
8.54616e-06
0.000202017
9.90682e-06
0.000208853
1.09692e-05
0.000215809
1.17692e-05
0.000222852
1.23445e-05
0.000229943
1.27043e-05
0.000237029
1.28447e-05
0.00024405
1.27716e-05
0.000250656
1.19861e-05
0.000256748
1.09676e-05
0.000262322
9.8816e-06
0.00026737
8.72163e-06
0.000271887
7.50865e-06
0.000275873
6.28266e-06
0.000279332
5.07872e-06
0.000282275
3.91401e-06
0.000284709
2.79088e-06
0.000286647
1.70554e-06
0.000288097
6.59397e-07
0.000289066
-3.52026e-07
0.000289562
-1.35035e-06
0.00028959
-2.31373e-06
0.000289163
-3.24393e-06
0.000288291
-4.13628e-06
0.000286987
-4.98608e-06
0.000285265
-5.78829e-06
0.000283141
-6.54102e-06
0.000280631
-7.24292e-06
0.000277753
-7.8913e-06
0.000274523
-8.48597e-06
0.000270961
-9.02956e-06
0.000267085
-9.52402e-06
0.000262915
-9.9693e-06
0.000258469
-1.03645e-05
0.00025377
-1.07083e-05
0.000248838
-1.09992e-05
0.000243697
-1.12347e-05
0.000238372
-1.14125e-05
0.000232888
-1.15303e-05
0.000227272
-1.15879e-05
0.000221551
-1.15883e-05
0.000215751
-1.15398e-05
0.000209892
-1.14583e-05
0.000203993
-1.13674e-05
0.000198058
-1.12982e-05
0.000192086
-1.12858e-05
0.000186062
-1.13642e-05
0.000179963
-1.15593e-05
0.000173759
-1.18808e-05
0.000167421
-1.23155e-05
0.000160927
-1.2824e-05
0.00015427
-1.33414e-05
0.000147465
-1.37842e-05
0.000140554
-1.40616e-05
0.000133605
-1.40891e-05
0.000126711
-1.38013e-05
0.000119987
-1.3161e-05
0.000113556
-1.2163e-05
0.000107549
-1.08321e-05
0.000102085
-9.21749e-06
9.72685e-05
-7.38544e-06
9.31765e-05
-5.41223e-06
8.98551e-05
-3.37808e-06
8.73167e-05
-1.36431e-06
8.55408e-05
5.52438e-07
8.44775e-05
2.29165e-06
8.40508e-05
3.83062e-06
8.41806e-05
5.01941e-06
8.47716e-05
6.20191e-06
8.57848e-05
6.58784e-06
8.73642e-05
8.45193e-06
1.15999e-05
0.000124195
-4.51641e-05
0.000131113
-3.79493e-05
0.000136333
-1.97851e-05
0.000140505
-1.17237e-05
0.000143877
-5.65198e-06
0.000147202
-1.29208e-06
0.000150762
1.31452e-06
0.000154587
3.06665e-06
0.000158689
4.44485e-06
0.000163063
5.5329e-06
0.000167678
6.35335e-06
0.000172491
6.95711e-06
0.000177448
7.38742e-06
0.000182493
7.65848e-06
0.000187566
7.77203e-06
0.000192601
7.73682e-06
0.000197328
7.25887e-06
0.000201664
6.63166e-06
0.000205594
5.95197e-06
0.000209102
5.21384e-06
0.000212176
4.43419e-06
0.000214813
3.64528e-06
0.000217018
2.87458e-06
0.000218797
2.13469e-06
0.000220162
1.42606e-06
0.000221123
7.44201e-07
0.000221691
9.186e-08
0.000221876
-5.37137e-07
0.000221685
-1.15969e-06
0.00022113
-1.75912e-06
0.000220223
-2.33646e-06
0.000218975
-2.88809e-06
0.000217399
-3.41068e-06
0.000215512
-3.90065e-06
0.000213327
-4.35676e-06
0.000210863
-4.7784e-06
0.000208135
-5.16384e-06
0.000205163
-5.51323e-06
0.000201962
-5.82892e-06
0.000198551
-6.11274e-06
0.000194946
-6.36487e-06
0.000191167
-6.58476e-06
0.00018723
-6.77166e-06
0.000183155
-6.92451e-06
0.000178962
-7.04178e-06
0.000174672
-7.12176e-06
0.000170305
-7.16312e-06
0.000165882
-7.16583e-06
0.000161427
-7.13233e-06
0.000156956
-7.06914e-06
0.000152486
-6.98804e-06
0.000148025
-6.90669e-06
0.000143574
-6.84781e-06
0.000139126
-6.83683e-06
0.000134659
-6.89788e-06
0.000130148
-7.04844e-06
0.000125561
-7.29361e-06
0.000120867
-7.62115e-06
0.000116042
-7.99931e-06
0.000111079
-8.37809e-06
0.00010599
-8.69494e-06
0.000100812
-8.88381e-06
9.56084e-05
-8.88569e-06
9.04652e-05
-8.65808e-06
8.54851e-05
-8.18089e-06
8.07797e-05
-7.45757e-06
7.64597e-05
-6.5121e-06
7.26257e-05
-5.38345e-06
6.93596e-05
-4.11932e-06
6.67189e-05
-2.77155e-06
6.47333e-05
-1.39251e-06
6.34047e-05
-3.57062e-08
6.27071e-05
1.25005e-06
6.25906e-05
2.40817e-06
6.29886e-05
3.43264e-06
6.38192e-05
4.18872e-06
6.50232e-05
4.99796e-06
6.64974e-05
5.11365e-06
6.85317e-05
6.41757e-06
9.23059e-06
0.000109445
-5.60713e-05
0.000112551
-4.10557e-05
0.000113317
-2.05505e-05
0.000113019
-1.14254e-05
0.00011271
-5.34337e-06
0.000113144
-1.72611e-06
0.000114319
1.39722e-07
0.000116067
1.31855e-06
0.000118278
2.23334e-06
0.000120869
2.94242e-06
0.000123758
3.46423e-06
0.000126873
3.84192e-06
0.000130151
4.10997e-06
0.00013353
4.27916e-06
0.000136951
4.35119e-06
0.000140354
4.33372e-06
0.000143546
4.06682e-06
0.000146463
3.71486e-06
0.000149087
3.32809e-06
0.0001514
2.90089e-06
0.000153388
2.44539e-06
0.000155049
1.98502e-06
0.000156384
1.53903e-06
0.000157404
1.11517e-06
0.000158117
7.12368e-07
0.000158535
3.26365e-07
0.00015867
-4.26777e-08
0.000158529
-3.96245e-07
0.00015812
-7.50759e-07
0.000157452
-1.09118e-06
0.000156534
-1.41858e-06
0.000155377
-1.73056e-06
0.000153991
-2.02493e-06
0.000152389
-2.2993e-06
0.000150586
-2.55298e-06
0.000148593
-2.7858e-06
0.000146426
-2.99669e-06
0.000144099
-3.18589e-06
0.000141625
-3.35525e-06
0.000139018
-3.50623e-06
0.000136293
-3.63899e-06
0.000133461
-3.75316e-06
0.000130538
-3.84827e-06
0.000127537
-3.92363e-06
0.000124473
-3.97821e-06
0.000121362
-4.0109e-06
0.00011822
-4.02081e-06
0.000115062
-4.00797e-06
0.000111904
-3.97413e-06
0.000108759
-3.92379e-06
0.000105636
-3.86507e-06
0.000102539
-3.80999e-06
9.94648e-05
-3.77379e-06
9.64013e-05
-3.77331e-06
9.33275e-05
-3.82406e-06
9.02157e-05
-3.9366e-06
8.70346e-05
-4.11257e-06
8.3755e-05
-4.34158e-06
8.03558e-05
-4.60006e-06
7.68304e-05
-4.85266e-06
7.31923e-05
-5.05682e-06
6.94779e-05
-5.16943e-06
6.57463e-05
-5.15411e-06
6.20755e-05
-4.98726e-06
5.85556e-05
-4.661e-06
5.52807e-05
-4.18264e-06
5.234e-05
-3.57141e-06
4.98106e-05
-2.85411e-06
4.77522e-05
-2.06088e-06
4.62034e-05
-1.22273e-06
4.51811e-05
-3.70249e-07
4.46808e-05
4.64608e-07
4.46765e-05
1.25435e-06
4.51239e-05
1.96076e-06
4.597e-05
2.58659e-06
4.71329e-05
3.0258e-06
4.85953e-05
3.53553e-06
5.01876e-05
3.52139e-06
5.23062e-05
4.2989e-06
6.73307e-06
9.33263e-05
-6.24226e-05
8.97535e-05
-3.74829e-05
8.50002e-05
-1.57972e-05
8.10048e-05
-7.43e-06
7.86425e-05
-2.9811e-06
7.78286e-05
-9.12213e-07
7.79866e-05
-1.82244e-08
7.874e-05
5.65169e-07
7.99219e-05
1.05145e-06
8.14348e-05
1.42949e-06
8.31984e-05
1.70057e-06
8.51466e-05
1.89374e-06
8.72255e-05
2.03107e-06
8.93869e-05
2.11779e-06
9.1584e-05
2.15411e-06
9.37725e-05
2.14522e-06
9.58248e-05
2.01448e-06
9.76976e-05
1.84209e-06
9.93759e-05
1.64979e-06
0.000100843
1.43333e-06
0.000102088
1.20055e-06
0.000103107
9.66397e-07
0.000103904
7.42433e-07
0.000104486
5.32257e-07
0.000104865
3.34117e-07
0.000105047
1.44296e-07
0.000105041
-3.72903e-08
0.000104856
-2.10872e-07
0.000104493
-3.87945e-07
0.00010396
-5.57529e-07
0.000103261
-7.20381e-07
0.000102406
-8.7525e-07
0.000101402
-1.02087e-06
0.000100258
-1.15584e-06
9.89854e-05
-1.27986e-06
9.75925e-05
-1.39296e-06
9.60904e-05
-1.49454e-06
9.44893e-05
-1.58477e-06
9.2799e-05
-1.66496e-06
9.10288e-05
-1.73608e-06
8.9188e-05
-1.7982e-06
8.72859e-05
-1.85104e-06
8.53319e-05
-1.89431e-06
8.33359e-05
-1.92763e-06
8.13081e-05
-1.95038e-06
7.92591e-05
-1.96186e-06
7.71998e-05
-1.96156e-06
7.51414e-05
-1.9495e-06
7.3094e-05
-1.92674e-06
7.10662e-05
-1.89601e-06
6.90633e-05
-1.86221e-06
6.70858e-05
-1.83245e-06
6.51277e-05
-1.81569e-06
6.31759e-05
-1.82156e-06
6.12105e-05
-1.85864e-06
5.92061e-05
-1.93223e-06
5.71356e-05
-2.04206e-06
5.49747e-05
-2.18064e-06
5.27074e-05
-2.33278e-06
5.03317e-05
-2.477e-06
4.78634e-05
-2.58851e-06
4.53374e-05
-2.64343e-06
4.28064e-05
-2.62304e-06
4.03359e-05
-2.5168e-06
3.79982e-05
-2.32331e-06
3.58649e-05
-2.0493e-06
3.40006e-05
-1.7071e-06
3.24584e-05
-1.31199e-06
3.12775e-05
-8.79948e-07
3.04815e-05
-4.26706e-07
3.0079e-05
3.22873e-08
3.00627e-05
4.80823e-07
3.04124e-05
9.04698e-07
3.10913e-05
1.28187e-06
3.20619e-05
1.61598e-06
3.32468e-05
1.84091e-06
3.46664e-05
2.11593e-06
3.61039e-05
2.08388e-06
3.79922e-05
2.41058e-06
4.35333e-06
7.347e-05
-5.91239e-05
6.21408e-05
-2.61537e-05
5.42477e-05
-7.90413e-06
4.97631e-05
-2.94539e-06
4.77669e-05
-9.84874e-07
4.71438e-05
-2.89167e-07
4.71411e-05
-1.54639e-08
4.7498e-05
2.0822e-07
4.81382e-05
4.11246e-07
4.90029e-05
5.64783e-07
5.0033e-05
6.70524e-07
5.11815e-05
7.45235e-07
5.24135e-05
7.99052e-07
5.36983e-05
8.33027e-07
5.50057e-05
8.46647e-07
5.63082e-05
8.42715e-07
5.75304e-05
7.92342e-07
5.86465e-05
7.25946e-07
5.96459e-05
6.50368e-07
6.05159e-05
5.63397e-07
6.12471e-05
4.69309e-07
6.18379e-05
3.75621e-07
6.22927e-05
2.87605e-07
6.26188e-05
2.06212e-07
6.28231e-05
1.29824e-07
6.29107e-05
5.66257e-08
6.28871e-05
-1.36591e-08
6.27573e-05
-8.10373e-08
6.25205e-05
-1.51157e-07
6.21809e-05
-2.1799e-07
6.17425e-05
-2.81994e-07
6.12101e-05
-3.42773e-07
6.05889e-05
-3.99754e-07
5.98853e-05
-4.52227e-07
5.91056e-05
-5.0015e-07
5.82563e-05
-5.43602e-07
5.7344e-05
-5.8228e-07
5.63755e-05
-6.16287e-07
5.53569e-05
-6.46338e-07
5.42937e-05
-6.72936e-07
5.31916e-05
-6.96064e-07
5.20561e-05
-7.15555e-07
5.08931e-05
-7.31292e-07
4.97086e-05
-7.43099e-07
4.85089e-05
-7.50681e-07
4.73007e-05
-7.53692e-07
4.6091e-05
-7.51885e-07
4.48868e-05
-7.45257e-07
4.36944e-05
-7.34328e-07
4.25188e-05
-7.20397e-07
4.13623e-05
-7.05766e-07
4.02236e-05
-6.93763e-07
3.90964e-05
-6.8848e-07
3.79691e-05
-6.94219e-07
3.68251e-05
-7.14642e-07
3.56446e-05
-7.51731e-07
3.44073e-05
-8.04761e-07
3.30963e-05
-8.69633e-07
3.17024e-05
-9.38844e-07
3.02277e-05
-1.0023e-06
2.8688e-05
-1.0489e-06
2.71131e-05
-1.06853e-06
2.5544e-05
-1.05389e-06
2.40288e-05
-1.00162e-06
2.26179e-05
-9.1237e-07
2.13586e-05
-7.90028e-07
2.02919e-05
-6.40451e-07
1.94502e-05
-4.70256e-07
1.88561e-05
-2.85876e-07
1.85229e-05
-9.34836e-08
1.84544e-05
1.00818e-07
1.86446e-05
2.90611e-07
1.90795e-05
4.69804e-07
1.97324e-05
6.29002e-07
2.05796e-05
7.68689e-07
2.15576e-05
8.62949e-07
2.27037e-05
9.69802e-07
2.38106e-05
9.77027e-07
2.5229e-05
9.92213e-07
2.29304e-06
4.88072e-05
-4.01709e-05
3.32742e-05
-1.06207e-05
2.70719e-05
-1.7019e-06
2.46482e-05
-5.21688e-07
2.38084e-05
-1.45052e-07
2.3568e-05
-4.87497e-08
2.35588e-05
-6.23695e-09
2.37212e-05
4.5752e-08
2.40385e-05
9.39964e-08
2.44752e-05
1.28043e-07
2.49954e-05
1.50334e-07
2.55744e-05
1.66209e-07
2.61955e-05
1.77966e-07
2.68432e-05
1.85341e-07
2.75018e-05
1.88059e-07
2.81575e-05
1.87028e-07
2.87736e-05
1.76219e-07
2.93376e-05
1.61917e-07
2.98429e-05
1.45108e-07
3.02811e-05
1.25211e-07
3.06467e-05
1.03652e-07
3.09398e-05
8.25626e-08
3.11641e-05
6.32525e-08
3.13247e-05
4.5695e-08
3.14252e-05
2.92788e-08
3.14684e-05
1.34399e-08
3.14566e-05
-1.87213e-09
3.13921e-05
-1.64905e-08
3.12733e-05
-3.23482e-08
3.11025e-05
-4.72071e-08
3.08818e-05
-6.13673e-08
3.06139e-05
-7.48199e-08
3.03015e-05
-8.74093e-08
2.99482e-05
-9.88591e-08
2.95573e-05
-1.09269e-07
2.91323e-05
-1.18643e-07
2.86769e-05
-1.26885e-07
2.81947e-05
-1.34034e-07
2.76887e-05
-1.4032e-07
2.71616e-05
-1.45886e-07
2.66163e-05
-1.50706e-07
2.60554e-05
-1.54731e-07
2.54821e-05
-1.57936e-07
2.48993e-05
-1.6028e-07
2.43103e-05
-1.61678e-07
2.37186e-05
-1.62032e-07
2.3128e-05
-1.61267e-07
2.25421e-05
-1.59381e-07
2.19643e-05
-1.56512e-07
2.13969e-05
-1.53011e-07
2.08406e-05
-1.49497e-07
2.02937e-05
-1.46851e-07
1.97514e-05
-1.46138e-07
1.92056e-05
-1.48441e-07
1.86456e-05
-1.5464e-07
1.8059e-05
-1.65125e-07
1.74338e-05
-1.7954e-07
1.67608e-05
-1.96647e-07
1.60363e-05
-2.1436e-07
1.5264e-05
-2.30013e-07
1.44559e-05
-2.40824e-07
1.36318e-05
-2.44409e-07
1.28172e-05
-2.39221e-07
1.20403e-05
-2.24755e-07
1.13294e-05
-2.01487e-07
1.071e-05
-1.70591e-07
1.02031e-05
-1.33601e-07
9.82498e-06
-9.21125e-08
9.58662e-06
-4.75113e-08
9.49433e-06
-1.20252e-09
9.54966e-06
4.54876e-08
9.74913e-06
9.11404e-08
1.00848e-05
1.34172e-07
1.05412e-05
1.72595e-07
1.11046e-05
2.05256e-07
1.1738e-05
2.29552e-07
1.24604e-05
2.47361e-07
1.31667e-05
2.70728e-07
1.39581e-05
2.00889e-07
7.24363e-07
1.96379e-05
9.01726e-06
7.31536e-06
6.79367e-06
6.64862e-06
6.59987e-06
6.59364e-06
6.63939e-06
6.73338e-06
6.86143e-06
7.01176e-06
7.17797e-06
7.35594e-06
7.54128e-06
7.72934e-06
7.91636e-06
8.09258e-06
8.2545e-06
8.39961e-06
8.52482e-06
8.62847e-06
8.71103e-06
8.77429e-06
8.81998e-06
8.84926e-06
8.8627e-06
8.86083e-06
8.84434e-06
8.81199e-06
8.76478e-06
8.70341e-06
8.62859e-06
8.54119e-06
8.44233e-06
8.33306e-06
8.21441e-06
8.08753e-06
7.95349e-06
7.81318e-06
7.66729e-06
7.51658e-06
7.36185e-06
7.20392e-06
7.04364e-06
6.88196e-06
6.71993e-06
6.55866e-06
6.39928e-06
6.24277e-06
6.08976e-06
5.94026e-06
5.79341e-06
5.64727e-06
5.49883e-06
5.34419e-06
5.17906e-06
4.99952e-06
4.80288e-06
4.58852e-06
4.3585e-06
4.11768e-06
3.87327e-06
3.63405e-06
3.4093e-06
3.20781e-06
3.03722e-06
2.90362e-06
2.8115e-06
2.76399e-06
2.76279e-06
2.80828e-06
2.89942e-06
3.03359e-06
3.20619e-06
3.41144e-06
3.64099e-06
3.88835e-06
4.15908e-06
4.35997e-06
)
;

boundaryField
{
    inlet
    {
        type            calculated;
        value           nonuniform List<scalar> 
25
(
-0.00119618
-0.00105581
-0.000931914
-0.000822558
-0.000726034
-0.000640837
-0.000565637
-0.000499262
-0.000440675
-0.000388964
-0.00034332
-0.000303033
-0.000267473
-0.000236086
-0.000208382
-0.00018393
-0.000162346
-0.000143295
-0.00012648
-0.000111638
-9.8538e-05
-8.69749e-05
-7.67687e-05
-6.77602e-05
-5.98088e-05
)
;
    }
    outlet
    {
        type            calculated;
        value           nonuniform List<scalar> 
25
(
0.000911248
0.0010011
0.00099813
0.00092976
0.000832166
0.000732776
0.000644684
0.000569397
0.00050372
0.000444301
0.000388988
0.000336863
0.000287952
0.000242849
0.000202308
0.000166834
0.000136478
0.000110868
8.93026e-05
7.0901e-05
5.48038e-05
4.03719e-05
2.72893e-05
1.55267e-05
5.08433e-06
)
;
    }
    fixedWalls
    {
        type            calculated;
        value           uniform 0;
    }
    frontAndBack
    {
        type            empty;
        value           nonuniform 0();
    }
}


// ************************************************************************* //
