/*--------------------------------*- C++ -*----------------------------------*\
| =========                 |                                                 |
| \\      /  F ield         | OpenFOAM: The Open Source CFD Toolbox           |
|  \\    /   O peration     | Version:  v1912                                 |
|   \\  /    A nd           | Website:  www.openfoam.com                      |
|    \\/     M anipulation  |                                                 |
\*---------------------------------------------------------------------------*/
FoamFile
{
    version     2.0;
    format      ascii;
    class       volVectorField;
    location    "850";
    object      U;
}
// * * * * * * * * * * * * * * * * * * * * * * * * * * * * * * * * * * * * * //

dimensions      [0 1 -1 0 0 0 0];


internalField   nonuniform List<vector> 
2000
(
(0.84616 0.187394 0)
(0.515133 0.124089 0)
(0.223448 0.0684415 0)
(0.0598068 0.0174443 6.19507e-20)
(-0.00455617 -0.0232232 1.20679e-17)
(-0.0642033 -0.0384872 1.04231e-17)
(-0.0776009 -0.0372471 0)
(-0.0715949 -0.016659 0)
(-0.0590606 0.0117118 0)
(-0.0421582 0.0254666 2.36686e-17)
(-0.0415843 0.0109778 -1.45008e-17)
(-0.0273671 -0.000621434 -1.3619e-17)
(-0.0163175 -0.00266726 0)
(-0.0200715 -0.00264042 0)
(-0.0219063 -0.00226995 -1.08192e-17)
(-0.0168726 0.000848281 0)
(-0.0105733 0.00349407 9.73929e-18)
(-0.00962191 0.00623768 3.09913e-21)
(-0.01063 0.00612813 9.41495e-18)
(-0.011396 0.00488868 -4.64691e-18)
(-0.0112571 0.00278225 9.18716e-18)
(-0.0100646 0.000804395 0)
(-0.00791265 -0.0001994 0)
(-0.0053938 -0.00062973 -6.50508e-23)
(-0.00309971 -0.000794509 0)
(-0.00127359 -0.000812997 -4.51695e-18)
(-5.21353e-05 -0.000749522 0)
(0.000643129 -0.000668593 4.52613e-18)
(0.00103905 -0.000653914 0)
(0.00132622 -0.000659495 0)
(0.00159951 -0.00058567 0)
(0.00187525 -0.000475565 1.14944e-18)
(0.00213799 -0.000387268 0)
(0.0023769 -0.000349806 -5.83404e-19)
(0.00257905 -0.000350497 1.9471e-14)
(0.00271927 -0.000367474 1.94576e-14)
(0.0027903 -0.000402918 6.0169e-19)
(0.00273457 -0.000495655 -6.09196e-19)
(0.00255138 -0.000634907 0)
(0.00223944 -0.000788818 2.50592e-18)
(0.00177751 -0.000934419 0)
(0.0011306 -0.0010596 -2.58831e-18)
(0.000256682 -0.00115218 0)
(-0.000899765 -0.00119658 -5.35693e-18)
(-0.0023877 -0.00121426 2.72152e-18)
(-0.00424416 -0.00129459 0)
(-0.00655257 -0.00148461 0)
(-0.00946759 -0.00169465 -2.85556e-18)
(-0.013308 -0.00161552 0)
(-0.0186854 -0.000655626 2.93324e-18)
(-0.0265775 0.00188414 0)
(-0.0382695 0.00630043 5.915e-18)
(-0.0551528 0.0120524 -5.8652e-18)
(-0.0783771 0.0177416 5.74459e-18)
(-0.108295 0.0214649 -2.74419e-18)
(-0.144001 0.0213721 0)
(-0.1834 0.0162668 2.33291e-18)
(-0.223573 0.00600175 -2.07593e-18)
(-0.26078 -0.00839192 -4.08249e-18)
(-0.290184 -0.0247023 3.30449e-18)
(-0.306912 -0.0397079 -3.25739e-18)
(-0.309433 -0.0502085 3.48154e-18)
(-0.303075 -0.0562469 -3.97009e-18)
(-0.288114 -0.0591676 4.7739e-18)
(-0.265642 -0.0600081 -1.22301e-20)
(-0.236498 -0.059502 7.15968e-18)
(-0.201099 -0.0578528 0)
(-0.159616 -0.0550476 0)
(-0.112316 -0.0510745 7.63633e-20)
(-0.0599473 -0.0459724 0)
(-0.00378437 -0.0396756 1.99021e-17)
(0.0559792 -0.0318465 0)
(0.119598 -0.0223405 1.98877e-17)
(0.186586 -0.0113192 -4.88207e-19)
(0.256198 0.000972323 1.71686e-17)
(0.329738 0.0142304 2.98679e-17)
(0.403719 0.0280798 7.34387e-19)
(0.491323 0.0420645 -1.01487e-17)
(0.557219 0.0545352 -6.53068e-18)
(0.713699 0.0652553 0)
(1.0153 0.210384 0)
(0.944633 0.194211 0)
(0.804475 0.179983 -3.52875e-18)
(0.654422 0.152313 7.28787e-18)
(0.509224 0.111169 0)
(0.360042 0.0683704 -7.28868e-18)
(0.216493 0.0293252 0)
(0.0821323 -0.00530893 0)
(-0.0282879 -0.01804 0)
(-0.0562034 -0.0189156 -1.7309e-17)
(-0.0667324 -0.0249883 1.57466e-17)
(-0.0718834 -0.0159767 1.44437e-17)
(-0.0637614 0.00640357 0)
(-0.0508837 0.02072 6.32292e-18)
(-0.0545099 0.00998912 0)
(-0.0483043 -0.00293934 0)
(-0.0376348 -0.00402696 0)
(-0.0329316 -0.00109685 5.26999e-18)
(-0.0367025 0.000899296 -1.03363e-17)
(-0.038889 0.000900548 -5.09141e-18)
(-0.0395828 6.99707e-05 0)
(-0.0384902 -0.00112757 0)
(-0.035771 -0.00235276 0)
(-0.0325253 -0.00294223 -7.41335e-18)
(-0.0293627 -0.00274144 0)
(-0.0265494 -0.00194119 4.95102e-18)
(-0.0243299 -0.000877461 2.48299e-18)
(-0.0228718 4.00221e-06 0)
(-0.0222402 0.000376805 0)
(-0.0223019 0.000408604 0)
(-0.0228764 0.000232499 0)
(-0.0237327 4.00992e-05 -6.32709e-19)
(-0.0247002 -0.000120691 0)
(-0.0257181 -0.000217499 3.20262e-19)
(-0.0268052 -0.000211823 1.61348e-19)
(-0.0280303 -8.47862e-05 0)
(-0.0294387 0.000147734 0)
(-0.0310572 0.000454509 6.62859e-19)
(-0.0329484 0.000817043 0)
(-0.0351334 0.00123246 -1.3527e-18)
(-0.0376295 0.00170664 0)
(-0.0404445 0.00225007 -1.38245e-18)
(-0.0435865 0.00286842 0)
(-0.0470586 0.00355165 1.41314e-18)
(-0.0508489 0.00428436 1.43025e-18)
(-0.0549253 0.00510251 0)
(-0.059257 0.00618935 0)
(-0.0638378 0.00792116 -2.96975e-18)
(-0.0686565 0.0108172 0)
(-0.0736772 0.0154783 1.38604e-20)
(-0.0789219 0.0224384 0)
(-0.084593 0.0318351 0)
(-0.0910539 0.0429706 0)
(-0.0986324 0.0541909 0)
(-0.107073 0.0631507 6.03657e-18)
(-0.114854 0.0673939 0)
(-0.119549 0.0649464 -5.49102e-18)
(-0.119215 0.0549174 2.65573e-18)
(-0.112388 0.0382715 -2.31223e-18)
(-0.0951844 0.0178094 -4.8805e-18)
(-0.0634492 -0.00469167 5.02386e-18)
(-0.045412 -0.0306261 -5.53806e-18)
(-0.020219 -0.0512544 6.47975e-18)
(0.00762365 -0.0659427 0)
(0.0385163 -0.0762894 -1.29205e-17)
(0.0729456 -0.0837567 -9.64521e-18)
(0.111686 -0.0890539 0)
(0.154927 -0.0921668 5.7332e-18)
(0.202298 -0.092789 1.25532e-17)
(0.253208 -0.0907043 0)
(0.306991 -0.0858183 0)
(0.36306 -0.0781138 0)
(0.420936 -0.0677348 0)
(0.480357 -0.0550246 -1.36218e-17)
(0.541072 -0.0405268 5.93775e-18)
(0.603937 -0.0249103 -1.17722e-17)
(0.667375 -0.00911483 1.01632e-17)
(0.739169 0.00582245 -3.46861e-18)
(0.796089 0.0174649 0)
(0.911758 0.0229799 0)
(0.978489 0.201538 0)
(0.978854 0.193006 -2.78552e-18)
(0.969154 0.205111 3.48122e-18)
(0.939083 0.208532 -3.06025e-18)
(0.878034 0.194606 2.88485e-18)
(0.785605 0.168719 2.84289e-18)
(0.669349 0.138081 0)
(0.541012 0.106021 0)
(0.40822 0.0750633 0)
(0.285943 0.0459344 6.86596e-18)
(0.173879 0.018021 0)
(0.0721776 -0.00640556 0)
(-0.0214749 -0.0141536 0)
(-0.0469109 -0.00385613 -7.1838e-18)
(-0.0508322 -0.011681 0)
(-0.0586948 -0.0181539 -6.05055e-18)
(-0.0592964 -0.0112546 0)
(-0.0481145 0.00906255 5.8756e-18)
(-0.0464835 0.0164828 2.87251e-18)
(-0.050907 0.0125871 0)
(-0.0532643 0.00614809 -2.78951e-18)
(-0.0550521 -0.000294144 0)
(-0.0556684 -0.00470019 0)
(-0.0547668 -0.00653434 5.43548e-18)
(-0.0532148 -0.00661047 0)
(-0.052035 -0.00572857 1.35806e-18)
(-0.0518346 -0.00421972 -4.07686e-18)
(-0.0526303 -0.00222586 0)
(-0.0539926 -0.000209869 0)
(-0.0554712 0.00125513 -6.81458e-19)
(-0.0570779 0.0022026 0)
(-0.0587929 0.00271976 1.11222e-22)
(-0.0605361 0.00295106 0)
(-0.0622614 0.00306135 6.90692e-19)
(-0.0639743 0.00321475 8.68858e-20)
(-0.0657479 0.00347013 0)
(-0.0676437 0.00381928 1.76371e-19)
(-0.0696802 0.0042262 -3.55696e-19)
(-0.0718436 0.00468289 -3.58901e-19)
(-0.0741056 0.00519123 -7.24739e-19)
(-0.0764318 0.00575548 7.32232e-19)
(-0.0787862 0.00638052 7.39541e-19)
(-0.0811392 0.00706209 0)
(-0.0834506 0.00777269 1.51612e-18)
(-0.0856096 0.00847624 -3.07448e-18)
(-0.0873532 0.00918913 0)
(-0.0882581 0.0100871 -1.59001e-18)
(-0.0878448 0.0115638 3.24366e-18)
(-0.0855814 0.0141029 0)
(-0.080813 0.0182907 -1.69783e-18)
(-0.0728353 0.0246307 1.7814e-18)
(-0.0611421 0.0333906 -1.84892e-18)
(-0.0453765 0.0436835 -1.91831e-18)
(-0.0255134 0.0539652 0)
(-0.00177455 0.0620082 -3.94768e-18)
(0.0258852 0.0652712 -1.88828e-18)
(0.0573595 0.0614609 1.63725e-18)
(0.0908351 0.0497159 1.53299e-18)
(0.124765 0.0290789 2.56952e-18)
(0.156532 0.00232459 0)
(0.186602 -0.0240377 0)
(0.214216 -0.0460243 0)
(0.24233 -0.064316 -1.31116e-18)
(0.273916 -0.0800451 0)
(0.309921 -0.0937605 3.21546e-18)
(0.349789 -0.105419 0)
(0.392573 -0.114657 -1.98546e-18)
(0.437386 -0.120995 -4.4603e-18)
(0.483426 -0.124001 0)
(0.530018 -0.12343 -2.47446e-18)
(0.576674 -0.119282 2.57921e-18)
(0.623136 -0.111827 0)
(0.669352 -0.101589 0)
(0.71551 -0.0892706 0)
(0.761855 -0.075714 -5.4124e-18)
(0.809264 -0.0618426 0)
(0.857033 -0.0488428 -1.886e-18)
(0.910109 -0.0378203 3.37052e-18)
(0.95299 -0.0311496 0)
(1.03532 -0.0302084 3.93431e-19)
(0.970611 0.209117 0)
(0.963917 0.194765 1.52496e-18)
(0.96643 0.198514 0)
(0.977152 0.206407 1.69425e-18)
(0.982034 0.208884 -3.00372e-18)
(0.968293 0.204266 -1.3408e-18)
(0.930748 0.193726 0)
(0.870757 0.177878 0)
(0.79113 0.156581 0)
(0.695411 0.131331 1.35079e-18)
(0.58948 0.10541 1.38256e-18)
(0.48005 0.0806999 0)
(0.369264 0.0579964 0)
(0.266647 0.0376064 0)
(0.17965 0.0185394 0)
(0.100391 0.00267261 6.39957e-18)
(0.0300555 -0.00993221 -3.38665e-18)
(-0.0310549 -0.00937934 0)
(-0.0328213 0.00101059 -3.28215e-18)
(-0.0347035 0.00245967 1.61812e-18)
(-0.0346438 0.00136194 3.21041e-18)
(-0.0358999 -0.00129923 0)
(-0.0391079 -0.00398044 0)
(-0.0434889 -0.00523916 -3.11951e-18)
(-0.0472001 -0.00436044 0)
(-0.0494926 -0.00166291 -1.54361e-18)
(-0.0511693 0.00173089 1.54317e-18)
(-0.0536771 0.00425025 0)
(-0.0558203 0.00543104 0)
(-0.0580791 0.0059846 7.66756e-19)
(-0.060039 0.00605509 0)
(-0.061682 0.00578196 -7.69752e-19)
(-0.062956 0.00533014 0)
(-0.0638424 0.00487486 -1.94734e-19)
(-0.0644656 0.00465137 -9.81014e-20)
(-0.0649126 0.00474818 -2.47499e-20)
(-0.0652049 0.00512871 -2.99931e-19)
(-0.0652465 0.00572001 4.04293e-19)
(-0.064957 0.00641411 4.09332e-19)
(-0.0642669 0.00714889 1.24533e-18)
(-0.0630951 0.00790035 -4.21185e-19)
(-0.0613584 0.00865186 4.28433e-19)
(-0.0589994 0.00937108 0)
(-0.0559662 0.0099776 8.91964e-19)
(-0.0521465 0.0102867 9.13088e-19)
(-0.0472289 0.0099886 0)
(-0.0407366 0.00870538 1.93449e-18)
(-0.032771 0.00639188 9.99031e-19)
(-0.0225838 0.00379533 0)
(-0.00997312 0.00153143 -3.262e-18)
(0.00653149 0.000177183 -2.23329e-18)
(0.0279704 0.000347393 1.10827e-18)
(0.0542459 0.00187873 2.17107e-18)
(0.0859547 0.00389496 0)
(0.123113 0.00486141 9.83261e-19)
(0.164869 0.00296487 2.68815e-18)
(0.209921 -0.00337248 1.58925e-18)
(0.256179 -0.0146785 -1.39261e-18)
(0.303087 -0.029827 -6.43592e-19)
(0.348941 -0.0471997 0)
(0.393242 -0.0660073 0)
(0.435998 -0.0849574 0)
(0.478082 -0.102982 1.71235e-18)
(0.520297 -0.119448 6.4543e-19)
(0.562573 -0.133869 0)
(0.604241 -0.145688 -1.56386e-18)
(0.64458 -0.154329 1.7395e-18)
(0.683087 -0.159343 -1.87385e-18)
(0.719506 -0.160506 -2.02199e-18)
(0.753825 -0.157858 1.27112e-19)
(0.78626 -0.151707 -2.42127e-18)
(0.817234 -0.142582 0)
(0.847306 -0.131185 0)
(0.877154 -0.11831 0)
(0.907387 -0.104822 0)
(0.938917 -0.0916036 0)
(0.97141 -0.0797064 3.67937e-18)
(1.0082 -0.0699743 -1.34643e-18)
(1.03844 -0.0643304 0)
(1.09567 -0.0626009 -4.24196e-19)
(0.972988 0.216082 0)
(0.965831 0.201808 1.8707e-18)
(0.959206 0.1956 2.49224e-19)
(0.961489 0.195546 1.90716e-18)
(0.972668 0.197536 0)
(0.985519 0.199235 -1.60741e-18)
(0.992497 0.199295 0)
(0.988452 0.196253 -3.62523e-19)
(0.970218 0.189033 0)
(0.935631 0.177562 -1.60572e-18)
(0.884731 0.162749 -1.24292e-18)
(0.819618 0.145667 -3.15425e-19)
(0.743324 0.126729 3.13113e-19)
(0.658087 0.106111 0)
(0.569157 0.0852835 3.13167e-19)
(0.47934 0.0662431 0)
(0.393491 0.0502681 2.65421e-18)
(0.3141 0.0363417 -3.51303e-19)
(0.247074 0.0242763 0)
(0.192399 0.014727 -1.89937e-18)
(0.147778 0.00792441 0)
(0.110714 0.00340908 0)
(0.0798806 0.000820734 0)
(0.0539891 -0.000621109 0)
(0.0324741 -0.0015909 -2.2168e-19)
(0.0157003 -0.00203476 0)
(0.00281462 -0.00139123 0)
(-0.00263531 0.000688142 1.15593e-19)
(-0.00511793 0.00211734 0)
(-0.0051673 0.00311574 0)
(-0.00384307 0.00368201 0)
(-0.00159688 0.00393255 -5.87317e-20)
(0.000982486 0.00398752 0)
(0.0044357 0.00376936 -2.67874e-19)
(0.00745711 0.00424202 0)
(0.0111348 0.00507468 3.01154e-20)
(0.0155493 0.00558325 1.51353e-19)
(0.0208843 0.00555824 3.03956e-20)
(0.0273129 0.0052498 -6.10038e-20)
(0.0349092 0.00476086 -4.89302e-19)
(0.0438393 0.00407619 -4.89882e-19)
(0.0543213 0.00316674 4.89701e-19)
(0.0665544 0.00200406 -1.22139e-19)
(0.0807356 0.00054724 -9.72807e-19)
(0.0970689 -0.00127068 9.66266e-19)
(0.115539 -0.00351926 -1.19763e-19)
(0.136372 -0.00629455 0)
(0.159007 -0.00965903 -9.38813e-19)
(0.183604 -0.0135585 0)
(0.210259 -0.0178209 9.18452e-19)
(0.238965 -0.0220908 0)
(0.269925 -0.0262276 8.96965e-19)
(0.303458 -0.0301956 0)
(0.339924 -0.034204 -2.12298e-19)
(0.37955 -0.0387716 -8.06874e-19)
(0.422225 -0.0446468 -7.4883e-19)
(0.467364 -0.0525994 1.73979e-19)
(0.513907 -0.0631807 0)
(0.560446 -0.0766959 5.44562e-19)
(0.605561 -0.0926202 -1.37391e-19)
(0.648391 -0.109967 0)
(0.688535 -0.127381 1.37006e-19)
(0.725865 -0.143605 -5.33683e-19)
(0.76031 -0.15778 -5.89168e-19)
(0.791679 -0.169324 0)
(0.819746 -0.177778 1.47658e-18)
(0.84443 -0.1828 0)
(0.865903 -0.184235 1.83222e-18)
(0.884585 -0.182157 2.01064e-18)
(0.901095 -0.176851 2.17582e-18)
(0.916189 -0.168787 2.70866e-19)
(0.930694 -0.158567 0)
(0.945437 -0.14688 0)
(0.961213 -0.134449 0)
(0.978636 -0.122019 -2.69827e-19)
(0.998453 -0.110317 0)
(1.02029 -0.100148 -1.67602e-18)
(1.04664 -0.0921614 1.65049e-18)
(1.06864 -0.0875772 1.0404e-19)
(1.11229 -0.0863266 4.51129e-20)
(0.974194 0.218514 -1.23233e-18)
(0.970935 0.206364 1.19275e-18)
(0.965119 0.198172 -2.82019e-19)
(0.961139 0.194112 0)
(0.962197 0.191942 0)
(0.96826 0.190544 0)
(0.977772 0.189885 0)
(0.988502 0.189481 1.25237e-18)
(0.997432 0.188308 0)
(1.00093 0.185358 -1.11966e-18)
(0.995773 0.179955 -1.39574e-18)
(0.979839 0.171905 3.20015e-19)
(0.952674 0.161434 9.66816e-19)
(0.914336 0.148646 0)
(0.865647 0.133743 -1.47553e-18)
(0.80825 0.117845 0)
(0.746068 0.102471 -1.17958e-18)
(0.683644 0.0879751 2.95028e-19)
(0.622836 0.0743865 -1.23411e-18)
(0.565749 0.0621129 -9.50334e-19)
(0.513198 0.0513535 0)
(0.465537 0.0420948 0)
(0.422941 0.0342178 -6.83123e-19)
(0.385363 0.0276151 0)
(0.352667 0.0221523 -5.42416e-19)
(0.324643 0.017652 0)
(0.300887 0.0138479 0)
(0.281176 0.0104761 -9.5597e-20)
(0.265369 0.00757167 0)
(0.253128 0.00513688 0)
(0.244107 0.00309937 0)
(0.238022 0.00137525 5.05171e-20)
(0.234547 -0.00011223 2.04758e-19)
(0.233723 -0.00135069 1.29014e-19)
(0.235315 -0.00280512 0)
(0.239427 -0.00443707 0)
(0.245965 -0.00611251 -2.5964e-20)
(0.254838 -0.00785718 -1.30094e-19)
(0.266025 -0.00975159 5.16965e-20)
(0.279424 -0.0118616 0)
(0.29494 -0.0142374 0)
(0.312506 -0.0169201 -2.04105e-19)
(0.332055 -0.0199467 1.00472e-19)
(0.353512 -0.0233622 -4.00735e-19)
(0.376775 -0.0272213 3.96433e-19)
(0.401692 -0.0315788 9.6969e-20)
(0.428054 -0.0364541 0)
(0.455612 -0.0417235 3.84182e-19)
(0.484187 -0.0472422 0)
(0.513632 -0.0528506 0)
(0.543838 -0.0583736 0)
(0.574798 -0.0636997 0)
(0.606597 -0.0688547 0)
(0.639332 -0.0740662 1.78367e-19)
(0.673008 -0.0797747 0)
(0.707429 -0.0865559 6.70993e-19)
(0.742116 -0.094967 -1.52923e-19)
(0.776312 -0.105352 0)
(0.809084 -0.11766 5.80848e-19)
(0.839509 -0.131304 1.27855e-19)
(0.866862 -0.145377 5.67001e-19)
(0.890681 -0.158886 -1.32251e-19)
(0.910764 -0.170944 0)
(0.927127 -0.180899 -6.61622e-19)
(0.939944 -0.188314 0)
(0.949519 -0.192909 0)
(0.956312 -0.194551 -8.52818e-19)
(0.960958 -0.19327 0)
(0.964229 -0.189265 0)
(0.966968 -0.18288 -1.06352e-18)
(0.970022 -0.174571 -2.9567e-19)
(0.974186 -0.164863 0)
(0.980157 -0.154322 0)
(0.98853 -0.143522 0)
(0.999687 -0.133035 3.01484e-19)
(1.01411 -0.123415 -1.03067e-18)
(1.03125 -0.11524 -2.40221e-19)
(1.05318 -0.108985 -1.88612e-19)
(1.07173 -0.105369 -1.17832e-19)
(1.11017 -0.104498 -2.40768e-19)
(0.974501 0.21901 4.3546e-18)
(0.973757 0.208036 -4.18132e-18)
(0.971714 0.200425 0)
(0.969159 0.196211 -2.53686e-18)
(0.967053 0.192937 0)
(0.966166 0.189312 -2.23688e-18)
(0.967419 0.185818 0)
(0.971669 0.183008 2.97882e-18)
(0.978978 0.18073 -3.69861e-18)
(0.988283 0.178484 1.68879e-18)
(0.99769 0.175773 1.57885e-18)
(1.00497 0.172151 0)
(1.00811 0.167266 -4.27078e-18)
(1.00544 0.1607 -2.72021e-18)
(0.995587 0.152111 3.82342e-18)
(0.977795 0.141797 0)
(0.953045 0.130626 1.17112e-18)
(0.923753 0.119347 0)
(0.891694 0.108146 1.1676e-18)
(0.858158 0.0970047 1.1673e-18)
(0.824184 0.086131 0)
(0.790761 0.0758034 0)
(0.758771 0.0662267 -6.39299e-19)
(0.728885 0.0575067 0)
(0.701548 0.0496268 6.20877e-19)
(0.676994 0.0425019 0)
(0.655343 0.0360373 0)
(0.63663 0.0301451 0)
(0.620884 0.0247346 0)
(0.608046 0.0197207 0)
(0.598038 0.0150233 0)
(0.590792 0.0105729 0)
(0.586226 0.00629939 1.76967e-19)
(0.584219 0.00214085 -8.58675e-20)
(0.584534 -0.00204587 4.3971e-20)
(0.587274 -0.00629116 0)
(0.592339 -0.0105652 0)
(0.599536 -0.0148772 8.62219e-20)
(0.60872 -0.019279 -3.52005e-19)
(0.619755 -0.0238123 3.51558e-19)
(0.632499 -0.0285032 0)
(0.646801 -0.033373 8.71533e-19)
(0.662504 -0.0384425 -6.98995e-19)
(0.679438 -0.043732 -3.57613e-19)
(0.697413 -0.0492574 -3.3871e-19)
(0.716217 -0.0550193 0)
(0.735615 -0.0609824 0)
(0.755372 -0.0670574 -1.03296e-18)
(0.775283 -0.0731373 0)
(0.795193 -0.0791145 0)
(0.815006 -0.0848943 0)
(0.834697 -0.0904408 7.04146e-19)
(0.854294 -0.0958288 1.40685e-18)
(0.873826 -0.101266 0)
(0.893256 -0.107079 0)
(0.912404 -0.11364 -6.49789e-19)
(0.93091 -0.121268 0)
(0.94824 -0.130096 1.2944e-18)
(0.96376 -0.139993 6.86666e-19)
(0.97685 -0.150535 0)
(0.98705 -0.161105 6.99693e-19)
(0.994146 -0.17102 1.33416e-18)
(0.998195 -0.179645 1.40511e-18)
(0.99949 -0.186483 7.13267e-19)
(0.998492 -0.191214 -1.61449e-18)
(0.995768 -0.193671 1.74493e-18)
(0.991971 -0.193821 2.83012e-18)
(0.987809 -0.191755 0)
(0.98401 -0.187675 0)
(0.981273 -0.181876 1.19508e-18)
(0.980224 -0.17472 0)
(0.981395 -0.166614 2.49924e-18)
(0.985207 -0.157991 2.53229e-18)
(0.991992 -0.149294 0)
(1.00191 -0.140969 2.40282e-18)
(1.01526 -0.133446 -1.04123e-18)
(1.0314 -0.127164 0)
(1.05222 -0.122467 0)
(1.06988 -0.119799 0)
(1.10678 -0.119347 -1.93111e-19)
(0.974733 0.218938 -3.3545e-18)
(0.975458 0.208201 3.21123e-18)
(0.976056 0.201058 -6.23667e-18)
(0.975936 0.197366 2.86919e-18)
(0.974875 0.19446 0)
(0.9732 0.190786 2.52984e-18)
(0.971487 0.186584 -4.84283e-18)
(0.970473 0.182339 -4.48998e-18)
(0.970994 0.17813 -7.92478e-20)
(0.973704 0.17395 0)
(0.978806 0.169868 0)
(0.985964 0.165856 3.5964e-18)
(0.994363 0.161685 3.29162e-18)
(1.00284 0.15694 -3.27744e-18)
(1.00995 0.151228 -8.89758e-18)
(1.01427 0.144451 0)
(1.0149 0.136908 0)
(1.01186 0.128902 0)
(1.00564 0.120422 0)
(0.996717 0.11145 0)
(0.985583 0.102193 0)
(0.972869 0.0929279 0)
(0.959259 0.0838669 1.24005e-18)
(0.945383 0.0751242 -2.58647e-18)
(0.931764 0.0667343 0)
(0.918811 0.0586973 0)
(0.906841 0.0510054 0)
(0.896098 0.0436287 0)
(0.886747 0.0365072 0)
(0.87889 0.0295969 -6.62179e-19)
(0.87259 0.0228697 0)
(0.867884 0.0162959 0)
(0.864775 0.00984058 1.26175e-20)
(0.863205 0.00343895 0)
(0.863077 -0.00277053 -4.10197e-20)
(0.864339 -0.00884664 0)
(0.866903 -0.0148707 1.7071e-19)
(0.870644 -0.0208723 0)
(0.87545 -0.0268685 6.72516e-19)
(0.881212 -0.032875 -3.30628e-19)
(0.887813 -0.038904 -6.88826e-19)
(0.895126 -0.0449642 -6.65019e-19)
(0.903018 -0.0510621 6.67416e-19)
(0.911349 -0.0572004 6.70239e-19)
(0.919969 -0.0633755 1.4012e-18)
(0.928723 -0.0695706 1.40996e-18)
(0.937455 -0.0757481 0)
(0.946019 -0.0818441 -7.436e-19)
(0.95431 -0.0877826 0)
(0.962265 -0.0934941 0)
(0.969876 -0.0989351 -1.47944e-18)
(0.97718 -0.104115 -7.23022e-19)
(0.984241 -0.109123 4.7714e-20)
(0.991109 -0.114135 0)
(0.997772 -0.119395 0)
(1.00411 -0.125164 0)
(1.00988 -0.131651 1.49371e-18)
(1.01471 -0.138934 -1.40014e-18)
(1.01822 -0.146909 -1.38953e-18)
(1.02003 -0.155277 0)
(1.01994 -0.163591 -1.42776e-18)
(1.01794 -0.171345 9.50492e-20)
(1.01422 -0.178068 -1.575e-18)
(1.00917 -0.183393 1.75606e-18)
(1.00327 -0.187084 -4.76401e-20)
(0.997042 -0.189029 -1.97719e-18)
(0.991049 -0.189208 -2.14096e-18)
(0.985823 -0.187688 0)
(0.981863 -0.18461 0)
(0.97961 -0.180182 0)
(0.979433 -0.174669 0)
(0.981627 -0.168381 -2.83623e-18)
(0.986419 -0.161664 -2.87189e-18)
(0.994001 -0.154885 0)
(1.00445 -0.148424 -2.72286e-18)
(1.018 -0.142644 4.90832e-18)
(1.03406 -0.137905 0)
(1.05449 -0.134447 0)
(1.07176 -0.132587 0)
(1.10762 -0.13235 9.13655e-19)
(0.975035 0.218502 8.34004e-18)
(0.977127 0.207476 0)
(0.979623 0.200809 1.42748e-17)
(0.980942 0.19772 0)
(0.980747 0.195178 6.21347e-18)
(0.979838 0.19182 0)
(0.978655 0.187904 5.47267e-18)
(0.977181 0.183662 0)
(0.975604 0.178993 -5.03638e-18)
(0.974439 0.173897 0)
(0.97427 0.168549 8.88048e-18)
(0.975577 0.163112 -4.11089e-18)
(0.978659 0.157621 0)
(0.983537 0.151978 7.30718e-18)
(0.989866 0.146033 -1.87028e-19)
(0.996991 0.139703 -6.68154e-18)
(1.00405 0.133126 6.47571e-18)
(1.01036 0.12639 0)
(1.01555 0.119354 0)
(1.01936 0.111922 6.08603e-18)
(1.02166 0.104162 0)
(1.02251 0.096214 -2.96079e-18)
(1.02211 0.0881959 0)
(1.02073 0.0801829 2.80435e-18)
(1.01864 0.0722193 0)
(1.01612 0.0643331 2.89628e-18)
(1.01338 0.0565404 0)
(1.01062 0.04884 0)
(1.008 0.0412207 1.44713e-18)
(1.00562 0.0336821 6.95521e-19)
(1.00358 0.026231 0)
(1.00195 0.0188702 0)
(1.00074 0.0116014 -1.08713e-18)
(0.999992 0.00442767 0)
(0.999659 -0.00255838 0)
(0.999709 -0.00940991 0)
(1.00013 -0.0161866 -1.77993e-19)
(1.00088 -0.0228988 0)
(1.00191 -0.0295415 -1.1054e-18)
(1.00317 -0.0361147 -7.50482e-19)
(1.00461 -0.0426206 7.24613e-19)
(1.00616 -0.0490595 0)
(1.00776 -0.0554295 0)
(1.00935 -0.0617261 1.54301e-18)
(1.01085 -0.0679407 -1.4972e-18)
(1.01222 -0.0740563 -1.51347e-18)
(1.01338 -0.0800445 0)
(1.0143 -0.0858637 -5.83089e-20)
(1.01496 -0.0914687 1.63314e-18)
(1.01541 -0.0968255 0)
(1.01568 -0.101927 1.62601e-18)
(1.01588 -0.10681 1.7016e-18)
(1.01608 -0.111565 -1.66842e-18)
(1.01637 -0.116341 0)
(1.01673 -0.121327 0)
(1.01711 -0.126714 0)
(1.01734 -0.132648 -1.68133e-18)
(1.01718 -0.139176 0)
(1.01636 -0.146213 0)
(1.01468 -0.153537 0)
(1.01203 -0.160815 3.66064e-18)
(1.00845 -0.167673 -1.80295e-18)
(1.00412 -0.173753 0)
(0.999332 -0.178766 -2.00289e-18)
(0.994454 -0.182507 -2.22516e-18)
(0.989862 -0.184851 4.61673e-18)
(0.985927 -0.185747 -4.89151e-18)
(0.982989 -0.18521 -5.1726e-18)
(0.981351 -0.183319 0)
(0.981274 -0.180221 -5.69499e-18)
(0.98298 -0.176122 0)
(0.986659 -0.171285 0)
(0.992477 -0.166018 0)
(1.00061 -0.160661 5.98805e-18)
(1.01115 -0.155568 -5.73514e-18)
(1.02441 -0.151074 -7.9977e-18)
(1.03987 -0.147481 0)
(1.05942 -0.144956 3.60752e-18)
(1.07594 -0.143708 0)
(1.11025 -0.143547 -1.50415e-18)
(0.975434 0.21769 -9.46017e-18)
(0.979143 0.20609 -9.20868e-18)
(0.983423 0.200245 -1.64407e-17)
(0.98558 0.197996 0)
(0.985486 0.195678 -1.41279e-17)
(0.984786 0.192413 -6.73039e-18)
(0.9842 0.188726 0)
(0.983452 0.184719 1.19953e-17)
(0.982353 0.180193 1.11976e-17)
(0.981033 0.175095 0)
(0.979702 0.169516 -1.00433e-17)
(0.978603 0.163553 0)
(0.97805 0.15727 0)
(0.978376 0.150691 8.70838e-18)
(0.979804 0.14382 8.07125e-18)
(0.982396 0.13669 -1.82318e-19)
(0.986006 0.129512 1.84344e-19)
(0.990363 0.12244 0)
(0.995174 0.115375 0)
(1.0001 0.108199 -6.9737e-18)
(1.00479 0.100886 -7.06455e-18)
(1.00904 0.0934777 1.0354e-17)
(1.01274 0.0860174 3.45102e-18)
(1.01588 0.0785359 3.42279e-18)
(1.01847 0.0710509 0)
(1.02058 0.0635721 -3.27168e-18)
(1.02225 0.0561039 0)
(1.02353 0.0486468 0)
(1.02449 0.0412006 -3.30535e-18)
(1.02515 0.0337719 0)
(1.02556 0.0263733 0)
(1.02575 0.0190191 0)
(1.02574 0.0117259 8.20064e-19)
(1.02557 0.00452854 -4.27595e-19)
(1.02528 -0.0025586 2.13663e-19)
(1.02488 -0.00953394 0)
(1.0244 -0.01641 0)
(1.02386 -0.0231897 0)
(1.02324 -0.0298687 8.33993e-19)
(1.02254 -0.0364457 8.38896e-19)
(1.02175 -0.042921 -1.7502e-18)
(1.02088 -0.049294 0)
(1.0199 -0.0555627 0)
(1.01883 -0.0617237 -3.53034e-18)
(1.01764 -0.0677709 -1.81389e-18)
(1.01634 -0.0736931 0)
(1.01492 -0.0794725 0)
(1.01341 -0.0850853 1.82379e-18)
(1.01183 -0.0905077 5.65542e-20)
(1.01025 -0.0957274 0)
(1.00875 -0.100754 0)
(1.00739 -0.10563 -1.9355e-18)
(1.00627 -0.110437 0)
(1.00544 -0.115294 0)
(1.0049 -0.120347 0)
(1.00459 -0.125739 0)
(1.00439 -0.131574 0)
(1.00411 -0.137885 -4.16505e-18)
(1.00357 -0.144605 0)
(1.00261 -0.151564 0)
(1.00114 -0.158507 1.67173e-19)
(0.999182 -0.165136 0)
(0.996846 -0.171155 0)
(0.994324 -0.176301 0)
(0.991853 -0.180369 9.98207e-18)
(0.989677 -0.183218 -5.23017e-18)
(0.988031 -0.184765 5.5337e-18)
(0.987132 -0.184994 1.43702e-20)
(0.987175 -0.183949 0)
(0.988341 -0.181746 6.42456e-18)
(0.990803 -0.178568 -6.54338e-18)
(0.994741 -0.174662 0)
(1.00034 -0.170328 0)
(1.00784 -0.165905 -1.4614e-19)
(1.0174 -0.161739 6.48408e-18)
(1.02943 -0.158155 5.97613e-18)
(1.04354 -0.155407 0)
(1.06164 -0.153621 -4.09497e-18)
(1.07703 -0.15282 0)
(1.1095 -0.152742 1.13371e-18)
(0.975986 0.216474 0)
(0.981692 0.204215 2.12132e-17)
(0.987769 0.199647 1.88203e-17)
(0.990441 0.198411 0)
(0.990122 0.196236 8.02888e-18)
(0.989271 0.192974 -7.76954e-18)
(0.988772 0.189389 0)
(0.988281 0.185463 -1.35636e-17)
(0.987611 0.180999 0)
(0.986852 0.175995 0)
(0.98604 0.170512 0)
(0.985145 0.164577 0)
(0.984206 0.1582 0)
(0.983343 0.151386 1.82805e-19)
(0.982702 0.144142 -9.52775e-18)
(0.982426 0.13652 -1.82177e-19)
(0.98266 0.128776 1.8359e-19)
(0.9835 0.121146 0)
(0.984945 0.113609 0)
(0.986875 0.106091 0)
(0.989102 0.0985717 -2.02553e-19)
(0.991462 0.0910728 2.06471e-19)
(0.99384 0.08362 -3.95189e-18)
(0.996164 0.0762235 -3.92074e-18)
(0.998379 0.0688802 0)
(1.00044 0.061581 -3.98521e-18)
(1.00231 0.0543164 3.97267e-18)
(1.00397 0.0470779 0)
(1.00539 0.0398595 1.92496e-18)
(1.00655 0.0326618 1.98307e-18)
(1.00745 0.0254928 0)
(1.00809 0.0183665 0)
(1.00846 0.0112978 1.00205e-18)
(1.0086 0.00432381 -1.48656e-20)
(1.00855 -0.00258682 -4.94706e-19)
(1.00834 -0.00940413 0)
(1.00798 -0.0161203 0)
(1.00751 -0.0227419 -1.01126e-18)
(1.00693 -0.0292715 0)
(1.00626 -0.0357089 -1.02137e-18)
(1.00551 -0.0420535 -5.89321e-20)
(1.00469 -0.0483051 0)
(1.00381 -0.0544621 2.08833e-18)
(1.00288 -0.0605219 4.15635e-18)
(1.00192 -0.0664797 2.07024e-18)
(1.00093 -0.0723271 0)
(0.999939 -0.0780518 -4.35272e-18)
(0.998959 -0.0836385 0)
(0.99803 -0.0890737 -2.17599e-18)
(0.997199 -0.0943533 0)
(0.996526 -0.0994917 0)
(0.996071 -0.104528 0)
(0.995887 -0.109533 0)
(0.996006 -0.114602 0)
(0.996418 -0.119851 -4.77729e-18)
(0.997069 -0.125392 4.81035e-18)
(0.997853 -0.131304 0)
(0.99863 -0.13761 4.72646e-18)
(0.999247 -0.144256 -4.91821e-18)
(0.999572 -0.151101 0)
(0.99952 -0.157934 -4.91361e-18)
(0.999079 -0.164499 0)
(0.998301 -0.17053 0)
(0.997295 -0.175781 0)
(0.996199 -0.180046 -5.6816e-18)
(0.995162 -0.183171 6.02234e-18)
(0.994331 -0.185056 -6.29056e-18)
(0.993851 -0.185666 1.31373e-17)
(0.993874 -0.18503 -6.8383e-18)
(0.994567 -0.183256 0)
(0.996123 -0.180526 7.3889e-18)
(0.998775 -0.177094 -7.44143e-18)
(1.00279 -0.173272 0)
(1.00849 -0.16941 -1.17295e-19)
(1.01615 -0.165856 -7.10439e-18)
(1.02628 -0.162939 0)
(1.03859 -0.160859 0)
(1.05508 -0.159743 -4.56999e-18)
(1.06927 -0.159299 0)
(1.10037 -0.159491 -1.28606e-18)
(0.976761 0.214804 0)
(0.984936 0.20201 -1.22216e-17)
(0.992771 0.199204 -1.07028e-17)
(0.995649 0.198991 0)
(0.994983 0.196871 1.84248e-17)
(0.993957 0.193635 1.73989e-17)
(0.993389 0.19014 0)
(0.992829 0.186205 1.56638e-17)
(0.992161 0.181685 -1.48745e-17)
(0.99156 0.176662 0)
(0.991075 0.171202 0)
(0.990636 0.165313 0)
(0.990183 0.158988 0)
(0.989696 0.15221 -1.13212e-17)
(0.989165 0.144966 -1.11255e-17)
(0.988598 0.137281 1.02264e-17)
(0.988069 0.129389 -3.02719e-17)
(0.9877 0.12154 0)
(0.987572 0.113753 0)
(0.98769 0.10599 9.70091e-18)
(0.988003 0.0982514 1.89729e-17)
(0.988458 0.0905689 -9.28967e-18)
(0.989024 0.0829717 0)
(0.989681 0.0754707 0)
(0.990406 0.0680619 -4.65852e-18)
(0.991174 0.0607347 9.17758e-18)
(0.991953 0.0534774 -9.15481e-18)
(0.992715 0.0462788 0)
(0.993432 0.0391294 0)
(0.994077 0.0320253 -2.25994e-18)
(0.994628 0.0249697 0)
(0.995072 0.0179703 2.33022e-18)
(0.995399 0.0110403 -1.14188e-18)
(0.995632 0.00417911 -1.44989e-20)
(0.995779 -0.00262289 -7.2696e-21)
(0.995843 -0.00934144 0)
(0.99584 -0.0159687 0)
(0.995788 -0.0225119 -2.89904e-20)
(0.995695 -0.0289749 1.18343e-18)
(0.995568 -0.0353571 3.53975e-18)
(0.995415 -0.0416574 4.72941e-18)
(0.995248 -0.0478752 2.41029e-18)
(0.995073 -0.0540095 -2.37123e-18)
(0.9949 -0.0600577 -2.3921e-18)
(0.994735 -0.0660155 2.47251e-18)
(0.994587 -0.0718759 0)
(0.994468 -0.0776293 4.9349e-18)
(0.994394 -0.0832649 -5.10587e-18)
(0.99439 -0.088774 0)
(0.99449 -0.0941567 0)
(0.994732 -0.0994282 0)
(0.995159 -0.104625 0)
(0.995802 -0.109806 0)
(0.996676 -0.115054 0)
(0.997765 -0.120462 5.39455e-18)
(0.999014 -0.126121 -1.09864e-17)
(1.00033 -0.132093 -5.59772e-18)
(1.0016 -0.138393 5.64222e-18)
(1.00267 -0.14497 5.54565e-18)
(1.00343 -0.1517 -5.77114e-18)
(1.00378 -0.158394 5.87066e-18)
(1.00366 -0.164819 0)
(1.00306 -0.170728 6.16666e-18)
(1.00202 -0.17588 -6.36633e-18)
(1.0006 -0.180068 0)
(0.998874 -0.18313 -1.36496e-17)
(0.996958 -0.184962 7.10148e-18)
(0.994978 -0.185524 -1.4851e-17)
(0.993111 -0.184856 7.74247e-18)
(0.991582 -0.18308 0)
(0.990679 -0.1804 8.22501e-18)
(0.990745 -0.177095 8.47934e-18)
(0.992164 -0.173499 -8.45409e-18)
(0.995371 -0.169977 -8.45682e-18)
(1.00074 -0.16688 8.14701e-18)
(1.00886 -0.164536 0)
(1.0195 -0.163086 0)
(1.0348 -0.162709 5.2602e-18)
(1.0482 -0.162636 0)
(1.0792 -0.163463 1.48394e-18)
(0.977833 0.212617 1.6206e-17)
(0.988995 0.19965 0)
(0.998472 0.199058 -2.40943e-17)
(1.00125 0.199733 2.18286e-17)
(1.00018 0.19759 -2.08161e-17)
(0.99903 0.194434 1.99654e-17)
(0.998399 0.191033 0)
(0.997724 0.187058 1.60212e-19)
(0.996946 0.182455 1.67933e-17)
(0.996278 0.177367 0)
(0.995792 0.171857 0)
(0.995442 0.165931 0)
(0.995188 0.159586 2.77068e-17)
(0.995003 0.152813 0)
(0.994848 0.145595 2.46901e-17)
(0.994672 0.13794 0)
(0.994465 0.130056 4.61799e-17)
(0.994268 0.122182 0)
(0.994123 0.114345 0)
(0.994032 0.106519 -2.2081e-17)
(0.993975 0.098712 -1.08144e-17)
(0.993934 0.0909548 0)
(0.993915 0.0832782 0)
(0.993933 0.0756967 0)
(0.994 0.0682111 5.26014e-18)
(0.994117 0.0608155 -5.24301e-18)
(0.994283 0.0535014 -1.07967e-19)
(0.994486 0.0462597 0)
(0.994717 0.0390815 5.33875e-18)
(0.994962 0.0319624 0)
(0.995208 0.024904 0)
(0.995444 0.0179101 -2.63389e-18)
(0.995666 0.0109876 1.34982e-18)
(0.995868 0.0041308 -1.44121e-20)
(0.996052 -0.00265891 3.29846e-19)
(0.996215 -0.00936847 0)
(0.996362 -0.0159925 0)
(0.996505 -0.0225358 1.32847e-18)
(0.996647 -0.0290021 -1.33412e-18)
(0.996793 -0.0353916 -2.68204e-18)
(0.996946 -0.0417041 -2.69824e-18)
(0.997112 -0.0479393 -2.71676e-18)
(0.997295 -0.0540965 0)
(0.997498 -0.0601735 0)
(0.997725 -0.0661661 -2.78583e-18)
(0.997981 -0.0720683 -5.7411e-18)
(0.998271 -0.0778719 0)
(0.998604 -0.0835683 1.16129e-17)
(0.998995 -0.0891515 0)
(0.999462 -0.0946229 0)
(1.00003 -0.0999974 -6.0682e-18)
(1.00071 -0.105307 6.13753e-18)
(1.00153 -0.110603 6.20439e-18)
(1.00248 -0.115955 0)
(1.00352 -0.121441 6.32587e-18)
(1.00459 -0.127131 1.26342e-17)
(1.00559 -0.133076 -1.35491e-19)
(1.00641 -0.139278 -6.35194e-18)
(1.00688 -0.145684 0)
(1.00686 -0.152175 6.50257e-18)
(1.00623 -0.158571 1.50409e-19)
(1.00488 -0.164651 0)
(1.00276 -0.170173 -1.40622e-17)
(0.999848 -0.174906 -1.14315e-19)
(0.996166 -0.178646 0)
(0.991796 -0.18124 7.783e-18)
(0.986871 -0.1826 0)
(0.981597 -0.182712 8.47161e-18)
(0.976256 -0.181647 -8.81265e-18)
(0.971207 -0.179562 -9.12736e-18)
(0.96688 -0.176698 -9.46062e-18)
(0.963756 -0.17336 9.61026e-18)
(0.962336 -0.169902 9.7742e-18)
(0.963142 -0.166693 0)
(0.9666 -0.164076 0)
(0.973334 -0.162373 0)
(0.983097 -0.161649 0)
(0.998202 -0.16219 0)
(1.01165 -0.162599 0)
(1.04447 -0.16454 0)
(0.979275 0.209853 1.9879e-17)
(0.993932 0.197332 0)
(1.00486 0.199293 2.72447e-17)
(1.00729 0.200615 -2.19078e-20)
(1.00581 0.198412 0)
(1.00459 0.195393 -4.51499e-17)
(1.00391 0.192068 0)
(1.00315 0.188034 -2.01099e-17)
(1.00229 0.183353 1.93004e-17)
(1.00156 0.178202 -1.83693e-17)
(1.001 0.17263 3.49422e-17)
(1.0006 0.166637 -3.32336e-17)
(1.00031 0.16023 -3.12414e-17)
(1.00015 0.153407 0)
(1.00008 0.146158 2.86367e-17)
(1.00007 0.138485 0)
(1.0001 0.130587 -5.28604e-17)
(1.00016 0.122697 2.61995e-17)
(1.00027 0.114844 0)
(1.0004 0.107005 1.25523e-17)
(1.00052 0.099185 0)
(1.00062 0.0914104 0)
(1.00069 0.0837083 -1.24169e-17)
(1.00075 0.076093 0)
(1.00082 0.068567 0)
(1.0009 0.0611268 0)
(1.001 0.0537664 6.01268e-18)
(1.00112 0.0464789 0)
(1.00126 0.0392566 1.11112e-19)
(1.00141 0.0320965 6.13182e-18)
(1.00158 0.0250004 0)
(1.00175 0.0179716 0)
(1.00192 0.0110095 -1.51373e-18)
(1.00208 0.00412246 7.56174e-19)
(1.00225 -0.00269169 0)
(1.00241 -0.00942833 3.85897e-19)
(1.00257 -0.0160832 7.73643e-19)
(1.00274 -0.0226588 0)
(1.00292 -0.0291584 0)
(1.00312 -0.0355832 3.13393e-18)
(1.00333 -0.0419331 0)
(1.00355 -0.0482074 -3.17339e-18)
(1.00379 -0.054405 3.19686e-18)
(1.00404 -0.060523 0)
(1.00429 -0.0665565 0)
(1.00455 -0.072499 -1.14967e-19)
(1.00481 -0.0783419 0)
(1.00506 -0.0840766 -6.5871e-18)
(1.00531 -0.0896968 6.77569e-18)
(1.00554 -0.095203 0)
(1.00576 -0.100607 6.82225e-18)
(1.00596 -0.105935 1.12302e-19)
(1.00614 -0.11123 -6.9808e-18)
(1.00627 -0.11655 0)
(1.00628 -0.121956 -7.1259e-18)
(1.00611 -0.127506 -7.19361e-18)
(1.00563 -0.133232 1.46581e-17)
(1.00469 -0.139127 0)
(1.00315 -0.14513 7.57132e-18)
(1.00082 -0.15112 7.68517e-18)
(0.997554 -0.156924 1.45607e-19)
(0.993231 -0.162328 0)
(0.987779 -0.167105 2.45131e-17)
(0.981189 -0.171041 8.35503e-18)
(0.97353 -0.173956 -1.75167e-17)
(0.964953 -0.175729 0)
(0.955707 -0.17631 -1.88949e-17)
(0.946135 -0.17573 -1.96588e-17)
(0.936674 -0.174104 1.0225e-17)
(0.927838 -0.171632 1.06232e-17)
(0.920192 -0.168582 -2.18702e-17)
(0.914323 -0.16528 1.1145e-17)
(0.910797 -0.162077 0)
(0.910165 -0.159334 0)
(0.912833 -0.157363 2.18268e-17)
(0.919413 -0.156476 0)
(0.929549 -0.156649 0)
(0.945798 -0.158337 0)
(0.960353 -0.1594 0)
(0.997095 -0.16293 0)
(0.981152 0.206468 -4.34252e-17)
(0.999746 0.195256 -3.76906e-17)
(1.01186 0.199924 -2.99836e-17)
(1.01376 0.201604 -5.62898e-21)
(1.01195 0.199368 0)
(1.01072 0.196531 2.54613e-17)
(1.01001 0.193247 0)
(1.0092 0.189139 0)
(1.00831 0.184389 -2.17051e-17)
(1.00756 0.179184 2.06613e-17)
(1.00697 0.173552 -7.89886e-17)
(1.00653 0.167494 3.73935e-17)
(1.0062 0.161021 3.59574e-17)
(1.00599 0.154136 3.42389e-17)
(1.00589 0.146829 3.77495e-19)
(1.00587 0.139105 0)
(1.00591 0.131158 6.03139e-17)
(1.00603 0.12322 -2.94954e-17)
(1.00621 0.115326 0)
(1.00644 0.107456 -2.91123e-17)
(1.00668 0.0996109 0)
(1.0069 0.0918143 -1.42814e-17)
(1.0071 0.084089 1.3973e-17)
(1.00728 0.0764474 1.41067e-17)
(1.00745 0.0688915 1.40499e-17)
(1.00762 0.0614181 1.40106e-17)
(1.00779 0.0540221 0)
(1.00795 0.0466978 0)
(1.00812 0.0394377 -6.88313e-18)
(1.00828 0.0322404 -6.89378e-18)
(1.00844 0.0251083 0)
(1.00858 0.0180435 0)
(1.00872 0.0110476 -1.75551e-18)
(1.00885 0.00412785 0)
(1.00896 -0.00271804 -4.38858e-19)
(1.00906 -0.0094877 -4.32324e-19)
(1.00915 -0.0161768 1.44618e-20)
(1.00922 -0.0227856 0)
(1.00927 -0.0293167 -3.55369e-18)
(1.0093 -0.0357703 5.79744e-20)
(1.00929 -0.0421452 3.59407e-18)
(1.00924 -0.048439 3.5607e-18)
(1.00913 -0.0546484 -3.58824e-18)
(1.00895 -0.060768 0)
(1.00867 -0.0667908 0)
(1.00828 -0.0727073 7.37709e-18)
(1.00776 -0.0785067 0)
(1.00708 -0.084178 0)
(1.00622 -0.0897124 -1.53749e-17)
(1.00518 -0.0951076 0)
(1.00392 -0.100372 0)
(1.00244 -0.105525 -7.92461e-18)
(1.0007 -0.110604 0)
(0.99868 -0.115655 -8.23989e-18)
(0.9963 -0.120729 0)
(0.993475 -0.125869 0)
(0.990081 -0.131094 -1.69717e-17)
(0.985967 -0.136389 -1.7332e-17)
(0.980962 -0.141687 8.93489e-18)
(0.974899 -0.146868 -8.80891e-18)
(0.967631 -0.151768 -8.9944e-18)
(0.959058 -0.156191 0)
(0.949153 -0.159937 -3.82199e-17)
(0.937976 -0.162823 0)
(0.925694 -0.164713 4.09398e-17)
(0.912581 -0.165531 -2.13517e-17)
(0.899026 -0.165278 2.21377e-17)
(0.885517 -0.16403 2.31063e-17)
(0.872624 -0.161946 0)
(0.860973 -0.15925 -2.50153e-17)
(0.851208 -0.156228 2.58925e-17)
(0.843954 -0.153199 -2.65381e-17)
(0.839779 -0.150499 0)
(0.839199 -0.14846 0)
(0.842554 -0.147355 1.14371e-20)
(0.850407 -0.147482 0)
(0.862239 -0.148718 0)
(0.880913 -0.151746 0)
(0.89752 -0.153641 0)
(0.939996 -0.159138 0)
(0.983507 0.202468 0)
(1.00638 0.193566 1.98096e-19)
(1.01938 0.200873 3.36954e-17)
(1.02068 0.202652 -6.21678e-17)
(1.01864 0.200472 0)
(1.01744 0.197843 0)
(1.01675 0.194564 0)
(1.01591 0.190375 2.5915e-17)
(1.01503 0.185566 0)
(1.01427 0.180309 0)
(1.01368 0.174617 4.45182e-17)
(1.01321 0.168495 -4.27643e-17)
(1.01284 0.161957 3.79897e-19)
(1.01258 0.155007 -3.84432e-17)
(1.01241 0.147637 -3.66249e-17)
(1.01232 0.13985 0)
(1.0123 0.131839 3.80897e-19)
(1.01235 0.123838 0)
(1.01247 0.115884 0)
(1.01263 0.107961 -4.03134e-19)
(1.01281 0.100071 0)
(1.01297 0.0922338 1.60506e-17)
(1.01312 0.0844702 0)
(1.01324 0.0767909 -1.5854e-17)
(1.01334 0.0691973 2.14602e-19)
(1.01342 0.0616862 -1.57448e-17)
(1.01348 0.0542535 -7.96872e-18)
(1.01352 0.0468942 0)
(1.01352 0.0396003 0)
(1.01349 0.0323717 7.98586e-18)
(1.01342 0.0252111 0)
(1.01331 0.0181202 0)
(1.01314 0.0111022 3.9572e-18)
(1.01291 0.00416345 0)
(1.0126 -0.00269556 9.90316e-19)
(1.0122 -0.0094716 0)
(1.01169 -0.0161593 -9.88386e-19)
(1.01107 -0.0227564 -2.01381e-18)
(1.01031 -0.0292629 3.9904e-18)
(1.00941 -0.0356767 -4.01443e-18)
(1.00832 -0.0419935 -4.04216e-18)
(1.00704 -0.0482078 0)
(1.00554 -0.0543127 0)
(1.00379 -0.0602998 0)
(1.00176 -0.0661586 8.49407e-18)
(0.999423 -0.0718769 0)
(0.996761 -0.0774416 0)
(0.99375 -0.08284 0)
(0.990374 -0.0880627 -1.09887e-19)
(0.986623 -0.0931064 0)
(0.98249 -0.0979778 -9.16114e-18)
(0.977967 -0.102696 -9.29443e-18)
(0.973038 -0.107292 -9.43133e-18)
(0.967673 -0.111807 9.46039e-18)
(0.961814 -0.116284 0)
(0.955377 -0.120755 0)
(0.948241 -0.125234 9.88897e-18)
(0.940258 -0.129696 2.00966e-17)
(0.93127 -0.134075 -2.04537e-17)
(0.921126 -0.13826 0)
(0.909709 -0.142102 0)
(0.896969 -0.145434 0)
(0.882946 -0.148089 2.26217e-17)
(0.867789 -0.149928 -2.36046e-17)
(0.851765 -0.150861 -2.43282e-17)
(0.835262 -0.150861 2.53422e-17)
(0.818774 -0.149969 -2.65242e-17)
(0.802885 -0.148302 0)
(0.78824 -0.14604 2.87957e-17)
(0.775514 -0.14342 2.99121e-17)
(0.765365 -0.140721 3.08828e-17)
(0.758408 -0.138247 0)
(0.755168 -0.1363 0)
(0.756101 -0.13518 3.17703e-17)
(0.761465 -0.135114 5.75277e-20)
(0.771764 -0.136392 2.85681e-17)
(0.786303 -0.138789 0)
(0.808358 -0.143264 0)
(0.827619 -0.146128 0)
(0.876985 -0.153815 0)
(0.98634 0.197925 -6.18103e-17)
(1.01372 0.19242 5.31524e-19)
(1.02734 0.202081 -3.64992e-17)
(1.02804 0.203755 3.47496e-17)
(1.02583 0.201734 0)
(1.02461 0.199292 0)
(1.02378 0.195957 0)
(1.02275 0.19166 -2.8946e-17)
(1.02163 0.186764 0)
(1.02061 0.181421 0)
(1.01973 0.175635 5.05967e-17)
(1.01894 0.169417 -3.78602e-19)
(1.01825 0.162786 -4.56275e-17)
(1.01766 0.155746 0)
(1.01715 0.148292 0)
(1.0167 0.140423 0)
(1.01631 0.132333 -7.77217e-17)
(1.01598 0.124256 0)
(1.01571 0.116233 0)
(1.01547 0.108248 3.71955e-17)
(1.01522 0.100306 0)
(1.01493 0.0924226 0)
(1.0146 0.0846182 0)
(1.0142 0.0769024 -1.82751e-17)
(1.01374 0.0692768 -3.62103e-17)
(1.0132 0.0617389 1.81704e-17)
(1.01259 0.0542853 -9.18345e-18)
(1.01189 0.0469139 0)
(1.01109 0.0396105 9.08595e-18)
(1.01018 0.032386 -8.98023e-18)
(1.00914 0.025242 0)
(1.00795 0.0181791 0)
(1.00658 0.0112032 -6.77312e-18)
(1.00501 0.00432223 -2.26962e-18)
(1.00322 -0.00245971 -1.13038e-18)
(1.00119 -0.00913725 0)
(0.998899 -0.0157031 0)
(0.996327 -0.0221524 2.27732e-18)
(0.993455 -0.0284816 4.64026e-18)
(0.990263 -0.0346863 -4.67485e-18)
(0.986729 -0.0407595 4.71412e-18)
(0.982833 -0.0466936 0)
(0.978554 -0.0524795 0)
(0.973876 -0.0581075 0)
(0.968783 -0.0635664 -9.72977e-18)
(0.963265 -0.0688442 9.96377e-18)
(0.957315 -0.0739291 0)
(0.950936 -0.0788107 0)
(0.944137 -0.0834824 -1.02083e-19)
(0.936931 -0.0879442 0)
(0.929339 -0.0922055 1.06436e-17)
(0.921374 -0.0962863 -9.89099e-20)
(0.913039 -0.100217 2.2122e-17)
(0.904317 -0.104035 0)
(0.89516 -0.107777 0)
(0.885484 -0.11147 0)
(0.87517 -0.115119 2.3814e-17)
(0.864075 -0.1187 0)
(0.852045 -0.122149 -2.47457e-17)
(0.838946 -0.125366 0)
(0.824692 -0.128225 -2.59155e-17)
(0.809275 -0.130587 0)
(0.79279 -0.132322 0)
(0.775449 -0.133332 2.82641e-17)
(0.757589 -0.133567 0)
(0.739661 -0.133038 0)
(0.722219 -0.131819 3.19e-17)
(0.705889 -0.130046 0)
(0.691344 -0.127911 -6.93212e-17)
(0.679266 -0.125647 3.59576e-17)
(0.6703 -0.123521 -3.70737e-17)
(0.66503 -0.121808 3.7875e-17)
(0.663932 -0.120779 -3.81924e-17)
(0.667407 -0.120699 4.96783e-20)
(0.675624 -0.121749 9.45102e-20)
(0.689078 -0.124223 -3.30636e-17)
(0.706885 -0.127798 -2.86176e-17)
(0.732784 -0.133717 0)
(0.754835 -0.137603 1.40912e-17)
(0.811479 -0.147538 -6.92835e-18)
(0.989625 0.192955 6.52144e-17)
(1.02178 0.191897 8.5968e-19)
(1.03581 0.203482 6.20228e-19)
(1.03562 0.204915 -3.87274e-17)
(1.0326 0.203033 0)
(1.03029 0.200568 3.59361e-17)
(1.02802 0.196945 0)
(1.02539 0.192332 0)
(1.02262 0.18715 0)
(1.01995 0.181534 0)
(1.01745 0.175495 3.68103e-19)
(1.01514 0.169052 5.40078e-17)
(1.01301 0.162227 0)
(1.01105 0.155025 0)
(1.00923 0.147438 0)
(1.00751 0.139465 -4.52514e-17)
(1.0059 0.131293 -3.69076e-19)
(1.00439 0.123157 0)
(1.00295 0.115094 0)
(1.00154 0.10709 0)
(1.00009 0.0991446 -4.24526e-17)
(0.998566 0.0912747 -2.1083e-17)
(0.99693 0.0834968 0)
(0.995167 0.0758204 2.06888e-17)
(0.993263 0.0682473 4.14718e-17)
(0.991206 0.0607753 -2.06044e-17)
(0.988982 0.0534037 -2.06962e-19)
(0.986569 0.0461213 0)
(0.983956 0.0389369 -2.07402e-17)
(0.981111 0.031862 1.04147e-17)
(0.977997 0.0248886 0)
(0.974589 0.0180202 0)
(0.970868 0.0112658 5.16514e-18)
(0.966817 0.00463508 -2.60717e-20)
(0.962423 -0.00186562 6.50455e-19)
(0.957672 -0.00822952 0)
(0.952553 -0.0144486 -2.65908e-18)
(0.947057 -0.0205165 0)
(0.941178 -0.026429 5.07062e-20)
(0.934908 -0.0321811 5.40624e-18)
(0.928241 -0.0377661 -5.46444e-18)
(0.921174 -0.0431771 -1.11558e-17)
(0.913705 -0.0484064 0)
(0.905838 -0.0534462 -1.14454e-17)
(0.897579 -0.0582883 1.16081e-17)
(0.888942 -0.0629244 -1.16893e-17)
(0.879945 -0.0673474 0)
(0.870616 -0.0715519 -1.21691e-17)
(0.860987 -0.075537 1.22911e-17)
(0.851098 -0.0793075 0)
(0.840984 -0.0828765 0)
(0.830674 -0.0862661 1.29877e-17)
(0.82018 -0.0895056 -1.32343e-17)
(0.809485 -0.0926286 0)
(0.798536 -0.0956664 0)
(0.78724 -0.0986393 0)
(0.775469 -0.101548 -5.72706e-17)
(0.76307 -0.104365 0)
(0.749885 -0.107032 2.97386e-17)
(0.735785 -0.109462 0)
(0.720694 -0.111548 3.12129e-17)
(0.704627 -0.113178 3.22713e-17)
(0.687707 -0.114255 0)
(0.670179 -0.114714 3.44342e-17)
(0.652413 -0.114536 3.57203e-17)
(0.634895 -0.113761 0)
(0.618204 -0.112482 -3.86369e-17)
(0.60299 -0.110849 0)
(0.589935 -0.109057 -2.59049e-20)
(0.579716 -0.107331 1.71052e-20)
(0.572962 -0.105917 0)
(0.570223 -0.105065 2.50216e-20)
(0.571931 -0.105012 4.52168e-17)
(0.578432 -0.105989 -4.42805e-17)
(0.589847 -0.10814 -4.17599e-17)
(0.606662 -0.111763 0)
(0.627767 -0.116435 3.24805e-17)
(0.657471 -0.123685 0)
(0.681994 -0.128554 -1.58276e-17)
(0.745549 -0.140626 7.72858e-18)
(0.993547 0.187731 0)
(1.03075 0.19195 4.79077e-17)
(1.04375 0.204766 4.09045e-17)
(1.03991 0.205563 -1.02122e-19)
(1.03195 0.203214 0)
(1.02391 0.199924 -7.97166e-17)
(1.01577 0.195283 0)
(1.00753 0.189741 7.30591e-17)
(0.999638 0.183769 0)
(0.992407 0.177496 0)
(0.98591 0.170933 3.4302e-19)
(0.980097 0.164095 0)
(0.974888 0.156993 -5.90583e-17)
(0.970194 0.149617 5.6512e-17)
(0.965904 0.141948 5.40666e-17)
(0.961897 0.133971 1.03122e-16)
(0.958154 0.12586 5.04125e-17)
(0.954668 0.117836 0)
(0.951353 0.109928 0)
(0.948105 0.102114 4.93294e-17)
(0.944828 0.0943899 4.86466e-17)
(0.941445 0.0867659 2.41953e-17)
(0.937908 0.079256 0)
(0.93419 0.0718679 0)
(0.930274 0.0646035 -2.40165e-17)
(0.926144 0.0574601 0)
(0.921784 0.0504349 2.4047e-17)
(0.917176 0.0435216 0)
(0.912289 0.0367569 2.41906e-17)
(0.907099 0.0301226 -1.20557e-17)
(0.901588 0.0236105 1.21679e-17)
(0.895743 0.0172305 0)
(0.889556 0.0109927 0)
(0.883022 0.00490579 3.05729e-18)
(0.876139 -0.00102428 0)
(0.868907 -0.00679165 -7.80727e-19)
(0.861329 -0.0123897 3.12813e-18)
(0.85341 -0.0178137 0)
(0.84516 -0.0230608 -6.38632e-18)
(0.836583 -0.0281279 0)
(0.82769 -0.033011 6.58549e-18)
(0.818491 -0.037706 1.32665e-17)
(0.809 -0.0422086 0)
(0.799235 -0.0465149 2.74087e-17)
(0.789217 -0.0506209 -1.38848e-17)
(0.778975 -0.0545232 0)
(0.768542 -0.0582197 0)
(0.757958 -0.0617104 1.46276e-17)
(0.747267 -0.0649991 0)
(0.736514 -0.0680945 0)
(0.725742 -0.071012 -1.55507e-17)
(0.714978 -0.0737733 3.17061e-17)
(0.704229 -0.0764054 0)
(0.693468 -0.0789364 0)
(0.682627 -0.0813905 -3.35854e-17)
(0.671598 -0.083781 0)
(0.660233 -0.0861027 -1.39048e-19)
(0.648365 -0.0883266 -3.55929e-17)
(0.635824 -0.0903982 -3.63406e-17)
(0.622475 -0.0922408 0)
(0.608242 -0.0937644 -3.8085e-17)
(0.593147 -0.0948804 -3.90096e-17)
(0.577324 -0.0955179 0)
(0.561039 -0.0956393 -8.32172e-17)
(0.544686 -0.0952532 -4.30606e-17)
(0.528776 -0.0944199 4.4747e-17)
(0.513912 -0.0932511 4.63917e-17)
(0.500758 -0.0919039 -4.81533e-17)
(0.489999 -0.09057 9.95698e-17)
(0.482297 -0.089463 -5.12317e-17)
(0.47825 -0.0888051 -5.23759e-17)
(0.478368 -0.0888166 -5.29277e-17)
(0.483034 -0.0897004 0)
(0.492559 -0.0916584 0)
(0.506999 -0.094797 0)
(0.526856 -0.0994175 0)
(0.550769 -0.10501 0)
(0.583713 -0.113355 -2.94073e-17)
(0.609897 -0.119052 0)
(0.679152 -0.132958 0)
(0.9988 0.182496 0)
(1.03779 0.192018 0)
(1.04101 0.204231 4.14351e-17)
(1.0221 0.20259 4.4064e-17)
(0.998563 0.197925 0)
(0.976562 0.192299 4.42531e-17)
(0.956638 0.185617 0)
(0.938828 0.178518 -8.24419e-17)
(0.92333 0.171424 0)
(0.910107 0.164392 0)
(0.898869 0.157374 -1.47637e-16)
(0.889256 0.150329 -7.1045e-17)
(0.880944 0.143222 6.78912e-17)
(0.873653 0.136005 -6.50892e-17)
(0.867126 0.128633 -6.23677e-17)
(0.861127 0.121067 -1.19753e-16)
(0.855588 0.113457 0)
(0.850476 0.105991 5.85658e-17)
(0.845652 0.0986824 0)
(0.840959 0.0915017 -1.15362e-16)
(0.83626 0.0844368 5.75605e-17)
(0.831457 0.0774926 0)
(0.826492 0.0706786 -2.86327e-17)
(0.821339 0.0640008 0)
(0.815983 0.0574599 0)
(0.810414 0.0510545 0)
(0.804623 0.044774 0)
(0.798597 0.0386436 0)
(0.792318 0.0326682 -1.43555e-17)
(0.785775 0.0268219 0)
(0.778957 0.0211106 -2.89728e-17)
(0.771859 0.0155457 -7.29696e-18)
(0.764479 0.0101338 0)
(0.75682 0.00488065 0)
(0.748887 -0.000210015 -9.31794e-19)
(0.74069 -0.00513455 9.36188e-19)
(0.73224 -0.00988894 0)
(0.723551 -0.0144707 -3.84267e-18)
(0.714638 -0.0188792 0)
(0.705516 -0.0231137 0)
(0.696198 -0.027173 -1.59439e-17)
(0.686703 -0.0310557 0)
(0.677048 -0.0347606 1.64549e-17)
(0.667258 -0.0382871 -1.66586e-17)
(0.657358 -0.0416347 0)
(0.64738 -0.0448035 0)
(0.637361 -0.047795 0)
(0.627342 -0.0506125 0)
(0.617368 -0.0532625 -1.8248e-17)
(0.607483 -0.0557554 0)
(0.597723 -0.0581064 1.88956e-17)
(0.58811 -0.0603349 -3.85127e-17)
(0.57864 -0.0624631 3.93404e-17)
(0.569272 -0.0645128 4.0074e-17)
(0.559925 -0.0665001 4.07123e-17)
(0.550472 -0.0684304 0)
(0.540751 -0.0702926 4.22153e-17)
(0.530578 -0.0720556 8.61176e-17)
(0.519775 -0.0736676 8.78147e-17)
(0.508197 -0.0750612 -4.48878e-17)
(0.495771 -0.0761619 9.17641e-17)
(0.482525 -0.0769018 4.71046e-17)
(0.468612 -0.0772344 0)
(0.454322 -0.0771482 9.97715e-17)
(0.440078 -0.0766758 0)
(0.426413 -0.0758966 -1.06526e-16)
(0.413945 -0.0749339 5.50752e-17)
(0.403334 -0.0739456 -2.99623e-20)
(0.395235 -0.0731129 -5.84242e-17)
(0.390269 -0.0726285 0)
(0.388977 -0.0726856 6.06406e-17)
(0.391813 -0.0734732 6.09198e-17)
(0.399106 -0.075158 0)
(0.411131 -0.0779143 -5.71233e-17)
(0.427879 -0.0818137 5.33094e-17)
(0.449905 -0.0871603 0)
(0.475551 -0.0933736 0)
(0.510563 -0.102429 3.24067e-17)
(0.537008 -0.108643 0)
(0.609758 -0.123847 0)
(1.00402 0.17724 7.55263e-17)
(1.02676 0.189398 0)
(0.997028 0.196785 -8.70525e-17)
(0.944548 0.189388 0)
(0.895545 0.180292 -4.9747e-17)
(0.856782 0.171509 0)
(0.826286 0.162873 0)
(0.801789 0.154748 0)
(0.782028 0.147246 0)
(0.766051 0.14022 -8.91262e-17)
(0.752991 0.133503 8.57793e-17)
(0.742135 0.126974 -2.05673e-19)
(0.732946 0.120546 0)
(0.725015 0.114139 0)
(0.717996 0.107685 0)
(0.7116 0.101134 1.40434e-16)
(0.705729 0.0946001 0)
(0.70034 0.0882341 -6.8854e-17)
(0.695278 0.0820364 0)
(0.69037 0.0759734 -1.99206e-19)
(0.685466 0.0700297 2.00973e-19)
(0.680464 0.0642058 6.8321e-17)
(0.675312 0.058508 3.40581e-17)
(0.669994 0.0529405 0)
(0.664506 0.047504 -3.42648e-17)
(0.658846 0.0421971 0)
(0.653011 0.0370212 0)
(0.647008 0.031979 0)
(0.640817 0.0270617 1.73589e-17)
(0.634429 0.0222695 -1.74368e-17)
(0.627836 0.0176098 1.74833e-17)
(0.621036 0.0130872 8.79852e-18)
(0.614029 0.0087043 0)
(0.606822 0.00446407 0)
(0.599425 0.000368753 1.1279e-18)
(0.591849 -0.00357979 0)
(0.58411 -0.00737948 0)
(0.576224 -0.0110295 9.3395e-18)
(0.568207 -0.0145306 9.4693e-18)
(0.560074 -0.0178836 -9.59636e-18)
(0.551842 -0.0210888 -2.09538e-20)
(0.543526 -0.0241465 0)
(0.535145 -0.0270575 4.01975e-20)
(0.526722 -0.0298228 0)
(0.51828 -0.0324439 0)
(0.509851 -0.0349228 -2.10512e-17)
(0.501468 -0.0372626 0)
(0.493169 -0.0394683 0)
(0.484994 -0.041547 2.21365e-17)
(0.476982 -0.0435087 0)
(0.469163 -0.0453667 0)
(0.461549 -0.0471368 4.67377e-17)
(0.454126 -0.0488354 6.60332e-20)
(0.446843 -0.0504771 -4.82837e-17)
(0.439606 -0.0520699 -4.91505e-17)
(0.432279 -0.0536115 -4.99521e-17)
(0.424687 -0.0550854 -5.07663e-17)
(0.416643 -0.0564586 -5.15442e-17)
(0.407964 -0.0576833 -1.04964e-16)
(0.398512 -0.0587017 1.06947e-16)
(0.388229 -0.059456 -5.45527e-17)
(0.377165 -0.0598998 -5.58059e-17)
(0.365501 -0.0600115 5.72616e-17)
(0.353557 -0.0598036 4.211e-20)
(0.341772 -0.0593288 -6.04785e-17)
(0.330682 -0.0586782 6.21892e-17)
(0.320881 -0.0579757 2.55913e-20)
(0.312975 -0.0573682 6.55652e-17)
(0.307553 -0.0570148 0)
(0.30515 -0.0570791 0)
(0.30623 -0.0577206 0)
(0.311176 -0.0590954 -6.8004e-17)
(0.320263 -0.0613362 0)
(0.333735 -0.0645906 -1.04906e-19)
(0.351525 -0.0689021 -5.84597e-17)
(0.374264 -0.0745686 0)
(0.39997 -0.0809659 4.49986e-17)
(0.435201 -0.0901784 0)
(0.459921 -0.0964129 0)
(0.532852 -0.112128 1.16121e-17)
(0.997056 0.17083 2.35236e-18)
(0.9601 0.177926 0)
(0.870029 0.174911 4.72674e-17)
(0.779133 0.160013 0)
(0.713814 0.147319 5.62458e-17)
(0.670848 0.137269 0)
(0.640589 0.128658 0)
(0.617604 0.121183 0)
(0.599629 0.114609 1.06275e-16)
(0.58543 0.108658 2.06039e-16)
(0.574033 0.103107 9.96848e-17)
(0.564684 0.0978119 1.92235e-16)
(0.55685 0.092671 0)
(0.550141 0.0876021 8.90392e-17)
(0.544236 0.0825379 8.54891e-17)
(0.538871 0.0774291 -1.63879e-16)
(0.533956 0.0723598 0)
(0.52946 0.0674407 0)
(0.525249 0.0626669 0)
(0.521167 0.0580087 1.61982e-16)
(0.517075 0.0534513 -8.09665e-17)
(0.512887 0.0489931 -8.1063e-17)
(0.508565 0.0446383 -4.06727e-17)
(0.504108 0.0403904 4.07881e-17)
(0.499524 0.0362504 4.08769e-17)
(0.494818 0.0322212 0)
(0.489992 0.0283047 -4.13192e-17)
(0.485058 0.0244687 0)
(0.479995 0.0207348 -2.08267e-17)
(0.47479 0.0171113 2.09506e-17)
(0.469438 0.0135975 -2.11211e-17)
(0.463938 0.0101931 0)
(0.458293 0.00689921 1.07292e-17)
(0.45251 0.00371816 0)
(0.4466 0.000651184 0)
(0.440576 -0.00230095 0)
(0.434451 -0.00513737 0)
(0.428241 -0.00785814 -5.6496e-18)
(0.421962 -0.0104645 -1.14427e-17)
(0.415628 -0.0129579 1.15945e-17)
(0.40925 -0.0153391 -1.21847e-20)
(0.402842 -0.0176094 0)
(0.396421 -0.01977 -2.41944e-17)
(0.390003 -0.0218227 -2.45819e-17)
(0.383612 -0.0237696 0)
(0.377271 -0.0256135 2.5328e-17)
(0.371009 -0.0273578 0)
(0.36486 -0.0290075 0)
(0.358857 -0.0305692 2.65814e-17)
(0.35303 -0.0320513 5.40095e-17)
(0.347404 -0.0334644 0)
(0.341981 -0.0348196 -5.5665e-17)
(0.336741 -0.0361276 -5.65005e-17)
(0.331624 -0.0373957 0)
(0.326532 -0.0386248 5.81291e-17)
(0.321327 -0.0398063 5.89294e-17)
(0.31584 -0.0409202 5.97366e-17)
(0.309889 -0.0419345 6.06138e-17)
(0.303313 -0.0428078 1.2297e-16)
(0.295999 -0.0434957 3.85129e-20)
(0.287918 -0.0439588 -6.35711e-17)
(0.279152 -0.0441729 0)
(0.269909 -0.0441384 -6.61179e-17)
(0.260512 -0.0438861 -1.35212e-16)
(0.251386 -0.0434779 1.38315e-16)
(0.243016 -0.0430036 -7.07329e-17)
(0.235917 -0.0425738 -7.22102e-17)
(0.230597 -0.0423114 0)
(0.227531 -0.0423446 -7.4557e-17)
(0.227149 -0.0428022 0)
(0.22982 -0.0438089 0)
(0.235856 -0.0454871 -7.37892e-17)
(0.245476 -0.047941 0)
(0.2589 -0.0512896 6.77994e-17)
(0.276011 -0.0555548 -6.3038e-17)
(0.297505 -0.0610112 0)
(0.321135 -0.0670361 -4.80271e-17)
(0.354087 -0.0756896 0)
(0.374818 -0.081313 0)
(0.443441 -0.0965027 -1.23019e-17)
(0.943676 0.159905 -7.91334e-17)
(0.792328 0.149734 0)
(0.646348 0.134632 5.27372e-17)
(0.546505 0.116142 0)
(0.491769 0.104368 6.36268e-17)
(0.460751 0.0963062 0)
(0.439189 0.0897584 0)
(0.422464 0.084182 0)
(0.409408 0.0793644 4.7935e-20)
(0.399248 0.0750766 4.90018e-20)
(0.391193 0.0711303 -1.13001e-16)
(0.384626 0.0673999 -1.09246e-16)
(0.379146 0.0638024 0)
(0.37447 0.0602739 -2.02984e-16)
(0.370364 0.0567627 -9.75363e-17)
(0.366634 0.0532308 1.87309e-16)
(0.363219 0.0497343 0)
(0.360104 0.0463481 9.34943e-17)
(0.357195 0.0430677 9.3828e-17)
(0.354366 0.0398708 -9.41017e-17)
(0.351509 0.0367453 0)
(0.348558 0.0336896 -9.48771e-17)
(0.345498 0.0307067 4.76246e-17)
(0.342341 0.0278 -4.78622e-17)
(0.339102 0.0249718 4.81517e-17)
(0.335791 0.022219 0)
(0.332406 0.0195354 -2.68116e-20)
(0.328957 0.0169144 0)
(0.325424 0.0143631 0)
(0.321793 0.011888 0)
(0.31806 0.00948948 -1.32552e-20)
(0.314226 0.00716779 0)
(0.310295 0.00492376 -1.27452e-17)
(0.306274 0.00275862 6.43742e-18)
(0.302173 0.000672782 0)
(0.298002 -0.00133375 0)
(0.293774 -0.00326075 -6.64782e-18)
(0.289502 -0.00510864 0)
(0.285198 -0.00687861 0)
(0.280872 -0.00857192 1.37888e-17)
(0.276533 -0.0101896 -5.69583e-21)
(0.272189 -0.0117327 -2.8306e-17)
(0.267853 -0.0132026 -2.86889e-17)
(0.263538 -0.0146011 2.90723e-17)
(0.25926 -0.0159302 0)
(0.255038 -0.0171923 0)
(0.250895 -0.0183907 0)
(0.246855 -0.0195294 0)
(0.242945 -0.0206137 -3.11597e-17)
(0.239187 -0.0216498 2.03729e-20)
(0.235596 -0.0226447 0)
(0.23217 -0.0236054 0)
(0.228883 -0.024537 6.56497e-17)
(0.225678 -0.025441 0)
(0.222461 -0.0263135 0)
(0.219111 -0.0271428 -6.78953e-17)
(0.215481 -0.0279093 0)
(0.211424 -0.0285861 -6.93402e-17)
(0.206814 -0.0291426 -1.40279e-16)
(0.201579 -0.0295495 -7.09886e-17)
(0.195724 -0.0297858 7.19421e-17)
(0.189352 -0.0298457 0)
(0.182664 -0.0297436 7.41686e-17)
(0.175947 -0.0295163 1.50776e-16)
(0.169554 -0.0292215 -7.6635e-17)
(0.16387 -0.0289335 7.78447e-17)
(0.159283 -0.0287374 7.89365e-17)
(0.156167 -0.0287244 0)
(0.154868 -0.0289875 -2.01153e-20)
(0.155696 -0.0296185 0)
(0.158921 -0.030707 0)
(0.164779 -0.0323421 7.78575e-17)
(0.173433 -0.0346001 0)
(0.185071 -0.0375703 0)
(0.199547 -0.0412594 6.60515e-17)
(0.217555 -0.0458954 -5.94168e-17)
(0.236822 -0.0509235 0)
(0.264475 -0.058181 -4.0145e-17)
(0.279382 -0.062567 0)
(0.337923 -0.0758864 0)
(0.781195 0.136258 0)
(0.508927 0.100281 5.55614e-17)
(0.371088 0.0813082 -5.96841e-17)
(0.305395 0.0671983 6.7368e-17)
(0.276706 0.0601191 -1.20202e-20)
(0.260869 0.0554748 6.88934e-17)
(0.248797 0.0516087 0)
(0.239088 0.0482972 1.33306e-16)
(0.231606 0.0454642 -1.3049e-16)
(0.225889 0.04297 -1.27254e-16)
(0.221388 0.0406902 0)
(0.217719 0.0385429 0)
(0.214661 0.0364778 0)
(0.212059 0.0344574 1.11907e-16)
(0.209775 0.0324502 0)
(0.207697 0.0304335 -1.03656e-16)
(0.205795 0.0284382 0)
(0.204068 0.026508 1.18495e-20)
(0.20246 0.0246402 -1.05414e-16)
(0.200887 0.0228212 0)
(0.199276 0.0210407 0)
(0.197592 0.0192989 1.07831e-16)
(0.195837 0.0175983 0)
(0.194028 0.0159411 5.474e-17)
(0.19218 0.0143291 -5.51582e-17)
(0.190297 0.0127561 0)
(0.188376 0.0112241 5.60468e-17)
(0.186424 0.00973709 0)
(0.184423 0.00828686 0)
(0.182361 0.00687866 0)
(0.180238 0.00551419 2.89874e-17)
(0.178057 0.00419358 0)
(0.17582 0.00291718 0)
(0.173532 0.00168384 -7.45948e-18)
(0.171201 0.000495616 0)
(0.168834 -0.000647345 0)
(0.16644 -0.0017451 -8.96218e-22)
(0.164028 -0.00279807 0)
(0.161605 -0.00380711 0)
(0.159178 -0.00477305 1.75217e-21)
(0.15675 -0.00569662 1.6135e-17)
(0.154327 -0.00657864 3.26591e-17)
(0.151915 -0.00742013 3.30553e-17)
(0.149525 -0.0082223 3.3461e-17)
(0.147163 -0.00898659 0)
(0.144844 -0.00971476 3.42768e-17)
(0.142581 -0.010409 0)
(0.140391 -0.011072 0)
(0.138289 -0.0117071 3.54971e-17)
(0.136291 -0.0123181 8.33515e-21)
(0.134402 -0.0129086 0)
(0.132619 -0.0134818 -7.32766e-17)
(0.130917 -0.0140391 -1.47928e-16)
(0.129253 -0.0145789 0)
(0.127557 -0.015096 7.52292e-17)
(0.125741 -0.0155803 7.57935e-17)
(0.123705 -0.0160176 0)
(0.121351 -0.0163901 0)
(0.118605 -0.0166798 7.74823e-17)
(0.115434 -0.0168721 0)
(0.111862 -0.0169595 0)
(0.107978 -0.016946 0)
(0.103936 -0.0168481 -8.03339e-17)
(0.0999372 -0.0166954 -8.11643e-17)
(0.0962161 -0.0165285 0)
(0.0930177 -0.0163958 -8.27165e-17)
(0.0905825 -0.0163501 -8.3289e-17)
(0.0891363 -0.0164477 8.36307e-17)
(0.0888856 -0.016747 1.67214e-16)
(0.0900198 -0.0172994 0)
(0.0927061 -0.0181591 0)
(0.0970954 -0.0193816 0)
(0.103292 -0.0210141 0)
(0.111428 -0.0231129 -7.30457e-17)
(0.121374 -0.0256763 6.76351e-17)
(0.133686 -0.0288601 6.0516e-17)
(0.146522 -0.0322619 -5.16008e-17)
(0.165612 -0.0372233 -2.43279e-19)
(0.174016 -0.0399306 0)
(0.215433 -0.0495715 1.41232e-17)
(0.40858 0.0780678 8.08228e-17)
(0.16385 0.0347336 -9.41762e-17)
(0.114652 0.0266903 0)
(0.0943069 0.0215935 5.62372e-21)
(0.0870869 0.0193594 -5.33392e-17)
(0.0827438 0.0178883 -5.30703e-17)
(0.0789236 0.0166255 0)
(0.0758038 0.0155392 -1.04193e-16)
(0.0734669 0.014616 0)
(0.0717165 0.0138084 0)
(0.0703399 0.0130732 0)
(0.0692136 0.0123817 0)
(0.0682759 0.0117174 0)
(0.0674807 0.0110685 9.25191e-17)
(0.0667825 0.0104245 0)
(0.0661453 0.00977771 8.72185e-17)
(0.0655622 0.00913789 8.81315e-17)
(0.0650375 0.00851935 -1.79975e-16)
(0.0645499 0.00792145 0)
(0.064067 0.00733955 9.32985e-17)
(0.0635628 0.00676893 -9.4805e-17)
(0.0630279 0.0062103 0)
(0.0624681 0.00566444 -4.88169e-17)
(0.0618929 0.00513219 -4.94903e-17)
(0.0613084 0.00461384 0)
(0.0607155 0.00410911 -5.0786e-17)
(0.060112 0.00361843 5.14122e-17)
(0.0594999 0.00314235 0)
(0.0588707 0.00267914 0)
(0.0582191 0.00222962 2.66135e-17)
(0.0575471 0.00179369 -2.69112e-17)
(0.0568557 0.00137149 0)
(0.0561455 0.00096318 0)
(0.0554192 0.000567537 -6.95063e-18)
(0.0546802 0.000186418 3.51256e-18)
(0.053931 -0.000180236 0)
(0.053175 -0.000532501 7.17437e-18)
(0.0524157 -0.000870563 0)
(0.051656 -0.00119471 0)
(0.0508973 -0.00150522 1.58645e-22)
(0.0501409 -0.00180235 2.98811e-17)
(0.0493887 -0.00208643 0)
(0.0486428 -0.00235785 0)
(0.047906 -0.00261705 -3.07286e-17)
(0.0471815 -0.00286457 3.09976e-17)
(0.0464734 -0.00310108 -3.12561e-17)
(0.045787 -0.00332737 0)
(0.0451282 -0.00354442 3.17384e-17)
(0.044503 -0.00375334 -3.19556e-17)
(0.0439161 -0.00395532 1.72398e-21)
(0.0433694 -0.00415139 0)
(0.0428596 -0.00434217 -2.23653e-21)
(0.042376 -0.00452756 1.30433e-16)
(0.0418993 -0.00470633 0)
(0.0414012 -0.00487589 3.0335e-21)
(0.0408461 -0.00503218 0)
(0.0401958 -0.00516992 0)
(0.0394152 -0.00528314 0)
(0.03848 -0.00536637 6.5619e-17)
(0.037384 -0.0054159 0)
(0.0361441 -0.005431 6.55743e-17)
(0.0348016 -0.00541494 0)
(0.0334196 -0.00537529 0)
(0.0320768 -0.00532357 0)
(0.0308596 -0.00527438 0)
(0.0298553 -0.00524431 -1.27041e-21)
(0.0291471 -0.00525114 0)
(0.0288117 -0.00531375 -1.29542e-16)
(0.0289198 -0.00545267 -6.4114e-17)
(0.0295374 -0.00568322 6.31464e-17)
(0.0307237 -0.00602366 0)
(0.0325347 -0.00649303 0)
(0.0350083 -0.00710738 0)
(0.0381987 -0.00788537 5.39252e-17)
(0.0420435 -0.00882635 3.8807e-20)
(0.0467929 -0.00998171 0)
(0.0516122 -0.011215 3.7436e-17)
(0.059091 -0.0129915 2.95584e-17)
(0.0615668 -0.0139394 0)
(0.0783287 -0.0175884 -1.01168e-17)
)
;

boundaryField
{
    inlet
    {
        type            fixedValue;
        value           uniform (0.97437 0.22495 0);
    }
    outlet
    {
        type            zeroGradient;
    }
    fixedWalls
    {
        type            noSlip;
    }
    frontAndBack
    {
        type            empty;
    }
}


// ************************************************************************* //
