/*--------------------------------*- C++ -*----------------------------------*\
| =========                 |                                                 |
| \\      /  F ield         | OpenFOAM: The Open Source CFD Toolbox           |
|  \\    /   O peration     | Version:  v1912                                 |
|   \\  /    A nd           | Website:  www.openfoam.com                      |
|    \\/     M anipulation  |                                                 |
\*---------------------------------------------------------------------------*/
FoamFile
{
    version     2.0;
    format      ascii;
    class       volScalarField;
    location    "500";
    object      alphat;
}
// * * * * * * * * * * * * * * * * * * * * * * * * * * * * * * * * * * * * * //

dimensions      [0 2 -1 0 0 0 0];


internalField   nonuniform List<scalar> 
4000
(
0.000428727
0.000393412
0.000336322
0.000161718
0.000135971
0.00012435
0.000115681
0.000115129
0.000141245
8.06439e-05
0.000152572
0.000110546
0.000109965
0.000115725
0.000125207
0.000135919
0.000166334
0.000359439
0.000405996
0.000436994
0.000459621
0.000427873
0.000370884
0.00031672
0.0002718
0.000164529
0.000153824
0.000154694
0.000161325
0.000135685
0.000176081
0.000154859
0.000151956
0.000154087
0.00016764
0.000278406
0.00032355
0.000382635
0.000435094
0.000465558
0.000478733
0.000456078
0.000414439
0.000367236
0.000322035
0.000271507
0.000198025
0.000169706
0.000173132
0.000179368
0.000181341
0.000171961
0.000165503
0.000208986
0.000277249
0.000326065
0.000369828
0.000417248
0.000460418
0.000483409
0.00049067
0.00047528
0.000439091
0.000389754
0.000339204
0.000295145
0.000248219
0.000200575
0.000179521
0.000193678
0.000192392
0.000175397
0.00020914
0.000255568
0.000300914
0.000343639
0.000394456
0.000442225
0.000478791
0.000494674
0.000499688
0.000492676
0.000469237
0.000430373
0.000381791
0.000333937
0.000291881
0.000247573
0.000215066
0.000191271
0.000190781
0.000217428
0.00025759
0.000301652
0.000342861
0.000390348
0.000436638
0.00047298
0.000496027
0.000503334
0.000507733
0.000509757
0.000500732
0.000483913
0.000464238
0.000443297
0.000421202
0.000396332
0.000368683
0.000347739
0.000352922
0.000378236
0.000404331
0.000428284
0.000449806
0.000469953
0.000488701
0.00050471
0.000513393
0.000511156
0.000516333
0.000528446
0.000533563
0.000533175
0.00053003
0.000523792
0.000514351
0.000501427
0.000485864
0.000467127
0.000469189
0.000488447
0.000504654
0.000517936
0.000527678
0.000534052
0.000537181
0.000537395
0.000532114
0.000519583
0.000526233
0.00054864
0.000565817
0.00057721
0.000584598
0.000587341
0.000585296
0.000577868
0.000564779
0.000543947
0.000544419
0.000564902
0.000578871
0.00058705
0.000589773
0.000587568
0.000580573
0.000569371
0.00055221
0.0005293
0.000538656
0.000572802
0.000600588
0.000621181
0.000636399
0.000645556
0.000648598
0.000644807
0.000632797
0.000609132
0.000608576
0.00063157
0.000644692
0.000649513
0.000647318
0.000638821
0.000624125
0.000603858
0.000576152
0.000541523
0.000556334
0.000601424
0.000637567
0.000664158
0.000684589
0.000699333
0.000708597
0.000711525
0.000705885
0.00068436
0.000682976
0.000703995
0.000710671
0.000708699
0.000700247
0.000686196
0.000666353
0.000640216
0.000604309
0.000558927
0.000393437
0.000363452
0.000309144
0.000189526
0.000186214
0.000175832
0.000145982
0.000124733
9.80974e-05
0.000250561
8.32214e-05
0.000130861
0.000141673
0.000150951
0.000179415
0.000182738
0.000193267
0.000340274
0.000381252
0.000408233
0.000427919
0.000570905
0.000453889
0.000405002
0.000417273
0.000362901
0.000329497
0.0003602
0.000406715
0.000460731
0.000430936
0.000392553
0.000351048
0.000340544
0.000380307
0.000423919
0.000420118
0.000489292
0.000625743
0.000438658
0.000456124
0.000707645
0.000669746
0.000558161
0.000487049
0.000442091
0.000411041
0.000398344
0.000436509
0.000502721
0.000486917
0.000418424
0.000402565
0.000419716
0.000453618
0.000501363
0.000581475
0.000703998
0.000729747
0.000463833
0.000475319
0.000691106
0.000699794
0.000615314
0.00052228
0.000455336
0.000409022
0.000387674
0.000425621
0.000498574
0.000486751
0.000409508
0.000385811
0.00041708
0.000467812
0.000537858
0.0006351
0.000721261
0.00070576
0.000481587
0.000492705
0.000701415
0.00071807
0.00064383
0.000535969
0.000456924
0.000400653
0.000361289
0.000355009
0.000428344
0.00042546
0.000350024
0.000362445
0.000406537
0.000464102
0.000543245
0.000651552
0.000729422
0.000713245
0.00049802
0.000509772
0.00072564
0.000758027
0.000709147
0.000610414
0.000511709
0.000446799
0.000394704
0.000359845
0.000358403
0.000358836
0.000360529
0.000397179
0.000450798
0.00051576
0.000617684
0.000717022
0.000767549
0.000736278
0.000514386
0.000528448
0.000748867
0.000798274
0.000793574
0.000750913
0.000670702
0.000569901
0.000496542
0.000451065
0.000428916
0.000432005
0.000455017
0.000500563
0.000578223
0.00067976
0.000758945
0.000802478
0.000807746
0.000759056
0.000532314
0.000548635
0.000763989
0.000830657
0.000877179
0.000908953
0.000909312
0.000877443
0.000805488
0.000717981
0.000633431
0.000639535
0.000725044
0.000814116
0.000883089
0.000916585
0.000918112
0.000887396
0.000839964
0.000773662
0.00055192
0.000572795
0.000754051
0.000849597
0.000922699
0.000975569
0.000995662
0.000984792
0.000942354
0.000863439
0.000751623
0.000751445
0.000859593
0.000942187
0.000987592
0.00100078
0.000982207
0.000930661
0.000857598
0.000761329
0.00057572
0.000601412
0.000652306
0.000694805
0.000727755
0.000754403
0.000774807
0.000788732
0.000794833
0.000790457
0.000769833
0.000767694
0.000788018
0.00079344
0.000788343
0.000775288
0.000755632
0.000729627
0.000697147
0.00065485
0.000603606
0.000336377
0.00030915
0.000208979
0.000204063
0.000219133
0.000202295
0.000163932
0.000156624
0.00014973
0.000116429
0.000208314
0.000126
0.000157505
0.000176211
0.000211863
0.000218506
0.000204065
0.00029522
0.000342759
0.000363899
0.000370945
0.000453894
0.000438013
0.000464966
0.000486229
0.000437605
0.000396929
0.000410725
0.000469448
0.000521804
0.000510763
0.00044457
0.000407548
0.000411618
0.000451135
0.000478013
0.00044007
0.000432728
0.000491727
0.000388077
0.000414504
0.000669844
0.000654755
0.000592796
0.000549086
0.0005218
0.00049885
0.000478775
0.000508857
0.000580968
0.000560897
0.000488073
0.000480789
0.000507584
0.000529872
0.000557594
0.000605735
0.000681149
0.000713092
0.000422703
0.000439159
0.000699891
0.000743601
0.000680724
0.000602715
0.000544051
0.000505566
0.000495818
0.000524593
0.00058494
0.000571589
0.00051609
0.000494493
0.000515864
0.000560383
0.00062467
0.000710205
0.00078051
0.000727739
0.000447516
0.000469287
0.000718179
0.000776376
0.000727524
0.00062933
0.000549512
0.000493741
0.000462539
0.000476961
0.000575098
0.000569026
0.00046953
0.000462592
0.000500051
0.00055808
0.000638516
0.000738016
0.000793104
0.000736911
0.000476598
0.000500763
0.000758132
0.000832309
0.000791756
0.000675894
0.00056932
0.000493815
0.000438904
0.000408526
0.000423223
0.000419664
0.000403264
0.000437401
0.000495242
0.000572064
0.000682075
0.000802018
0.000847164
0.000774479
0.000506766
0.000533573
0.000798371
0.00089604
0.000886541
0.000787263
0.00067135
0.000569732
0.000490719
0.000434008
0.00040898
0.000408116
0.000431956
0.000489785
0.000571477
0.000675209
0.000794506
0.000898598
0.000911513
0.000813934
0.000538153
0.000565815
0.000830739
0.000970131
0.00103333
0.00102395
0.00095298
0.000871421
0.000776873
0.000676273
0.000581845
0.000580572
0.000675417
0.000778301
0.000873986
0.000959019
0.00103375
0.00104698
0.000985837
0.000845249
0.000569384
0.000600582
0.000849651
0.00107355
0.00126889
0.00139842
0.0014454
0.00143578
0.00137605
0.00125282
0.00105356
0.00105199
0.00124537
0.00137386
0.00143737
0.00145032
0.00140612
0.00128082
0.00108673
0.000861081
0.000603593
0.000637555
0.000694802
0.000743043
0.000781704
0.000813793
0.00083915
0.000857091
0.000865919
0.00086267
0.000840737
0.000837869
0.000859689
0.000863993
0.000856159
0.0008391
0.000814527
0.000783147
0.000745004
0.000696997
0.000639482
0.000161825
0.000189451
0.000203801
0.000227468
0.00022885
0.000210295
0.000185487
0.000167717
0.00015897
0.00015281
0.00015726
0.000160428
0.000174608
0.000193428
0.000216733
0.000231859
0.000223627
0.000204864
0.000197547
0.000201057
0.000316782
0.000404988
0.000464933
0.000505783
0.000509464
0.000468608
0.000443637
0.000458259
0.000513042
0.000582507
0.000557662
0.000491767
0.0004581
0.000453765
0.00047661
0.000505185
0.000486568
0.000440254
0.000420419
0.000327134
0.000367302
0.000558233
0.000592809
0.000583604
0.00057003
0.000566848
0.000547227
0.000527617
0.00056433
0.000643155
0.000618651
0.000545502
0.000528217
0.000554674
0.000572827
0.000577821
0.000592256
0.000608417
0.000589355
0.000375193
0.000389844
0.000615478
0.0006808
0.000660121
0.000618348
0.000584933
0.000563771
0.000562932
0.000591642
0.000654494
0.00063801
0.000577879
0.000562125
0.000574169
0.000602264
0.000642205
0.000690199
0.000716403
0.000647371
0.000401141
0.000430451
0.00064406
0.000727671
0.000713794
0.000655525
0.000598596
0.0005565
0.000537621
0.000567751
0.000663568
0.000652539
0.000557538
0.000538611
0.00056529
0.000611302
0.000670527
0.000730458
0.000747197
0.000666015
0.000441666
0.000483949
0.000709374
0.00079194
0.000779781
0.000705063
0.000622242
0.00055587
0.000508206
0.000487912
0.000519685
0.000515287
0.000482631
0.000508425
0.000560542
0.000630291
0.000717858
0.000798183
0.000813689
0.000731439
0.000491383
0.000533186
0.00079375
0.000886724
0.000888469
0.000819084
0.000720849
0.000629892
0.000553582
0.000492938
0.000466509
0.00046297
0.000488715
0.000553141
0.000633479
0.000728837
0.000833444
0.000907982
0.000910497
0.000814128
0.000538234
0.00057721
0.000877279
0.00103346
0.00110759
0.00110264
0.00103572
0.000952175
0.000854148
0.000741025
0.000630341
0.000624796
0.000737529
0.000854737
0.000955995
0.00104429
0.0011187
0.00113091
0.00105615
0.000894609
0.000580799
0.000621177
0.000922784
0.00126898
0.0015922
0.00176953
0.00180632
0.00179353
0.00171152
0.00154217
0.00129875
0.0012867
0.00153662
0.0017098
0.00179409
0.00180999
0.00177827
0.00160918
0.00128688
0.000936666
0.000624069
0.000664146
0.000727751
0.000781704
0.000826284
0.000864459
0.000895991
0.000918967
0.000931399
0.000930138
0.000911816
0.000907761
0.000926556
0.000928887
0.000917452
0.000895382
0.000864686
0.000827258
0.000783196
0.000729494
0.000665719
0.000136191
0.0001857
0.00021887
0.00022873
0.000225753
0.000210744
0.000194451
0.000179666
0.000170285
0.000169411
0.00016937
0.000174156
0.000186325
0.000201183
0.000216257
0.000229521
0.000232415
0.000218845
0.000183023
0.000140631
0.000271884
0.000417227
0.000486083
0.000509418
0.000501583
0.000481847
0.000475781
0.000498107
0.000565885
0.000650484
0.000620554
0.000536017
0.000492315
0.000483033
0.00049115
0.000504069
0.000506416
0.000478401
0.0004242
0.000283845
0.00032211
0.000487048
0.000549049
0.000569997
0.000582868
0.000586918
0.000565813
0.000556729
0.000612964
0.000702884
0.000674065
0.000585536
0.000555808
0.000574874
0.000593824
0.000590941
0.0005784
0.000559705
0.000506017
0.000331406
0.000339265
0.000522365
0.000602757
0.00061835
0.000611423
0.000602547
0.000598133
0.000599707
0.000629938
0.000703782
0.000685095
0.000614702
0.000599919
0.000607454
0.000618534
0.00063293
0.00064411
0.000630384
0.000546692
0.000348683
0.000381884
0.000536147
0.000629472
0.000655575
0.000640016
0.000613382
0.000590996
0.000587846
0.000629599
0.000710316
0.000696811
0.00061772
0.000589019
0.000601263
0.000628469
0.000657871
0.000674395
0.000648466
0.000556462
0.00039762
0.000464269
0.000610679
0.000676156
0.00070519
0.00068456
0.000641141
0.000597798
0.000567039
0.000565971
0.000627812
0.000624172
0.000563327
0.000571055
0.000607394
0.000655072
0.000702607
0.000726223
0.000698865
0.000634211
0.000472773
0.00053004
0.000751122
0.000787585
0.000819288
0.000806632
0.000753903
0.000689514
0.000628672
0.000580474
0.000575392
0.00057378
0.00057987
0.000633294
0.000699621
0.000770036
0.000829642
0.000846998
0.000816188
0.000774163
0.000535231
0.000584599
0.000909071
0.00102424
0.00110285
0.00112452
0.00108776
0.00102571
0.000940146
0.000826443
0.000709354
0.00070386
0.000824539
0.000943341
0.00103407
0.00110217
0.00114738
0.00113327
0.00105506
0.000928185
0.00058798
0.000636398
0.000975669
0.00139857
0.00176965
0.00194091
0.00204323
0.00207387
0.00200819
0.00181736
0.00151833
0.00150356
0.00180463
0.00200212
0.00207359
0.00204686
0.00195101
0.0017869
0.00141729
0.000990198
0.000638992
0.000684581
0.0007544
0.000813793
0.000864461
0.000910789
0.00094886
0.000977704
0.000995424
0.00099922
0.00098779
0.000982958
0.000994826
0.000992215
0.000975534
0.00094762
0.000910463
0.000864864
0.000814694
0.00075558
0.000685706
0.000124425
0.00017423
0.000203378
0.000210321
0.000210825
0.000204624
0.000195663
0.000186269
0.000180848
0.000184028
0.000183127
0.000184836
0.000193307
0.000203132
0.000211505
0.000217261
0.000218894
0.000213982
0.000181202
0.000129438
0.000164011
0.00036332
0.000437609
0.000468497
0.000481776
0.000487019
0.00049714
0.000527409
0.000603071
0.000691974
0.000660522
0.000570442
0.00051956
0.000503054
0.000497578
0.000492664
0.000479778
0.000455979
0.000387912
0.000177918
0.000271722
0.000442168
0.000521746
0.000566793
0.000586896
0.000583258
0.000567258
0.000573976
0.000640765
0.000723542
0.000695794
0.000611055
0.000571207
0.000578006
0.000594029
0.000595255
0.000574317
0.000531284
0.000456899
0.000282395
0.000295255
0.000455393
0.000544053
0.000584915
0.000602534
0.000611268
0.000611684
0.000611253
0.000648015
0.00071015
0.000694489
0.000633279
0.000613292
0.000621037
0.000624586
0.000619768
0.000604667
0.000564626
0.000473681
0.00030551
0.000334017
0.000457017
0.000549588
0.00059863
0.000613388
0.000611702
0.000607663
0.000618289
0.00066205
0.000723601
0.000714322
0.000651512
0.000618808
0.000617224
0.000626101
0.00062998
0.000615273
0.000564938
0.000471683
0.000348347
0.000443321
0.00051184
0.000569494
0.000622365
0.000641187
0.000633437
0.000616328
0.000607179
0.00062932
0.00070313
0.000700829
0.000628122
0.000613204
0.0006282
0.000648989
0.00065851
0.000639105
0.000584565
0.000526419
0.000452501
0.000523801
0.000670901
0.000671629
0.000721094
0.000754018
0.000747086
0.000715968
0.000680173
0.000658776
0.000687562
0.000689786
0.00066311
0.000689602
0.000730861
0.000767144
0.000778079
0.000746043
0.00069552
0.000696137
0.000528867
0.000587346
0.000909439
0.00095326
0.00103599
0.00108788
0.00109302
0.0010645
0.000998312
0.00089044
0.000775675
0.000773116
0.000891949
0.00100486
0.00107626
0.00111068
0.00111171
0.00106407
0.00098057
0.000929255
0.000590345
0.000645559
0.000995762
0.00144556
0.00180644
0.00204327
0.00219819
0.00225604
0.00218211
0.00193655
0.00154687
0.00153466
0.00192414
0.00217617
0.00225441
0.0022
0.00205175
0.00182138
0.0014644
0.00101008
0.000647689
0.00069933
0.000774807
0.000839152
0.000895994
0.000948863
0.000993173
0.00102794
0.00105144
0.00106176
0.0010593
0.00105391
0.00105695
0.00104779
0.00102524
0.000991284
0.000947859
0.000895751
0.00083939
0.000775331
0.00069991
0.000114691
0.000142551
0.000168926
0.000186309
0.000194593
0.000195672
0.000193379
0.000190656
0.000191497
0.000201441
0.000199944
0.000195114
0.00019777
0.000201407
0.00020365
0.000202631
0.000196251
0.000180575
0.000152451
0.000118811
0.000151561
0.000330056
0.000398266
0.000443939
0.000475823
0.000497168
0.000518721
0.000559462
0.000635356
0.000709958
0.000684609
0.000605309
0.000549046
0.000521419
0.00050507
0.000486332
0.000458572
0.000418818
0.000350266
0.000155534
0.000197817
0.000411489
0.000499184
0.000547391
0.00056588
0.000567289
0.000568316
0.000592736
0.000649855
0.000660643
0.000648834
0.000626991
0.000586846
0.000576693
0.000580621
0.000579402
0.000560115
0.00051264
0.000424201
0.000218708
0.000248488
0.000409283
0.000505727
0.00056385
0.000598175
0.000611708
0.000609778
0.000614896
0.000643329
0.000604389
0.000608025
0.000635405
0.000616843
0.000619883
0.000623518
0.000610959
0.000577904
0.000519939
0.000421428
0.000260017
0.000291995
0.000400796
0.000493851
0.000556561
0.000591024
0.000607674
0.000618177
0.000635954
0.000663348
0.00060483
0.000614322
0.000659035
0.000635894
0.000624976
0.000618657
0.000603682
0.000568813
0.000504629
0.000411381
0.00030638
0.000421209
0.000446894
0.000493949
0.00055598
0.000597859
0.00061635
0.000622847
0.000634238
0.000661141
0.000625842
0.000634579
0.000662059
0.000639489
0.0006334
0.000629683
0.000611242
0.000567173
0.000503067
0.000457113
0.00043061
0.000514356
0.000570011
0.00056992
0.000630096
0.000689658
0.000716029
0.000715163
0.00070797
0.000714145
0.000705525
0.000714691
0.000721723
0.000719019
0.000730719
0.000734821
0.00070937
0.000647914
0.000585833
0.000589383
0.000518985
0.000585306
0.000877559
0.000871614
0.000952384
0.00102586
0.00106457
0.00106154
0.00100708
0.000903725
0.00078665
0.000788638
0.000908559
0.00101601
0.00107429
0.00108128
0.00104604
0.000974218
0.000892659
0.000896935
0.000587726
0.000648609
0.000984884
0.00143591
0.00179361
0.00207392
0.00225606
0.0023122
0.00218938
0.00183141
0.00125333
0.0012535
0.00182016
0.00218861
0.00231374
0.00225848
0.00208085
0.00180592
0.00145221
0.000997491
0.000650045
0.000708603
0.000788739
0.000857098
0.000918973
0.000977709
0.00102794
0.00106885
0.00109939
0.00111995
0.00113413
0.00112799
0.00111474
0.00109541
0.00106573
0.00102554
0.000976038
0.000917996
0.000856546
0.00078848
0.000708528
0.000110594
0.000146036
0.00014403
0.000167858
0.000179735
0.000186244
0.00019063
0.000195961
0.00020438
0.000220175
0.00021816
0.000207141
0.000202272
0.000198176
0.000194169
0.000188011
0.000177631
0.000162413
0.000141664
0.000111656
0.000147902
0.000359633
0.000410454
0.000458716
0.000498204
0.00052746
0.000559487
0.000602287
0.000631974
0.000549189
0.000531657
0.000611944
0.000589842
0.000553762
0.000526011
0.00049952
0.000465423
0.000414368
0.000354924
0.00015284
0.000167978
0.000398047
0.000478796
0.000527754
0.000556804
0.000574027
0.000592765
0.000616295
0.000570557
0.000386583
0.000378826
0.000569624
0.000611404
0.000592064
0.00057848
0.000564385
0.000537612
0.000489519
0.000408178
0.000167407
0.000200186
0.000387563
0.00049588
0.000563014
0.000599771
0.000611293
0.000614915
0.000616093
0.000517723
0.000357558
0.000349682
0.000531874
0.000621006
0.000621296
0.000619967
0.000607752
0.000569487
0.000500082
0.000388614
0.000214764
0.000247338
0.00036127
0.00046259
0.000537672
0.000587877
0.000618306
0.000635962
0.000637742
0.00051233
0.000420602
0.000397705
0.000527436
0.000642026
0.000639211
0.000622923
0.000593087
0.000542495
0.000466133
0.000365812
0.000262795
0.000396241
0.000394687
0.000438978
0.000508292
0.000567096
0.000607203
0.00063424
0.000646328
0.000525162
0.000501079
0.000477764
0.000537792
0.000651919
0.00064082
0.00061534
0.000574497
0.000513327
0.000442773
0.00040146
0.000405915
0.000501423
0.000496542
0.000490803
0.000553722
0.0006288
0.00068025
0.000707998
0.000727302
0.00065713
0.000611283
0.000598807
0.000672335
0.000738055
0.000721061
0.000694775
0.000642306
0.000564234
0.000499114
0.000506122
0.000505421
0.000577889
0.000805523
0.000776979
0.000854297
0.000940287
0.000998408
0.00100713
0.000956544
0.000852376
0.000761322
0.00075404
0.000861156
0.00096809
0.00102064
0.00101359
0.000956731
0.000871184
0.000794359
0.00082685
0.000579576
0.000644835
0.000942462
0.00137619
0.00171154
0.00200827
0.00218218
0.00218942
0.00194695
0.00145
0.00122194
0.00120707
0.00145927
0.0019582
0.00219728
0.0021881
0.00201557
0.00172352
0.00139074
0.000953096
0.000645382
0.00071155
0.000794856
0.000865938
0.000931414
0.000995435
0.00105144
0.00109939
0.00114066
0.00118181
0.00123817
0.00122996
0.00117595
0.0011361
0.00109564
0.00104832
0.000992913
0.000929531
0.000864413
0.000793625
0.000710664
9.50178e-05
0.00017959
0.000136641
0.00015502
0.000169935
0.00018084
0.000191487
0.000204375
0.000213989
0.000229272
0.000227886
0.000216018
0.000208207
0.000196414
0.000186301
0.000175898
0.000162096
0.000129607
0.000178163
0.000102522
0.000142764
0.00041368
0.000467014
0.000513273
0.000566241
0.000603312
0.000635492
0.000632032
0.000483129
0.000539901
0.000522927
0.000473223
0.000621671
0.000619918
0.000586198
0.000551487
0.000504984
0.000454415
0.00040278
0.000151171
0.000173054
0.000437363
0.000509066
0.000564664
0.000613224
0.000640955
0.000649977
0.00057061
0.00036085
0.000675166
0.000644827
0.000357404
0.000578272
0.000642558
0.000628081
0.000602163
0.000559683
0.000499622
0.000425508
0.000174204
0.000180247
0.000425856
0.000524787
0.000591841
0.000630085
0.00064812
0.000643402
0.000517761
0.000373036
0.000937208
0.00089353
0.000361211
0.000538138
0.00064735
0.000646276
0.00062787
0.000590466
0.000526522
0.000413124
0.000175813
0.000215035
0.000355075
0.000477054
0.000567848
0.000629673
0.000662107
0.000663395
0.000512365
0.000469032
0.00127103
0.00121083
0.000439918
0.000532451
0.000667945
0.000660417
0.00062529
0.000562589
0.000470902
0.000350187
0.000221958
0.000368292
0.000359727
0.000408573
0.000487995
0.000566031
0.000629337
0.000661142
0.000525175
0.000569802
0.00158804
0.00151365
0.000528702
0.00054057
0.000665412
0.000630155
0.000565152
0.000485234
0.000406354
0.000363196
0.000379803
0.000485824
0.000450953
0.000434019
0.000493048
0.000580598
0.000658855
0.000714178
0.000657158
0.000701676
0.00179798
0.00171865
0.000666948
0.000673212
0.000723489
0.000667051
0.000586801
0.000496748
0.000437631
0.000457387
0.000488864
0.000564812
0.000717927
0.000676346
0.000741188
0.000826629
0.000890604
0.00090384
0.000852456
0.000883636
0.0018848
0.00181039
0.000859041
0.000865636
0.000917291
0.000903918
0.000839277
0.000752791
0.000688531
0.000734304
0.000565409
0.000632858
0.000863634
0.0012531
0.00154242
0.00181764
0.00193687
0.00183172
0.00145032
0.00130014
0.00180066
0.00175143
0.00127752
0.0014708
0.00184687
0.00194658
0.00182416
0.00155072
0.00126313
0.000870153
0.000632136
0.000705945
0.000790514
0.000862719
0.000930179
0.000999251
0.00106177
0.00111994
0.00118178
0.00126462
0.0013715
0.00136223
0.00125591
0.00117534
0.00111472
0.00105731
0.000995332
0.000926884
0.000859786
0.000787937
0.00070396
0.000189181
7.64424e-05
0.000173713
0.000156849
0.000169862
0.000184074
0.000201427
0.000220164
0.000229266
0.00023758
0.00023703
0.000229717
0.000220673
0.000202489
0.00018567
0.000172046
0.000160033
0.000196192
7.93278e-05
0.000171324
0.000178457
0.000443728
0.000528607
0.000582009
0.00065054
0.000692109
0.000710071
0.000549336
0.000539971
0.000355157
0.000352048
0.000532145
0.0005462
0.000701301
0.00067762
0.000637645
0.000570698
0.000520208
0.000436213
0.000179153
0.000180956
0.000502436
0.000581113
0.000643255
0.000703078
0.000723713
0.000660812
0.000386698
0.000675179
0.000518368
0.000512834
0.000655229
0.000388442
0.000664292
0.000713175
0.000691769
0.000632624
0.000570112
0.00049163
0.000183945
0.000193246
0.000498686
0.000585127
0.00065471
0.00070398
0.000710314
0.000604576
0.000357623
0.000937124
0.0006937
0.000688084
0.000903148
0.000356307
0.000618029
0.000706781
0.000697828
0.000648947
0.000579868
0.000491747
0.000195007
0.000191286
0.000428335
0.000575236
0.000663766
0.000710468
0.000723747
0.00060503
0.000420518
0.00127079
0.000895027
0.000891413
0.00121826
0.000404677
0.000620433
0.000721475
0.000703611
0.000657259
0.000563204
0.00040375
0.000194488
0.000346777
0.000358044
0.000423185
0.00051972
0.000627836
0.000703166
0.000625984
0.000500838
0.00158755
0.00111652
0.00111653
0.00151648
0.000479197
0.000635022
0.000696409
0.000616259
0.000507236
0.000414692
0.000356817
0.000357911
0.000467111
0.000428809
0.000408971
0.000466588
0.000575474
0.000687598
0.000705611
0.00061099
0.0017973
0.00133642
0.00134203
0.00171703
0.000595609
0.000713941
0.000686941
0.000572416
0.000463538
0.000409418
0.000433549
0.000469189
0.000544003
0.000633471
0.000582011
0.000630581
0.000709602
0.000775888
0.000786826
0.000761137
0.00188394
0.00149706
0.00150786
0.00180357
0.000753349
0.000797683
0.000784063
0.00071537
0.000635334
0.000588411
0.000644341
0.000543111
0.000609219
0.000751931
0.00105413
0.00129943
0.00151902
0.00154762
0.00125406
0.00122172
0.00180001
0.00161442
0.00162255
0.00174204
0.00120289
0.00126825
0.00155804
0.0015203
0.00129836
0.00105489
0.000751472
0.000606602
0.000684461
0.000769932
0.000840835
0.00091191
0.000987859
0.00105933
0.0011341
0.00123806
0.00137135
0.00139185
0.0014007
0.00135961
0.00122714
0.00112581
0.00105266
0.00098198
0.000906599
0.000836112
0.000765644
0.000680749
9.55952e-05
0.000226605
0.000101281
0.000153228
0.00016946
0.000183556
0.000200156
0.000218245
0.000227926
0.000237027
0.000236528
0.000228287
0.000219105
0.000201017
0.000184528
0.000171028
0.000155531
0.000107194
0.000230715
8.91985e-05
0.000131478
0.000441787
0.000501008
0.00055814
0.000620334
0.000660443
0.000684703
0.000531777
0.00052294
0.000352042
0.000353037
0.0005292
0.00054247
0.00069439
0.00066965
0.000629925
0.000566056
0.00050447
0.00044428
0.000135176
0.00017653
0.00048677
0.000560592
0.000618584
0.000674036
0.000695815
0.000649134
0.000379029
0.000644684
0.000512814
0.000513271
0.000646135
0.000384104
0.000657522
0.000702919
0.000681336
0.00062374
0.000562349
0.0004858
0.000178676
0.000192163
0.000486527
0.000571486
0.000638007
0.000685169
0.000694626
0.00060847
0.000349807
0.000893117
0.000688079
0.000687153
0.000886562
0.00034966
0.000612782
0.000696337
0.000686901
0.000639231
0.000571685
0.000485954
0.000193661
0.000190492
0.000424724
0.000568922
0.000652537
0.000696869
0.000714472
0.000614781
0.000397589
0.00120998
0.000891454
0.000888632
0.00119284
0.000392468
0.000615826
0.000710764
0.000692092
0.000646578
0.000553315
0.000395966
0.000194777
0.000353436
0.000358924
0.000419594
0.000515172
0.000624136
0.000700918
0.000634953
0.00047754
0.00151239
0.00111665
0.00111164
0.00148255
0.000463695
0.000629974
0.000686584
0.000606759
0.000499218
0.000409632
0.000357029
0.000363636
0.000469331
0.000432158
0.000408165
0.000462961
0.000573805
0.000689894
0.00071496
0.000598719
0.00171723
0.00134227
0.00133556
0.00167841
0.000582448
0.000708518
0.000680005
0.000565867
0.000458759
0.000408541
0.000436233
0.00047012
0.000544503
0.000639874
0.000580721
0.000624844
0.00070386
0.000773126
0.000788733
0.000753936
0.00180902
0.00150824
0.00150097
0.00176446
0.000742876
0.000791228
0.000776471
0.000707517
0.000629297
0.0005865
0.000647829
0.000542383
0.000608634
0.000751649
0.00105232
0.00128694
0.00150353
0.00153461
0.00125381
0.00120683
0.00175048
0.0016229
0.00161396
0.00171602
0.00119012
0.00126476
0.00154929
0.00150696
0.00128569
0.00105063
0.000748173
0.000604734
0.000683013
0.000767704
0.000837856
0.000907706
0.000982857
0.00105377
0.00112783
0.00122973
0.00136197
0.00140082
0.00139462
0.00134984
0.00121854
0.00111875
0.00104645
0.000976298
0.000901493
0.000831967
0.000762114
0.000677875
0.000113383
0.000132186
0.000164284
0.000161363
0.000174007
0.000184815
0.000195162
0.000207202
0.000216046
0.000229684
0.000228326
0.000215057
0.000206669
0.000194769
0.000184708
0.000174541
0.000163345
0.000156667
0.000113236
0.00013259
0.000147611
0.000393684
0.00044748
0.000492015
0.00053611
0.000570448
0.000605315
0.000611976
0.00047312
0.0005318
0.000529439
0.000474575
0.000616278
0.00061025
0.000575767
0.000541577
0.000496503
0.000450723
0.000394303
0.000154743
0.000170378
0.000418514
0.000488287
0.000545692
0.000585633
0.000611118
0.000627097
0.000569904
0.000357401
0.00065469
0.000646516
0.000356008
0.000573099
0.000631165
0.000615617
0.000590584
0.000550293
0.00049142
0.000419923
0.00017186
0.000175591
0.000409585
0.000516168
0.000578046
0.000614892
0.000633459
0.000635635
0.000532305
0.000361091
0.000902332
0.000887053
0.000355891
0.000533345
0.000636217
0.000634309
0.000616571
0.000580273
0.000517082
0.000407744
0.000173408
0.000217474
0.000349988
0.000469484
0.000557572
0.00061781
0.000651643
0.000659238
0.000527874
0.000439379
0.00121702
0.00119342
0.000428522
0.000527653
0.000656366
0.000647749
0.000612918
0.000551806
0.00046261
0.000345227
0.000221594
0.000378498
0.000360654
0.000403253
0.000482615
0.000563379
0.000628238
0.000662251
0.000538186
0.000527975
0.0015148
0.00148319
0.000510945
0.000536612
0.000655638
0.000620499
0.00055642
0.000477345
0.000400972
0.000363693
0.000385402
0.000488548
0.000455229
0.000432042
0.000488737
0.000579947
0.000663291
0.000721999
0.000672759
0.000666368
0.0017151
0.00167904
0.000647364
0.000668186
0.000715555
0.000659292
0.000578946
0.000490142
0.000435166
0.000459412
0.000488416
0.00056492
0.000725303
0.000675481
0.00073752
0.000824543
0.000892007
0.000908696
0.0008614
0.00085864
0.00180159
0.00176503
0.000842666
0.00086113
0.000910104
0.000894766
0.000829192
0.000743824
0.000682604
0.000733358
0.000562851
0.00063154
0.000859484
0.00124513
0.00153629
0.00180416
0.00192362
0.00181964
0.00145939
0.00127706
0.00174069
0.0017163
0.00126164
0.00147709
0.00184278
0.0019334
0.00180754
0.00153606
0.00124586
0.000859278
0.000628293
0.00070394
0.000787944
0.00085959
0.000926428
0.00099467
0.00105677
0.00111455
0.00117575
0.00125565
0.00135928
0.00134988
0.00124594
0.00116757
0.00110786
0.00105082
0.000989122
0.000921131
0.000854527
0.000783176
0.000699652
0.000113688
0.000132206
0.000154771
0.000175413
0.00018672
0.000193476
0.000197882
0.000202369
0.000208246
0.000220649
0.000219133
0.000206676
0.000201146
0.000196915
0.000192918
0.000186811
0.000176039
0.000158482
0.000133393
0.000116314
0.000150694
0.000350867
0.000407379
0.00045841
0.000492547
0.000519694
0.000549075
0.000589704
0.000621244
0.000545774
0.000542857
0.000616547
0.00058691
0.000547678
0.000519415
0.000493281
0.000459861
0.000409287
0.000351051
0.000154717
0.000164428
0.00040304
0.000481128
0.000528609
0.000556149
0.000571457
0.000586966
0.000611372
0.000578158
0.000388222
0.000384314
0.000573296
0.000607996
0.00058577
0.000572098
0.000558578
0.000532483
0.000484974
0.000404057
0.000166557
0.000209293
0.000385939
0.000494717
0.000562417
0.000600237
0.000613592
0.000617062
0.00062111
0.000538278
0.000356105
0.000349836
0.000533443
0.000616688
0.000614875
0.000613096
0.000600566
0.000562545
0.000493963
0.000384103
0.000215124
0.000257675
0.000362522
0.000462711
0.000538795
0.000589238
0.00061902
0.00063605
0.000642115
0.000532637
0.000404196
0.000392772
0.000527713
0.000636395
0.000631618
0.000615224
0.000585879
0.000535995
0.000460709
0.000362716
0.000264877
0.000404561
0.000397358
0.00043748
0.000508518
0.000571222
0.00061342
0.000639692
0.000652063
0.000540759
0.000478564
0.000463958
0.000536631
0.000646351
0.000634754
0.000609511
0.00056852
0.000507246
0.000438043
0.000400465
0.000407269
0.00050474
0.000500785
0.000489902
0.000553241
0.000633481
0.000689891
0.000719355
0.000738368
0.000673538
0.000595156
0.000582589
0.000668194
0.000732425
0.000715752
0.000688932
0.000635323
0.000557179
0.000494461
0.000504981
0.000504042
0.000578878
0.000814371
0.000778413
0.000854831
0.000943505
0.00100509
0.00101629
0.000968419
0.000865951
0.000753171
0.00074298
0.0008612
0.000965289
0.00101473
0.00100545
0.000947033
0.000861287
0.000786038
0.000822025
0.000576689
0.000644655
0.000942079
0.00137366
0.00170957
0.00200187
0.00217579
0.00218832
0.00195822
0.00147113
0.0012024
0.00119022
0.00147718
0.00196808
0.00219272
0.00217546
0.00199975
0.00170846
0.0013745
0.000942409
0.000641553
0.000710609
0.000793356
0.000863887
0.000928758
0.000992064
0.00104762
0.00109523
0.00113592
0.00117512
0.00122683
0.00121857
0.00116758
0.0011293
0.00108931
0.00104214
0.000986879
0.000923835
0.000859177
0.000788912
0.000706551
0.0001171
0.000148354
0.000174655
0.000193631
0.000201413
0.000203285
0.000201543
0.000198321
0.000196506
0.000202557
0.00020095
0.000194751
0.000196863
0.000200407
0.000202594
0.000201432
0.000194634
0.000177413
0.000151737
0.000118864
0.000154573
0.000341076
0.000412026
0.000454109
0.000483298
0.000503246
0.000521507
0.000553586
0.000619239
0.000700596
0.000694902
0.000610695
0.000547832
0.000517968
0.000501368
0.000483083
0.000455809
0.000416233
0.000347446
0.000156736
0.000208943
0.000419964
0.000507893
0.000555016
0.000575222
0.000578327
0.000576912
0.000591983
0.000641986
0.000663837
0.000657874
0.000631601
0.000585889
0.000574114
0.000577825
0.000576553
0.000557172
0.00050966
0.000421286
0.000217938
0.000255655
0.000417323
0.000516213
0.000574551
0.00060782
0.000621364
0.000620142
0.000621342
0.000647027
0.000617874
0.000612906
0.00063649
0.000614958
0.000616663
0.000619177
0.000606274
0.000573385
0.000515626
0.00041757
0.000258623
0.000301812
0.000406708
0.00050027
0.000565578
0.000601586
0.000617523
0.000625176
0.000639198
0.000667648
0.000620349
0.000615811
0.000656537
0.000631673
0.00062034
0.000614011
0.000598979
0.000563892
0.000499804
0.000408123
0.000306464
0.000428464
0.000450984
0.000495367
0.000560715
0.000607659
0.000628506
0.000633663
0.000640923
0.000665204
0.000634817
0.00062984
0.000655671
0.000634753
0.00062944
0.000625582
0.000606255
0.00056112
0.000497313
0.000454102
0.000429889
0.000518007
0.000578563
0.000571665
0.000633671
0.000699931
0.000731271
0.000731144
0.000721402
0.0007236
0.000713837
0.000708397
0.000715582
0.000715778
0.000727534
0.000730139
0.000702248
0.000639179
0.00057833
0.000585293
0.000516937
0.000587057
0.000883214
0.000874203
0.000956215
0.0010344
0.00107667
0.00107472
0.00102104
0.000917607
0.000797778
0.000791326
0.000910251
0.00101482
0.00106968
0.00107417
0.00103622
0.000962351
0.000881431
0.000888601
0.000584707
0.000649486
0.000987566
0.00143733
0.00179404
0.00207351
0.00225429
0.00231365
0.00219728
0.00184699
0.00126818
0.00126476
0.00184307
0.00219284
0.00230612
0.00224587
0.00206668
0.00179102
0.00143705
0.000987497
0.000646366
0.000708646
0.00078827
0.000856068
0.000917342
0.000975405
0.00102509
0.00106557
0.00109547
0.00111452
0.00112554
0.00111875
0.00110788
0.00108932
0.00105983
0.00101968
0.000970292
0.000912527
0.000851495
0.000783954
0.000704649
0.000125823
0.000178833
0.000211788
0.000216911
0.000216427
0.000211654
0.000203816
0.000194399
0.000186486
0.000185872
0.000184195
0.00018464
0.000192751
0.00020256
0.000210874
0.000216427
0.000217859
0.00021287
0.000180694
0.000127938
0.000167899
0.00038083
0.000451451
0.000476837
0.000491355
0.00049778
0.00050519
0.000525856
0.000585438
0.000676764
0.00067026
0.000576244
0.000519618
0.000501374
0.000495777
0.000491173
0.000478393
0.000454333
0.000385762
0.000173926
0.000277409
0.000453951
0.000530135
0.000573048
0.000594035
0.00059428
0.000580874
0.000578452
0.000627361
0.000712343
0.000703474
0.000616142
0.00057225
0.000577843
0.000592969
0.000593293
0.000572387
0.000529314
0.00045454
0.000280193
0.000301038
0.000468141
0.000560825
0.000602726
0.000618955
0.000624927
0.000623758
0.000620014
0.000645821
0.000706174
0.000696678
0.000634627
0.000613206
0.0006192
0.000621604
0.000616625
0.000601197
0.000560392
0.000469151
0.000302892
0.000343042
0.000464306
0.000558343
0.000611648
0.00062885
0.00062645
0.000618893
0.000622899
0.000659956
0.000720892
0.000710918
0.000647919
0.000615263
0.000614002
0.000622795
0.000626126
0.000610301
0.000558841
0.000466505
0.000346465
0.000449949
0.00051593
0.000572214
0.000630529
0.000655416
0.000649357
0.00062998
0.00061545
0.000629852
0.000695699
0.00068644
0.00062047
0.000609483
0.00062557
0.000646073
0.000654025
0.000632043
0.000576149
0.000520231
0.000450588
0.00052774
0.000680069
0.000675416
0.000729109
0.000770467
0.00076766
0.000735309
0.000695137
0.000667134
0.000686607
0.00067988
0.000659322
0.000688997
0.000730204
0.000764569
0.00077155
0.00073529
0.000684019
0.000687924
0.000526369
0.000589787
0.000916709
0.000959239
0.00104461
0.00110263
0.00111124
0.00108182
0.00101405
0.000904228
0.000784101
0.000776616
0.000894981
0.00100563
0.00107429
0.00110603
0.00110238
0.00105021
0.000966329
0.000920636
0.000587287
0.000647305
0.00100083
0.00145042
0.00181011
0.00204697
0.00220008
0.00225852
0.00218813
0.00194657
0.0015578
0.00154936
0.00193369
0.00217567
0.00224595
0.00218842
0.00203846
0.00180626
0.00144946
0.00100042
0.000644138
0.000700207
0.000775233
0.000839031
0.000895298
0.00094752
0.000991164
0.0010254
0.00104816
0.00105712
0.00105241
0.00104643
0.00105083
0.00104215
0.00101969
0.000985732
0.000942417
0.000890536
0.000834538
0.000770992
0.000696232
0.000136169
0.000182551
0.000218529
0.000231995
0.000229651
0.000217411
0.000202809
0.000188388
0.000176427
0.000172
0.000170462
0.000174223
0.000186382
0.000201331
0.000216375
0.000229064
0.000231595
0.000218156
0.000182634
0.000138044
0.000278671
0.000424087
0.000477937
0.000505208
0.00050416
0.00049284
0.000486473
0.000499385
0.000550739
0.000636727
0.000630646
0.00054205
0.00049349
0.000483054
0.000491121
0.000503953
0.000505468
0.000477119
0.000423432
0.000281931
0.000326201
0.000501783
0.000557919
0.000578057
0.000591102
0.000595412
0.000579627
0.000564395
0.000601434
0.000690824
0.000682055
0.00059109
0.000558737
0.000576581
0.000593302
0.000589213
0.000577051
0.000557789
0.000502946
0.000328637
0.000343742
0.000538244
0.000625223
0.000642772
0.000633423
0.000620147
0.000611188
0.00060775
0.000627392
0.000697151
0.000687324
0.000616891
0.00060069
0.000606293
0.000616622
0.00063059
0.000640843
0.00062508
0.000540149
0.000345305
0.000390551
0.000543481
0.0006388
0.000670912
0.000658286
0.000630348
0.000603927
0.000593059
0.000624748
0.000702895
0.000692294
0.000613052
0.000585881
0.000598951
0.000626116
0.00065476
0.00066924
0.000640332
0.000547873
0.000394109
0.000470061
0.000617882
0.000682281
0.000718178
0.000703024
0.000658904
0.000611528
0.000574585
0.000564842
0.000615411
0.000606519
0.000556345
0.000568478
0.000606254
0.000654059
0.000699932
0.000719316
0.000688077
0.000624612
0.000470038
0.000534106
0.000759141
0.000794734
0.000833814
0.000830195
0.000778673
0.000709876
0.000642645
0.000586857
0.00057207
0.000565761
0.000579006
0.000635451
0.000702432
0.000771725
0.000826949
0.000837384
0.000802963
0.0007651
0.000532446
0.000587587
0.000918242
0.00103401
0.00111915
0.00114799
0.00111239
0.00104666
0.000957222
0.000839573
0.000715389
0.000707703
0.00082948
0.000947335
0.00103652
0.00110263
0.00114259
0.0011213
0.00104055
0.000920307
0.000584939
0.00063882
0.000982292
0.00140624
0.00177851
0.0019513
0.00205201
0.00208106
0.00201568
0.0018241
0.00151996
0.00150706
0.00180784
0.00200005
0.00206688
0.0020386
0.00194071
0.00177317
0.00140434
0.000981368
0.000635593
0.000686169
0.000755594
0.000814478
0.000864624
0.00091039
0.000947769
0.000975927
0.000992775
0.000995151
0.000981746
0.000976266
0.000989131
0.000986899
0.000970308
0.000942426
0.000905361
0.000859934
0.00081007
0.000751431
0.000682218
0.000166541
0.000193342
0.000204162
0.000223311
0.000232528
0.000219026
0.000196223
0.000177868
0.000165163
0.000155804
0.000158365
0.000160284
0.000175886
0.000194616
0.000217779
0.000231536
0.000223658
0.000203729
0.000193569
0.000170012
0.000323726
0.000420514
0.000439876
0.000486291
0.000506386
0.000479929
0.000458727
0.000465352
0.000504285
0.000571602
0.000564524
0.000497009
0.000460501
0.000455904
0.000478326
0.000505464
0.000485228
0.000438701
0.000419829
0.000325299
0.00036991
0.00058212
0.000606227
0.000592547
0.000578591
0.000574436
0.000560276
0.000537612
0.000559295
0.00063177
0.000624138
0.000550853
0.000532763
0.000557233
0.000572392
0.000577051
0.000591551
0.000606446
0.000584655
0.000371831
0.000394579
0.000635532
0.000710886
0.000690869
0.000644669
0.000605079
0.000578141
0.000569426
0.00059006
0.000648181
0.000639579
0.000580641
0.000562686
0.000573392
0.000601189
0.00064085
0.000687555
0.000710088
0.000638327
0.000396975
0.000436774
0.000651757
0.000738308
0.000730872
0.000674812
0.000615627
0.000569036
0.000542452
0.000562053
0.000656474
0.000646771
0.000551893
0.00053598
0.00056386
0.000610307
0.000669283
0.000727021
0.000739019
0.000656093
0.000438069
0.000488778
0.0007172
0.000802269
0.000798569
0.000726681
0.000639483
0.000567414
0.000513378
0.000484951
0.000506466
0.000498955
0.000477281
0.000507222
0.000561163
0.000632179
0.000719486
0.000795249
0.000804827
0.00072208
0.000488152
0.000537228
0.000802636
0.000898855
0.000908389
0.000847621
0.000746658
0.000648394
0.000564528
0.000496809
0.000463305
0.000458733
0.000490232
0.000557355
0.000639479
0.000735695
0.00083772
0.000904694
0.000900993
0.000805694
0.00053528
0.000580597
0.00088755
0.00104724
0.00113145
0.001134
0.00106482
0.000974858
0.000871694
0.000753098
0.000635398
0.000629506
0.00074414
0.000861674
0.000962827
0.00105075
0.00112169
0.00112585
0.00104687
0.000887527
0.000577811
0.000624135
0.00093078
0.00128103
0.00160954
0.00178726
0.0018218
0.00180626
0.00172378
0.00155071
0.00129802
0.00128579
0.00153631
0.00170882
0.00179137
0.00180662
0.00177343
0.00160074
0.00127724
0.000929033
0.000620848
0.000666339
0.000729606
0.000783118
0.000827221
0.000864815
0.000895686
0.000917909
0.000929413
0.00092672
0.00090638
0.000901446
0.000921135
0.000923856
0.000912549
0.000890552
0.000859942
0.000822645
0.000778826
0.000725549
0.000662433
0.000359959
0.000340903
0.000296204
0.000205093
0.000219004
0.000214052
0.000179561
0.000156771
0.000166284
0.000108164
0.000201897
0.000134254
0.000156449
0.000178907
0.000213357
0.000218075
0.000203676
0.000296345
0.00034125
0.000361219
0.000382909
0.000490117
0.000433282
0.000440031
0.00047819
0.000456182
0.000419006
0.000413462
0.000457479
0.000509159
0.000515289
0.000447606
0.000409683
0.000416689
0.000454428
0.000477138
0.000438697
0.000432231
0.000489702
0.000384211
0.000417317
0.000704788
0.000681911
0.000608848
0.000559933
0.000531412
0.000512759
0.00048952
0.000498753
0.000569189
0.000563048
0.000491495
0.000485294
0.000509782
0.000529329
0.000557809
0.000606478
0.000680198
0.000706411
0.000418347
0.000442286
0.000721605
0.000781236
0.000717111
0.000630942
0.000565033
0.000520169
0.000500043
0.000525779
0.000579146
0.00057205
0.000517352
0.000494074
0.000515635
0.000560401
0.000625136
0.000710185
0.000776099
0.000720317
0.00044299
0.000473037
0.000729627
0.000793442
0.000747589
0.000648856
0.000565256
0.000504818
0.0004661
0.000470367
0.000562079
0.00055332
0.000462629
0.000460698
0.000499798
0.000558905
0.0006405
0.000739214
0.000789206
0.000729641
0.000472639
0.000504763
0.000767715
0.000847446
0.000814118
0.000699356
0.000584926
0.000503293
0.000442859
0.000406206
0.000414243
0.00040947
0.000400961
0.000438058
0.000497406
0.000576391
0.000688468
0.000805114
0.000843484
0.000767704
0.000503407
0.000537434
0.000807901
0.000911798
0.000910973
0.000816834
0.000696154
0.000586327
0.000499414
0.000437807
0.000409428
0.000408625
0.000435261
0.00049463
0.00057867
0.000684548
0.000803534
0.000901309
0.000907376
0.000807301
0.000535159
0.000569398
0.000840115
0.000986135
0.00105662
0.00105579
0.000981295
0.000893271
0.000794909
0.000688929
0.000588634
0.000586723
0.00068294
0.000786462
0.000881952
0.000966973
0.00104115
0.00104713
0.000980987
0.000838677
0.000566485
0.000603875
0.000857723
0.00108697
0.00128724
0.00141767
0.00146484
0.0014526
0.00139102
0.00126315
0.00105485
0.00105062
0.00124628
0.00137499
0.00143751
0.00144992
0.00140469
0.00127743
0.00108121
0.000854973
0.000600561
0.000640214
0.00069714
0.00074499
0.000783175
0.00081466
0.00083934
0.000856473
0.000864309
0.000859636
0.000835921
0.000831905
0.000854527
0.000859194
0.000851515
0.000834556
0.000810082
0.000778831
0.000740893
0.000693257
0.000636404
0.000406237
0.000381585
0.000343413
0.000198283
0.000183238
0.000182016
0.000153586
0.000137528
0.000102083
0.000245051
8.29416e-05
0.00014978
0.000142197
0.000152453
0.000180458
0.000182304
0.00019348
0.000341216
0.000380074
0.000405586
0.000435239
0.000626902
0.000492656
0.000420563
0.000423979
0.000388333
0.000350549
0.000355036
0.000395942
0.000449348
0.000432134
0.000395696
0.000351115
0.000347616
0.000385724
0.000423455
0.000419822
0.000489719
0.000624721
0.000435109
0.000460493
0.000729971
0.000713969
0.000589859
0.000506248
0.000457067
0.000424235
0.000407831
0.000424827
0.000490715
0.000485974
0.000420463
0.00040454
0.000421386
0.000454548
0.000502998
0.000584763
0.000706553
0.000726119
0.000460047
0.000478842
0.000705927
0.000728122
0.000647875
0.000547102
0.000474003
0.000421605
0.000388569
0.000412929
0.000491059
0.000486256
0.000407943
0.000384228
0.000417599
0.000469191
0.000540268
0.00063855
0.000720441
0.000702032
0.000477915
0.000496068
0.000713408
0.000737205
0.00066639
0.000556896
0.000472001
0.000411583
0.000365849
0.000349947
0.000402679
0.000395959
0.000345281
0.000362793
0.00040819
0.000466636
0.000548162
0.000656435
0.000729818
0.000709847
0.000494587
0.000513432
0.00073643
0.000774748
0.000731851
0.000634733
0.000526813
0.000457423
0.000401714
0.000363443
0.000356951
0.000356903
0.000363763
0.000400534
0.000454231
0.00052049
0.00062506
0.000722465
0.000767887
0.000732887
0.000511334
0.000532148
0.000759199
0.0008142
0.000814525
0.0007747
0.000696862
0.000590046
0.000506501
0.000457755
0.000433822
0.000436365
0.000459501
0.000505124
0.000585639
0.000688429
0.000765551
0.000806038
0.00080748
0.000755504
0.000529515
0.000552237
0.000773796
0.000845508
0.000894956
0.000928597
0.000929717
0.000897423
0.000827535
0.000734929
0.000644845
0.000648052
0.000733702
0.000822453
0.000889016
0.000921026
0.000920632
0.000887769
0.00083884
0.000769978
0.000549206
0.000576173
0.000761439
0.000861284
0.000936938
0.000990501
0.0010104
0.000997762
0.000953281
0.000870156
0.000751414
0.000748148
0.000859568
0.000942753
0.000987827
0.00100074
0.000981643
0.000929237
0.000855086
0.00075741
0.000572903
0.000604316
0.000654853
0.000696994
0.000729483
0.000755557
0.000775293
0.000788419
0.000793532
0.000787799
0.000765471
0.000762043
0.000783172
0.000788924
0.000783968
0.000771005
0.00075144
0.000725554
0.000693258
0.000651288
0.000600723
0.000437144
0.000408524
0.000364402
0.000206723
0.000140784
0.00012959
0.000119997
0.000118475
0.00013355
8.84214e-05
0.00017224
0.000101472
0.000111348
0.0001181
0.000127939
0.00013813
0.000170564
0.000361219
0.000405619
0.000435189
0.000465647
0.000438826
0.000388376
0.000327012
0.000283721
0.000179267
0.000157286
0.000155341
0.000157733
0.000135829
0.000177779
0.000153428
0.000152506
0.000155353
0.000173544
0.000282012
0.00032537
0.000384287
0.000435174
0.000463499
0.000483469
0.000463938
0.000422805
0.000375128
0.000331415
0.000282535
0.000219018
0.00016787
0.000173288
0.000180009
0.000182865
0.000172856
0.000166932
0.000218316
0.000280235
0.000328728
0.000371945
0.000418457
0.000460116
0.000481163
0.000494718
0.000481668
0.00044764
0.000401355
0.000348903
0.000305741
0.000260249
0.000215475
0.000174825
0.000194811
0.000193706
0.000173095
0.000215388
0.000258799
0.000302988
0.000345415
0.000397138
0.000443114
0.000477978
0.000492297
0.000503371
0.000498087
0.000476711
0.000441898
0.000398044
0.000348749
0.000306735
0.000263256
0.000221964
0.000194509
0.000195283
0.000221829
0.000265248
0.000306725
0.000346682
0.000394345
0.000438222
0.000472738
0.000494637
0.000500853
0.000511187
0.000514446
0.000506862
0.000491528
0.000472967
0.000452731
0.00043087
0.000406261
0.000380405
0.000358845
0.000363288
0.000385492
0.000407356
0.000429997
0.000450701
0.000470146
0.000488245
0.000503474
0.000511366
0.00050859
0.00051961
0.000532361
0.000538221
0.000538324
0.000535338
0.000528983
0.000519101
0.000505535
0.000489014
0.000469309
0.000470116
0.000488444
0.000504086
0.000516993
0.00052643
0.000532503
0.000535329
0.000535194
0.000529528
0.000516932
0.000529323
0.000551957
0.00056943
0.000580852
0.000588033
0.000590394
0.000587762
0.000579592
0.000565404
0.000543085
0.000542345
0.000562874
0.000576725
0.000584746
0.000587325
0.000584972
0.000577836
0.000566501
0.000549208
0.000526557
0.00054154
0.000575745
0.000603623
0.000624101
0.000639021
0.000647708
0.000650044
0.00064535
0.000632059
0.0006065
0.000604668
0.000628312
0.000641587
0.000646401
0.00064417
0.000635618
0.000620865
0.000600569
0.0005729
0.000538677
0.000558936
0.000603611
0.000639482
0.000665712
0.000685689
0.000699879
0.000708478
0.000710585
0.000703841
0.000680598
0.000677798
0.000699651
0.000706559
0.000704656
0.000696236
0.000682218
0.000662428
0.000636395
0.000600711
0.000555946
)
;

boundaryField
{
    floor
    {
        type            alphatJayatillekeWallFunction;
        Prt             0.85;
        kappa           0.41;
        E               9.8;
        value           nonuniform List<scalar> 
400
(
5.57661e-05
5.08702e-05
4.27815e-05
1.71261e-05
1.30901e-05
1.12033e-05
9.68198e-06
9.25952e-06
9.31789e-06
1.24219e-05
9.71503e-06
9.21352e-06
9.22167e-06
9.91547e-06
1.13935e-05
1.30991e-05
1.78878e-05
4.6178e-05
5.26829e-05
5.6946e-05
5.08666e-05
4.66658e-05
3.88015e-05
2.14409e-05
2.09184e-05
1.91819e-05
1.43007e-05
1.29617e-05
1.34498e-05
1.16337e-05
1.47566e-05
1.23118e-05
1.31195e-05
1.52054e-05
1.98417e-05
2.04184e-05
2.20404e-05
4.34642e-05
4.92475e-05
5.29908e-05
4.27738e-05
3.87969e-05
2.43837e-05
2.3737e-05
2.592e-05
2.34646e-05
1.79734e-05
1.51624e-05
1.39666e-05
1.48793e-05
1.31562e-05
1.47926e-05
1.61569e-05
1.91968e-05
2.4814e-05
2.58685e-05
2.36875e-05
3.69846e-05
4.38302e-05
4.68161e-05
1.712e-05
2.14444e-05
2.37447e-05
2.7113e-05
2.73537e-05
2.45663e-05
2.08815e-05
1.81153e-05
1.63452e-05
1.6158e-05
1.61013e-05
1.70208e-05
1.92045e-05
2.20423e-05
2.55788e-05
2.78553e-05
2.65763e-05
2.37995e-05
2.26461e-05
2.2677e-05
1.30791e-05
2.09261e-05
2.59287e-05
2.73683e-05
2.69216e-05
2.46675e-05
2.21986e-05
1.99422e-05
1.84601e-05
1.84062e-05
1.83738e-05
1.90782e-05
2.09976e-05
2.32496e-05
2.55236e-05
2.75085e-05
2.79469e-05
2.59633e-05
2.05159e-05
1.38049e-05
1.11903e-05
1.91978e-05
2.34275e-05
2.45852e-05
2.46731e-05
2.37454e-05
2.23824e-05
2.09505e-05
2.01344e-05
2.06386e-05
2.0538e-05
2.075e-05
2.20583e-05
2.35498e-05
2.48155e-05
2.5678e-05
2.59098e-05
2.51557e-05
2.02577e-05
1.20227e-05
9.69219e-06
1.43656e-05
1.77554e-05
2.08359e-05
2.21976e-05
2.23841e-05
2.20388e-05
2.16288e-05
2.17761e-05
2.33032e-05
2.30975e-05
2.23383e-05
2.2741e-05
2.32922e-05
2.3633e-05
2.34733e-05
2.24667e-05
1.99379e-05
1.57888e-05
1.0379e-05
9.34708e-06
1.24962e-05
1.54815e-05
1.8074e-05
1.99306e-05
2.09508e-05
2.16296e-05
2.24506e-05
2.3744e-05
2.61353e-05
2.58409e-05
2.41718e-05
2.34304e-05
2.28073e-05
2.21998e-05
2.12624e-05
1.96338e-05
1.67038e-05
1.35683e-05
9.67551e-06
1.04204e-05
1.15634e-05
1.42699e-05
1.64627e-05
1.84651e-05
2.01314e-05
2.17739e-05
2.37423e-05
2.52003e-05
2.74964e-05
2.7292e-05
2.55084e-05
2.43277e-05
2.25388e-05
2.09939e-05
1.94097e-05
1.74748e-05
1.52937e-05
1.20084e-05
1.01893e-05
9.96601e-06
1.54202e-05
1.35025e-05
1.60449e-05
1.8396e-05
2.06394e-05
2.33048e-05
2.6135e-05
2.74959e-05
2.87329e-05
2.86455e-05
2.75509e-05
2.61979e-05
2.34609e-05
2.08976e-05
1.87569e-05
1.64817e-05
1.35956e-05
1.54936e-05
9.97086e-06
1.1016e-05
1.15864e-05
1.55327e-05
1.61549e-05
1.83509e-05
2.05193e-05
2.30868e-05
2.58343e-05
2.72869e-05
2.86455e-05
2.85644e-05
2.73433e-05
2.59693e-05
2.32264e-05
2.0672e-05
1.85416e-05
1.63769e-05
1.56046e-05
1.17763e-05
1.16449e-05
9.15712e-06
1.23906e-05
1.39306e-05
1.69807e-05
1.90668e-05
2.07398e-05
2.23272e-05
2.41611e-05
2.55028e-05
2.75559e-05
2.73373e-05
2.53493e-05
2.40809e-05
2.22646e-05
2.07107e-05
1.91065e-05
1.70995e-05
1.43712e-05
1.3006e-05
9.20596e-06
9.10298e-06
1.33486e-05
1.61946e-05
1.91599e-05
2.0972e-05
2.20407e-05
2.27246e-05
2.34151e-05
2.43215e-05
2.62051e-05
2.59626e-05
2.40798e-05
2.32331e-05
2.2577e-05
2.19479e-05
2.09743e-05
1.93137e-05
1.63889e-05
1.35479e-05
9.39206e-06
9.86169e-06
1.52332e-05
1.9196e-05
2.20134e-05
2.3229e-05
2.35316e-05
2.32729e-05
2.27877e-05
2.25281e-05
2.34635e-05
2.32222e-05
2.22655e-05
2.25811e-05
2.311e-05
2.34343e-05
2.32385e-05
2.21854e-05
1.96274e-05
1.55915e-05
1.0221e-05
1.13646e-05
1.984e-05
2.47929e-05
2.55568e-05
2.55068e-05
2.47972e-05
2.3611e-05
2.21747e-05
2.09763e-05
2.08908e-05
2.06749e-05
2.07138e-05
2.19581e-05
2.34372e-05
2.46926e-05
2.5515e-05
2.57027e-05
2.49805e-05
2.00347e-05
1.17685e-05
1.30868e-05
2.04351e-05
2.58782e-05
2.78464e-05
2.7497e-05
2.56585e-05
2.34474e-05
2.12284e-05
1.93779e-05
1.87475e-05
1.85532e-05
1.91163e-05
2.09945e-05
2.32465e-05
2.55221e-05
2.74184e-05
2.7789e-05
2.58043e-05
2.03833e-05
1.34152e-05
1.78651e-05
2.20308e-05
2.36796e-05
2.65974e-05
2.7941e-05
2.58863e-05
2.24368e-05
1.95944e-05
1.73806e-05
1.65575e-05
1.63156e-05
1.71901e-05
1.93328e-05
2.21837e-05
2.57134e-05
2.77969e-05
2.64534e-05
2.36026e-05
2.2047e-05
1.82689e-05
4.61053e-05
4.33729e-05
3.6832e-05
2.37717e-05
2.59681e-05
2.51363e-05
1.99147e-05
1.68014e-05
1.44271e-05
1.56072e-05
1.35086e-05
1.4829e-05
1.65521e-05
1.95847e-05
2.49636e-05
2.58075e-05
2.36034e-05
3.69236e-05
4.3509e-05
4.63884e-05
5.26498e-05
4.92012e-05
4.37425e-05
2.25464e-05
2.05201e-05
2.022e-05
1.57364e-05
1.3644e-05
1.37802e-05
1.18937e-05
1.51068e-05
1.20665e-05
1.33664e-05
1.56136e-05
2.00649e-05
2.041e-05
2.20525e-05
4.35074e-05
4.90313e-05
5.25939e-05
5.69259e-05
5.2952e-05
4.67514e-05
2.18717e-05
1.37781e-05
1.20131e-05
1.03611e-05
9.51376e-06
9.46276e-06
1.18673e-05
9.84339e-06
9.9578e-06
9.48146e-06
1.02252e-05
1.17591e-05
1.34056e-05
1.82227e-05
4.6383e-05
5.25892e-05
5.66779e-05
)
;
    }
    ceiling
    {
        type            alphatJayatillekeWallFunction;
        Prt             0.85;
        kappa           0.41;
        E               9.8;
        value           nonuniform List<scalar> 
400
(
7.2991e-05
7.89289e-05
8.36508e-05
8.71035e-05
8.9745e-05
9.16452e-05
9.28369e-05
9.32149e-05
9.24951e-05
8.973e-05
8.95451e-05
9.22414e-05
9.31003e-05
9.28506e-05
9.17682e-05
8.99616e-05
8.74003e-05
8.40102e-05
7.93233e-05
7.33488e-05
7.89303e-05
8.55667e-05
9.1061e-05
9.52924e-05
9.8697e-05
0.000101294
0.000103061
0.000103835
0.000103285
0.000100675
0.000100394
0.000102964
0.000103652
0.00010301
0.000101359
9.88624e-05
9.55441e-05
9.13767e-05
8.59119e-05
7.92321e-05
8.36524e-05
9.10614e-05
9.7248e-05
0.000102171
0.000106233
0.00010943
0.000111683
0.00011279
0.000112387
0.000109643
0.00010927
0.000111998
0.000112539
0.000111563
0.000109427
0.000106334
0.000102365
9.75119e-05
9.13584e-05
8.39161e-05
8.7105e-05
9.52929e-05
0.000102171
0.00010781
0.000112609
0.000116553
0.000119415
0.000120959
0.000120806
0.000118536
0.000118015
0.000120343
0.000120636
0.000119221
0.000116478
0.000112644
0.000107944
0.000102373
9.55292e-05
8.73204e-05
8.97461e-05
9.86975e-05
0.000106233
0.000112609
0.000118398
0.000123128
0.000126694
0.000128878
0.000129348
0.000127946
0.000127331
0.000128787
0.000128469
0.000126419
0.000122974
0.000118363
0.000112669
0.000106358
9.88592e-05
8.99015e-05
9.16458e-05
0.000101294
0.00010943
0.000116553
0.000123128
0.000128602
0.000132876
0.000135753
0.000137017
0.000136721
0.000136044
0.000136409
0.000135292
0.000132534
0.000128366
0.000123005
0.000116528
0.000109467
0.000101369
9.17285e-05
9.28364e-05
0.00010306
0.000111683
0.000119414
0.000126694
0.000132876
0.000137881
0.000141604
0.000144102
0.000145821
0.000145064
0.00014345
0.000141101
0.000137489
0.000132574
0.000126486
0.000119295
0.000111617
0.000103032
9.28324e-05
9.32123e-05
0.000103833
0.000112788
0.000120958
0.000128877
0.000135753
0.000141604
0.000146613
0.000151585
0.000158356
0.000157359
0.000150861
0.000146043
0.000141132
0.00013536
0.00012856
0.000120721
0.000112596
0.000103677
9.31012e-05
9.24885e-05
0.000103279
0.000112381
0.000120801
0.000129344
0.000137016
0.000144104
0.000151589
0.000161539
0.000174251
0.000173139
0.000160468
0.000150785
0.000143448
0.000136454
0.00012885
0.000120383
0.000112007
0.000102948
9.22327e-05
8.97184e-05
0.000100664
0.000109631
0.000118525
0.000127938
0.000136718
0.000145825
0.00015837
0.000174269
0.000176673
0.000177742
0.00017282
0.00015701
0.000144786
0.000135879
0.000127196
0.000117851
0.000109028
0.000100112
8.9236e-05
8.95421e-05
0.000100394
0.000109273
0.000118022
0.000127344
0.000136061
0.000145084
0.000157388
0.000173172
0.000177725
0.000176985
0.000171701
0.000156016
0.000143961
0.000135147
0.00012652
0.000117236
0.000108522
9.96757e-05
8.88752e-05
9.22496e-05
0.000102974
0.000112011
0.00012036
0.000128807
0.00013643
0.000143473
0.000150885
0.000160499
0.000172858
0.000171697
0.000159301
0.00014987
0.000142637
0.000135682
0.000128107
0.000119688
0.000111365
0.000102361
9.16937e-05
9.31091e-05
0.000103663
0.000112553
0.000120652
0.000128487
0.000135312
0.000141123
0.000146065
0.000150811
0.000157047
0.000156015
0.00014987
0.000145237
0.00014038
0.000134622
0.000127835
0.00012003
0.000111954
0.000103093
9.25835e-05
9.2858e-05
0.00010302
0.000111575
0.000119235
0.000126435
0.000132552
0.000137508
0.000141152
0.000143472
0.000144818
0.000143963
0.000142636
0.000140379
0.000136787
0.000131873
0.000125793
0.000118628
0.000110995
0.000102468
9.23411e-05
9.17738e-05
0.000101367
0.000109436
0.000116489
0.000122986
0.000128381
0.00013259
0.000135379
0.000136477
0.000135909
0.00013515
0.000135681
0.000134621
0.000131872
0.000127699
0.000122346
0.00011589
0.000108867
0.000100825
9.126e-05
8.99654e-05
9.88675e-05
0.00010634
0.000112652
0.000118372
0.000123017
0.000126499
0.000128577
0.000128872
0.000127225
0.000126525
0.000128106
0.000127833
0.000125791
0.000122345
0.00011774
0.000112061
0.000105782
9.83356e-05
8.94542e-05
8.74024e-05
9.55471e-05
0.000102369
0.000107949
0.000112675
0.000116537
0.000119306
0.000120736
0.000120404
0.000117878
0.000117243
0.000119688
0.000120028
0.000118626
0.000115888
0.00011206
0.00010737
0.000101824
9.50274e-05
8.68955e-05
8.4011e-05
9.1378e-05
9.7514e-05
0.000102376
0.000106363
0.000109474
0.000111626
0.000112609
0.000112026
0.000109052
0.000108531
0.000111366
0.000111953
0.000110993
0.000108865
0.000105781
0.000101823
9.69905e-05
9.08782e-05
8.35143e-05
7.9323e-05
8.59121e-05
9.13592e-05
9.55311e-05
9.88625e-05
0.000101375
0.00010304
0.000103689
0.000102966
0.000100134
9.96854e-05
0.000102362
0.000103092
0.000102467
0.000100824
9.83348e-05
9.5027e-05
9.08782e-05
8.54502e-05
7.88517e-05
7.3348e-05
7.92319e-05
8.39166e-05
8.73218e-05
8.99041e-05
9.17329e-05
9.28392e-05
9.31115e-05
9.2248e-05
8.92557e-05
8.88858e-05
9.16945e-05
9.2583e-05
9.23407e-05
9.12599e-05
8.94545e-05
8.68963e-05
8.35156e-05
7.88532e-05
7.29542e-05
)
;
    }
    fixedWalls
    {
        type            alphatJayatillekeWallFunction;
        Prt             0.85;
        kappa           0.41;
        E               9.8;
        value           nonuniform List<scalar> 
800
(
5.57661e-05
6.00066e-05
6.2604e-05
6.42185e-05
6.5434e-05
6.65147e-05
6.76672e-05
6.89903e-05
7.06453e-05
7.2991e-05
5.08702e-05
5.56682e-05
5.95384e-05
6.2148e-05
6.44958e-05
6.67867e-05
6.92831e-05
7.19681e-05
7.51643e-05
7.89289e-05
4.27815e-05
4.77492e-05
5.38606e-05
5.7239e-05
6.13339e-05
6.558e-05
6.99665e-05
7.42437e-05
7.88198e-05
8.36508e-05
1.71261e-05
4.0152e-05
4.73159e-05
5.04535e-05
5.60504e-05
6.33187e-05
6.99157e-05
7.57485e-05
8.15158e-05
8.71035e-05
1.30901e-05
3.36621e-05
4.09274e-05
4.33789e-05
4.93404e-05
6.06578e-05
6.94975e-05
7.67226e-05
8.35013e-05
8.9745e-05
1.12033e-05
1.75399e-05
3.3653e-05
3.70908e-05
4.26258e-05
5.78077e-05
6.86658e-05
7.70842e-05
8.46936e-05
9.16452e-05
9.68198e-06
1.5712e-05
2.26009e-05
3.02689e-05
3.6621e-05
5.47806e-05
6.74036e-05
7.68152e-05
8.50889e-05
9.28369e-05
9.25952e-06
1.54565e-05
1.82465e-05
2.30539e-05
3.01527e-05
5.13243e-05
6.56699e-05
7.5838e-05
8.45979e-05
9.32149e-05
9.31789e-06
1.54355e-05
1.89529e-05
2.00868e-05
2.53627e-05
4.74459e-05
6.35728e-05
7.41126e-05
8.30401e-05
9.24951e-05
1.24219e-05
1.6792e-05
2.00341e-05
2.20969e-05
2.17601e-05
4.44665e-05
6.10445e-05
7.13575e-05
7.99564e-05
8.973e-05
9.71503e-06
1.52404e-05
1.97983e-05
2.19139e-05
2.16743e-05
4.53364e-05
6.13424e-05
7.14246e-05
7.98811e-05
8.95451e-05
9.21352e-06
1.54811e-05
1.8636e-05
1.93617e-05
2.57474e-05
4.8865e-05
6.394e-05
7.41297e-05
8.28719e-05
9.22414e-05
9.22167e-06
1.55284e-05
1.76931e-05
2.44689e-05
3.16678e-05
5.24885e-05
6.61185e-05
7.59737e-05
8.45804e-05
9.31003e-05
9.91547e-06
1.60025e-05
2.43883e-05
3.13698e-05
3.80599e-05
5.57829e-05
6.78981e-05
7.70533e-05
8.52112e-05
9.28506e-05
1.13935e-05
1.81061e-05
3.45285e-05
3.79562e-05
4.3927e-05
5.87215e-05
6.92007e-05
7.74152e-05
8.49311e-05
9.17682e-05
1.30991e-05
3.46872e-05
4.15371e-05
4.40347e-05
5.05653e-05
6.14551e-05
7.00509e-05
7.71275e-05
8.3829e-05
8.99616e-05
1.78878e-05
4.11633e-05
4.76995e-05
5.11299e-05
5.69252e-05
6.39835e-05
7.04673e-05
7.62081e-05
8.19156e-05
8.74003e-05
4.6178e-05
4.94516e-05
5.42661e-05
5.76879e-05
6.18622e-05
6.61317e-05
7.04949e-05
7.4731e-05
7.92657e-05
8.40102e-05
5.26829e-05
5.66919e-05
6.01491e-05
6.26395e-05
6.49622e-05
6.72908e-05
6.97902e-05
7.246e-05
7.56241e-05
7.93233e-05
5.6946e-05
6.08385e-05
6.32548e-05
6.47746e-05
6.59395e-05
6.69892e-05
6.81174e-05
6.94146e-05
7.10412e-05
7.33488e-05
5.69259e-05
6.08267e-05
6.3247e-05
6.4769e-05
6.59351e-05
6.69856e-05
6.81143e-05
6.94121e-05
7.10395e-05
7.3348e-05
5.2952e-05
5.71574e-05
6.0598e-05
6.30072e-05
6.52232e-05
6.74181e-05
6.98122e-05
7.24179e-05
7.55649e-05
7.92319e-05
4.67514e-05
5.0173e-05
5.50026e-05
5.83957e-05
6.23412e-05
6.63995e-05
7.05903e-05
7.47296e-05
7.92296e-05
8.39166e-05
2.18717e-05
4.17095e-05
4.84672e-05
5.20346e-05
5.75903e-05
6.43335e-05
7.06011e-05
7.62353e-05
8.19081e-05
8.73218e-05
1.37781e-05
3.54964e-05
4.23e-05
4.47274e-05
5.15245e-05
6.18206e-05
7.02006e-05
7.71801e-05
8.3853e-05
8.99041e-05
1.20131e-05
1.96492e-05
3.52471e-05
3.85886e-05
4.46505e-05
5.90659e-05
6.93508e-05
7.749e-05
8.49834e-05
9.17329e-05
1.03611e-05
1.63268e-05
2.579e-05
3.19822e-05
3.8684e-05
5.60736e-05
6.80289e-05
7.71429e-05
8.52871e-05
9.28392e-05
9.51376e-06
1.59811e-05
1.80931e-05
2.52915e-05
3.23844e-05
5.26739e-05
6.62104e-05
7.60675e-05
8.46787e-05
9.31115e-05
9.46276e-06
1.59573e-05
1.90775e-05
1.94045e-05
2.63958e-05
4.90461e-05
6.39855e-05
7.41964e-05
8.29531e-05
9.2248e-05
1.18673e-05
1.68474e-05
2.03518e-05
2.23289e-05
2.22549e-05
4.60054e-05
6.13249e-05
7.124e-05
7.96167e-05
8.92557e-05
9.84339e-06
1.57605e-05
2.00976e-05
2.21319e-05
2.23308e-05
4.67477e-05
6.14493e-05
7.11441e-05
7.93728e-05
8.88858e-05
9.9578e-06
1.59462e-05
1.88196e-05
1.9033e-05
2.63749e-05
4.98187e-05
6.39227e-05
7.38578e-05
8.2452e-05
9.16945e-05
9.48146e-06
1.58803e-05
1.79374e-05
2.53504e-05
3.27188e-05
5.28613e-05
6.60257e-05
7.56873e-05
8.41808e-05
9.2583e-05
1.02252e-05
1.62729e-05
2.57214e-05
3.17974e-05
3.8724e-05
5.59773e-05
6.77561e-05
7.67464e-05
8.48096e-05
9.23407e-05
1.17591e-05
1.89659e-05
3.49308e-05
3.82185e-05
4.44066e-05
5.88077e-05
6.90188e-05
7.70886e-05
8.45229e-05
9.12599e-05
1.34056e-05
3.51636e-05
4.1878e-05
4.42497e-05
5.10526e-05
6.14507e-05
6.98302e-05
7.67807e-05
8.34115e-05
8.94545e-05
1.82227e-05
4.13723e-05
4.79586e-05
5.14569e-05
5.70976e-05
6.38975e-05
7.02079e-05
7.58418e-05
8.14881e-05
8.68963e-05
4.6383e-05
4.96338e-05
5.44025e-05
5.77793e-05
6.18056e-05
6.59486e-05
7.01917e-05
7.43466e-05
7.88321e-05
8.35156e-05
5.25892e-05
5.6669e-05
6.00842e-05
6.2511e-05
6.47614e-05
6.70093e-05
6.94389e-05
7.2058e-05
7.51932e-05
7.88532e-05
5.66779e-05
6.05451e-05
6.29423e-05
6.44478e-05
6.56012e-05
6.66413e-05
6.77594e-05
6.90463e-05
7.06615e-05
7.29542e-05
5.57661e-05
6.00066e-05
6.2604e-05
6.42185e-05
6.5434e-05
6.65147e-05
6.76672e-05
6.89903e-05
7.06453e-05
7.2991e-05
5.08666e-05
5.56619e-05
5.95321e-05
6.21426e-05
6.44919e-05
6.67846e-05
6.92826e-05
7.19687e-05
7.51651e-05
7.89303e-05
4.27738e-05
4.77404e-05
5.38515e-05
5.72294e-05
6.13269e-05
6.55757e-05
6.99651e-05
7.42438e-05
7.88204e-05
8.36524e-05
1.712e-05
4.01449e-05
4.73071e-05
5.044e-05
5.6039e-05
6.33132e-05
6.99139e-05
7.57484e-05
8.15162e-05
8.7105e-05
1.30791e-05
3.36471e-05
4.09181e-05
4.33699e-05
4.93279e-05
6.06531e-05
6.94959e-05
7.67223e-05
8.35014e-05
8.97461e-05
1.11903e-05
1.75394e-05
3.36411e-05
3.70814e-05
4.26187e-05
5.78051e-05
6.86648e-05
7.70837e-05
8.46933e-05
9.16458e-05
9.69219e-06
1.57499e-05
2.25965e-05
3.02474e-05
3.66102e-05
5.47794e-05
6.74029e-05
7.68141e-05
8.50877e-05
9.28364e-05
9.34708e-06
1.55993e-05
1.82998e-05
2.30713e-05
3.01644e-05
5.13359e-05
6.56704e-05
7.58358e-05
8.45949e-05
9.32123e-05
1.04204e-05
1.58796e-05
1.89034e-05
2.00088e-05
2.53566e-05
4.7474e-05
6.35755e-05
7.41086e-05
8.30333e-05
9.24885e-05
9.96601e-06
1.57971e-05
2.00603e-05
2.21121e-05
2.17612e-05
4.45007e-05
6.1044e-05
7.13512e-05
7.99467e-05
8.97184e-05
1.1016e-05
1.63117e-05
1.99192e-05
2.19231e-05
2.1667e-05
4.52971e-05
6.1326e-05
7.14151e-05
7.98753e-05
8.95421e-05
9.15712e-06
1.56094e-05
1.86698e-05
1.93643e-05
2.57244e-05
4.88206e-05
6.39281e-05
7.41286e-05
8.28769e-05
9.22496e-05
9.10298e-06
1.55336e-05
1.7725e-05
2.44243e-05
3.16245e-05
5.24561e-05
6.61082e-05
7.59737e-05
8.45861e-05
9.31091e-05
9.86169e-06
1.59719e-05
2.43383e-05
3.13433e-05
3.8024e-05
5.57587e-05
6.78894e-05
7.7053e-05
8.52153e-05
9.2858e-05
1.13646e-05
1.80784e-05
3.45037e-05
3.79363e-05
4.38974e-05
5.87027e-05
6.9193e-05
7.74139e-05
8.49332e-05
9.17738e-05
1.30868e-05
3.46549e-05
4.15188e-05
4.40201e-05
5.05369e-05
6.1441e-05
7.00442e-05
7.71254e-05
8.38296e-05
8.99654e-05
1.78651e-05
4.11395e-05
4.76887e-05
5.11137e-05
5.69075e-05
6.39735e-05
7.04614e-05
7.62053e-05
8.19148e-05
8.74024e-05
4.61053e-05
4.9414e-05
5.42574e-05
5.76801e-05
6.18549e-05
6.6125e-05
7.04901e-05
7.47279e-05
7.9264e-05
8.4011e-05
5.26498e-05
5.66723e-05
6.01393e-05
6.26328e-05
6.49572e-05
6.72861e-05
6.97862e-05
7.24568e-05
7.56218e-05
7.9323e-05
5.69259e-05
6.08267e-05
6.3247e-05
6.4769e-05
6.59351e-05
6.69856e-05
6.81143e-05
6.94121e-05
7.10395e-05
7.3348e-05
5.6946e-05
6.08385e-05
6.32548e-05
6.47746e-05
6.59395e-05
6.69892e-05
6.81174e-05
6.94146e-05
7.10412e-05
7.33488e-05
5.29908e-05
5.71801e-05
6.06115e-05
6.30175e-05
6.52315e-05
6.74254e-05
6.98178e-05
7.24222e-05
7.55676e-05
7.92321e-05
4.68161e-05
5.02143e-05
5.50166e-05
5.84114e-05
6.23553e-05
6.64114e-05
7.05986e-05
7.4735e-05
7.92329e-05
8.39161e-05
2.2677e-05
4.16987e-05
4.84631e-05
5.20614e-05
5.76198e-05
6.43516e-05
7.0612e-05
7.62414e-05
8.19116e-05
8.73204e-05
1.38049e-05
3.54914e-05
4.23053e-05
4.47519e-05
5.15812e-05
6.18455e-05
7.02136e-05
7.71863e-05
8.3856e-05
8.99015e-05
1.20227e-05
1.97601e-05
3.52731e-05
3.8619e-05
4.4707e-05
5.90968e-05
6.93654e-05
7.74957e-05
8.49853e-05
9.17285e-05
1.0379e-05
1.63673e-05
2.58758e-05
3.20247e-05
3.87435e-05
5.6109e-05
6.80437e-05
7.71471e-05
8.52865e-05
9.28324e-05
9.67551e-06
1.60095e-05
1.81029e-05
2.53659e-05
3.24659e-05
5.27216e-05
6.62255e-05
7.60694e-05
8.46743e-05
9.31012e-05
1.01893e-05
1.61599e-05
1.90177e-05
1.92986e-05
2.64174e-05
4.9122e-05
6.40019e-05
7.41951e-05
8.29429e-05
9.22327e-05
9.97086e-06
1.5894e-05
2.02918e-05
2.23187e-05
2.22749e-05
4.60813e-05
6.13388e-05
7.12364e-05
7.96032e-05
8.9236e-05
1.16449e-05
1.67096e-05
2.0205e-05
2.21479e-05
2.23572e-05
4.6773e-05
6.14504e-05
7.11383e-05
7.93635e-05
8.88752e-05
9.20596e-06
1.59022e-05
1.88544e-05
1.90326e-05
2.63932e-05
4.98348e-05
6.39263e-05
7.386e-05
8.24537e-05
9.16937e-05
9.39206e-06
1.58255e-05
1.79554e-05
2.53637e-05
3.27455e-05
5.28715e-05
6.60308e-05
7.56912e-05
8.41844e-05
9.25835e-05
1.0221e-05
1.6239e-05
2.57417e-05
3.18081e-05
3.87474e-05
5.59896e-05
6.77624e-05
7.67506e-05
8.48133e-05
9.23411e-05
1.17685e-05
1.89772e-05
3.49394e-05
3.82289e-05
4.44308e-05
5.8821e-05
6.90257e-05
7.70928e-05
8.45263e-05
9.126e-05
1.34152e-05
3.51755e-05
4.18903e-05
4.42632e-05
5.10818e-05
6.14637e-05
6.98368e-05
7.67844e-05
8.34142e-05
8.94542e-05
1.82689e-05
4.13839e-05
4.7974e-05
5.14777e-05
5.7117e-05
6.39089e-05
7.02138e-05
7.58447e-05
8.14899e-05
8.68955e-05
4.63884e-05
4.96449e-05
5.44166e-05
5.77952e-05
6.1818e-05
6.59568e-05
7.01959e-05
7.43483e-05
7.88328e-05
8.35143e-05
5.25939e-05
5.66776e-05
6.00931e-05
6.25189e-05
6.47677e-05
6.70132e-05
6.94405e-05
7.20581e-05
7.51928e-05
7.88517e-05
5.66779e-05
6.05451e-05
6.29423e-05
6.44478e-05
6.56012e-05
6.66413e-05
6.77594e-05
6.90463e-05
7.06615e-05
7.29542e-05
)
;
    }
}


// ************************************************************************* //
